4553.84615384615
4553.84615384615
4561.53846153846
4574.8717948718
4584.10256410256
4594.35897435897
4602.5641025641
4603.58974358974
4602.5641025641
4596.92307692308
4588.71794871795
4585.64102564103
4574.8717948718
4553.33333333333
4551.79487179487
4568.20512820513
4570.25641025641
4553.84615384615
4541.53846153846
4547.17948717949
4556.41025641026
4549.74358974359
4534.35897435897
4537.94871794872
4553.84615384615
4553.33333333333
4540.51282051282
4536.92307692308
4541.53846153846
4542.05128205128
4542.05128205128
4541.53846153846
4537.4358974359
4535.38461538462
4535.89743589744
4536.41025641026
4534.8717948718
4534.8717948718
4535.38461538462
4534.8717948718
4536.92307692308
4534.8717948718
4525.12820512821
4521.02564102564
4524.10256410256
4521.53846153846
4520
4519.48717948718
4521.02564102564
4534.35897435897
4538.46153846154
4530.76923076923
4532.82051282051
4541.02564102564
4534.35897435897
4525.12820512821
4525.12820512821
4521.53846153846
4520
4530.76923076923
4537.94871794872
4528.20512820513
4522.5641025641
4524.61538461538
4522.5641025641
4530.25641025641
4538.46153846154
4529.74358974359
4520.51282051282
4517.94871794872
4522.05128205128
4530.76923076923
4528.71794871795
4527.17948717949
4544.61538461538
4560.51282051282
4554.35897435897
4534.8717948718
4519.48717948718
4517.94871794872
4521.53846153846
4520
4518.97435897436
4522.5641025641
4523.07692307692
4522.05128205128
4524.61538461538
4518.46153846154
4509.74358974359
4516.92307692308
4520.51282051282
4507.17948717949
4501.02564102564
4508.20512820513
4502.5641025641
4494.35897435897
4502.5641025641
4511.79487179487
4510.25641025641
4506.66666666667
4506.66666666667
4503.58974358974
4503.58974358974
4507.69230769231
4507.17948717949
4506.15384615385
4507.17948717949
4509.23076923077
4510.76923076923
4508.20512820513
4507.69230769231
4510.76923076923
4508.20512820513
4504.10256410256
4505.64102564103
4509.74358974359
4512.30769230769
4509.74358974359
4506.15384615385
4507.17948717949
4508.20512820513
4507.69230769231
4510.25641025641
4510.76923076923
4506.15384615385
4504.10256410256
4505.12820512821
4507.17948717949
4513.84615384615
4518.46153846154
4511.28205128205
4503.07692307692
4506.15384615385
4504.10256410256
4491.79487179487
4491.28205128205
4503.58974358974
4510.76923076923
4500.51282051282
4492.82051282051
4494.35897435897
4492.82051282051
4495.38461538462
4504.10256410256
4507.17948717949
4504.61538461538
4508.71794871795
4511.28205128205
4509.74358974359
4500.51282051282
4491.28205128205
4495.38461538462
4496.92307692308
4489.74358974359
4488.20512820513
4491.28205128205
4495.38461538462
4494.8717948718
4482.5641025641
4476.41025641026
4486.66666666667
4489.74358974359
4487.69230769231
4487.17948717949
4480.51282051282
4475.89743589744
4482.05128205128
4489.74358974359
4492.30769230769
4489.74358974359
4494.8717948718
4505.64102564103
4501.53846153846
4489.74358974359
4489.23076923077
4489.74358974359
4487.69230769231
4491.79487179487
4491.79487179487
4486.66666666667
4486.66666666667
4489.23076923077
4488.20512820513
4488.20512820513
4490.25641025641
4489.74358974359
4488.20512820513
4488.71794871795
4493.33333333333
4495.38461538462
4490.76923076923
4492.30769230769
4505.12820512821
4508.71794871795
4502.05128205128
4502.5641025641
4508.71794871795
4507.17948717949
4496.41025641026
4493.33333333333
4504.10256410256
4507.69230769231
4496.92307692308
4491.28205128205
4493.33333333333
4495.89743589744
4504.61538461538
4506.15384615385
4493.84615384615
4487.17948717949
4495.38461538462
4497.94871794872
4492.82051282051
4495.38461538462
4505.64102564103
4505.64102564103
4496.92307692308
4493.84615384615
4493.84615384615
4496.92307692308
4501.53846153846
4497.94871794872
4488.20512820513
4486.66666666667
4492.30769230769
4493.84615384615
4490.25641025641
4487.69230769231
4488.20512820513
4488.71794871795
4495.89743589744
4504.10256410256
4506.66666666667
4509.74358974359
4504.10256410256
4495.38461538462
4501.02564102564
4507.69230769231
4504.10256410256
4502.5641025641
4509.23076923077
4521.53846153846
4538.46153846154
4547.17948717949
4554.8717948718
4566.15384615385
4565.64102564103
4557.94871794872
4553.33333333333
4552.30769230769
4548.20512820513
4536.41025641026
4525.12820512821
4520
4523.58974358974
4531.79487179487
4542.5641025641
4546.15384615385
4531.28205128205
4508.20512820513
4500.51282051282
4502.5641025641
4491.79487179487
4483.58974358974
4490.76923076923
4493.33333333333
4489.74358974359
4491.79487179487
4491.28205128205
4488.71794871795
4488.20512820513
4482.05128205128
4475.38461538462
4478.46153846154
4481.53846153846
4476.41025641026
4473.84615384615
4477.4358974359
4480.51282051282
4480.51282051282
4477.4358974359
4473.84615384615
4472.30769230769
4473.33333333333
4473.84615384615
4475.38461538462
4475.38461538462
4474.35897435897
4475.38461538462
4476.41025641026
4474.8717948718
4476.41025641026
4481.53846153846
4478.97435897436
4476.41025641026
4484.10256410256
4489.74358974359
4488.20512820513
4488.20512820513
4491.79487179487
4489.74358974359
4481.02564102564
4475.89743589744
4484.10256410256
4492.82051282051
4489.74358974359
4487.69230769231
4484.61538461538
4473.84615384615
4475.38461538462
4488.20512820513
4491.28205128205
4488.71794871795
4489.23076923077
4484.10256410256
4476.41025641026
4474.35897435897
4480
4490.76923076923
4490.76923076923
4478.46153846154
4474.35897435897
4476.41025641026
4473.84615384615
4481.02564102564
4487.17948717949
4484.61538461538
4483.58974358974
4483.58974358974
4476.41025641026
4472.82051282051
4483.58974358974
4493.84615384615
4490.76923076923
4486.66666666667
4485.64102564103
4480
4476.41025641026
4489.23076923077
4503.58974358974
4508.20512820513
4506.66666666667
4502.5641025641
4496.92307692308
4491.28205128205
4495.38461538462
4507.17948717949
4507.69230769231
4500.51282051282
4507.17948717949
4524.10256410256
4524.10256410256
4513.33333333333
4530.76923076923
4559.48717948718
4548.20512820513
4514.35897435897
4507.17948717949
4509.74358974359
4507.17948717949
4515.89743589744
4525.12820512821
4524.61538461538
4523.07692307692
4521.02564102564
4518.97435897436
4524.10256410256
4526.66666666667
4516.92307692308
4520
4536.92307692308
4538.46153846154
4529.23076923077
4527.17948717949
4525.64102564103
4520.51282051282
4525.64102564103
4531.79487179487
4526.15384615385
4519.48717948718
4521.02564102564
4524.61538461538
4524.61538461538
4521.02564102564
4520
4518.46153846154
4508.20512820513
4505.64102564103
4519.48717948718
4524.61538461538
4520
4524.61538461538
4528.20512820513
4517.4358974359
4509.74358974359
4510.76923076923
4509.23076923077
4507.69230769231
4503.07692307692
4495.38461538462
4496.92307692308
4507.17948717949
4510.25641025641
4504.61538461538
4503.07692307692
4506.15384615385
4507.17948717949
4504.61538461538
4504.10256410256
4505.12820512821
4505.64102564103
4506.15384615385
4497.4358974359
4491.28205128205
4502.5641025641
4511.28205128205
4505.12820512821
4504.10256410256
4503.07692307692
4493.33333333333
4486.66666666667
4479.48717948718
4479.48717948718
4490.76923076923
4496.41025641026
4489.74358974359
4484.10256410256
4490.25641025641
4497.94871794872
4496.41025641026
4487.69230769231
4488.20512820513
4490.25641025641
4491.28205128205
4500
4505.12820512821
4505.12820512821
4503.07692307692
4494.35897435897
4495.38461538462
4503.07692307692
4496.92307692308
4489.74358974359
4494.8717948718
4494.8717948718
4487.69230769231
4485.64102564103
4488.71794871795
4490.76923076923
4492.30769230769
4507.17948717949
4522.5641025641
4512.82051282051
4501.02564102564
4503.58974358974
4499.48717948718
4490.76923076923
4488.20512820513
4492.30769230769
4498.46153846154
4497.4358974359
4489.74358974359
4492.30769230769
4492.82051282051
4486.66666666667
4495.89743589744
4509.23076923077
4509.74358974359
4508.20512820513
4504.10256410256
4493.33333333333
4490.25641025641
4499.48717948718
4505.12820512821
4505.12820512821
4503.58974358974
4503.07692307692
4505.12820512821
4504.61538461538
4504.10256410256
4506.66666666667
4509.74358974359
4507.17948717949
4501.02564102564
4501.53846153846
4507.69230769231
4512.30769230769
4507.17948717949
4495.89743589744
4491.28205128205
4492.82051282051
4492.30769230769
4491.28205128205
4491.79487179487
4491.28205128205
4490.25641025641
4489.74358974359
4488.71794871795
4489.23076923077
4491.28205128205
4492.82051282051
4491.28205128205
4493.33333333333
4498.46153846154
4495.38461538462
4491.79487179487
4500.51282051282
4502.5641025641
4489.74358974359
4485.64102564103
4491.28205128205
4493.33333333333
4499.48717948718
4504.10256410256
4495.38461538462
4489.74358974359
4493.33333333333
4493.33333333333
4490.25641025641
4489.23076923077
4488.71794871795
4489.74358974359
4487.17948717949
4487.17948717949
4493.33333333333
4495.38461538462
4494.8717948718
4502.05128205128
4509.74358974359
4509.74358974359
4505.12820512821
4503.07692307692
4505.12820512821
4508.20512820513
4508.71794871795
4507.17948717949
4507.69230769231
4509.23076923077
4508.20512820513
4503.58974358974
4503.07692307692
4508.20512820513
4509.23076923077
4501.02564102564
4504.10256410256
4521.53846153846
4524.10256410256
4515.38461538462
4520.51282051282
4526.66666666667
4522.05128205128
4520
4516.41025641026
4509.23076923077
4508.71794871795
4505.12820512821
4501.02564102564
4513.33333333333
4521.02564102564
4509.74358974359
4504.10256410256
4507.69230769231
4507.17948717949
4506.15384615385
4507.17948717949
4506.66666666667
4513.33333333333
4517.94871794872
4507.69230769231
4503.58974358974
4510.76923076923
4512.30769230769
4506.15384615385
4504.10256410256
4504.61538461538
4505.12820512821
4505.12820512821
4504.61538461538
4506.15384615385
4508.71794871795
4508.20512820513
4510.76923076923
4523.07692307692
4524.61538461538
4509.23076923077
4504.61538461538
4510.76923076923
4507.69230769231
4502.05128205128
4505.12820512821
4508.20512820513
4508.20512820513
4509.23076923077
4509.74358974359
4509.23076923077
4517.94871794872
4538.97435897436
4541.02564102564
4517.94871794872
4504.61538461538
4505.12820512821
4497.4358974359
4488.20512820513
4491.79487179487
4492.82051282051
4490.25641025641
4495.89743589744
4503.58974358974
4508.20512820513
4507.17948717949
4496.92307692308
4494.35897435897
4504.10256410256
4508.71794871795
4506.66666666667
4505.64102564103
4506.15384615385
4507.69230769231
4507.69230769231
4503.07692307692
4503.07692307692
4507.17948717949
4503.07692307692
4491.28205128205
4485.64102564103
4496.92307692308
4510.76923076923
4505.64102564103
4490.25641025641
4488.71794871795
4502.05128205128
4518.97435897436
4524.61538461538
4513.33333333333
4508.71794871795
4519.48717948718
4526.15384615385
4521.02564102564
4513.84615384615
4507.69230769231
4504.61538461538
4508.71794871795
4506.15384615385
4502.05128205128
4511.28205128205
4521.02564102564
4524.61538461538
4535.38461538462
4553.84615384615
4555.89743589744
4556.92307692308
4568.71794871795
4564.61538461538
4552.30769230769
4552.82051282051
4550.76923076923
4538.46153846154
4537.4358974359
4538.46153846154
4528.71794871795
4518.97435897436
4520
4521.53846153846
4513.33333333333
4506.66666666667
4508.20512820513
4510.76923076923
4508.71794871795
4507.69230769231
4507.17948717949
4504.61538461538
4505.12820512821
4510.76923076923
4509.74358974359
4498.46153846154
4491.79487179487
4491.79487179487
4489.74358974359
4489.74358974359
4491.28205128205
4489.74358974359
4486.15384615385
4485.12820512821
4488.71794871795
4492.30769230769
4488.71794871795
4486.15384615385
4487.17948717949
4487.17948717949
4489.74358974359
4492.82051282051
4492.82051282051
4492.82051282051
4491.79487179487
4492.82051282051
4494.8717948718
4491.28205128205
4487.17948717949
4492.82051282051
4494.35897435897
4489.23076923077
4486.15384615385
4481.02564102564
4478.46153846154
4487.17948717949
4492.82051282051
4481.53846153846
4472.82051282051
4483.58974358974
4494.35897435897
4491.28205128205
4488.20512820513
4493.84615384615
4495.38461538462
4490.76923076923
4489.74358974359
4494.35897435897
4496.41025641026
4491.79487179487
4490.25641025641
4493.84615384615
4494.8717948718
4491.28205128205
4487.69230769231
4488.71794871795
4491.79487179487
4490.76923076923
4488.20512820513
4489.23076923077
4492.30769230769
4488.71794871795
4480
4475.38461538462
4475.89743589744
4480.51282051282
4487.17948717949
4489.74358974359
4487.69230769231
4488.71794871795
4487.17948717949
4481.02564102564
4479.48717948718
4485.12820512821
4491.79487179487
4488.20512820513
4477.4358974359
4472.30769230769
4481.02564102564
4488.20512820513
4482.5641025641
4473.33333333333
4472.82051282051
4482.05128205128
4486.15384615385
4483.58974358974
4484.61538461538
4490.25641025641
4489.23076923077
4486.15384615385
4489.74358974359
4486.66666666667
4480
4481.02564102564
4485.64102564103
4489.23076923077
4489.74358974359
4489.23076923077
4490.25641025641
4492.30769230769
4488.71794871795
4484.61538461538
4488.20512820513
4485.64102564103
4479.48717948718
4483.07692307692
4493.84615384615
4504.10256410256
4509.74358974359
4508.71794871795
4504.10256410256
4502.5641025641
4503.58974358974
4504.10256410256
4505.64102564103
4505.64102564103
4504.61538461538
4502.05128205128
4503.07692307692
4503.07692307692
4495.89743589744
4487.69230769231
4493.33333333333
4505.64102564103
4512.82051282051
4519.48717948718
4525.12820512821
4524.61538461538
4517.4358974359
4508.71794871795
4507.17948717949
4509.74358974359
4510.76923076923
4508.71794871795
4508.71794871795
4513.84615384615
4522.05128205128
4525.12820512821
4523.07692307692
4524.10256410256
4524.61538461538
4520.51282051282
4517.94871794872
4523.07692307692
4522.5641025641
4510.25641025641
4511.79487179487
4521.53846153846
4518.46153846154
4508.71794871795
4497.4358974359
4487.69230769231
4496.92307692308
4511.28205128205
4508.71794871795
4506.66666666667
4510.25641025641
4509.23076923077
4508.20512820513
4506.66666666667
4502.5641025641
4501.02564102564
4501.53846153846
4504.61538461538
4505.64102564103
4502.05128205128
4503.07692307692
4505.12820512821
4497.4358974359
4490.76923076923
4493.33333333333
4495.89743589744
4494.8717948718
4498.46153846154
4506.15384615385
4506.66666666667
4498.46153846154
4493.84615384615
4495.89743589744
4492.30769230769
4488.20512820513
4491.28205128205
4491.28205128205
4488.71794871795
4492.30769230769
4494.35897435897
4492.82051282051
4495.38461538462
4496.92307692308
4491.79487179487
4489.23076923077
4488.71794871795
4489.74358974359
4497.94871794872
4506.15384615385
4507.69230769231
4504.61538461538
4494.8717948718
4489.23076923077
4491.79487179487
4490.25641025641
4486.66666666667
4491.28205128205
4489.74358974359
4478.97435897436
4472.82051282051
4474.8717948718
4476.41025641026
4473.84615384615
4473.84615384615
4481.02564102564
4489.23076923077
4490.25641025641
4487.69230769231
4489.23076923077
4492.30769230769
4486.15384615385
4474.35897435897
4471.79487179487
4475.89743589744
4475.89743589744
4477.4358974359
4488.20512820513
4492.82051282051
4480.51282051282
4472.82051282051
4483.07692307692
4487.17948717949
4478.46153846154
4471.28205128205
4470.25641025641
4472.30769230769
4475.38461538462
4473.33333333333
4470.25641025641
4475.38461538462
4474.8717948718
4471.79487179487
4474.35897435897
4476.92307692308
4473.33333333333
4472.30769230769
4483.07692307692
4487.69230769231
4476.92307692308
4470.25641025641
4475.89743589744
4476.41025641026
4471.28205128205
4471.28205128205
4473.33333333333
4474.35897435897
4467.69230769231
4461.02564102564
4468.20512820513
4476.41025641026
4475.38461538462
4471.79487179487
4470.76923076923
4471.28205128205
4474.35897435897
4475.89743589744
4475.38461538462
4477.4358974359
4474.8717948718
4467.17948717949
4467.69230769231
4473.84615384615
4474.35897435897
4471.79487179487
4472.82051282051
4474.8717948718
4476.41025641026
4476.41025641026
4472.30769230769
4470.76923076923
4470.76923076923
4471.79487179487
4473.33333333333
4471.28205128205
4464.10256410256
4456.92307692308
4460.51282051282
4472.82051282051
4472.82051282051
4461.53846153846
4459.48717948718
4459.48717948718
4458.46153846154
4469.74358974359
4476.41025641026
4466.66666666667
4457.94871794872
4457.94871794872
4465.64102564103
4474.8717948718
4465.12820512821
4456.92307692308
4468.20512820513
4468.20512820513
4458.97435897436
4467.17948717949
4475.38461538462
4473.33333333333
4480
4500
4517.94871794872
4524.61538461538
4523.07692307692
4522.05128205128
4525.12820512821
4522.05128205128
4510.76923076923
4505.64102564103
4507.69230769231
4507.69230769231
4505.12820512821
4507.17948717949
4504.61538461538
4494.8717948718
4485.12820512821
4485.12820512821
4489.23076923077
4484.10256410256
4472.82051282051
4475.38461538462
4489.23076923077
4490.25641025641
4471.28205128205
4468.20512820513
4487.17948717949
4488.20512820513
4470.76923076923
4470.76923076923
4483.07692307692
4474.8717948718
4455.89743589744
4460
4475.89743589744
4475.89743589744
4470.25641025641
4476.41025641026
4479.48717948718
4476.92307692308
4477.94871794872
4476.41025641026
4472.30769230769
4473.84615384615
4475.38461538462
4472.82051282051
4472.82051282051
4475.38461538462
4472.82051282051
4471.28205128205
4474.35897435897
4468.20512820513
4457.94871794872
4458.97435897436
4463.58974358974
4463.58974358974
4470.76923076923
4475.38461538462
4467.17948717949
4461.02564102564
4461.02564102564
4458.97435897436
4463.58974358974
4472.82051282051
4474.35897435897
4472.82051282051
4473.84615384615
4471.28205128205
4470.25641025641
4475.38461538462
4470.25641025641
4458.46153846154
4464.61538461538
4474.35897435897
4464.10256410256
4454.35897435897
4460.51282051282
4460
4451.79487179487
4454.8717948718
4463.07692307692
4463.58974358974
4461.02564102564
4462.05128205128
4460
4458.97435897436
4463.07692307692
4462.5641025641
4461.53846153846
4463.07692307692
4460
4456.41025641026
4457.94871794872
4466.66666666667
4469.74358974359
4462.05128205128
4456.92307692308
4462.5641025641
4464.61538461538
4460
4461.53846153846
4463.58974358974
4461.53846153846
4463.58974358974
4464.61538461538
4458.46153846154
4455.38461538462
4458.46153846154
4458.46153846154
4455.89743589744
4458.46153846154
4462.05128205128
4461.02564102564
4458.97435897436
4466.66666666667
4473.33333333333
4465.12820512821
4460.51282051282
4460.51282051282
4453.33333333333
4450.76923076923
4457.94871794872
4460.51282051282
4461.02564102564
4462.5641025641
4461.53846153846
4468.71794871795
4477.4358974359
4476.92307692308
4471.28205128205
4463.07692307692
4462.05128205128
4473.84615384615
4474.35897435897
4462.5641025641
4466.66666666667
4474.35897435897
4472.30769230769
4474.35897435897
4478.97435897436
4476.92307692308
4473.33333333333
4471.28205128205
4471.28205128205
4473.84615384615
4473.33333333333
4473.33333333333
4478.97435897436
4480.51282051282
4473.84615384615
4471.79487179487
4476.92307692308
4477.94871794872
4473.84615384615
4470.76923076923
4470.76923076923
4473.84615384615
4474.35897435897
4470.76923076923
4470.76923076923
4473.84615384615
4474.35897435897
4471.79487179487
4472.30769230769
4476.41025641026
4474.35897435897
4471.79487179487
4475.38461538462
4477.4358974359
4471.28205128205
4471.28205128205
4477.94871794872
4472.30769230769
4463.07692307692
4466.66666666667
4476.41025641026
4474.35897435897
4465.64102564103
4468.20512820513
4476.41025641026
4475.38461538462
4472.30769230769
4475.38461538462
4477.94871794872
4475.38461538462
4474.8717948718
4476.41025641026
4476.92307692308
4475.38461538462
4473.33333333333
4473.84615384615
4478.46153846154
4486.66666666667
4493.84615384615
4489.23076923077
4476.92307692308
4471.79487179487
4473.84615384615
4474.8717948718
4469.74358974359
4470.76923076923
4483.58974358974
4490.76923076923
4487.17948717949
4490.25641025641
4492.30769230769
4481.02564102564
4477.94871794872
4484.61538461538
4478.46153846154
4476.41025641026
4487.69230769231
4492.82051282051
4491.28205128205
4490.76923076923
4481.02564102564
4469.74358974359
4474.35897435897
4479.48717948718
4474.8717948718
4478.46153846154
4489.23076923077
4490.76923076923
4486.15384615385
4486.15384615385
4489.74358974359
4490.25641025641
4487.17948717949
4485.12820512821
4489.23076923077
4491.79487179487
4491.79487179487
4489.74358974359
4487.17948717949
4487.69230769231
4488.71794871795
4490.25641025641
4491.79487179487
4490.76923076923
4487.69230769231
4488.20512820513
4493.84615384615
4497.94871794872
4492.30769230769
4487.17948717949
4486.66666666667
4480
4477.94871794872
4485.64102564103
4489.74358974359
4488.71794871795
4485.64102564103
4480
4486.66666666667
4503.07692307692
4509.74358974359
4504.61538461538
4493.33333333333
4490.76923076923
4501.53846153846
4506.66666666667
4504.61538461538
4504.61538461538
4504.10256410256
4504.10256410256
4505.12820512821
4502.5641025641
4500.51282051282
4503.07692307692
4503.58974358974
4502.05128205128
4499.48717948718
4493.33333333333
4494.35897435897
4504.61538461538
4509.74358974359
4509.74358974359
4507.17948717949
4498.46153846154
4495.38461538462
4502.5641025641
4504.10256410256
4501.02564102564
4497.94871794872
4491.79487179487
4498.97435897436
4515.38461538462
4510.76923076923
4504.61538461538
4516.92307692308
4514.35897435897
4502.5641025641
4508.71794871795
4510.76923076923
4504.10256410256
4514.35897435897
4527.17948717949
4530.25641025641
4536.92307692308
4546.15384615385
4554.8717948718
4568.20512820513
4579.48717948718
4584.10256410256
4587.69230769231
4590.76923076923
4588.71794871795
4584.61538461538
4583.58974358974
4582.5641025641
4583.07692307692
4583.58974358974
4576.41025641026
4566.66666666667
4568.71794871795
4569.74358974359
4558.97435897436
4552.30769230769
4552.82051282051
4545.64102564103
4536.41025641026
4535.89743589744
4535.38461538462
4533.84615384615
4538.46153846154
4541.53846153846
4538.46153846154
4536.92307692308
4537.4358974359
4529.23076923077
4516.41025641026
