P8
4208.20512820513
4200
4201.02564102564
4215.38461538462
4231.79487179487
4266.66666666667
4297.94871794872
4296.92307692308
4283.07692307692
4280
4272.30769230769
4252.30769230769
4232.30769230769
4218.97435897436
4213.33333333333
4208.71794871795
4205.12820512821
4190.25641025641
4164.61538461538
4174.8717948718
4208.71794871795
4200
4167.17948717949
4166.15384615385
4170.76923076923
4166.66666666667
4170.76923076923
4168.20512820513
4164.61538461538
4173.84615384615
4172.30769230769
4153.84615384615
4150.76923076923
4153.84615384615
4148.71794871795
4149.74358974359
4154.8717948718
4156.41025641026
4153.84615384615
4150.76923076923
4148.71794871795
4153.33333333333
4161.53846153846
4162.05128205128
4147.17948717949
4129.74358974359
4138.97435897436
4157.4358974359
4155.38461538462
4146.15384615385
4151.79487179487
4173.33333333333
4175.38461538462
4153.84615384615
4147.69230769231
4154.8717948718
4155.89743589744
4162.05128205128
4170.76923076923
4167.69230769231
4164.61538461538
4168.20512820513
4170.25641025641
4156.92307692308
4137.4358974359
4156.92307692308
4193.33333333333
4171.79487179487
4128.20512820513
4142.05128205128
4176.41025641026
4160.51282051282
4124.61538461538
4138.46153846154
4175.38461538462
4168.20512820513
4134.8717948718
4131.28205128205
4155.38461538462
4166.15384615385
4151.28205128205
4137.94871794872
4132.30769230769
4130.76923076923
4146.66666666667
4158.97435897436
4150.76923076923
4144.10256410256
4140
4135.89743589744
4137.4358974359
4131.79487179487
4115.89743589744
4121.02564102564
4133.33333333333
4135.38461538462
4143.07692307692
4140
4128.20512820513
4135.38461538462
4153.84615384615
4156.41025641026
4146.15384615385
4138.97435897436
4131.79487179487
4137.94871794872
4155.89743589744
4161.53846153846
4147.17948717949
4135.38461538462
4149.23076923077
4171.79487179487
4162.5641025641
4133.33333333333
4138.46153846154
4170.25641025641
4180
4166.15384615385
4158.46153846154
4155.89743589744
4150.76923076923
4150.76923076923
4150.25641025641
4144.61538461538
4145.12820512821
4151.79487179487
4151.79487179487
4151.28205128205
4156.92307692308
4156.92307692308
4166.66666666667
4185.64102564103
4178.97435897436
4155.89743589744
4147.69230769231
4155.89743589744
4160.51282051282
4152.82051282051
4153.33333333333
4165.12820512821
4164.10256410256
4149.23076923077
4152.82051282051
4180
4180.51282051282
4161.02564102564
4159.48717948718
4168.20512820513
4181.53846153846
4186.15384615385
4161.02564102564
4148.20512820513
4165.64102564103
4159.48717948718
4151.79487179487
4169.23076923077
4162.05128205128
4150.25641025641
4156.41025641026
4145.12820512821
4143.58974358974
4165.64102564103
4163.07692307692
4133.84615384615
4115.38461538462
4123.58974358974
4138.97435897436
4138.97435897436
4137.4358974359
4138.97435897436
4135.89743589744
4148.71794871795
4154.8717948718
4139.48717948718
4149.74358974359
4161.02564102564
4124.10256410256
4105.64102564103
4134.35897435897
4145.64102564103
4131.79487179487
4120
4116.92307692308
4138.97435897436
4158.46153846154
4137.94871794872
4123.07692307692
4131.28205128205
4131.28205128205
4132.30769230769
4141.53846153846
4142.5641025641
4137.4358974359
4147.69230769231
4162.05128205128
4162.5641025641
4156.41025641026
4151.79487179487
4151.79487179487
4155.89743589744
4157.94871794872
4143.07692307692
4132.30769230769
4140.51282051282
4132.30769230769
4128.20512820513
4158.46153846154
4170.25641025641
4141.53846153846
4127.17948717949
4140
4140
4136.41025641026
4154.8717948718
4170.76923076923
4174.35897435897
4165.12820512821
4143.07692307692
4142.5641025641
4172.30769230769
4180
4142.05128205128
4129.23076923077
4168.71794871795
4186.15384615385
4157.4358974359
4146.15384615385
4152.82051282051
4149.74358974359
4168.20512820513
4179.48717948718
4166.15384615385
4177.4358974359
4195.38461538462
4186.66666666667
4184.10256410256
4186.66666666667
4174.8717948718
4175.38461538462
4186.15384615385
4187.69230769231
4200.51282051282
4225.64102564103
4231.28205128205
4245.12820512821
4302.05128205128
4326.66666666667
4278.97435897436
4252.82051282051
4281.02564102564
4283.58974358974
4246.66666666667
4218.97435897436
4202.05128205128
4193.33333333333
4201.53846153846
4193.33333333333
4169.23076923077
4163.58974358974
4160
4148.20512820513
4156.92307692308
4166.66666666667
4144.10256410256
4133.33333333333
4151.28205128205
4159.48717948718
4152.82051282051
4148.71794871795
4137.4358974359
4121.02564102564
4131.28205128205
4159.48717948718
4154.35897435897
4122.05128205128
4112.30769230769
4127.17948717949
4122.5641025641
4108.71794871795
4127.17948717949
4141.02564102564
4126.66666666667
4135.89743589744
4158.46153846154
4142.05128205128
4115.38461538462
4119.48717948718
4132.30769230769
4138.46153846154
4130.25641025641
4115.89743589744
4129.74358974359
4142.05128205128
4118.97435897436
4108.20512820513
4126.66666666667
4122.05128205128
4117.94871794872
4146.66666666667
4159.48717948718
4139.48717948718
4117.94871794872
4114.35897435897
4141.53846153846
4164.10256410256
4143.07692307692
4131.28205128205
4151.79487179487
4145.12820512821
4123.07692307692
4122.05128205128
4122.5641025641
4122.5641025641
4135.38461538462
4136.92307692308
4122.5641025641
4116.92307692308
4123.58974358974
4128.71794871795
4124.10256410256
4112.30769230769
4123.58974358974
4145.64102564103
4132.30769230769
4113.33333333333
4130.76923076923
4150.76923076923
4141.53846153846
4131.28205128205
4128.20512820513
4124.10256410256
4135.89743589744
4160
4155.89743589744
4128.71794871795
4126.15384615385
4138.97435897436
4140.51282051282
4143.07692307692
4141.53846153846
4140
4151.28205128205
4151.28205128205
4136.92307692308
4128.20512820513
4123.07692307692
4133.84615384615
4156.41025641026
4147.69230769231
4131.79487179487
4155.38461538462
4171.28205128205
4155.89743589744
4150.25641025641
4157.94871794872
4161.02564102564
4157.4358974359
4149.23076923077
4130.25641025641
4121.53846153846
4136.41025641026
4144.61538461538
4138.46153846154
4141.53846153846
4143.58974358974
4134.35897435897
4144.10256410256
4158.46153846154
4143.07692307692
4130.76923076923
4138.97435897436
4143.07692307692
4136.92307692308
4133.33333333333
4137.4358974359
4136.41025641026
4139.48717948718
4166.15384615385
4179.48717948718
4158.46153846154
4149.74358974359
4158.97435897436
4145.64102564103
4130.76923076923
4142.05128205128
4155.38461538462
4154.8717948718
4145.12820512821
4137.4358974359
4150.76923076923
4171.79487179487
4173.33333333333
4170.25641025641
4167.17948717949
4138.46153846154
4121.53846153846
4158.46153846154
4180
4152.82051282051
4142.05128205128
4154.35897435897
4149.23076923077
4141.02564102564
4148.71794871795
4154.8717948718
4156.41025641026
4149.74358974359
4125.64102564103
4120
4148.71794871795
4161.02564102564
4139.48717948718
4127.17948717949
4143.07692307692
4155.38461538462
4143.07692307692
4128.20512820513
4134.8717948718
4142.05128205128
4137.94871794872
4127.17948717949
4110.25641025641
4102.5641025641
4117.4358974359
4149.23076923077
4157.94871794872
4121.53846153846
4113.33333333333
4157.4358974359
4171.79487179487
4153.33333333333
4147.69230769231
4139.48717948718
4134.35897435897
4153.33333333333
4158.97435897436
4139.48717948718
4132.30769230769
4132.82051282051
4135.38461538462
4142.5641025641
4128.20512820513
4116.92307692308
4147.69230769231
4168.20512820513
4141.02564102564
4120
4121.53846153846
4126.66666666667
4133.33333333333
4129.74358974359
4125.64102564103
4138.46153846154
4135.89743589744
4123.07692307692
4138.97435897436
4153.84615384615
4141.02564102564
4133.33333333333
4143.07692307692
4138.46153846154
4128.20512820513
4141.02564102564
4141.02564102564
4121.53846153846
4129.23076923077
4155.89743589744
4162.05128205128
4166.15384615385
4176.41025641026
4157.4358974359
4136.92307692308
4133.33333333333
4122.05128205128
4123.58974358974
4151.79487179487
4163.58974358974
4145.64102564103
4136.41025641026
4141.53846153846
4140.51282051282
4141.02564102564
4152.82051282051
4156.92307692308
4136.92307692308
4126.15384615385
4140
4142.5641025641
4130.25641025641
4142.05128205128
4156.41025641026
4145.12820512821
4140.51282051282
4146.66666666667
4139.48717948718
4136.41025641026
4136.41025641026
4122.5641025641
4127.17948717949
4147.69230769231
4141.02564102564
4130.25641025641
4141.53846153846
4133.84615384615
4101.02564102564
4107.17948717949
4150.76923076923
4164.61538461538
4135.38461538462
4116.92307692308
4129.23076923077
4138.97435897436
4135.38461538462
4140.51282051282
4154.8717948718
4163.07692307692
4153.84615384615
4138.46153846154
4141.02564102564
4153.33333333333
4155.38461538462
4149.74358974359
4144.61538461538
4144.61538461538
4159.48717948718
4156.92307692308
4136.41025641026
4144.61538461538
4157.94871794872
4145.12820512821
4131.79487179487
4142.5641025641
4154.8717948718
4143.07692307692
4132.82051282051
4144.10256410256
4155.89743589744
4152.82051282051
4147.69230769231
4134.8717948718
4133.33333333333
4149.74358974359
4144.10256410256
4117.94871794872
4115.38461538462
4134.35897435897
4142.5641025641
4143.58974358974
4154.35897435897
4158.46153846154
4141.02564102564
4125.64102564103
4133.33333333333
4150.25641025641
4155.89743589744
4144.10256410256
4130.76923076923
4138.46153846154
4151.79487179487
4151.79487179487
4154.8717948718
4147.69230769231
4120.51282051282
4128.71794871795
4158.46153846154
4146.15384615385
4134.35897435897
4151.28205128205
4136.92307692308
4118.97435897436
4136.92307692308
4146.66666666667
4142.5641025641
4142.05128205128
4141.02564102564
4142.5641025641
4145.64102564103
4133.84615384615
4121.53846153846
4127.69230769231
4144.61538461538
4151.28205128205
4146.66666666667
4141.53846153846
4137.4358974359
4143.07692307692
4150.76923076923
4144.10256410256
4134.35897435897
4130.76923076923
4128.20512820513
4137.4358974359
4157.94871794872
4163.58974358974
4154.8717948718
4137.94871794872
4130.25641025641
4152.30769230769
4174.8717948718
4168.71794871795
4149.23076923077
4147.69230769231
4165.64102564103
4170.76923076923
4156.41025641026
4148.71794871795
4146.15384615385
4135.38461538462
4152.30769230769
4187.69230769231
4177.4358974359
4146.66666666667
4151.28205128205
4172.82051282051
4170.76923076923
4150.76923076923
4151.28205128205
4177.94871794872
4197.4358974359
4173.33333333333
4142.5641025641
4144.10256410256
4155.38461538462
4156.92307692308
4146.15384615385
4136.41025641026
4155.38461538462
4182.05128205128
4160.51282051282
4128.20512820513
4154.8717948718
4190.76923076923
4177.94871794872
4161.02564102564
4175.89743589744
4199.48717948718
4200
4178.46153846154
4165.12820512821
4168.20512820513
4172.30769230769
4174.35897435897
4171.79487179487
4164.61538461538
4178.97435897436
4205.64102564103
4203.58974358974
4201.53846153846
4229.23076923077
4256.41025641026
4274.8717948718
4277.94871794872
4261.02564102564
4249.23076923077
4250.25641025641
4247.17948717949
4241.53846153846
4230.25641025641
4205.12820512821
4188.71794871795
4177.94871794872
4171.79487179487
4180
4187.17948717949
4194.8717948718
4193.33333333333
4178.46153846154
4163.58974358974
4156.41025641026
4163.58974358974
4190.25641025641
4196.92307692308
4154.35897435897
4135.38461538462
4164.61538461538
4171.28205128205
4140
4136.41025641026
4155.89743589744
4138.46153846154
4127.17948717949
4151.79487179487
4164.10256410256
4150.25641025641
4130.76923076923
4126.66666666667
4144.10256410256
4157.94871794872
4147.17948717949
4142.5641025641
4140.51282051282
4138.97435897436
4156.92307692308
4174.8717948718
4168.20512820513
4153.84615384615
4150.25641025641
4150.25641025641
4154.35897435897
4154.8717948718
4139.48717948718
4136.41025641026
4151.28205128205
4154.35897435897
4149.23076923077
4149.23076923077
4147.69230769231
4144.10256410256
4153.84615384615
4155.38461538462
4142.05128205128
4137.4358974359
4152.30769230769
4175.89743589744
4165.64102564103
4138.46153846154
4161.53846153846
4197.94871794872
4177.94871794872
4152.82051282051
4163.58974358974
4166.66666666667
4166.15384615385
4174.35897435897
4165.64102564103
4151.79487179487
4142.05128205128
4124.10256410256
4124.10256410256
4149.74358974359
4152.82051282051
4120
4106.15384615385
4129.23076923077
4144.10256410256
4137.4358974359
4123.07692307692
4120.51282051282
4135.38461538462
4133.84615384615
4115.89743589744
4119.48717948718
4125.64102564103
4115.38461538462
4120.51282051282
4130.76923076923
4124.61538461538
4117.94871794872
4125.12820512821
4139.48717948718
4138.46153846154
4124.10256410256
4120.51282051282
4117.4358974359
4106.66666666667
4121.02564102564
4143.07692307692
4128.20512820513
4103.58974358974
4104.61538461538
4122.05128205128
4136.92307692308
4128.20512820513
4103.58974358974
4094.8717948718
4113.33333333333
4133.33333333333
4138.46153846154
4141.02564102564
4141.02564102564
4126.15384615385
4108.20512820513
4113.33333333333
4125.64102564103
4124.61538461538
4118.97435897436
4125.64102564103
4155.89743589744
4173.84615384615
4152.30769230769
4120
4101.53846153846
4107.69230769231
4133.33333333333
4138.46153846154
4123.07692307692
4130.25641025641
4136.41025641026
4113.33333333333
4113.33333333333
4136.92307692308
4129.23076923077
4119.48717948718
4145.12820512821
4167.17948717949
4165.12820512821
4171.28205128205
4176.92307692308
4160
4155.38461538462
4171.79487179487
4184.10256410256
4179.48717948718
4172.30769230769
4178.97435897436
4205.64102564103
4229.23076923077
4209.74358974359
4183.58974358974
4187.17948717949
4194.35897435897
4186.66666666667
4172.82051282051
4169.74358974359
4181.02564102564
4195.89743589744
4186.66666666667
4165.64102564103
4166.15384615385
4173.33333333333
4157.94871794872
4144.61538461538
4159.48717948718
4161.02564102564
4160.51282051282
4183.58974358974
4195.89743589744
4191.79487179487
4189.74358974359
4173.84615384615
4146.15384615385
4140.51282051282
4151.79487179487
4164.61538461538
4170.25641025641
4165.12820512821
4156.92307692308
4134.8717948718
4120.51282051282
4141.02564102564
4154.8717948718
4145.12820512821
4145.64102564103
4151.79487179487
4160
4169.23076923077
4157.4358974359
4131.28205128205
4134.35897435897
4153.33333333333
4158.46153846154
4153.33333333333
4145.12820512821
4150.25641025641
4153.84615384615
4142.5641025641
4145.64102564103
4155.38461538462
4146.66666666667
4143.58974358974
4164.61538461538
4174.8717948718
4160.51282051282
4133.84615384615
4128.20512820513
4152.30769230769
4152.82051282051
4135.38461538462
4146.66666666667
4151.28205128205
4126.15384615385
4119.48717948718
4136.92307692308
4148.20512820513
4153.84615384615
4148.71794871795
4132.30769230769
4129.23076923077
4146.66666666667
4163.58974358974
4155.38461538462
4142.05128205128
4154.35897435897
4169.74358974359
4171.28205128205
4165.12820512821
4149.23076923077
4139.48717948718
4149.74358974359
4158.97435897436
4152.82051282051
4148.20512820513
4145.64102564103
4157.94871794872
4173.33333333333
4157.4358974359
4149.23076923077
4158.46153846154
4146.15384615385
4136.41025641026
4155.89743589744
4154.8717948718
4133.84615384615
4134.35897435897
4133.84615384615
4144.61538461538
4161.53846153846
4145.64102564103
4133.84615384615
4153.33333333333
4175.38461538462
4173.33333333333
4146.66666666667
4113.33333333333
4107.69230769231
4129.23076923077
4137.4358974359
4122.5641025641
4104.10256410256
4117.4358974359
4140.51282051282
4129.74358974359
4118.97435897436
4135.89743589744
4149.23076923077
4138.46153846154
4116.92307692308
4106.66666666667
4124.10256410256
4146.15384615385
4141.02564102564
4127.69230769231
4123.58974358974
4130.76923076923
4142.05128205128
4140.51282051282
4132.82051282051
4139.48717948718
4141.02564102564
4124.61538461538
4129.23076923077
4154.8717948718
4154.8717948718
4124.10256410256
4115.89743589744
4129.23076923077
4127.17948717949
4127.17948717949
4132.82051282051
4127.17948717949
4121.02564102564
4127.69230769231
4123.58974358974
4114.8717948718
4143.58974358974
4171.79487179487
4154.8717948718
4127.17948717949
4129.23076923077
4146.66666666667
4157.94871794872
4150.25641025641
4136.92307692308
4150.25641025641
4153.33333333333
4125.64102564103
4126.66666666667
4159.48717948718
4174.35897435897
4165.12820512821
4150.76923076923
4152.30769230769
4171.28205128205
4184.61538461538
4206.15384615385
4246.15384615385
4274.35897435897
4268.20512820513
4263.58974358974
4281.02564102564
4285.12820512821
4264.61538461538
4248.71794871795
4251.79487179487
4249.23076923077
4230.25641025641
4216.92307692308
4204.10256410256
4188.71794871795
4186.66666666667
4191.79487179487
4186.15384615385
4183.07692307692
4175.38461538462
4147.17948717949
4143.58974358974
4173.33333333333
4173.84615384615
4131.28205128205
4126.15384615385
4174.8717948718
4189.23076923077
4156.41025641026
4136.41025641026
4133.84615384615
4127.69230769231
4134.35897435897
4138.97435897436
4123.07692307692
4116.92307692308
4132.82051282051
4152.82051282051
4155.89743589744
4137.94871794872
4116.92307692308
4124.10256410256
4142.05128205128
4136.41025641026
4127.69230769231
4136.41025641026
4142.5641025641
4132.30769230769
4121.53846153846
4126.66666666667
4143.58974358974
4149.23076923077
4130.25641025641
4114.35897435897
4127.17948717949
4140.51282051282
4133.33333333333
4126.66666666667
4126.15384615385
4122.5641025641
4122.05128205128
4120.51282051282
4123.58974358974
4139.48717948718
4135.89743589744
4116.92307692308
4128.20512820513
4146.66666666667
4134.35897435897
4121.53846153846
4126.15384615385
4126.66666666667
4118.46153846154
4115.38461538462
4114.35897435897
4124.10256410256
4137.94871794872
4128.71794871795
4121.53846153846
4134.35897435897
4138.46153846154
4132.82051282051
4132.82051282051
4130.76923076923
4128.71794871795
4135.38461538462
4138.97435897436
4133.33333333333
4127.69230769231
4124.61538461538
4115.38461538462
4119.48717948718
4147.17948717949
4149.74358974359
4127.17948717949
4131.28205128205
4142.5641025641
4134.35897435897
4137.4358974359
4146.15384615385
4127.69230769231
4110.25641025641
4125.64102564103
4142.05128205128
4133.33333333333
4127.69230769231
4141.02564102564
4144.10256410256
4137.94871794872
4136.41025641026
4139.48717948718
4143.58974358974
4137.4358974359
4135.89743589744
4153.84615384615
4163.58974358974
4145.12820512821
4135.38461538462
4149.74358974359
4148.20512820513
4134.35897435897
4135.38461538462
4142.05128205128
4140
4137.4358974359
4143.07692307692
4141.53846153846
4138.46153846154
4148.20512820513
4161.02564102564
4152.30769230769
4124.61538461538
4120
4144.61538461538
4158.97435897436
4154.35897435897
4148.20512820513
4147.17948717949
4150.76923076923
4151.79487179487
4143.58974358974
4137.4358974359
4138.97435897436
4135.38461538462
4132.82051282051
4142.05128205128
4156.41025641026
4161.02564102564
4144.61538461538
4138.97435897436
4154.8717948718
4148.71794871795
4137.94871794872
4144.10256410256
4140
4135.38461538462
4151.28205128205
4161.53846153846
4153.33333333333
4143.07692307692
4136.92307692308
4156.92307692308
4176.41025641026
4151.28205128205
4131.79487179487
4150.76923076923
4161.53846153846
4144.61538461538
4142.5641025641
4160.51282051282
4162.05128205128
4150.25641025641
4146.66666666667
4154.35897435897
4167.69230769231
4164.61538461538
4143.07692307692
4152.30769230769
4172.30769230769
4152.30769230769
4139.48717948718
4145.12820512821
4143.07692307692
4158.97435897436
4175.89743589744
4162.05128205128
4146.66666666667
4144.10256410256
4148.71794871795
4163.58974358974
4162.05128205128
4155.89743589744
4169.23076923077
4175.89743589744
4169.23076923077
4160
4160.51282051282
4166.15384615385
4157.4358974359
4150.25641025641
4168.71794871795
4186.15384615385
4187.17948717949
4188.20512820513
4180
4162.05128205128
4163.07692307692
4169.23076923077
4159.48717948718
4161.53846153846
4179.48717948718
4179.48717948718
4169.74358974359
4172.30769230769
4177.4358974359
4172.82051282051
4162.05128205128
4149.74358974359
4149.23076923077
4152.82051282051
4150.25641025641
4150.25641025641
4151.28205128205
4152.30769230769
4153.33333333333
4154.35897435897
4154.35897435897
4148.71794871795
4154.35897435897
4165.12820512821
4153.33333333333
4132.30769230769
4129.74358974359
4132.82051282051
4137.4358974359
4150.25641025641
4145.64102564103
4125.64102564103
4125.12820512821
4135.38461538462
4145.12820512821
4158.97435897436
4153.84615384615
4141.02564102564
4149.23076923077
4145.64102564103
4116.92307692308
4106.15384615385
4108.20512820513
4104.61538461538
4115.89743589744
4122.5641025641
4119.48717948718
4131.28205128205
4142.05128205128
4134.8717948718
4133.33333333333
4148.20512820513
4153.33333333333
4149.23076923077
4151.79487179487
4150.25641025641
4143.58974358974
4149.23076923077
4152.30769230769
4135.38461538462
4127.17948717949
4137.4358974359
4146.66666666667
4142.5641025641
4133.84615384615
4136.92307692308
4155.89743589744
4171.79487179487
4174.8717948718
4173.33333333333
4168.71794871795
4149.23076923077
4134.8717948718
4147.17948717949
4158.97435897436
4153.84615384615
4147.17948717949
4140.51282051282
4145.64102564103
4173.33333333333
4190.25641025641
4183.07692307692
4175.89743589744
4168.20512820513
4170.25641025641
4182.05128205128
4176.41025641026
4162.5641025641
4169.23076923077
4190.76923076923
4202.05128205128
4205.12820512821
4222.05128205128
4254.8717948718
4272.30769230769
4282.5641025641
4302.05128205128
4301.02564102564
4296.41025641026
4301.53846153846
4291.79487179487
4283.07692307692
4289.74358974359
4282.05128205128
4262.5641025641
4252.30769230769
4240
4216.92307692308
4198.46153846154
4202.5641025641
4214.35897435897
4198.97435897436
4166.66666666667
4156.92307692308
4163.07692307692
4166.15384615385
4174.35897435897
4175.89743589744
4168.20512820513
4153.33333333333
4141.02564102564
4148.20512820513
4161.02564102564
4151.79487179487
