F3
3974.8717948718
3990.76923076923
4002.05128205128
4012.82051282051
4017.94871794872
4016.41025641026
4016.92307692308
4024.61538461539
4028.20512820513
4015.38461538462
4005.64102564103
4005.64102564103
4001.02564102564
3997.4358974359
3990.25641025641
3976.92307692308
3978.97435897436
3989.23076923077
3982.5641025641
3969.23076923077
3963.07692307692
3966.15384615385
3974.35897435898
3975.38461538462
3974.8717948718
3972.30769230769
3959.48717948718
3962.05128205128
3975.38461538462
3968.20512820513
3956.41025641026
3957.94871794872
3966.15384615385
3974.8717948718
3971.28205128205
3960
3963.07692307692
3964.61538461539
3955.38461538462
3963.58974358974
3977.4358974359
3969.74358974359
3961.53846153846
3965.64102564103
3963.58974358974
3958.46153846154
3954.35897435898
3960
3973.33333333333
3969.74358974359
3953.84615384615
3959.48717948718
3979.48717948718
3976.92307692308
3959.48717948718
3956.41025641026
3967.17948717949
3975.89743589744
3973.84615384615
3970.25641025641
3973.33333333333
3969.74358974359
3956.92307692308
3961.53846153846
3983.58974358974
3980
3957.4358974359
3964.61538461539
3978.46153846154
3965.12820512821
3951.79487179487
3957.94871794872
3962.5641025641
3961.53846153846
3957.4358974359
3951.28205128205
3955.89743589744
3966.15384615385
3967.69230769231
3968.71794871795
3972.82051282051
3971.28205128205
3970.25641025641
3971.79487179487
3968.71794871795
3969.74358974359
3972.30769230769
3966.15384615385
3959.48717948718
3960.51282051282
3956.92307692308
3949.74358974359
3952.82051282051
3955.89743589744
3946.66666666667
3936.41025641026
3938.97435897436
3944.10256410256
3944.61538461539
3943.58974358974
3943.58974358974
3943.07692307692
3942.05128205128
3939.48717948718
3937.94871794872
3941.02564102564
3943.58974358974
3948.71794871795
3950.76923076923
3945.64102564103
3949.74358974359
3958.97435897436
3949.23076923077
3938.97435897436
3946.66666666667
3948.20512820513
3942.05128205128
3950.25641025641
3960.51282051282
3960.51282051282
3960
3964.10256410256
3959.48717948718
3946.66666666667
3941.53846153846
3941.53846153846
3944.61538461539
3949.74358974359
3946.15384615385
3941.02564102564
3952.30769230769
3966.66666666667
3958.46153846154
3947.17948717949
3951.28205128205
3958.46153846154
3957.94871794872
3957.4358974359
3958.97435897436
3954.35897435898
3957.4358974359
3974.35897435898
3974.8717948718
3957.94871794872
3957.94871794872
3973.33333333333
3973.33333333333
3971.79487179487
3975.89743589744
3969.23076923077
3968.20512820513
3975.38461538462
3969.74358974359
3963.58974358974
3975.38461538462
3977.4358974359
3963.58974358974
3958.46153846154
3956.92307692308
3956.41025641026
3971.28205128205
3981.53846153846
3966.15384615385
3952.82051282051
3958.97435897436
3961.02564102564
3954.8717948718
3962.05128205128
3973.33333333333
3967.69230769231
3957.4358974359
3958.97435897436
3967.69230769231
3972.82051282051
3970.25641025641
3962.5641025641
3958.46153846154
3957.94871794872
3958.97435897436
3956.41025641026
3955.38461538462
3964.61538461539
3970.25641025641
3965.12820512821
3961.02564102564
3962.5641025641
3960.51282051282
3960
3965.12820512821
3971.79487179487
3976.92307692308
3975.89743589744
3972.30769230769
3972.82051282051
3976.41025641026
3978.97435897436
3977.4358974359
3971.28205128205
3967.69230769231
3972.82051282051
3968.20512820513
3957.94871794872
3962.5641025641
3969.23076923077
3968.71794871795
3972.82051282051
3977.4358974359
3971.28205128205
3970.76923076923
3982.5641025641
3982.05128205128
3976.41025641026
3977.94871794872
3980
3986.15384615385
3996.92307692308
3994.35897435898
3987.69230769231
3994.35897435898
3991.28205128205
3977.94871794872
3972.30769230769
3973.84615384615
3980.51282051282
3987.17948717949
3988.71794871795
3982.5641025641
3970.25641025641
3962.5641025641
3972.82051282051
3986.15384615385
3983.58974358974
3982.5641025641
3990.76923076923
3990.76923076923
3983.58974358974
3985.12820512821
3991.79487179487
3999.48717948718
4003.07692307692
4003.07692307692
4008.20512820513
4018.46153846154
4026.66666666667
4026.15384615385
4022.05128205128
4019.48717948718
4023.07692307692
4023.58974358974
4013.84615384615
4007.17948717949
3995.89743589744
3978.97435897436
3978.46153846154
3994.35897435898
3990.25641025641
3970.76923076923
3968.71794871795
3977.94871794872
3974.35897435898
3964.10256410256
3969.74358974359
3977.4358974359
3964.10256410256
3957.4358974359
3971.28205128205
3979.48717948718
3975.89743589744
3974.8717948718
3975.38461538462
3977.4358974359
3972.82051282051
3957.94871794872
3956.41025641026
3969.23076923077
3971.28205128205
3962.5641025641
3958.46153846154
3956.92307692308
3959.48717948718
3962.05128205128
3956.41025641026
3956.92307692308
3958.46153846154
3945.64102564103
3943.07692307692
3961.02564102564
3963.07692307692
3949.23076923077
3949.23076923077
3957.94871794872
3963.07692307692
3957.4358974359
3946.66666666667
3952.30769230769
3965.64102564103
3970.76923076923
3968.71794871795
3963.07692307692
3956.41025641026
3957.94871794872
3962.05128205128
3956.92307692308
3953.33333333333
3958.46153846154
3962.05128205128
3958.46153846154
3953.33333333333
3957.94871794872
3969.74358974359
3970.25641025641
3966.15384615385
3970.76923076923
3967.69230769231
3954.35897435898
3953.33333333333
3962.5641025641
3968.71794871795
3976.92307692308
3975.38461538462
3958.97435897436
3952.30769230769
3957.94871794872
3958.97435897436
3960.51282051282
3965.64102564103
3962.5641025641
3956.41025641026
3962.05128205128
3968.71794871795
3966.15384615385
3965.64102564103
3973.33333333333
3974.35897435898
3965.12820512821
3959.48717948718
3958.97435897436
3957.4358974359
3957.4358974359
3959.48717948718
3960
3956.41025641026
3952.30769230769
3951.28205128205
3955.89743589744
3953.33333333333
3946.66666666667
3951.79487179487
3958.97435897436
3960
3961.53846153846
3953.84615384615
3944.10256410256
3955.89743589744
3964.61538461539
3945.64102564103
3936.92307692308
3944.10256410256
3942.5641025641
3941.02564102564
3944.61538461539
3943.58974358974
3942.5641025641
3941.02564102564
3941.02564102564
3948.20512820513
3949.23076923077
3941.53846153846
3940
3943.58974358974
3940.51282051282
3936.92307692308
3940
3943.58974358974
3952.82051282051
3956.92307692308
3947.69230769231
3938.97435897436
3940.51282051282
3942.05128205128
3941.53846153846
3942.5641025641
3942.5641025641
3941.02564102564
3938.46153846154
3941.02564102564
3944.61538461539
3942.5641025641
3950.25641025641
3960.51282051282
3958.46153846154
3952.30769230769
3949.74358974359
3945.64102564103
3943.58974358974
3944.61538461539
3943.58974358974
3943.07692307692
3942.05128205128
3938.46153846154
3936.92307692308
3940
3944.61538461539
3944.61538461539
3942.5641025641
3942.05128205128
3944.10256410256
3946.15384615385
3941.53846153846
3932.82051282051
3934.35897435898
3941.02564102564
3943.07692307692
3947.17948717949
3957.4358974359
3959.48717948718
3951.79487179487
3949.74358974359
3950.25641025641
3947.17948717949
3937.4358974359
3929.74358974359
3935.89743589744
3944.61538461539
3941.02564102564
3936.92307692308
3941.53846153846
3943.07692307692
3942.05128205128
3941.02564102564
3938.97435897436
3940
3942.05128205128
3942.5641025641
3949.74358974359
3958.46153846154
3953.84615384615
3941.53846153846
3941.53846153846
3950.25641025641
3952.30769230769
3951.28205128205
3953.33333333333
3954.8717948718
3949.23076923077
3941.53846153846
3948.71794871795
3961.02564102564
3955.38461538462
3943.07692307692
3941.53846153846
3943.58974358974
3947.69230769231
3952.30769230769
3952.30769230769
3952.30769230769
3958.46153846154
3963.58974358974
3957.94871794872
3950.76923076923
3951.79487179487
3957.94871794872
3957.4358974359
3950.76923076923
3945.12820512821
3949.23076923077
3964.61538461539
3969.23076923077
3958.97435897436
3957.4358974359
3961.02564102564
3959.48717948718
3965.64102564103
3973.33333333333
3963.58974358974
3952.30769230769
3956.92307692308
3961.02564102564
3961.53846153846
3959.48717948718
3959.48717948718
3970.76923076923
3973.33333333333
3956.92307692308
3950.25641025641
3957.4358974359
3958.97435897436
3957.94871794872
3959.48717948718
3956.41025641026
3953.84615384615
3955.89743589744
3957.4358974359
3957.94871794872
3960
3957.4358974359
3951.28205128205
3954.35897435898
3961.02564102564
3957.4358974359
3954.35897435898
3960.51282051282
3961.53846153846
3960
3960
3960.51282051282
3961.02564102564
3959.48717948718
3957.4358974359
3960
3968.20512820513
3973.84615384615
3973.33333333333
3975.89743589744
3976.41025641026
3964.61538461539
3959.48717948718
3973.33333333333
3980.51282051282
3973.84615384615
3973.33333333333
3971.79487179487
3960
3954.8717948718
3963.58974358974
3974.8717948718
3974.35897435898
3967.69230769231
3968.20512820513
3974.8717948718
3976.92307692308
3970.25641025641
3960
3953.33333333333
3958.97435897436
3971.79487179487
3977.94871794872
3976.41025641026
3975.38461538462
3974.35897435898
3971.28205128205
3972.82051282051
3973.33333333333
3968.71794871795
3972.30769230769
3980
3978.97435897436
3973.33333333333
3974.35897435898
3979.48717948718
3980
3975.89743589744
3973.33333333333
3978.46153846154
3983.58974358974
3978.46153846154
3974.35897435898
3974.35897435898
3976.41025641026
3971.28205128205
3961.53846153846
3961.53846153846
3972.82051282051
3976.92307692308
3972.30769230769
3972.82051282051
3974.8717948718
3975.38461538462
3976.92307692308
3974.8717948718
3971.79487179487
3970.25641025641
3971.79487179487
3973.33333333333
3973.33333333333
3973.84615384615
3977.4358974359
3976.92307692308
3976.92307692308
3987.17948717949
3992.82051282051
3984.61538461539
3975.89743589744
3967.69230769231
3957.4358974359
3954.8717948718
3961.02564102564
3968.20512820513
3975.38461538462
3971.28205128205
3963.58974358974
3971.28205128205
3973.84615384615
3959.48717948718
3951.28205128205
3961.53846153846
3973.33333333333
3973.33333333333
3962.05128205128
3954.8717948718
3966.66666666667
3974.8717948718
3964.10256410256
3952.30769230769
3955.38461538462
3966.15384615385
3972.30769230769
3973.33333333333
3971.79487179487
3971.28205128205
3973.84615384615
3975.38461538462
3972.82051282051
3971.28205128205
3976.41025641026
3978.46153846154
3972.82051282051
3975.38461538462
3983.58974358974
3981.02564102564
3972.30769230769
3964.61538461539
3961.02564102564
3958.97435897436
3955.38461538462
3959.48717948718
3967.17948717949
3962.05128205128
3957.4358974359
3963.58974358974
3967.17948717949
3970.76923076923
3973.33333333333
3973.84615384615
3983.58974358974
3986.15384615385
3973.33333333333
3971.79487179487
3984.61538461539
3989.23076923077
3980.51282051282
3972.30769230769
3975.38461538462
3982.05128205128
3989.23076923077
4001.53846153846
4008.20512820513
4006.15384615385
4016.92307692308
4031.28205128205
4029.23076923077
4020.51282051282
4023.07692307692
4025.64102564103
4013.84615384615
4002.5641025641
4003.58974358974
4005.64102564103
4003.58974358974
4002.5641025641
3997.94871794872
3988.71794871795
3979.48717948718
3974.35897435898
3981.53846153846
3990.25641025641
3990.25641025641
3988.71794871795
3990.25641025641
3992.82051282051
3996.41025641026
3999.48717948718
3997.94871794872
3986.15384615385
3970.76923076923
3968.71794871795
3972.30769230769
3968.71794871795
3969.23076923077
3974.8717948718
3974.35897435898
3973.33333333333
3976.92307692308
3975.38461538462
3972.30769230769
3972.30769230769
3974.35897435898
3972.30769230769
3970.25641025641
3978.97435897436
3984.61538461539
3974.8717948718
3971.28205128205
3982.05128205128
3982.5641025641
3978.46153846154
3981.53846153846
3977.4358974359
3977.4358974359
3989.23076923077
3991.79487179487
3983.58974358974
3983.58974358974
3986.66666666667
3982.5641025641
3975.38461538462
3971.28205128205
3977.94871794872
3986.15384615385
3985.64102564103
3992.30769230769
4005.12820512821
4004.10256410256
3998.97435897436
4004.10256410256
4007.17948717949
4004.61538461539
4006.15384615385
4006.15384615385
4006.66666666667
4005.12820512821
3998.46153846154
3996.41025641026
3997.4358974359
3992.30769230769
3985.64102564103
3987.69230769231
3991.28205128205
3990.76923076923
3990.76923076923
3987.17948717949
3977.4358974359
3972.30769230769
3979.48717948718
3983.58974358974
3976.41025641026
3972.82051282051
3975.89743589744
3975.89743589744
3973.33333333333
3973.33333333333
3974.35897435898
3974.8717948718
3976.41025641026
3975.89743589744
3974.35897435898
3973.84615384615
3973.33333333333
3972.30769230769
3972.30769230769
3971.28205128205
3970.25641025641
3971.79487179487
3968.71794871795
3960
3956.41025641026
3960.51282051282
3961.02564102564
3957.94871794872
3958.97435897436
3960
3957.4358974359
3955.38461538462
3957.94871794872
3959.48717948718
3958.97435897436
3958.46153846154
3958.46153846154
3958.97435897436
3960.51282051282
3958.97435897436
3957.4358974359
3962.05128205128
3965.64102564103
3958.97435897436
3957.94871794872
3969.74358974359
3973.84615384615
3968.71794871795
3970.25641025641
3973.84615384615
3974.35897435898
3976.41025641026
3969.23076923077
3956.92307692308
3956.41025641026
3959.48717948718
3953.84615384615
3953.33333333333
3959.48717948718
3956.41025641026
3952.30769230769
3960
3966.66666666667
3960.51282051282
3953.33333333333
3954.8717948718
3956.41025641026
3958.97435897436
3968.20512820513
3974.35897435898
3976.41025641026
3982.5641025641
3989.74358974359
3991.79487179487
3985.12820512821
3974.35897435898
3982.05128205128
4000.51282051282
3992.82051282051
3971.79487179487
3969.74358974359
3974.35897435898
3975.89743589744
3977.94871794872
3972.30769230769
3967.69230769231
3971.79487179487
3967.69230769231
3956.92307692308
3953.84615384615
3958.97435897436
3970.25641025641
3982.05128205128
3970.76923076923
3958.97435897436
3971.28205128205
3971.79487179487
3953.84615384615
3950.25641025641
3958.46153846154
3957.4358974359
3957.4358974359
3962.05128205128
3966.15384615385
3969.74358974359
3967.69230769231
3964.10256410256
3967.17948717949
3968.71794871795
3963.07692307692
3956.92307692308
3957.4358974359
3964.10256410256
3972.30769230769
3974.35897435898
3970.76923076923
3967.17948717949
3970.25641025641
3976.92307692308
3976.92307692308
3970.25641025641
3967.17948717949
3967.69230769231
3968.20512820513
3968.20512820513
3971.28205128205
3975.38461538462
3972.82051282051
3970.25641025641
3973.84615384615
3976.41025641026
3982.5641025641
3989.23076923077
3982.5641025641
3969.23076923077
3969.74358974359
3976.41025641026
3973.33333333333
3969.74358974359
3974.8717948718
3973.33333333333
3956.92307692308
3951.79487179487
3967.69230769231
3971.28205128205
3959.48717948718
3961.02564102564
3970.76923076923
3972.82051282051
3976.41025641026
3981.02564102564
3974.8717948718
3969.74358974359
3971.28205128205
3968.71794871795
3970.76923076923
3982.05128205128
3983.07692307692
3973.33333333333
3972.30769230769
3976.41025641026
3976.41025641026
3977.4358974359
3976.92307692308
3973.33333333333
3973.84615384615
3973.33333333333
3968.71794871795
3970.25641025641
3976.41025641026
3975.38461538462
3969.23076923077
3968.71794871795
3975.89743589744
3977.94871794872
3971.79487179487
3969.23076923077
3972.30769230769
3975.38461538462
3976.41025641026
3975.38461538462
3974.8717948718
3973.33333333333
3976.41025641026
3983.58974358974
3983.58974358974
3974.35897435898
3969.74358974359
3974.35897435898
3976.92307692308
3975.38461538462
3973.33333333333
3979.48717948718
3984.10256410256
3976.92307692308
3972.82051282051
3976.92307692308
3974.8717948718
3973.84615384615
3984.61538461539
3988.20512820513
3982.5641025641
3981.53846153846
3981.02564102564
3974.35897435898
3973.33333333333
3975.38461538462
3971.79487179487
3973.84615384615
3980.51282051282
3978.46153846154
3974.35897435898
3971.79487179487
3967.69230769231
3970.25641025641
3977.94871794872
3970.76923076923
3956.41025641026
3956.41025641026
3959.48717948718
3961.53846153846
3964.61538461539
3963.07692307692
3958.97435897436
3955.89743589744
3957.4358974359
3967.69230769231
3977.94871794872
3975.89743589744
3966.15384615385
3960.51282051282
3959.48717948718
3961.02564102564
3957.94871794872
3954.35897435898
3957.94871794872
3967.17948717949
3973.84615384615
3973.33333333333
3973.33333333333
3975.89743589744
3980.51282051282
3994.35897435898
4012.30769230769
4015.89743589744
4012.82051282051
4017.94871794872
4015.38461538462
4005.64102564103
4005.12820512821
4003.58974358974
3997.94871794872
4000.51282051282
4006.15384615385
4006.15384615385
4002.05128205128
3994.35897435898
3988.20512820513
3989.23076923077
3990.76923076923
3987.69230769231
3985.12820512821
3981.02564102564
3982.05128205128
3988.71794871795
3981.02564102564
3967.69230769231
3980.51282051282
3997.94871794872
3982.5641025641
3966.66666666667
3974.35897435898
3976.41025641026
3969.74358974359
3964.10256410256
3960
3967.17948717949
3979.48717948718
3980
3982.05128205128
3987.17948717949
3978.46153846154
3969.23076923077
3974.35897435898
3977.94871794872
3973.84615384615
3971.28205128205
3971.28205128205
3973.33333333333
3978.46153846154
3980.51282051282
3970.76923076923
3960.51282051282
3962.5641025641
3969.23076923077
3973.84615384615
3974.8717948718
3970.76923076923
3970.76923076923
3973.84615384615
3973.33333333333
3971.79487179487
3969.23076923077
3970.25641025641
3977.4358974359
3972.82051282051
3964.10256410256
3969.23076923077
3975.89743589744
3973.33333333333
3975.89743589744
3981.53846153846
3979.48717948718
3971.79487179487
3963.58974358974
3964.61538461539
3970.76923076923
3973.84615384615
3969.23076923077
3961.02564102564
3963.58974358974
3972.30769230769
3974.8717948718
3974.8717948718
3970.25641025641
3963.58974358974
3969.23076923077
3969.23076923077
3956.41025641026
3961.02564102564
3974.8717948718
3971.79487179487
3969.74358974359
3974.8717948718
3974.35897435898
3975.89743589744
3970.25641025641
3959.48717948718
3963.58974358974
3970.25641025641
3965.64102564103
3966.66666666667
3968.20512820513
3961.02564102564
3966.15384615385
3977.94871794872
3968.71794871795
3955.89743589744
3958.97435897436
3961.53846153846
3955.89743589744
3961.02564102564
3975.38461538462
3977.94871794872
3972.30769230769
3972.30769230769
3975.89743589744
3974.8717948718
3973.33333333333
3972.30769230769
3966.15384615385
3964.10256410256
3965.64102564103
3957.4358974359
3952.30769230769
3961.53846153846
3965.12820512821
3961.53846153846
3966.15384615385
3971.28205128205
3971.28205128205
3968.71794871795
3959.48717948718
3957.4358974359
3968.20512820513
3964.61538461539
3957.94871794872
3968.20512820513
3975.89743589744
3975.89743589744
3985.64102564103
3990.76923076923
3978.46153846154
3973.33333333333
3974.35897435898
3975.89743589744
3984.61538461539
3985.64102564103
3973.33333333333
3971.79487179487
3980
3978.46153846154
3973.33333333333
3974.35897435898
3974.8717948718
3972.30769230769
3971.28205128205
3972.30769230769
3972.82051282051
3969.23076923077
3967.69230769231
3980
3987.17948717949
3976.41025641026
3967.17948717949
3970.25641025641
3971.79487179487
3970.25641025641
3970.25641025641
3972.30769230769
3972.82051282051
3966.66666666667
3966.15384615385
3974.8717948718
3973.84615384615
3971.28205128205
3974.35897435898
3965.12820512821
3953.84615384615
3964.61538461539
3981.02564102564
3979.48717948718
3970.25641025641
3971.28205128205
3983.58974358974
3993.33333333333
3986.66666666667
3973.33333333333
3974.35897435898
3984.61538461539
3986.66666666667
3984.61538461539
3989.74358974359
3991.79487179487
3989.23076923077
3988.71794871795
3980
3971.79487179487
3970.76923076923
3963.58974358974
3955.89743589744
3956.92307692308
3956.92307692308
3965.12820512821
3982.05128205128
3981.02564102564
3973.33333333333
3970.76923076923
3964.61538461539
3961.53846153846
3961.53846153846
3958.46153846154
3966.15384615385
3977.94871794872
3973.33333333333
3967.69230769231
3970.76923076923
3975.38461538462
3973.33333333333
3965.12820512821
3965.12820512821
3971.28205128205
3975.38461538462
3976.41025641026
3968.71794871795
3955.89743589744
3957.4358974359
3963.07692307692
3956.41025641026
3959.48717948718
3975.38461538462
3975.38461538462
3967.69230769231
3967.17948717949
3965.64102564103
3956.41025641026
3954.8717948718
3965.64102564103
3968.71794871795
3962.5641025641
3958.46153846154
3961.02564102564
3967.69230769231
3974.8717948718
3973.84615384615
3962.05128205128
3957.94871794872
3963.58974358974
3966.15384615385
3967.69230769231
3972.82051282051
3972.30769230769
3968.71794871795
3965.64102564103
3958.97435897436
3961.02564102564
3973.33333333333
3974.8717948718
3967.17948717949
3974.35897435898
3987.69230769231
3986.66666666667
3982.5641025641
3987.17948717949
3985.12820512821
3972.82051282051
3971.28205128205
3983.58974358974
3987.17948717949
3978.97435897436
3973.33333333333
3972.82051282051
3973.84615384615
3981.02564102564
3991.28205128205
3989.23076923077
3978.97435897436
3975.38461538462
3976.41025641026
3978.97435897436
3981.53846153846
3980.51282051282
3973.84615384615
3975.38461538462
3986.15384615385
3981.02564102564
3965.64102564103
3975.38461538462
3997.94871794872
3997.4358974359
3985.64102564103
3981.53846153846
3977.94871794872
3974.8717948718
3975.38461538462
3974.35897435898
3972.30769230769
3979.48717948718
3991.28205128205
3999.48717948718
4004.10256410256
4013.84615384615
4026.15384615385
4036.41025641026
4039.48717948718
4032.82051282051
4028.71794871795
4037.94871794872
4048.20512820513
4040
4028.20512820513
4031.28205128205
4034.35897435898
4027.17948717949
4018.46153846154
4010.76923076923
4005.64102564103
4005.12820512821
4003.58974358974
3997.4358974359
3992.30769230769
3989.23076923077
3984.10256410256
3978.46153846154
3983.58974358974
3989.23076923077
3985.64102564103
3985.64102564103
3990.25641025641
3992.30769230769
3988.20512820513
3971.79487179487
3954.35897435898
