
4166.66666666667
4182.05128205128
4194.35897435897
4200
4203.58974358974
4201.53846153846
4197.4358974359
4201.53846153846
4204.61538461538
4194.35897435897
4185.12820512821
4182.5641025641
4177.4358974359
4174.8717948718
4169.23076923077
4159.48717948718
4160
4162.05128205128
4156.92307692308
4152.30769230769
4145.12820512821
4136.92307692308
4136.92307692308
4144.10256410256
4152.82051282051
4149.74358974359
4134.35897435897
4135.89743589744
4147.17948717949
4140.51282051282
4131.28205128205
4133.84615384615
4138.46153846154
4137.94871794872
4135.89743589744
4134.35897435897
4133.84615384615
4135.89743589744
4135.38461538462
4141.02564102564
4150.76923076923
4147.17948717949
4138.46153846154
4139.48717948718
4141.53846153846
4137.4358974359
4133.33333333333
4140.51282051282
4151.28205128205
4145.64102564103
4136.92307692308
4146.15384615385
4156.92307692308
4151.28205128205
4141.02564102564
4136.41025641026
4141.02564102564
4150.25641025641
4152.30769230769
4150.76923076923
4153.84615384615
4153.33333333333
4145.12820512821
4152.30769230769
4172.82051282051
4160.51282051282
4132.30769230769
4140.51282051282
4155.89743589744
4143.58974358974
4130.76923076923
4133.33333333333
4138.46153846154
4134.35897435897
4121.53846153846
4122.5641025641
4136.92307692308
4136.92307692308
4128.20512820513
4133.33333333333
4141.53846153846
4141.02564102564
4137.94871794872
4136.41025641026
4136.41025641026
4136.41025641026
4137.94871794872
4136.41025641026
4129.23076923077
4120
4113.33333333333
4107.69230769231
4104.10256410256
4111.79487179487
4123.07692307692
4116.41025641026
4105.64102564103
4114.8717948718
4124.61538461538
4120
4114.35897435897
4110.25641025641
4108.20512820513
4107.17948717949
4109.23076923077
4118.97435897436
4120
4107.69230769231
4109.74358974359
4122.05128205128
4126.15384615385
4124.10256410256
4122.05128205128
4122.05128205128
4123.07692307692
4122.05128205128
4121.53846153846
4124.10256410256
4130.25641025641
4137.4358974359
4140
4138.97435897436
4140
4133.33333333333
4122.05128205128
4116.92307692308
4122.05128205128
4132.82051282051
4138.97435897436
4137.94871794872
4131.28205128205
4127.69230769231
4129.23076923077
4126.66666666667
4120.51282051282
4125.12820512821
4135.38461538462
4137.94871794872
4138.46153846154
4135.89743589744
4135.89743589744
4145.12820512821
4145.64102564103
4133.84615384615
4132.30769230769
4137.4358974359
4136.41025641026
4140
4144.10256410256
4135.89743589744
4133.84615384615
4141.02564102564
4140
4141.53846153846
4152.30769230769
4150.25641025641
4138.46153846154
4136.92307692308
4138.46153846154
4133.84615384615
4141.53846153846
4150.25641025641
4142.5641025641
4134.35897435897
4136.41025641026
4137.4358974359
4134.8717948718
4135.89743589744
4136.92307692308
4137.94871794872
4131.28205128205
4123.58974358974
4131.28205128205
4137.94871794872
4127.69230769231
4119.48717948718
4121.02564102564
4123.07692307692
4130.76923076923
4132.82051282051
4128.71794871795
4136.92307692308
4140.51282051282
4125.12820512821
4118.97435897436
4123.07692307692
4118.97435897436
4124.61538461538
4134.8717948718
4128.20512820513
4118.46153846154
4126.15384615385
4138.46153846154
4138.97435897436
4134.35897435897
4136.92307692308
4142.05128205128
4139.48717948718
4136.41025641026
4135.89743589744
4134.8717948718
4140
4146.15384615385
4137.94871794872
4133.33333333333
4145.12820512821
4148.20512820513
4135.89743589744
4136.41025641026
4151.28205128205
4155.89743589744
4152.82051282051
4151.79487179487
4151.28205128205
4154.8717948718
4157.94871794872
4154.35897435897
4152.30769230769
4155.38461538462
4155.38461538462
4153.84615384615
4155.89743589744
4156.92307692308
4155.38461538462
4155.38461538462
4157.94871794872
4156.92307692308
4152.30769230769
4152.30769230769
4158.46153846154
4164.61538461538
4175.38461538462
4182.05128205128
4175.89743589744
4167.69230769231
4165.64102564103
4169.74358974359
4179.48717948718
4186.66666666667
4184.10256410256
4187.69230769231
4198.46153846154
4208.71794871795
4217.94871794872
4218.46153846154
4215.38461538462
4216.41025641026
4215.89743589744
4215.38461538462
4215.38461538462
4210.25641025641
4197.4358974359
4185.64102564103
4189.23076923077
4198.46153846154
4192.82051282051
4177.4358974359
4172.82051282051
4172.82051282051
4169.23076923077
4167.17948717949
4169.74358974359
4166.66666666667
4160.51282051282
4164.10256410256
4168.71794871795
4166.15384615385
4169.74358974359
4173.33333333333
4170.76923076923
4176.41025641026
4179.48717948718
4169.74358974359
4165.64102564103
4171.79487179487
4172.30769230769
4169.23076923077
4170.76923076923
4171.28205128205
4168.20512820513
4166.15384615385
4169.74358974359
4167.69230769231
4155.89743589744
4152.82051282051
4162.5641025641
4170.76923076923
4170.76923076923
4164.10256410256
4163.58974358974
4169.23076923077
4162.5641025641
4152.30769230769
4160
4170.76923076923
4169.23076923077
4170.25641025641
4174.35897435897
4172.30769230769
4168.71794871795
4176.41025641026
4183.07692307692
4172.82051282051
4163.58974358974
4169.74358974359
4172.82051282051
4167.69230769231
4165.12820512821
4166.15384615385
4171.79487179487
4174.35897435897
4170.76923076923
4171.79487179487
4173.84615384615
4169.74358974359
4165.64102564103
4171.79487179487
4183.58974358974
4185.64102564103
4174.35897435897
4165.12820512821
4165.64102564103
4165.64102564103
4165.12820512821
4167.17948717949
4167.17948717949
4167.17948717949
4171.79487179487
4171.79487179487
4166.15384615385
4170.76923076923
4183.07692307692
4186.66666666667
4181.02564102564
4176.41025641026
4174.35897435897
4170.25641025641
4170.25641025641
4173.33333333333
4173.84615384615
4172.82051282051
4171.28205128205
4168.20512820513
4167.17948717949
4169.23076923077
4169.74358974359
4171.28205128205
4170.25641025641
4164.61538461538
4168.20512820513
4168.20512820513
4156.41025641026
4154.8717948718
4167.17948717949
4173.33333333333
4165.12820512821
4155.38461538462
4154.8717948718
4158.46153846154
4156.41025641026
4153.33333333333
4156.41025641026
4158.97435897436
4154.35897435897
4152.82051282051
4163.07692307692
4167.69230769231
4155.38461538462
4149.74358974359
4163.58974358974
4170.25641025641
4165.12820512821
4167.17948717949
4178.46153846154
4183.07692307692
4183.58974358974
4184.61538461538
4176.41025641026
4168.20512820513
4171.28205128205
4172.30769230769
4168.20512820513
4177.4358974359
4184.61538461538
4176.41025641026
4176.41025641026
4179.48717948718
4174.8717948718
4180
4189.23076923077
4184.61538461538
4187.17948717949
4194.8717948718
4185.12820512821
4185.64102564103
4201.53846153846
4198.97435897436
4183.58974358974
4181.02564102564
4184.10256410256
4181.02564102564
4187.17948717949
4199.48717948718
4194.35897435897
4182.5641025641
4183.58974358974
4186.66666666667
4185.12820512821
4187.17948717949
4185.12820512821
4180.51282051282
4190.76923076923
4198.46153846154
4191.79487179487
4193.33333333333
4204.10256410256
4201.02564102564
4191.28205128205
4191.79487179487
4188.71794871795
4182.5641025641
4181.02564102564
4183.58974358974
4184.10256410256
4180.51282051282
4182.5641025641
4191.28205128205
4190.76923076923
4184.61538461538
4186.15384615385
4187.69230769231
4184.61538461538
4184.61538461538
4185.12820512821
4181.53846153846
4181.53846153846
4184.61538461538
4185.64102564103
4183.58974358974
4184.10256410256
4183.58974358974
4175.38461538462
4169.23076923077
4170.25641025641
4169.74358974359
4167.17948717949
4168.20512820513
4172.30769230769
4172.30769230769
4170.76923076923
4171.79487179487
4173.84615384615
4171.79487179487
4170.25641025641
4170.25641025641
4158.46153846154
4150.76923076923
4161.02564102564
4165.12820512821
4153.84615384615
4148.71794871795
4152.82051282051
4157.4358974359
4157.94871794872
4152.82051282051
4154.8717948718
4166.66666666667
4172.82051282051
4169.23076923077
4156.92307692308
4151.28205128205
4162.05128205128
4169.74358974359
4168.71794871795
4167.69230769231
4156.92307692308
4147.69230769231
4154.35897435897
4156.92307692308
4154.35897435897
4166.15384615385
4175.89743589744
4170.76923076923
4164.61538461538
4166.15384615385
4169.23076923077
4168.20512820513
4170.25641025641
4176.92307692308
4173.33333333333
4166.66666666667
4177.94871794872
4185.12820512821
4173.84615384615
4169.74358974359
4172.82051282051
4172.82051282051
4181.53846153846
4184.10256410256
4172.82051282051
4171.28205128205
4175.89743589744
4170.76923076923
4171.79487179487
4182.5641025641
4187.17948717949
4178.97435897436
4169.74358974359
4174.8717948718
4185.12820512821
4184.10256410256
4181.53846153846
4186.66666666667
4189.23076923077
4186.66666666667
4184.10256410256
4181.53846153846
4188.20512820513
4197.4358974359
4202.5641025641
4201.02564102564
4189.74358974359
4181.02564102564
4183.58974358974
4186.15384615385
4188.20512820513
4191.28205128205
4185.12820512821
4178.97435897436
4183.58974358974
4187.69230769231
4185.64102564103
4181.53846153846
4182.05128205128
4184.10256410256
4183.07692307692
4183.07692307692
4185.64102564103
4185.64102564103
4182.5641025641
4182.5641025641
4183.07692307692
4175.89743589744
4170.76923076923
4180
4189.23076923077
4184.61538461538
4180.51282051282
4183.58974358974
4182.5641025641
4181.53846153846
4182.05128205128
4182.5641025641
4182.5641025641
4177.4358974359
4170.25641025641
4169.74358974359
4172.30769230769
4170.25641025641
4169.23076923077
4168.20512820513
4165.64102564103
4175.38461538462
4184.61538461538
4177.4358974359
4168.20512820513
4169.23076923077
4173.33333333333
4181.53846153846
4185.12820512821
4175.38461538462
4170.25641025641
4169.23076923077
4167.17948717949
4175.38461538462
4178.46153846154
4169.74358974359
4171.79487179487
4185.64102564103
4188.71794871795
4185.64102564103
4186.15384615385
4181.02564102564
4173.84615384615
4168.71794871795
4169.23076923077
4176.92307692308
4184.61538461538
4186.15384615385
4186.15384615385
4184.61538461538
4174.35897435897
4166.66666666667
4168.20512820513
4167.17948717949
4171.28205128205
4185.12820512821
4185.12820512821
4170.76923076923
4173.33333333333
4186.66666666667
4184.10256410256
4173.33333333333
4170.76923076923
4172.82051282051
4171.28205128205
4170.25641025641
4178.46153846154
4184.10256410256
4172.30769230769
4162.05128205128
4173.33333333333
4184.61538461538
4185.64102564103
4185.64102564103
4185.12820512821
4182.5641025641
4184.61538461538
4188.71794871795
4187.69230769231
4185.12820512821
4183.07692307692
4182.05128205128
4181.02564102564
4180.51282051282
4184.61538461538
4184.10256410256
4174.8717948718
4169.74358974359
4171.79487179487
4172.30769230769
4171.79487179487
4172.30769230769
4166.66666666667
4172.82051282051
4187.17948717949
4180.51282051282
4164.61538461538
4169.23076923077
4184.61538461538
4184.10256410256
4176.92307692308
4180
4186.66666666667
4191.79487179487
4196.41025641026
4197.94871794872
4203.07692307692
4217.4358974359
4220.51282051282
4211.28205128205
4211.28205128205
4218.97435897436
4216.92307692308
4206.15384615385
4200
4201.53846153846
4201.53846153846
4198.97435897436
4200.51282051282
4197.94871794872
4187.69230769231
4182.5641025641
4183.58974358974
4183.58974358974
4183.58974358974
4182.5641025641
4185.12820512821
4192.82051282051
4193.33333333333
4182.5641025641
4181.53846153846
4196.41025641026
4196.41025641026
4176.41025641026
4168.20512820513
4178.97435897436
4182.05128205128
4173.84615384615
4170.76923076923
4169.23076923077
4174.8717948718
4182.5641025641
4183.58974358974
4183.58974358974
4182.05128205128
4177.4358974359
4178.97435897436
4184.61538461538
4182.05128205128
4181.53846153846
4188.71794871795
4188.71794871795
4183.58974358974
4183.07692307692
4185.12820512821
4184.61538461538
4182.5641025641
4184.10256410256
4187.69230769231
4190.25641025641
4187.17948717949
4181.53846153846
4191.28205128205
4204.10256410256
4193.33333333333
4182.5641025641
4195.38461538462
4205.64102564103
4197.94871794872
4197.4358974359
4203.58974358974
4202.5641025641
4198.97435897436
4206.15384615385
4220
4219.48717948718
4202.5641025641
4200
4213.84615384615
4221.02564102564
4213.84615384615
4204.10256410256
4201.53846153846
4202.05128205128
4198.46153846154
4195.38461538462
4204.10256410256
4206.66666666667
4192.30769230769
4181.53846153846
4182.5641025641
4183.07692307692
4181.53846153846
4182.5641025641
4180.51282051282
4175.38461538462
4173.33333333333
4173.33333333333
4174.35897435897
4173.33333333333
4174.8717948718
4181.53846153846
4186.66666666667
4180
4169.74358974359
4170.25641025641
4174.35897435897
4173.33333333333
4173.33333333333
4183.58974358974
4184.10256410256
4171.79487179487
4170.76923076923
4181.53846153846
4185.64102564103
4183.58974358974
4184.10256410256
4183.58974358974
4182.5641025641
4182.05128205128
4176.92307692308
4169.74358974359
4171.28205128205
4183.58974358974
4187.69230769231
4171.79487179487
4164.10256410256
4177.94871794872
4181.53846153846
4166.66666666667
4168.71794871795
4182.5641025641
4176.92307692308
4162.5641025641
4165.64102564103
4177.4358974359
4186.15384615385
4183.07692307692
4174.35897435897
4184.61538461538
4201.02564102564
4193.84615384615
4182.05128205128
4185.12820512821
4187.69230769231
4184.10256410256
4185.12820512821
4188.20512820513
4183.58974358974
4182.05128205128
4185.12820512821
4187.17948717949
4186.66666666667
4187.69230769231
4186.15384615385
4186.15384615385
4191.28205128205
4193.84615384615
4190.76923076923
4189.74358974359
4186.66666666667
4182.05128205128
4190.25641025641
4199.48717948718
4189.23076923077
4183.07692307692
4196.41025641026
4206.66666666667
4198.97435897436
4188.20512820513
4185.64102564103
4187.17948717949
4186.66666666667
4185.64102564103
4185.12820512821
4186.15384615385
4186.15384615385
4176.92307692308
4166.15384615385
4165.12820512821
4170.25641025641
4174.8717948718
4173.84615384615
4167.69230769231
4167.69230769231
4167.17948717949
4157.4358974359
4153.33333333333
4157.94871794872
4156.41025641026
4156.41025641026
4166.15384615385
4170.25641025641
4168.20512820513
4170.76923076923
4173.33333333333
4173.33333333333
4173.33333333333
4172.30769230769
4171.28205128205
4173.33333333333
4172.30769230769
4169.74358974359
4170.76923076923
4172.30769230769
4170.25641025641
4170.76923076923
4178.46153846154
4184.10256410256
4182.05128205128
4180
4184.10256410256
4184.10256410256
4173.84615384615
4166.66666666667
4177.4358974359
4188.20512820513
4177.4358974359
4165.12820512821
4175.38461538462
4187.17948717949
4181.02564102564
4182.05128205128
4187.17948717949
4176.92307692308
4166.66666666667
4170.76923076923
4172.82051282051
4168.71794871795
4168.71794871795
4168.71794871795
4166.66666666667
4167.69230769231
4169.74358974359
4168.71794871795
4167.69230769231
4169.23076923077
4168.20512820513
4165.64102564103
4176.41025641026
4187.17948717949
4174.8717948718
4169.74358974359
4180
4175.89743589744
4171.28205128205
4185.12820512821
4190.76923076923
4183.07692307692
4182.05128205128
4184.61538461538
4186.15384615385
4185.64102564103
4182.05128205128
4183.07692307692
4186.15384615385
4185.12820512821
4183.58974358974
4182.05128205128
4181.02564102564
4184.61538461538
4189.23076923077
4187.17948717949
4185.64102564103
4188.20512820513
4186.15384615385
4185.64102564103
4190.76923076923
4190.25641025641
4184.61538461538
4183.07692307692
4185.12820512821
4185.12820512821
4185.12820512821
4182.5641025641
4173.33333333333
4165.12820512821
4174.8717948718
4186.15384615385
4178.46153846154
4172.30769230769
4182.5641025641
4188.71794871795
4185.12820512821
4183.58974358974
4183.58974358974
4183.07692307692
4183.07692307692
4183.58974358974
4183.58974358974
4184.10256410256
4186.15384615385
4187.69230769231
4185.64102564103
4183.07692307692
4183.07692307692
4183.07692307692
4183.58974358974
4184.61538461538
4184.61538461538
4181.02564102564
4177.4358974359
4172.82051282051
4167.17948717949
4174.8717948718
4184.10256410256
4175.89743589744
4166.15384615385
4170.76923076923
4173.33333333333
4166.15384615385
4170.25641025641
4181.02564102564
4174.35897435897
4154.8717948718
4154.35897435897
4174.8717948718
4187.69230769231
4187.17948717949
4170.76923076923
4155.38461538462
4164.61538461538
4170.76923076923
4160
4160.51282051282
4170.76923076923
4168.20512820513
4164.61538461538
4174.35897435897
4183.07692307692
4187.17948717949
4192.82051282051
4204.61538461538
4216.41025641026
4220
4218.97435897436
4219.48717948718
4221.02564102564
4218.97435897436
4216.41025641026
4214.8717948718
4214.8717948718
4216.41025641026
4218.46153846154
4218.97435897436
4211.79487179487
4204.61538461538
4198.97435897436
4193.33333333333
4194.8717948718
4201.02564102564
4199.48717948718
4193.33333333333
4197.4358974359
4201.02564102564
4190.25641025641
4184.10256410256
4196.92307692308
4204.61538461538
4185.12820512821
4168.20512820513
4178.97435897436
4189.23076923077
4178.46153846154
4168.20512820513
4170.25641025641
4168.71794871795
4168.20512820513
4175.38461538462
4175.89743589744
4167.69230769231
4164.10256410256
4166.66666666667
4170.25641025641
4170.76923076923
4169.74358974359
4168.20512820513
4171.28205128205
4172.82051282051
4171.79487179487
4169.74358974359
4168.71794871795
4165.64102564103
4158.97435897436
4154.8717948718
4161.02564102564
4167.17948717949
4165.12820512821
4167.17948717949
4167.17948717949
4156.41025641026
4152.82051282051
4156.92307692308
4155.38461538462
4153.84615384615
4157.4358974359
4158.46153846154
4155.89743589744
4162.05128205128
4168.71794871795
4161.02564102564
4152.82051282051
4156.41025641026
4156.41025641026
4150.25641025641
4156.92307692308
4167.69230769231
4167.69230769231
4161.02564102564
4153.84615384615
4157.94871794872
4166.66666666667
4169.74358974359
4168.71794871795
4170.25641025641
4171.28205128205
4169.23076923077
4169.23076923077
4168.71794871795
4168.20512820513
4169.23076923077
4168.20512820513
4167.17948717949
4170.25641025641
4172.30769230769
4170.25641025641
4167.17948717949
4168.20512820513
4169.23076923077
4168.71794871795
4168.20512820513
4168.71794871795
4169.23076923077
4168.20512820513
4168.71794871795
4172.30769230769
4171.28205128205
4167.17948717949
4169.23076923077
4170.76923076923
4166.15384615385
4170.25641025641
4182.5641025641
4184.61538461538
4180.51282051282
4184.61538461538
4188.71794871795
4186.66666666667
4185.12820512821
4188.20512820513
4186.66666666667
4182.5641025641
4178.97435897436
4171.79487179487
4167.69230769231
4174.8717948718
4183.58974358974
4184.10256410256
4181.02564102564
4175.38461538462
4172.30769230769
4172.30769230769
4165.64102564103
4162.5641025641
4170.76923076923
4168.71794871795
4158.46153846154
4162.05128205128
4168.71794871795
4169.23076923077
4170.76923076923
4174.8717948718
4171.28205128205
4167.17948717949
4168.20512820513
4168.20512820513
4169.74358974359
4173.33333333333
4170.25641025641
4164.10256410256
4167.17948717949
4169.74358974359
4165.12820512821
4166.15384615385
4168.20512820513
4166.15384615385
4165.64102564103
4168.71794871795
4169.23076923077
4168.20512820513
4168.20512820513
4172.82051282051
4177.94871794872
4172.82051282051
4164.10256410256
4165.64102564103
4171.79487179487
4171.79487179487
4168.20512820513
4167.69230769231
4170.76923076923
4172.30769230769
4172.30769230769
4171.28205128205
4170.25641025641
4170.76923076923
4168.20512820513
4156.92307692308
4149.74358974359
4160.51282051282
4170.76923076923
4165.12820512821
4165.12820512821
4169.23076923077
4170.25641025641
4175.38461538462
4178.46153846154
4170.76923076923
4165.12820512821
4169.74358974359
4172.82051282051
4166.66666666667
4170.25641025641
4185.12820512821
4189.23076923077
4181.02564102564
4181.53846153846
4180.51282051282
4171.28205128205
4168.20512820513
4169.23076923077
4166.66666666667
4165.64102564103
4173.33333333333
4183.58974358974
4186.15384615385
4182.05128205128
4185.12820512821
4184.10256410256
4172.30769230769
4171.79487179487
4183.07692307692
4186.66666666667
4183.07692307692
4183.58974358974
4184.61538461538
4186.15384615385
4189.23076923077
4189.23076923077
4186.66666666667
4184.61538461538
4184.61538461538
4187.69230769231
4183.58974358974
4171.79487179487
4164.61538461538
4169.74358974359
4170.76923076923
4157.94871794872
4155.38461538462
4169.23076923077
4174.35897435897
4168.20512820513
4170.76923076923
4169.23076923077
4153.33333333333
4155.89743589744
4166.15384615385
4157.94871794872
4151.79487179487
4154.8717948718
4153.84615384615
4158.97435897436
4164.10256410256
4161.53846153846
4161.02564102564
4160
4148.71794871795
4143.07692307692
4149.74358974359
4154.35897435897
4153.33333333333
4152.30769230769
4155.38461538462
4154.35897435897
4152.30769230769
4161.53846153846
4168.20512820513
4160
4152.82051282051
4156.41025641026
4155.89743589744
4155.38461538462
4165.64102564103
4171.79487179487
4167.69230769231
4166.66666666667
4168.20512820513
4167.17948717949
4167.17948717949
4170.25641025641
4171.28205128205
4170.76923076923
4171.79487179487
4171.79487179487
4169.23076923077
4169.23076923077
4171.79487179487
4169.74358974359
4166.66666666667
4169.74358974359
4172.82051282051
4169.23076923077
4167.69230769231
4173.33333333333
4173.33333333333
4163.58974358974
4168.20512820513
4180
4177.4358974359
4170.76923076923
4172.30769230769
4173.84615384615
4170.25641025641
4170.25641025641
4169.23076923077
4167.17948717949
4174.8717948718
4185.64102564103
4190.76923076923
4198.97435897436
4212.30769230769
4218.97435897436
4228.20512820513
4234.8717948718
4222.05128205128
4219.48717948718
4234.8717948718
4235.38461538462
4227.69230769231
4232.30769230769
4234.35897435897
4231.28205128205
4231.79487179487
4225.64102564103
4216.92307692308
4213.33333333333
4206.66666666667
4198.97435897436
4200
4198.97435897436
4188.20512820513
4182.5641025641
4184.10256410256
4180
4175.38461538462
4180
4184.61538461538
4182.05128205128
4185.64102564103
4186.66666666667
4173.33333333333
4164.10256410256
