F7
4060
4073.84615384615
4078.46153846154
4074.8717948718
4079.48717948718
4090.25641025641
4094.35897435898
4090.25641025641
4082.05128205128
4080.51282051282
4085.64102564103
4074.35897435898
4053.84615384615
4046.66666666667
4047.69230769231
4049.74358974359
4050.25641025641
4048.71794871795
4039.48717948718
4027.69230769231
4031.28205128205
4041.53846153846
4035.38461538462
4029.74358974359
4038.97435897436
4032.30769230769
4017.4358974359
4020.51282051282
4024.10256410256
4021.02564102564
4019.48717948718
4019.48717948718
4023.58974358974
4026.66666666667
4022.05128205128
4020.51282051282
4019.48717948718
4013.33333333333
4013.84615384615
4021.02564102564
4028.20512820513
4031.79487179487
4027.69230769231
4017.94871794872
4009.23076923077
4002.5641025641
4002.5641025641
4005.64102564103
4007.17948717949
4010.76923076923
4014.8717948718
4017.94871794872
4020
4020.51282051282
4020
4018.97435897436
4016.92307692308
4016.92307692308
4018.97435897436
4020.51282051282
4018.46153846154
4017.4358974359
4022.05128205128
4023.07692307692
4016.41025641026
4014.8717948718
4024.61538461539
4027.17948717949
4008.71794871795
3995.89743589744
4006.15384615385
4014.8717948718
4008.71794871795
4009.23076923077
4019.48717948718
4020.51282051282
4008.71794871795
4003.58974358974
4007.69230769231
4006.66666666667
4006.66666666667
4011.79487179487
4011.79487179487
4002.5641025641
3994.8717948718
4000.51282051282
4011.79487179487
4006.15384615385
3987.69230769231
3984.10256410256
3991.79487179487
3995.38461538462
3992.30769230769
3981.53846153846
3970.76923076923
3968.71794871795
3978.97435897436
3989.23076923077
3990.25641025641
3987.69230769231
3984.61538461539
3986.66666666667
3998.46153846154
4003.07692307692
3992.82051282051
3986.15384615385
3992.82051282051
4002.05128205128
4003.58974358974
4000
4001.53846153846
4004.10256410256
3998.97435897436
3992.82051282051
3990.25641025641
3998.46153846154
4014.8717948718
4013.84615384615
4002.5641025641
4008.20512820513
4012.82051282051
4003.07692307692
4003.58974358974
4010.76923076923
4004.61538461539
4001.02564102564
4006.15384615385
3996.92307692308
3990.25641025641
4009.74358974359
4021.53846153846
4005.12820512821
3995.89743589744
4006.66666666667
4009.74358974359
4003.58974358974
4002.5641025641
4005.64102564103
4003.07692307692
4003.07692307692
4013.33333333333
4015.38461538462
3998.46153846154
3995.89743589744
4015.89743589744
4025.64102564103
4022.05128205128
4018.97435897436
4014.8717948718
4010.25641025641
4011.79487179487
4014.35897435898
4012.82051282051
4010.25641025641
4010.25641025641
4010.76923076923
4007.69230769231
4009.23076923077
4010.76923076923
4000
3994.8717948718
4005.12820512821
4008.71794871795
4005.12820512821
4006.15384615385
4004.61538461539
4001.02564102564
3996.92307692308
3990.25641025641
3990.25641025641
3993.33333333333
3999.48717948718
4007.17948717949
4000.51282051282
3987.69230769231
3992.82051282051
4000.51282051282
3988.20512820513
3979.48717948718
3986.66666666667
3993.84615384615
3991.28205128205
3985.64102564103
3990.25641025641
3990.25641025641
3976.41025641026
3974.35897435898
3989.74358974359
3992.82051282051
3990.76923076923
4003.58974358974
4005.64102564103
3994.35897435898
3994.8717948718
4004.61538461539
4005.64102564103
4003.07692307692
4003.07692307692
3999.48717948718
4001.02564102564
4007.17948717949
3998.46153846154
3986.15384615385
3998.46153846154
4007.69230769231
3990.25641025641
3985.64102564103
4001.53846153846
3996.92307692308
3988.20512820513
4003.07692307692
4005.64102564103
3992.30769230769
3995.89743589744
4006.15384615385
4007.17948717949
4006.15384615385
4003.07692307692
4000
4003.58974358974
4006.15384615385
3998.97435897436
3990.25641025641
3993.33333333333
4005.12820512821
4006.66666666667
4000.51282051282
4000.51282051282
3996.41025641026
3989.74358974359
3995.38461538462
4011.28205128205
4023.58974358974
4018.46153846154
4007.17948717949
4010.76923076923
4021.02564102564
4023.58974358974
4026.15384615385
4030.76923076923
4030.76923076923
4031.28205128205
4041.02564102564
4053.33333333333
4050.76923076923
4047.17948717949
4055.89743589744
4051.79487179487
4041.02564102564
4049.23076923077
4054.35897435898
4038.46153846154
4027.17948717949
4028.20512820513
4025.12820512821
4023.07692307692
4020
4010.76923076923
4001.53846153846
4003.07692307692
4010.76923076923
4012.82051282051
4008.71794871795
4005.12820512821
4007.69230769231
4012.82051282051
4016.41025641026
4020.51282051282
4021.02564102564
4018.46153846154
4018.46153846154
4020
4012.30769230769
4000.51282051282
4001.02564102564
4006.66666666667
4002.5641025641
4001.02564102564
4003.58974358974
4001.53846153846
4001.02564102564
4005.12820512821
3998.97435897436
3990.76923076923
3995.38461538462
4000
3992.30769230769
3987.69230769231
3996.41025641026
4008.71794871795
4006.15384615385
3997.4358974359
4007.17948717949
4024.61538461539
4018.46153846154
4002.05128205128
4004.61538461539
4016.41025641026
4022.05128205128
4022.05128205128
4019.48717948718
4012.82051282051
4007.17948717949
4013.33333333333
4021.02564102564
4016.41025641026
4012.82051282051
4019.48717948718
4024.10256410256
4019.48717948718
4017.4358974359
4019.48717948718
4013.33333333333
4008.20512820513
4011.28205128205
4013.33333333333
4013.84615384615
4017.94871794872
4021.53846153846
4021.53846153846
4015.38461538462
4005.12820512821
4004.61538461539
4015.89743589744
4023.58974358974
4014.35897435898
4003.58974358974
4010.76923076923
4021.53846153846
4015.89743589744
4009.23076923077
4015.38461538462
4023.07692307692
4018.97435897436
4013.33333333333
4013.84615384615
4006.66666666667
4002.5641025641
4008.20512820513
4012.30769230769
4018.97435897436
4020.51282051282
4010.25641025641
4008.20512820513
4012.82051282051
4001.02564102564
3999.48717948718
4011.79487179487
4005.12820512821
3996.92307692308
4012.30769230769
4025.12820512821
4011.79487179487
3995.89743589744
4006.66666666667
4024.61538461539
4020
4008.71794871795
4005.12820512821
4009.23076923077
4015.89743589744
4011.79487179487
4007.17948717949
4016.41025641026
4021.02564102564
4017.4358974359
4025.12820512821
4026.66666666667
4014.35897435898
4018.97435897436
4026.15384615385
4019.48717948718
4016.41025641026
4021.02564102564
4023.07692307692
4021.02564102564
4021.53846153846
4027.17948717949
4033.84615384615
4027.69230769231
4016.41025641026
4025.12820512821
4036.41025641026
4025.64102564103
4018.46153846154
4033.33333333333
4038.46153846154
4029.23076923077
4026.15384615385
4029.23076923077
4038.97435897436
4048.71794871795
4040.51282051282
4032.82051282051
4035.38461538462
4029.23076923077
4017.94871794872
4017.4358974359
4019.48717948718
4021.53846153846
4021.53846153846
4015.38461538462
4011.79487179487
4012.30769230769
4010.76923076923
4015.89743589744
4021.02564102564
4007.17948717949
3996.92307692308
4008.71794871795
4015.89743589744
4013.84615384615
4007.17948717949
3993.84615384615
4002.05128205128
4030.76923076923
4029.74358974359
4005.12820512821
4001.53846153846
4011.79487179487
4006.66666666667
3993.33333333333
3993.33333333333
4004.10256410256
4008.20512820513
4003.58974358974
4004.61538461539
4011.28205128205
4007.69230769231
4000
4009.23076923077
4024.61538461539
4024.61538461539
4017.94871794872
4019.48717948718
4023.58974358974
4023.07692307692
4019.48717948718
4021.02564102564
4025.12820512821
4021.02564102564
4013.84615384615
4010.76923076923
4012.30769230769
4020.51282051282
4023.07692307692
4014.8717948718
4011.28205128205
4013.84615384615
4013.33333333333
4014.35897435898
4017.94871794872
4021.53846153846
4030.76923076923
4031.79487179487
4023.07692307692
4029.74358974359
4038.46153846154
4026.15384615385
4020
4027.17948717949
4028.71794871795
4029.23076923077
4022.5641025641
4008.71794871795
4022.05128205128
4046.66666666667
4046.15384615385
4045.12820512821
4053.84615384615
4048.20512820513
4037.94871794872
4046.15384615385
4053.84615384615
4048.20512820513
4045.64102564103
4050.25641025641
4051.79487179487
4057.4358974359
4070.76923076923
4071.28205128205
4061.02564102564
4060
4064.10256410256
4061.53846153846
4058.97435897436
4063.58974358974
4062.05128205128
4055.38461538462
4054.8717948718
4058.97435897436
4061.53846153846
4058.97435897436
4051.28205128205
4050.25641025641
4056.41025641026
4052.82051282051
4047.17948717949
4052.30769230769
4052.82051282051
4049.74358974359
4054.8717948718
4061.53846153846
4058.97435897436
4049.74358974359
4039.48717948718
4033.84615384615
4040.51282051282
4051.28205128205
4053.33333333333
4053.84615384615
4059.48717948718
4064.10256410256
4054.35897435898
4042.05128205128
4047.69230769231
4060
4064.10256410256
4065.64102564103
4068.71794871795
4064.10256410256
4048.71794871795
4033.84615384615
4039.48717948718
4060
4066.15384615385
4063.58974358974
4062.05128205128
4055.38461538462
4052.82051282051
4058.97435897436
4058.97435897436
4055.89743589744
4056.41025641026
4052.82051282051
4054.35897435898
4071.28205128205
4075.89743589744
4063.58974358974
4055.38461538462
4056.41025641026
4058.46153846154
4059.48717948718
4059.48717948718
4058.97435897436
4062.05128205128
4058.97435897436
4054.35897435898
4064.61538461539
4074.8717948718
4070.76923076923
4065.12820512821
4067.17948717949
4072.30769230769
4076.92307692308
4070.76923076923
4058.97435897436
4067.69230769231
4080.51282051282
4071.79487179487
4063.07692307692
4067.17948717949
4069.23076923077
4070.25641025641
4074.8717948718
4068.20512820513
4057.94871794872
4062.5641025641
4071.79487179487
4071.79487179487
4072.82051282051
4071.79487179487
4060.51282051282
4054.8717948718
4064.10256410256
4068.20512820513
4065.64102564103
4065.64102564103
4067.69230769231
4073.33333333333
4074.8717948718
4066.15384615385
4064.10256410256
4073.84615384615
4076.41025641026
4069.74358974359
4065.64102564103
4066.66666666667
4067.17948717949
4061.53846153846
4057.4358974359
4061.02564102564
4062.05128205128
4052.82051282051
4049.23076923077
4060
4062.05128205128
4050.25641025641
4051.79487179487
4063.07692307692
4059.48717948718
4045.12820512821
4043.07692307692
4053.33333333333
4052.30769230769
4046.15384615385
4052.82051282051
4059.48717948718
4061.53846153846
4067.17948717949
4066.15384615385
4060
4066.66666666667
4071.28205128205
4066.15384615385
4066.66666666667
4069.74358974359
4063.58974358974
4052.30769230769
4051.79487179487
4062.05128205128
4058.97435897436
4045.64102564103
4042.05128205128
4045.64102564103
4052.30769230769
4061.53846153846
4058.46153846154
4039.48717948718
4031.79487179487
4050.76923076923
4067.69230769231
4067.17948717949
4067.17948717949
4063.58974358974
4051.79487179487
4060.51282051282
4080.51282051282
4077.94871794872
4071.28205128205
4076.41025641026
4075.38461538462
4066.15384615385
4062.5641025641
4072.30769230769
4087.69230769231
4091.79487179487
4088.20512820513
4097.4358974359
4109.74358974359
4104.10256410256
4096.92307692308
4105.64102564103
4109.23076923077
4095.38461538462
4090.76923076923
4098.97435897436
4094.8717948718
4080.51282051282
4077.4358974359
4069.74358974359
4055.38461538462
4053.33333333333
4052.82051282051
4050.25641025641
4057.94871794872
4063.58974358974
4057.4358974359
4058.46153846154
4062.5641025641
4057.4358974359
4058.97435897436
4059.48717948718
4046.66666666667
4034.8717948718
4035.89743589744
4042.05128205128
4043.58974358974
4046.66666666667
4050.76923076923
4048.20512820513
4036.41025641026
4029.23076923077
4036.92307692308
4042.05128205128
4034.35897435898
4027.17948717949
4031.79487179487
4038.46153846154
4040
4040
4040.51282051282
4038.46153846154
4033.33333333333
4038.46153846154
4044.61538461539
4036.92307692308
4033.84615384615
4045.12820512821
4047.69230769231
4041.53846153846
4041.02564102564
4035.38461538462
4029.74358974359
4033.33333333333
4036.41025641026
4028.71794871795
4023.58974358974
4034.8717948718
4050.76923076923
4053.84615384615
4051.79487179487
4054.35897435898
4057.4358974359
4050.76923076923
4041.02564102564
4045.12820512821
4055.38461538462
4047.69230769231
4033.33333333333
4033.33333333333
4039.48717948718
4041.02564102564
4037.94871794872
4027.69230769231
4025.12820512821
4041.53846153846
4052.82051282051
4037.94871794872
4023.07692307692
4024.10256410256
4022.5641025641
4013.84615384615
4014.8717948718
4020
4012.82051282051
4003.58974358974
4009.74358974359
4023.07692307692
4027.17948717949
4026.15384615385
4029.23076923077
4028.20512820513
4022.05128205128
4023.07692307692
4033.84615384615
4038.97435897436
4036.41025641026
4036.41025641026
4033.33333333333
4028.20512820513
4029.23076923077
4027.17948717949
4020
4020
4023.07692307692
4017.94871794872
4016.92307692308
4025.12820512821
4029.74358974359
4023.07692307692
4017.94871794872
4020.51282051282
4026.15384615385
4023.07692307692
4008.71794871795
4006.15384615385
4022.5641025641
4031.79487179487
4028.20512820513
4026.15384615385
4029.23076923077
4030.25641025641
4023.07692307692
4016.41025641026
4027.17948717949
4045.12820512821
4053.33333333333
4053.84615384615
4047.17948717949
4036.41025641026
4033.84615384615
4033.84615384615
4028.71794871795
4025.12820512821
4028.71794871795
4034.8717948718
4038.97435897436
4037.4358974359
4028.71794871795
4024.61538461539
4032.30769230769
4038.97435897436
4031.79487179487
4028.20512820513
4038.46153846154
4045.64102564103
4043.07692307692
4041.53846153846
4045.64102564103
4052.82051282051
4051.79487179487
4045.12820512821
4042.05128205128
4042.5641025641
4049.23076923077
4057.4358974359
4055.89743589744
4050.25641025641
4046.66666666667
4044.10256410256
4045.64102564103
4054.35897435898
4055.89743589744
4047.17948717949
4043.07692307692
4043.07692307692
4038.97435897436
4027.69230769231
4021.02564102564
4016.92307692308
4017.4358974359
4026.15384615385
4027.69230769231
4019.48717948718
4020.51282051282
4024.61538461539
4017.94871794872
4018.97435897436
4028.71794871795
4028.71794871795
4023.07692307692
4028.20512820513
4035.38461538462
4031.79487179487
4030.25641025641
4030.76923076923
4025.64102564103
4027.69230769231
4036.92307692308
4034.35897435898
4024.61538461539
4024.61538461539
4025.64102564103
4027.17948717949
4031.79487179487
4029.74358974359
4027.17948717949
4033.33333333333
4036.41025641026
4029.74358974359
4029.23076923077
4037.4358974359
4038.46153846154
4028.71794871795
4024.61538461539
4038.97435897436
4047.69230769231
4034.8717948718
4032.30769230769
4044.10256410256
4044.61538461539
4046.15384615385
4053.84615384615
4046.66666666667
4034.35897435898
4033.33333333333
4038.46153846154
4037.94871794872
4027.17948717949
4023.58974358974
4036.41025641026
4040.51282051282
4022.5641025641
4016.41025641026
4026.15384615385
4032.82051282051
4028.20512820513
4020
4022.5641025641
4034.35897435898
4040.51282051282
4031.28205128205
4020.51282051282
4024.10256410256
4037.94871794872
4043.07692307692
4030.25641025641
4020
4021.02564102564
4021.02564102564
4021.53846153846
4027.17948717949
4034.8717948718
4035.38461538462
4029.23076923077
4026.66666666667
4032.30769230769
4036.41025641026
4036.41025641026
4034.8717948718
4026.15384615385
4020.51282051282
4026.66666666667
4029.74358974359
4028.20512820513
4026.66666666667
4022.05128205128
4019.48717948718
4019.48717948718
4022.5641025641
4027.17948717949
4028.20512820513
4025.12820512821
4020.51282051282
4023.07692307692
4030.25641025641
4021.53846153846
4007.17948717949
4017.4358974359
4030.76923076923
4027.69230769231
4031.28205128205
4036.92307692308
4030.25641025641
4025.12820512821
4031.28205128205
4036.41025641026
4030.25641025641
4025.12820512821
4033.33333333333
4041.53846153846
4036.41025641026
4034.35897435898
4036.92307692308
4027.69230769231
4017.4358974359
4025.12820512821
4036.92307692308
4030.25641025641
4021.53846153846
4029.23076923077
4037.94871794872
4034.8717948718
4029.74358974359
4022.5641025641
4006.66666666667
4003.58974358974
4017.94871794872
4024.10256410256
4017.94871794872
4017.94871794872
4020
4013.84615384615
4014.35897435898
4020
4013.84615384615
4008.71794871795
4017.4358974359
4017.4358974359
4008.20512820513
4013.84615384615
4018.46153846154
4009.74358974359
4001.02564102564
4002.5641025641
4013.84615384615
4030.25641025641
4037.4358974359
4035.89743589744
4035.89743589744
4039.48717948718
4047.17948717949
4056.41025641026
4063.07692307692
4069.74358974359
4074.8717948718
4070.25641025641
4063.07692307692
4064.61538461539
4061.02564102564
4049.74358974359
4045.64102564103
4055.89743589744
4063.58974358974
4052.30769230769
4046.66666666667
4052.82051282051
4047.69230769231
4033.84615384615
4032.82051282051
4035.38461538462
4035.38461538462
4037.4358974359
4029.74358974359
4018.97435897436
4017.94871794872
4021.53846153846
4027.17948717949
4025.12820512821
4017.4358974359
4014.35897435898
4016.41025641026
4016.92307692308
4012.82051282051
4005.12820512821
4000.51282051282
4008.71794871795
4015.89743589744
4012.30769230769
4011.28205128205
4016.92307692308
4018.97435897436
4014.8717948718
4018.97435897436
4020.51282051282
4009.23076923077
4007.17948717949
4020
4023.07692307692
4019.48717948718
4019.48717948718
4013.33333333333
4007.69230769231
4014.8717948718
4020
4018.46153846154
4018.46153846154
4019.48717948718
4018.97435897436
4018.97435897436
4018.97435897436
4018.46153846154
4018.97435897436
4018.97435897436
4017.94871794872
4020
4021.02564102564
4020
4023.07692307692
4025.12820512821
4021.02564102564
4018.46153846154
4018.97435897436
4023.07692307692
4029.74358974359
4028.71794871795
4017.4358974359
4006.15384615385
4004.10256410256
4009.74358974359
4005.12820512821
3995.89743589744
4008.20512820513
4025.64102564103
4020
4009.74358974359
4013.33333333333
4014.35897435898
4012.30769230769
4016.92307692308
4014.8717948718
4007.17948717949
4011.28205128205
4018.46153846154
4009.23076923077
4002.5641025641
4006.15384615385
4007.17948717949
4009.74358974359
4010.25641025641
4006.15384615385
4006.15384615385
4008.71794871795
4003.58974358974
4001.02564102564
4005.12820512821
3998.46153846154
3989.74358974359
3998.97435897436
4008.20512820513
4002.5641025641
4003.07692307692
4011.28205128205
4009.23076923077
4005.12820512821
4007.17948717949
4007.69230769231
4008.71794871795
4012.30769230769
4013.84615384615
4013.33333333333
4011.28205128205
3998.46153846154
3988.71794871795
4003.58974358974
4020
4013.33333333333
4003.07692307692
4006.66666666667
4007.17948717949
3994.35897435898
3987.17948717949
3998.97435897436
4009.23076923077
3998.97435897436
3987.69230769231
3994.35897435898
4008.20512820513
4020.51282051282
4023.58974358974
4015.89743589744
4017.94871794872
4027.69230769231
4028.71794871795
4019.48717948718
4012.30769230769
4016.92307692308
4024.61538461539
4021.53846153846
4018.46153846154
4023.58974358974
4022.5641025641
4018.46153846154
4023.07692307692
4020.51282051282
4013.33333333333
4016.92307692308
4021.53846153846
4017.4358974359
4021.53846153846
4031.28205128205
4027.17948717949
4015.89743589744
4014.8717948718
4014.35897435898
4008.71794871795
4008.20512820513
4013.84615384615
4014.8717948718
4010.25641025641
4009.74358974359
4012.82051282051
4017.4358974359
4023.58974358974
4012.30769230769
3993.84615384615
3990.25641025641
3994.35897435898
3991.79487179487
3984.61538461539
3979.48717948718
3971.79487179487
3959.48717948718
3956.92307692308
3969.74358974359
3978.46153846154
3973.84615384615
3974.8717948718
3976.92307692308
3973.33333333333
3972.82051282051
3964.10256410256
3960.51282051282
3972.30769230769
3979.48717948718
3972.82051282051
3970.76923076923
3972.82051282051
3963.58974358974
3957.94871794872
3952.82051282051
3941.53846153846
3946.15384615385
3967.17948717949
3975.89743589744
3970.25641025641
3972.30769230769
3976.92307692308
3971.79487179487
3962.5641025641
3956.41025641026
3956.92307692308
3966.15384615385
3973.84615384615
3973.33333333333
3970.25641025641
3975.38461538462
3983.58974358974
3983.07692307692
3973.33333333333
3967.69230769231
3975.89743589744
3971.28205128205
3957.4358974359
3963.07692307692
3974.35897435898
3973.33333333333
3972.30769230769
3974.35897435898
3971.28205128205
3973.33333333333
3974.35897435898
3974.35897435898
3983.07692307692
3983.58974358974
3973.33333333333
3970.25641025641
3973.84615384615
3974.8717948718
3984.61538461539
3990.25641025641
3977.4358974359
3971.79487179487
3982.5641025641
3993.84615384615
3987.69230769231
3980
3991.79487179487
4006.66666666667
4006.66666666667
4001.53846153846
3997.94871794872
3991.79487179487
3988.71794871795
3987.69230769231
3987.17948717949
3996.92307692308
4005.12820512821
4004.10256410256
4005.12820512821
4007.17948717949
4006.66666666667
4007.69230769231
4014.35897435898
4015.38461538462
4007.69230769231
4007.17948717949
4021.02564102564
4021.53846153846
4010.76923076923
4013.33333333333
4015.89743589744
4010.25641025641
4015.38461538462
4017.4358974359
4008.20512820513
4012.30769230769
4021.53846153846
4020
4020
4022.05128205128
4023.58974358974
4026.66666666667
4025.64102564103
4018.46153846154
4012.82051282051
4016.92307692308
4027.69230769231
4032.30769230769
4026.66666666667
4028.71794871795
4034.35897435898
4024.10256410256
4021.53846153846
4033.84615384615
4032.30769230769
4023.58974358974
4035.89743589744
4051.28205128205
4052.82051282051
4061.02564102564
4072.82051282051
4074.8717948718
4074.8717948718
4081.02564102564
4085.64102564103
4084.10256410256
4083.58974358974
4086.15384615385
4086.15384615385
4084.61538461539
4080.51282051282
4070.76923076923
4065.64102564103
4067.69230769231
4061.02564102564
4045.12820512821
4040
4046.66666666667
4045.12820512821
4040.51282051282
4041.02564102564
4036.92307692308
4029.74358974359
4025.64102564103
4025.64102564103
4032.82051282051
4042.5641025641
4037.94871794872
4027.69230769231
4032.82051282051
4033.33333333333
4016.92307692308
