O2
4041.02564102564
4045.12820512821
4046.66666666667
4049.23076923077
4051.79487179487
4059.48717948718
4070.25641025641
4072.30769230769
4069.23076923077
4068.71794871795
4061.02564102564
4049.74358974359
4045.12820512821
4038.46153846154
4026.15384615385
4015.38461538462
4014.8717948718
4018.46153846154
4012.82051282051
4008.71794871795
4012.30769230769
4008.71794871795
4000.51282051282
4003.07692307692
4003.58974358974
3997.4358974359
3994.8717948718
3991.79487179487
3988.20512820513
3990.76923076923
3992.30769230769
3990.76923076923
3996.41025641026
3992.30769230769
3976.92307692308
3980
3992.82051282051
3992.30769230769
3986.66666666667
3990.76923076923
4003.07692307692
4007.69230769231
3997.4358974359
3989.74358974359
3984.61538461539
3970.76923076923
3966.15384615385
3974.35897435898
3985.12820512821
3989.23076923077
3978.97435897436
3971.79487179487
3986.66666666667
3997.94871794872
3988.20512820513
3980.51282051282
3987.69230769231
3990.76923076923
3988.20512820513
3991.79487179487
3989.74358974359
3984.10256410256
3993.84615384615
4000
3989.23076923077
3989.23076923077
3998.46153846154
3996.41025641026
3984.61538461539
3979.48717948718
3982.05128205128
3979.48717948718
3976.92307692308
3984.61538461539
3991.79487179487
3989.23076923077
3985.12820512821
3985.64102564103
3987.17948717949
3992.30769230769
3993.33333333333
3989.23076923077
3988.20512820513
3990.76923076923
3992.30769230769
3989.74358974359
3987.69230769231
3988.20512820513
3986.15384615385
3985.12820512821
3982.05128205128
3975.38461538462
3972.82051282051
3976.41025641026
3975.89743589744
3971.79487179487
3979.48717948718
3986.15384615385
3977.4358974359
3970.25641025641
3978.97435897436
3990.76923076923
3985.64102564103
3971.28205128205
3972.30769230769
3985.64102564103
3989.74358974359
3990.25641025641
3991.28205128205
3978.97435897436
3976.92307692308
3996.41025641026
4002.5641025641
3987.17948717949
3983.07692307692
3991.28205128205
4001.53846153846
4004.61538461539
3993.84615384615
3991.79487179487
4002.05128205128
3995.38461538462
3982.5641025641
3984.10256410256
3980
3974.35897435898
3983.58974358974
3987.69230769231
3986.15384615385
3995.89743589744
4001.53846153846
3995.89743589744
3998.46153846154
4001.53846153846
3993.33333333333
3989.74358974359
3991.28205128205
3987.69230769231
3988.20512820513
3994.8717948718
4000
3998.97435897436
3991.79487179487
3986.66666666667
3991.79487179487
4002.5641025641
4007.69230769231
4001.53846153846
3989.74358974359
3988.71794871795
3999.48717948718
4000
3989.74358974359
3992.82051282051
4005.12820512821
3996.92307692308
3982.05128205128
3978.97435897436
3977.94871794872
3983.07692307692
3989.74358974359
3984.61538461539
3985.12820512821
3989.23076923077
3978.97435897436
3969.74358974359
3973.33333333333
3973.33333333333
3972.30769230769
3971.28205128205
3963.58974358974
3971.28205128205
3990.25641025641
3985.12820512821
3971.79487179487
3981.53846153846
3986.15384615385
3973.33333333333
3971.28205128205
3973.84615384615
3968.71794871795
3970.25641025641
3980.51282051282
3982.05128205128
3975.38461538462
3976.92307692308
3973.33333333333
3961.02564102564
3964.61538461539
3977.94871794872
3976.92307692308
3970.76923076923
3972.82051282051
3981.02564102564
3986.66666666667
3980
3973.84615384615
3976.92307692308
3973.84615384615
3973.84615384615
3981.02564102564
3978.46153846154
3973.84615384615
3975.38461538462
3975.38461538462
3976.92307692308
3980.51282051282
3977.4358974359
3973.33333333333
3974.35897435898
3977.94871794872
3982.05128205128
3981.53846153846
3970.25641025641
3968.71794871795
3987.69230769231
3997.94871794872
3981.02564102564
3967.69230769231
3982.5641025641
3992.82051282051
3980
3967.17948717949
3973.84615384615
3987.69230769231
3990.25641025641
3986.15384615385
3980.51282051282
3972.82051282051
3978.97435897436
3994.8717948718
4003.07692307692
4002.05128205128
3996.41025641026
3991.28205128205
4001.53846153846
4012.30769230769
4013.33333333333
4024.10256410256
4029.23076923077
4022.05128205128
4025.12820512821
4036.41025641026
4042.05128205128
4043.07692307692
4046.15384615385
4048.20512820513
4047.69230769231
4044.61538461539
4042.05128205128
4038.97435897436
4025.64102564103
4009.23076923077
4006.66666666667
4012.30769230769
4010.25641025641
4005.64102564103
4001.02564102564
3991.79487179487
3987.69230769231
3985.12820512821
3998.46153846154
4038.97435897436
4053.84615384615
4028.71794871795
4018.97435897436
4024.10256410256
4016.41025641026
4010.76923076923
4008.20512820513
3999.48717948718
4000.51282051282
4004.10256410256
3997.4358974359
3995.89743589744
4000
3988.71794871795
3975.89743589744
3983.07692307692
3995.89743589744
3990.76923076923
3976.41025641026
3977.94871794872
3991.28205128205
3995.38461538462
3986.15384615385
3975.89743589744
3970.76923076923
3975.89743589744
3981.53846153846
3973.84615384615
3977.4358974359
3992.30769230769
3987.17948717949
3975.89743589744
3978.46153846154
3975.89743589744
3970.25641025641
3983.07692307692
3991.79487179487
3985.64102564103
3984.10256410256
3988.71794871795
3989.74358974359
3989.23076923077
3989.23076923077
3989.23076923077
3988.71794871795
3989.23076923077
3987.69230769231
3982.5641025641
3983.07692307692
3987.69230769231
3981.53846153846
3975.38461538462
3980.51282051282
3984.10256410256
3976.41025641026
3972.30769230769
3978.46153846154
3982.5641025641
3977.4358974359
3967.17948717949
3966.15384615385
3973.84615384615
3978.46153846154
3974.35897435898
3970.76923076923
3977.94871794872
3982.05128205128
3976.41025641026
3977.4358974359
3990.76923076923
3993.84615384615
3977.94871794872
3970.76923076923
3978.97435897436
3982.05128205128
3974.8717948718
3971.79487179487
3977.94871794872
3984.10256410256
3983.07692307692
3975.38461538462
3972.82051282051
3970.25641025641
3971.79487179487
3985.64102564103
3985.12820512821
3965.64102564103
3968.71794871795
3987.17948717949
3984.10256410256
3980
3990.76923076923
3994.35897435898
3991.28205128205
3990.25641025641
3980.51282051282
3974.35897435898
3984.10256410256
3982.5641025641
3970.25641025641
3972.82051282051
3986.66666666667
3992.30769230769
3989.74358974359
3985.12820512821
3984.10256410256
3990.25641025641
3986.66666666667
3977.94871794872
3982.5641025641
3991.79487179487
3990.76923076923
3984.10256410256
3983.58974358974
3987.69230769231
3992.30769230769
3991.28205128205
3988.71794871795
3991.28205128205
3987.69230769231
3985.64102564103
3995.38461538462
4000.51282051282
3992.82051282051
3988.20512820513
3991.79487179487
3991.28205128205
3995.38461538462
4006.15384615385
4010.25641025641
4006.66666666667
4000.51282051282
3995.89743589744
3994.8717948718
3997.4358974359
3998.46153846154
3994.35897435898
3988.20512820513
3989.23076923077
3992.82051282051
3992.30769230769
3989.23076923077
3989.23076923077
3992.30769230769
3984.10256410256
3972.82051282051
3982.5641025641
3998.97435897436
3996.92307692308
3985.64102564103
3986.66666666667
4001.02564102564
4005.64102564103
3991.28205128205
3982.5641025641
3989.74358974359
3994.8717948718
3986.15384615385
3974.8717948718
3975.38461538462
3981.53846153846
3984.61538461539
3987.17948717949
3988.71794871795
3986.66666666667
3986.66666666667
3987.17948717949
3988.71794871795
3996.41025641026
4001.53846153846
4004.10256410256
4005.12820512821
4007.17948717949
4005.64102564103
3993.84615384615
3990.25641025641
4005.12820512821
4008.71794871795
3995.89743589744
3993.84615384615
3999.48717948718
3997.4358974359
3996.41025641026
3998.97435897436
3994.35897435898
3989.23076923077
3988.20512820513
3987.17948717949
3991.28205128205
3996.41025641026
3997.94871794872
3998.97435897436
4006.15384615385
4006.66666666667
3998.46153846154
3998.46153846154
4007.69230769231
4003.58974358974
3991.28205128205
3988.71794871795
3987.17948717949
3983.07692307692
3993.33333333333
4011.79487179487
4016.92307692308
4007.69230769231
4006.15384615385
4006.15384615385
3995.38461538462
3990.76923076923
3995.38461538462
3989.74358974359
3988.20512820513
4002.5641025641
4007.17948717949
4002.05128205128
4005.12820512821
4009.23076923077
4005.64102564103
4006.66666666667
4007.69230769231
3991.79487179487
3983.58974358974
4000.51282051282
4009.74358974359
4002.05128205128
4003.07692307692
4008.20512820513
4004.61538461539
4003.58974358974
4004.61538461539
4006.15384615385
4011.28205128205
4003.07692307692
3992.82051282051
4001.53846153846
4006.15384615385
3991.79487179487
3987.69230769231
4002.5641025641
4005.64102564103
3986.15384615385
3973.84615384615
3984.61538461539
3995.38461538462
3990.25641025641
3987.69230769231
3994.8717948718
4001.53846153846
4008.20512820513
4002.05128205128
3991.79487179487
4001.02564102564
4017.4358974359
4016.41025641026
4005.64102564103
4002.5641025641
4005.64102564103
4005.64102564103
3996.92307692308
3991.79487179487
4006.15384615385
4017.4358974359
4012.30769230769
4005.64102564103
4005.12820512821
4003.07692307692
4001.02564102564
4002.5641025641
4006.15384615385
4002.05128205128
3996.41025641026
4005.64102564103
4021.02564102564
4024.61538461539
4016.92307692308
4005.12820512821
4002.05128205128
4009.74358974359
4008.20512820513
3998.97435897436
4002.5641025641
4008.71794871795
4004.61538461539
4003.58974358974
4009.23076923077
4013.84615384615
4016.41025641026
4006.66666666667
3991.28205128205
3992.30769230769
4007.69230769231
4005.64102564103
3989.74358974359
3993.33333333333
4007.17948717949
4004.61538461539
4000.51282051282
4005.64102564103
4008.20512820513
4009.23076923077
4004.10256410256
3992.82051282051
3994.8717948718
4003.58974358974
4006.66666666667
4002.05128205128
3992.30769230769
3989.23076923077
4000
4004.61538461539
4004.61538461539
4012.30769230769
4010.25641025641
3994.8717948718
3986.66666666667
3998.97435897436
4008.71794871795
3994.35897435898
3986.15384615385
4000.51282051282
4009.23076923077
4007.69230769231
4009.23076923077
4008.71794871795
4002.05128205128
3996.92307692308
3993.84615384615
3998.97435897436
4006.66666666667
3999.48717948718
3989.23076923077
3992.82051282051
4000
4000
4005.12820512821
4011.79487179487
4006.15384615385
4003.07692307692
4003.58974358974
3994.35897435898
3987.17948717949
3989.23076923077
3991.79487179487
3997.94871794872
4000
3992.30769230769
3994.8717948718
4005.64102564103
4000.51282051282
3989.23076923077
3990.25641025641
3991.79487179487
3988.71794871795
3990.76923076923
3993.33333333333
3991.28205128205
3986.66666666667
3990.25641025641
3991.28205128205
3978.97435897436
3974.35897435898
3981.02564102564
3984.10256410256
3983.58974358974
3981.53846153846
3978.46153846154
3982.05128205128
3986.15384615385
3990.76923076923
4006.66666666667
4008.71794871795
3996.41025641026
4004.10256410256
4018.97435897436
4011.79487179487
4000.51282051282
4006.15384615385
4015.38461538462
4013.33333333333
4008.71794871795
4020.51282051282
4036.41025641026
4032.30769230769
4024.10256410256
4030.76923076923
4040
4044.61538461539
4048.71794871795
4048.71794871795
4046.66666666667
4046.15384615385
4044.61538461539
4044.61538461539
4041.53846153846
4027.17948717949
4013.33333333333
4008.20512820513
4003.58974358974
3998.97435897436
4004.10256410256
4013.84615384615
4014.8717948718
4008.20512820513
4003.58974358974
4005.12820512821
4006.66666666667
4005.12820512821
4007.69230769231
4008.20512820513
3994.35897435898
3984.10256410256
3996.41025641026
4003.07692307692
3992.30769230769
3989.74358974359
3992.82051282051
3989.23076923077
3987.69230769231
3990.25641025641
3989.74358974359
3984.61538461539
3974.8717948718
3970.25641025641
3981.53846153846
3989.23076923077
3989.74358974359
3996.92307692308
3998.46153846154
3987.69230769231
3987.17948717949
3999.48717948718
4001.02564102564
3991.79487179487
3987.69230769231
3990.76923076923
3994.8717948718
3988.71794871795
3985.64102564103
3994.35897435898
3995.89743589744
3989.23076923077
3985.64102564103
3981.02564102564
3980.51282051282
3990.25641025641
3991.28205128205
3988.20512820513
3992.82051282051
3992.30769230769
3996.41025641026
3999.48717948718
3989.74358974359
3995.89743589744
4013.33333333333
4006.15384615385
3984.61538461539
3979.48717948718
3988.71794871795
3999.48717948718
3998.46153846154
3987.17948717949
3985.64102564103
3996.41025641026
4000
3995.89743589744
3987.69230769231
3978.46153846154
3971.79487179487
3971.28205128205
3983.07692307692
3988.71794871795
3977.94871794872
3973.84615384615
3986.15384615385
3988.20512820513
3975.89743589744
3972.82051282051
3974.8717948718
3972.82051282051
3978.97435897436
3986.66666666667
3987.69230769231
3988.71794871795
3990.76923076923
3987.69230769231
3986.66666666667
3984.61538461539
3973.84615384615
3973.33333333333
3980
3979.48717948718
3985.12820512821
3991.79487179487
3983.07692307692
3974.35897435898
3977.4358974359
3975.89743589744
3972.30769230769
3976.41025641026
3970.25641025641
3961.53846153846
3968.71794871795
3978.46153846154
3976.92307692308
3973.33333333333
3977.94871794872
3985.12820512821
3983.58974358974
3974.8717948718
3968.71794871795
3970.76923076923
3982.5641025641
4002.5641025641
4007.17948717949
3995.89743589744
3987.17948717949
3977.4358974359
3970.76923076923
3979.48717948718
3988.20512820513
3978.97435897436
3970.25641025641
3982.5641025641
3992.30769230769
3982.5641025641
3972.30769230769
3978.46153846154
3982.05128205128
3975.38461538462
3976.92307692308
3984.10256410256
3986.66666666667
3993.84615384615
3995.38461538462
3985.64102564103
3984.10256410256
3993.84615384615
3994.8717948718
3990.76923076923
3990.76923076923
3992.82051282051
3999.48717948718
4004.61538461539
4004.61538461539
4008.20512820513
4005.64102564103
3991.79487179487
3987.69230769231
3997.4358974359
3996.41025641026
3987.69230769231
3993.33333333333
4001.53846153846
3992.30769230769
3975.89743589744
3969.23076923077
3971.28205128205
3971.79487179487
3970.25641025641
3974.8717948718
3979.48717948718
3980.51282051282
3981.53846153846
3986.66666666667
3992.82051282051
3986.66666666667
3975.89743589744
3979.48717948718
4000.51282051282
4010.25641025641
3996.41025641026
3988.71794871795
3992.30769230769
3993.33333333333
3989.23076923077
3987.17948717949
3988.20512820513
3990.76923076923
3991.79487179487
3992.82051282051
4003.58974358974
4008.20512820513
3996.41025641026
3991.28205128205
3994.35897435898
3988.71794871795
3983.07692307692
3989.23076923077
3993.33333333333
3987.69230769231
3984.61538461539
3987.69230769231
3989.23076923077
3987.69230769231
3992.82051282051
3998.46153846154
3997.94871794872
3997.94871794872
4000
4000.51282051282
4000
3994.35897435898
3983.58974358974
3984.61538461539
3988.20512820513
3980.51282051282
3972.82051282051
3981.53846153846
3990.25641025641
3980.51282051282
3973.84615384615
3986.66666666667
3992.30769230769
3975.89743589744
3967.69230769231
3981.53846153846
3991.79487179487
3991.28205128205
3988.20512820513
3992.30769230769
4001.53846153846
4002.5641025641
3993.84615384615
3986.15384615385
3989.23076923077
3997.4358974359
3996.41025641026
3988.71794871795
3986.66666666667
3992.30769230769
3996.92307692308
3991.79487179487
3981.53846153846
3980.51282051282
3989.23076923077
3991.79487179487
3989.23076923077
3988.20512820513
3986.66666666667
3987.69230769231
3985.64102564103
3986.15384615385
4001.02564102564
4008.20512820513
3991.79487179487
3983.58974358974
3999.48717948718
4010.76923076923
4001.02564102564
3988.20512820513
3985.12820512821
3994.35897435898
3997.94871794872
3990.76923076923
3986.66666666667
3988.20512820513
3995.38461538462
4001.53846153846
4002.05128205128
3995.38461538462
3991.28205128205
3995.38461538462
3998.46153846154
3995.89743589744
3995.38461538462
4002.05128205128
4004.10256410256
4000
4004.61538461539
4010.76923076923
4002.05128205128
3987.17948717949
3988.71794871795
3997.4358974359
3998.97435897436
4001.02564102564
4009.23076923077
4011.28205128205
4001.02564102564
3996.41025641026
4002.05128205128
4000
3986.15384615385
3981.53846153846
3992.82051282051
4000.51282051282
3992.82051282051
3988.20512820513
3994.35897435898
3993.33333333333
3986.66666666667
3989.74358974359
3991.28205128205
3986.15384615385
3991.79487179487
3989.74358974359
3975.38461538462
3978.97435897436
3991.79487179487
3989.23076923077
3985.12820512821
3987.69230769231
3985.64102564103
3991.28205128205
4005.12820512821
4010.25641025641
4009.74358974359
4016.41025641026
4027.17948717949
4033.33333333333
4037.4358974359
4048.71794871795
4060
4056.92307692308
4045.12820512821
4046.66666666667
4053.84615384615
4046.66666666667
4038.46153846154
4043.58974358974
4044.61538461539
4033.84615384615
4022.5641025641
4013.84615384615
4007.69230769231
4005.64102564103
4005.64102564103
4007.69230769231
4006.15384615385
3996.41025641026
3988.71794871795
3991.79487179487
3993.84615384615
3985.64102564103
3977.94871794872
3981.53846153846
3988.71794871795
3990.25641025641
3986.66666666667
3986.15384615385
3986.66666666667
3980
3971.79487179487
3976.92307692308
3983.58974358974
3976.41025641026
3975.38461538462
3990.25641025641
3994.35897435898
3987.17948717949
3987.69230769231
3985.64102564103
3982.5641025641
3990.76923076923
3992.82051282051
3981.53846153846
3983.58974358974
3993.84615384615
3985.64102564103
3976.41025641026
3983.07692307692
3990.76923076923
3990.25641025641
3988.71794871795
3989.74358974359
3991.28205128205
3988.20512820513
3985.12820512821
3985.12820512821
3980
3974.35897435898
3977.4358974359
3984.10256410256
3989.74358974359
3990.76923076923
3986.66666666667
3990.76923076923
3998.46153846154
3990.25641025641
3977.4358974359
3983.07692307692
3991.28205128205
3981.53846153846
3972.82051282051
3973.33333333333
3972.82051282051
3971.79487179487
3973.33333333333
3977.94871794872
3988.71794871795
3988.71794871795
3976.41025641026
3977.4358974359
3981.53846153846
3974.35897435898
3975.89743589744
3990.76923076923
3992.30769230769
3977.94871794872
3968.71794871795
3973.84615384615
3984.61538461539
3981.53846153846
3973.33333333333
3979.48717948718
3983.58974358974
3970.76923076923
3969.23076923077
3986.15384615385
3985.64102564103
3972.30769230769
3969.23076923077
3971.79487179487
3970.25641025641
3969.23076923077
3970.76923076923
3974.8717948718
3982.05128205128
3988.20512820513
3993.33333333333
3988.20512820513
3975.89743589744
3975.89743589744
3988.20512820513
3994.8717948718
3992.82051282051
3989.74358974359
3989.74358974359
3988.20512820513
3975.38461538462
3968.20512820513
3986.66666666667
4001.53846153846
3993.84615384615
3988.20512820513
3992.82051282051
3989.23076923077
3981.02564102564
3984.10256410256
3989.23076923077
3988.71794871795
3986.66666666667
3978.46153846154
3971.28205128205
3984.10256410256
4001.53846153846
3997.94871794872
3996.92307692308
4005.64102564103
4003.07692307692
3996.41025641026
3995.89743589744
3994.35897435898
3989.23076923077
3984.10256410256
3988.20512820513
4001.02564102564
4004.61538461539
3991.28205128205
3985.64102564103
3994.8717948718
3999.48717948718
4002.05128205128
4003.07692307692
3993.84615384615
3989.23076923077
3999.48717948718
4008.20512820513
4004.61538461539
4001.53846153846
4004.10256410256
4002.05128205128
3999.48717948718
4003.07692307692
4009.23076923077
4005.64102564103
3998.97435897436
4001.02564102564
4003.58974358974
4003.58974358974
4007.17948717949
4003.58974358974
3990.25641025641
3988.71794871795
3997.94871794872
3993.33333333333
3983.58974358974
3991.28205128205
3998.46153846154
3990.76923076923
3983.07692307692
3988.71794871795
3993.33333333333
3988.71794871795
3989.23076923077
3994.35897435898
3994.8717948718
3991.28205128205
3984.61538461539
3987.69230769231
4000.51282051282
4003.07692307692
3994.35897435898
4001.53846153846
4014.35897435898
4009.74358974359
4003.07692307692
3997.4358974359
3988.71794871795
3996.92307692308
4012.82051282051
4008.20512820513
4006.15384615385
4019.48717948718
4018.46153846154
4003.07692307692
3991.79487179487
3993.84615384615
4003.58974358974
4008.71794871795
4003.07692307692
4000.51282051282
4010.25641025641
4018.46153846154
4015.89743589744
4008.20512820513
4007.69230769231
4009.23076923077
4004.10256410256
4001.53846153846
4006.15384615385
4003.07692307692
3991.79487179487
3991.28205128205
4000.51282051282
4003.07692307692
4003.58974358974
4004.10256410256
4004.10256410256
4005.12820512821
4000
3990.25641025641
3988.20512820513
3990.76923076923
3988.20512820513
3984.10256410256
3987.17948717949
3990.76923076923
3991.79487179487
3995.89743589744
4006.15384615385
4008.71794871795
3996.92307692308
3992.82051282051
3998.97435897436
3995.38461538462
3987.17948717949
3986.66666666667
3983.58974358974
3974.8717948718
3971.79487179487
3975.89743589744
3980.51282051282
3976.92307692308
3974.35897435898
3977.4358974359
3983.58974358974
3990.25641025641
3984.61538461539
3976.92307692308
3988.71794871795
3998.46153846154
3986.15384615385
3988.20512820513
4001.02564102564
3993.84615384615
3983.07692307692
3985.64102564103
3991.28205128205
3991.28205128205
3989.74358974359
3988.20512820513
3988.71794871795
3995.38461538462
4000.51282051282
4000.51282051282
4002.05128205128
3999.48717948718
3989.74358974359
3989.74358974359
3996.92307692308
3993.33333333333
3984.61538461539
3986.66666666667
3995.89743589744
4002.05128205128
4004.10256410256
4003.58974358974
4001.53846153846
3995.38461538462
3997.94871794872
4010.76923076923
4008.20512820513
3997.4358974359
4009.74358974359
4026.66666666667
4032.30769230769
4040.51282051282
4042.5641025641
4042.5641025641
4055.38461538462
4068.20512820513
4070.25641025641
4068.20512820513
4061.53846153846
4058.97435897436
4063.58974358974
4062.5641025641
4060.51282051282
4057.94871794872
4050.76923076923
4041.53846153846
4028.71794871795
4017.94871794872
4015.89743589744
4016.92307692308
4017.4358974359
4015.38461538462
4005.64102564103
3996.92307692308
3998.97435897436
4005.12820512821
4003.07692307692
4000
4006.15384615385
4005.64102564103
3991.79487179487
3990.76923076923
3995.89743589744
3988.20512820513
