
4369.23076923077
4381.53846153846
4376.92307692308
4367.69230769231
4372.30769230769
4383.58974358974
4391.28205128205
4386.66666666667
4374.35897435897
4379.48717948718
4395.89743589744
4389.23076923077
4374.8717948718
4370.25641025641
4364.61538461538
4363.58974358974
4370.76923076923
4369.23076923077
4357.94871794872
4353.33333333333
4358.46153846154
4360
4356.92307692308
4357.94871794872
4356.41025641026
4351.28205128205
4355.38461538462
4358.46153846154
4349.74358974359
4347.69230769231
4357.94871794872
4360.51282051282
4355.89743589744
4354.8717948718
4355.89743589744
4356.92307692308
4353.33333333333
4347.17948717949
4351.79487179487
4360
4359.48717948718
4356.92307692308
4356.41025641026
4351.28205128205
4342.05128205128
4335.38461538462
4335.38461538462
4340
4345.12820512821
4349.74358974359
4352.82051282051
4351.79487179487
4353.84615384615
4362.05128205128
4354.8717948718
4342.5641025641
4347.69230769231
4353.33333333333
4349.74358974359
4352.30769230769
4353.33333333333
4350.25641025641
4358.97435897436
4362.5641025641
4354.35897435897
4353.33333333333
4358.46153846154
4357.4358974359
4351.79487179487
4348.20512820513
4349.74358974359
4347.17948717949
4342.05128205128
4350.25641025641
4360.51282051282
4353.84615384615
4344.10256410256
4348.20512820513
4351.28205128205
4349.74358974359
4354.35897435897
4353.33333333333
4345.12820512821
4345.12820512821
4352.30769230769
4352.82051282051
4352.30769230769
4349.74358974359
4342.05128205128
4342.05128205128
4344.10256410256
4340.51282051282
4343.07692307692
4340.51282051282
4328.20512820513
4330.25641025641
4342.5641025641
4341.53846153846
4337.94871794872
4342.05128205128
4342.05128205128
4342.5641025641
4347.69230769231
4350.25641025641
4351.28205128205
4345.64102564103
4342.05128205128
4351.28205128205
4356.92307692308
4349.74358974359
4349.74358974359
4350.76923076923
4343.58974358974
4342.5641025641
4343.58974358974
4350.76923076923
4364.61538461538
4363.58974358974
4356.41025641026
4358.46153846154
4352.30769230769
4348.20512820513
4364.61538461538
4362.5641025641
4336.92307692308
4336.92307692308
4354.35897435897
4347.69230769231
4337.94871794872
4352.30769230769
4361.02564102564
4351.79487179487
4345.64102564103
4345.64102564103
4348.71794871795
4350.25641025641
4350.25641025641
4355.38461538462
4355.89743589744
4351.28205128205
4355.89743589744
4355.89743589744
4342.05128205128
4342.5641025641
4362.5641025641
4371.79487179487
4358.97435897436
4348.71794871795
4358.46153846154
4365.64102564103
4357.4358974359
4349.23076923077
4349.74358974359
4354.8717948718
4355.38461538462
4348.71794871795
4346.15384615385
4350.25641025641
4349.23076923077
4347.17948717949
4352.30769230769
4359.48717948718
4360
4350.76923076923
4341.02564102564
4341.02564102564
4347.69230769231
4351.79487179487
4348.71794871795
4343.58974358974
4340.51282051282
4345.64102564103
4354.35897435897
4353.33333333333
4349.74358974359
4349.23076923077
4347.69230769231
4342.05128205128
4336.41025641026
4340.51282051282
4349.74358974359
4349.23076923077
4342.5641025641
4342.05128205128
4343.07692307692
4341.02564102564
4344.10256410256
4346.15384615385
4343.07692307692
4343.07692307692
4345.64102564103
4352.30769230769
4353.84615384615
4344.10256410256
4345.12820512821
4358.46153846154
4357.4358974359
4343.58974358974
4340
4346.15384615385
4348.71794871795
4345.64102564103
4343.07692307692
4342.5641025641
4341.02564102564
4345.64102564103
4349.74358974359
4344.10256410256
4339.48717948718
4344.61538461538
4348.71794871795
4351.28205128205
4346.15384615385
4333.33333333333
4342.5641025641
4367.17948717949
4368.20512820513
4351.28205128205
4349.23076923077
4348.71794871795
4344.10256410256
4346.15384615385
4347.69230769231
4345.64102564103
4351.79487179487
4359.48717948718
4354.35897435897
4342.05128205128
4335.89743589744
4337.94871794872
4344.61538461538
4355.89743589744
4357.4358974359
4347.17948717949
4348.20512820513
4353.33333333333
4351.79487179487
4356.92307692308
4366.66666666667
4364.10256410256
4352.82051282051
4347.17948717949
4358.97435897436
4372.30769230769
4367.69230769231
4365.12820512821
4368.71794871795
4361.53846153846
4356.92307692308
4364.61538461538
4363.58974358974
4352.30769230769
4348.20512820513
4349.23076923077
4349.74358974359
4349.74358974359
4347.17948717949
4337.94871794872
4332.82051282051
4344.61538461538
4351.79487179487
4346.66666666667
4345.64102564103
4349.74358974359
4348.20512820513
4350.25641025641
4355.89743589744
4354.8717948718
4356.92307692308
4357.94871794872
4352.30769230769
4347.17948717949
4342.05128205128
4340.51282051282
4342.05128205128
4340.51282051282
4340.51282051282
4338.46153846154
4327.17948717949
4327.69230769231
4343.07692307692
4341.02564102564
4329.74358974359
4334.35897435897
4335.38461538462
4331.79487179487
4335.38461538462
4335.38461538462
4335.89743589744
4340.51282051282
4338.46153846154
4338.46153846154
4347.17948717949
4349.74358974359
4348.71794871795
4350.76923076923
4347.69230769231
4349.74358974359
4360
4355.38461538462
4340.51282051282
4341.53846153846
4355.38461538462
4353.33333333333
4343.58974358974
4350.76923076923
4358.97435897436
4356.41025641026
4357.4358974359
4352.82051282051
4342.05128205128
4342.5641025641
4346.15384615385
4340
4339.48717948718
4344.61538461538
4341.53846153846
4348.71794871795
4367.17948717949
4359.48717948718
4334.35897435897
4333.33333333333
4346.15384615385
4346.66666666667
4348.20512820513
4352.30769230769
4346.66666666667
4340.51282051282
4340.51282051282
4344.10256410256
4348.71794871795
4351.28205128205
4350.76923076923
4345.64102564103
4342.05128205128
4342.05128205128
4340.51282051282
4339.48717948718
4341.53846153846
4341.53846153846
4346.15384615385
4351.28205128205
4344.10256410256
4342.5641025641
4344.61538461538
4330.76923076923
4326.66666666667
4343.07692307692
4344.10256410256
4338.46153846154
4351.79487179487
4354.35897435897
4339.48717948718
4344.10256410256
4360.51282051282
4357.4358974359
4342.05128205128
4334.35897435897
4335.89743589744
4336.92307692308
4333.84615384615
4332.82051282051
4340.51282051282
4347.69230769231
4339.48717948718
4336.41025641026
4349.74358974359
4352.30769230769
4346.15384615385
4352.82051282051
4350.25641025641
4337.4358974359
4350.76923076923
4363.58974358974
4349.74358974359
4352.82051282051
4365.64102564103
4357.94871794872
4351.28205128205
4354.8717948718
4352.30769230769
4356.41025641026
4365.64102564103
4353.33333333333
4340.51282051282
4354.8717948718
4364.61538461538
4355.38461538462
4353.33333333333
4361.53846153846
4358.46153846154
4353.84615384615
4361.02564102564
4366.66666666667
4359.48717948718
4350.76923076923
4349.23076923077
4346.66666666667
4344.10256410256
4347.17948717949
4350.76923076923
4350.76923076923
4344.61538461538
4335.89743589744
4339.48717948718
4352.82051282051
4354.8717948718
4340.51282051282
4332.30769230769
4337.94871794872
4345.12820512821
4345.12820512821
4336.41025641026
4332.30769230769
4354.8717948718
4372.30769230769
4354.35897435897
4336.92307692308
4341.53846153846
4347.17948717949
4345.12820512821
4334.8717948718
4327.69230769231
4337.94871794872
4344.61538461538
4341.02564102564
4342.5641025641
4340
4330.76923076923
4332.30769230769
4338.46153846154
4338.97435897436
4340
4338.97435897436
4334.35897435897
4337.94871794872
4340
4331.79487179487
4332.30769230769
4346.15384615385
4344.10256410256
4327.17948717949
4321.02564102564
4330.25641025641
4341.02564102564
4340.51282051282
4330.25641025641
4327.17948717949
4332.82051282051
4332.82051282051
4322.05128205128
4317.94871794872
4327.69230769231
4338.46153846154
4339.48717948718
4340.51282051282
4342.05128205128
4334.35897435897
4331.28205128205
4340.51282051282
4336.92307692308
4328.20512820513
4331.79487179487
4329.23076923077
4320.51282051282
4328.71794871795
4347.69230769231
4348.20512820513
4332.82051282051
4326.66666666667
4332.30769230769
4339.48717948718
4341.02564102564
4334.8717948718
4324.10256410256
4325.64102564103
4333.33333333333
4330.25641025641
4330.25641025641
4335.89743589744
4336.92307692308
4334.8717948718
4331.79487179487
4329.74358974359
4324.10256410256
4317.94871794872
4323.07692307692
4334.35897435897
4330.76923076923
4315.89743589744
4311.28205128205
4318.46153846154
4325.12820512821
4323.07692307692
4318.46153846154
4321.02564102564
4318.46153846154
4310.76923076923
4315.38461538462
4321.02564102564
4313.33333333333
4311.79487179487
4327.17948717949
4332.82051282051
4318.46153846154
4305.64102564103
4310.25641025641
4318.46153846154
4314.8717948718
4315.89743589744
4326.66666666667
4328.20512820513
4326.15384615385
4320.51282051282
4308.20512820513
4308.71794871795
4324.61538461538
4330.25641025641
4327.69230769231
4327.17948717949
4324.10256410256
4315.89743589744
4303.07692307692
4300.51282051282
4318.46153846154
4330.25641025641
4323.07692307692
4317.4358974359
4316.41025641026
4314.35897435897
4321.02564102564
4322.05128205128
4315.89743589744
4313.33333333333
4310.76923076923
4311.28205128205
4323.07692307692
4331.79487179487
4323.07692307692
4308.20512820513
4307.17948717949
4318.46153846154
4317.94871794872
4307.17948717949
4314.8717948718
4325.64102564103
4312.82051282051
4303.07692307692
4323.07692307692
4332.30769230769
4317.4358974359
4315.38461538462
4327.69230769231
4329.23076923077
4318.97435897436
4311.28205128205
4311.79487179487
4321.53846153846
4324.10256410256
4314.35897435897
4309.23076923077
4308.20512820513
4311.28205128205
4321.53846153846
4324.10256410256
4313.33333333333
4305.12820512821
4312.30769230769
4322.05128205128
4317.94871794872
4310.25641025641
4311.28205128205
4313.84615384615
4308.71794871795
4309.74358974359
4316.92307692308
4315.38461538462
4313.33333333333
4316.41025641026
4325.64102564103
4328.20512820513
4318.46153846154
4313.84615384615
4319.48717948718
4322.05128205128
4317.94871794872
4318.97435897436
4321.02564102564
4316.41025641026
4309.23076923077
4307.17948717949
4310.76923076923
4311.28205128205
4307.17948717949
4308.20512820513
4312.82051282051
4309.74358974359
4308.71794871795
4316.92307692308
4315.89743589744
4309.74358974359
4311.28205128205
4308.20512820513
4302.5641025641
4307.17948717949
4311.79487179487
4310.25641025641
4313.33333333333
4314.35897435897
4310.25641025641
4312.30769230769
4321.02564102564
4328.20512820513
4326.66666666667
4326.15384615385
4327.69230769231
4320
4312.82051282051
4318.97435897436
4322.5641025641
4317.94871794872
4316.92307692308
4311.79487179487
4300.51282051282
4303.58974358974
4322.5641025641
4333.84615384615
4323.58974358974
4301.02564102564
4300
4326.15384615385
4339.48717948718
4329.74358974359
4322.05128205128
4323.58974358974
4327.17948717949
4331.79487179487
4335.38461538462
4333.84615384615
4332.82051282051
4335.89743589744
4336.41025641026
4329.74358974359
4324.61538461538
4328.20512820513
4338.46153846154
4344.61538461538
4345.64102564103
4346.15384615385
4346.66666666667
4343.58974358974
4338.46153846154
4338.97435897436
4343.58974358974
4343.07692307692
4342.05128205128
4345.12820512821
4339.48717948718
4328.20512820513
4335.38461538462
4338.97435897436
4326.15384615385
4324.61538461538
4334.8717948718
4342.05128205128
4340
4337.94871794872
4345.64102564103
4352.30769230769
4344.10256410256
4341.53846153846
4346.66666666667
4336.92307692308
4330.76923076923
4336.92307692308
4331.28205128205
4323.07692307692
4335.38461538462
4351.79487179487
4348.71794871795
4335.89743589744
4329.23076923077
4330.25641025641
4334.8717948718
4334.8717948718
4331.28205128205
4334.8717948718
4334.8717948718
4328.20512820513
4329.74358974359
4332.30769230769
4326.15384615385
4325.12820512821
4335.89743589744
4336.41025641026
4327.17948717949
4326.66666666667
4329.23076923077
4330.25641025641
4339.48717948718
4346.15384615385
4335.38461538462
4327.17948717949
4335.38461538462
4334.8717948718
4324.61538461538
4323.58974358974
4325.64102564103
4325.12820512821
4331.28205128205
4336.41025641026
4336.41025641026
4343.07692307692
4345.12820512821
4334.8717948718
4329.23076923077
4333.84615384615
4338.97435897436
4337.94871794872
4331.28205128205
4327.17948717949
4326.66666666667
4330.76923076923
4331.79487179487
4327.69230769231
4325.64102564103
4337.94871794872
4346.15384615385
4337.94871794872
4328.20512820513
4317.94871794872
4314.8717948718
4314.8717948718
4312.82051282051
4314.8717948718
4317.94871794872
4315.89743589744
4314.8717948718
4323.07692307692
4328.20512820513
4321.53846153846
4316.92307692308
4323.58974358974
4328.20512820513
4324.10256410256
4325.64102564103
4326.66666666667
4323.07692307692
4323.07692307692
4322.05128205128
4316.41025641026
4309.74358974359
4306.66666666667
4309.74358974359
4310.76923076923
4309.74358974359
4311.79487179487
4309.74358974359
4307.69230769231
4316.41025641026
4318.46153846154
4305.64102564103
4305.12820512821
4309.74358974359
4299.48717948718
4296.92307692308
4309.23076923077
4318.46153846154
4318.46153846154
4314.8717948718
4309.74358974359
4309.74358974359
4311.28205128205
4309.23076923077
4311.79487179487
4320.51282051282
4327.17948717949
4327.69230769231
4330.76923076923
4326.15384615385
4313.84615384615
4315.89743589744
4321.02564102564
4316.41025641026
4315.89743589744
4322.5641025641
4325.64102564103
4324.61538461538
4319.48717948718
4310.76923076923
4307.69230769231
4313.33333333333
4320.51282051282
4312.30769230769
4305.64102564103
4322.05128205128
4330.25641025641
4314.35897435897
4315.38461538462
4334.35897435897
4338.97435897436
4333.33333333333
4332.82051282051
4337.4358974359
4343.58974358974
4345.64102564103
4339.48717948718
4338.97435897436
4347.69230769231
4342.05128205128
4326.15384615385
4329.23076923077
4343.07692307692
4336.41025641026
4323.58974358974
4328.20512820513
4335.38461538462
4335.38461538462
4331.79487179487
4320
4310.25641025641
4324.10256410256
4338.97435897436
4329.23076923077
4324.61538461538
4334.35897435897
4333.33333333333
4324.61538461538
4325.12820512821
4329.23076923077
4323.58974358974
4318.46153846154
4330.76923076923
4346.66666666667
4340
4332.30769230769
4336.92307692308
4334.35897435897
4327.69230769231
4330.25641025641
4332.82051282051
4336.92307692308
4334.8717948718
4327.17948717949
4330.25641025641
4335.89743589744
4329.23076923077
4332.82051282051
4347.17948717949
4338.46153846154
4322.5641025641
4331.79487179487
4341.53846153846
4340
4333.84615384615
4328.20512820513
4336.92307692308
4353.33333333333
4350.25641025641
4337.4358974359
4340.51282051282
4347.17948717949
4349.74358974359
4352.82051282051
4347.69230769231
4340
4342.05128205128
4351.28205128205
4349.23076923077
4338.46153846154
4340.51282051282
4355.38461538462
4351.79487179487
4331.28205128205
4332.30769230769
4350.76923076923
4353.33333333333
4343.07692307692
4337.94871794872
4342.05128205128
4350.76923076923
4353.33333333333
4350.25641025641
4349.23076923077
4348.71794871795
4352.82051282051
4360.51282051282
4355.38461538462
4346.66666666667
4351.28205128205
4350.76923076923
4347.17948717949
4360
4369.23076923077
4356.41025641026
4348.71794871795
4363.07692307692
4373.33333333333
4363.07692307692
4350.25641025641
4350.76923076923
4359.48717948718
4360
4355.38461538462
4359.48717948718
4363.07692307692
4353.33333333333
4347.17948717949
4354.8717948718
4357.4358974359
4349.23076923077
4346.15384615385
4352.30769230769
4351.28205128205
4343.07692307692
4351.28205128205
4362.5641025641
4352.30769230769
4341.53846153846
4352.30769230769
4361.02564102564
4358.97435897436
4356.41025641026
4353.33333333333
4349.74358974359
4347.69230769231
4350.76923076923
4352.82051282051
4345.64102564103
4340
4355.38461538462
4369.23076923077
4355.89743589744
4349.23076923077
4361.02564102564
4352.82051282051
4336.41025641026
4349.23076923077
4364.61538461538
4355.89743589744
4354.35897435897
4364.10256410256
4356.41025641026
4344.10256410256
4349.23076923077
4353.84615384615
4345.64102564103
4343.07692307692
4348.20512820513
4351.28205128205
4350.76923076923
4350.76923076923
4351.28205128205
4349.23076923077
4351.28205128205
4355.89743589744
4349.74358974359
4341.53846153846
4348.71794871795
4352.82051282051
4346.15384615385
4345.12820512821
4346.15384615385
4343.07692307692
4339.48717948718
4339.48717948718
4348.20512820513
4357.94871794872
4359.48717948718
4362.05128205128
4366.15384615385
4360.51282051282
4358.46153846154
4364.10256410256
4365.64102564103
4367.69230769231
4374.8717948718
4374.35897435897
4367.17948717949
4363.58974358974
4357.4358974359
4348.71794871795
4353.33333333333
4370.76923076923
4375.89743589744
4368.20512820513
4363.58974358974
4363.58974358974
4366.66666666667
4364.10256410256
4357.4358974359
4362.05128205128
4369.74358974359
4363.07692307692
4348.71794871795
4347.69230769231
4355.38461538462
4356.41025641026
4357.4358974359
4365.64102564103
4366.15384615385
4356.41025641026
4355.38461538462
4359.48717948718
4359.48717948718
4357.4358974359
4351.79487179487
4350.25641025641
4360
4367.69230769231
4367.17948717949
4370.25641025641
4370.25641025641
4360
4355.38461538462
4356.41025641026
4357.94871794872
4364.61538461538
4369.23076923077
4368.71794871795
4369.23076923077
4363.07692307692
4354.35897435897
4360
4366.66666666667
4365.64102564103
4366.15384615385
4360
4353.84615384615
4366.15384615385
4375.38461538462
4368.20512820513
4362.05128205128
4358.46153846154
4357.4358974359
4364.10256410256
4370.25641025641
4364.10256410256
4356.41025641026
4362.05128205128
4373.84615384615
4374.35897435897
4365.12820512821
4361.53846153846
4364.10256410256
4371.79487179487
4371.79487179487
4360
4355.89743589744
4357.94871794872
4352.30769230769
4346.15384615385
4353.33333333333
4368.71794871795
4370.76923076923
4356.41025641026
4355.38461538462
4366.66666666667
4361.02564102564
4353.84615384615
4368.20512820513
4378.46153846154
4367.69230769231
4363.58974358974
4374.35897435897
4374.35897435897
4365.64102564103
4364.10256410256
4366.66666666667
4366.15384615385
4365.64102564103
4367.17948717949
4368.71794871795
4365.64102564103
4362.05128205128
4367.17948717949
4366.15384615385
4349.23076923077
4350.76923076923
4371.79487179487
4373.84615384615
4364.10256410256
4366.66666666667
4368.71794871795
4363.07692307692
4365.64102564103
4375.38461538462
4374.8717948718
4367.69230769231
4365.12820512821
4367.17948717949
4368.71794871795
4362.05128205128
4350.76923076923
4351.79487179487
4365.64102564103
4366.66666666667
4357.94871794872
4357.94871794872
4358.97435897436
4362.05128205128
4363.58974358974
4358.97435897436
4358.46153846154
4360.51282051282
4357.4358974359
4358.46153846154
4365.64102564103
4366.15384615385
4367.17948717949
4369.23076923077
4365.64102564103
4373.33333333333
4385.12820512821
4380
4370.76923076923
4371.79487179487
4370.76923076923
4366.15384615385
4369.23076923077
4375.89743589744
4382.05128205128
4383.07692307692
4373.33333333333
4363.07692307692
4367.69230769231
4375.38461538462
4375.38461538462
4370.76923076923
4370.25641025641
4376.41025641026
4378.97435897436
4372.82051282051
4369.74358974359
4369.74358974359
4364.10256410256
4361.02564102564
4369.74358974359
4377.94871794872
4381.02564102564
4374.8717948718
4364.61538461538
4367.17948717949
4380
4384.61538461538
4377.4358974359
4369.23076923077
4365.12820512821
4365.12820512821
4366.15384615385
4370.76923076923
4377.4358974359
4365.64102564103
4353.33333333333
4368.71794871795
4387.17948717949
4383.58974358974
4370.76923076923
4371.28205128205
4380.51282051282
4380
4373.84615384615
4376.41025641026
4382.05128205128
4378.97435897436
4380.51282051282
4382.05128205128
4372.30769230769
4365.12820512821
4364.61538461538
4362.5641025641
4356.41025641026
4351.79487179487
4359.48717948718
4369.74358974359
4366.66666666667
4366.66666666667
4383.58974358974
4382.5641025641
4360.51282051282
4353.33333333333
4358.97435897436
4363.07692307692
4365.64102564103
4364.61538461538
4365.12820512821
4373.33333333333
4376.92307692308
4374.35897435897
4371.28205128205
4368.71794871795
4370.76923076923
4368.71794871795
4362.5641025641
4370.25641025641
4373.33333333333
4359.48717948718
4352.30769230769
4359.48717948718
4361.02564102564
4356.92307692308
4359.48717948718
4361.53846153846
4360
4360.51282051282
4354.35897435897
4340.51282051282
4341.02564102564
4360
4364.10256410256
4357.94871794872
4356.41025641026
4351.28205128205
4355.38461538462
4365.12820512821
4361.02564102564
4353.33333333333
4359.48717948718
4367.69230769231
4368.20512820513
4368.71794871795
4366.15384615385
4362.05128205128
4358.97435897436
4353.33333333333
4345.64102564103
4349.23076923077
4363.07692307692
4367.17948717949
4364.10256410256
4363.58974358974
4364.61538461538
4371.79487179487
4370.25641025641
4357.94871794872
4356.92307692308
4365.12820512821
4371.28205128205
4380
4381.02564102564
4366.15384615385
4363.07692307692
4370.76923076923
4370.25641025641
4375.89743589744
4385.64102564103
4384.10256410256
4377.94871794872
4378.97435897436
4381.02564102564
4381.02564102564
4383.07692307692
4383.58974358974
4379.48717948718
4379.48717948718
4380.51282051282
4371.28205128205
4367.69230769231
4380
4390.25641025641
4387.17948717949
4383.07692307692
4383.07692307692
4377.4358974359
4371.28205128205
4372.30769230769
4372.30769230769
4370.76923076923
4381.02564102564
4391.28205128205
4390.76923076923
4393.33333333333
4397.94871794872
4396.92307692308
4394.35897435897
4394.35897435897
4398.46153846154
4403.07692307692
4408.71794871795
4410.25641025641
4403.07692307692
4395.89743589744
4396.41025641026
4396.41025641026
4398.46153846154
4400.51282051282
4392.30769230769
4388.71794871795
4395.38461538462
4391.28205128205
4385.12820512821
4389.23076923077
4389.23076923077
4381.53846153846
4380
4381.53846153846
4381.53846153846
4383.58974358974
4384.61538461538
4383.07692307692
4386.66666666667
4389.23076923077
4377.94871794872
4369.74358974359
