O1
4328.20512820513
4334.8717948718
4338.46153846154
4331.79487179487
4326.15384615385
4336.41025641026
4350.76923076923
4345.12820512821
4336.92307692308
4343.07692307692
4341.53846153846
4329.74358974359
4328.20512820513
4325.12820512821
4311.79487179487
4313.84615384615
4327.17948717949
4321.02564102564
4306.15384615385
4308.20512820513
4313.33333333333
4309.23076923077
4309.74358974359
4311.79487179487
4300
4293.84615384615
4306.66666666667
4307.69230769231
4297.94871794872
4302.05128205128
4302.05128205128
4297.4358974359
4308.71794871795
4311.28205128205
4297.94871794872
4296.92307692308
4306.66666666667
4305.64102564103
4298.46153846154
4301.02564102564
4315.38461538462
4318.46153846154
4303.58974358974
4298.97435897436
4301.53846153846
4294.35897435897
4291.79487179487
4293.84615384615
4298.46153846154
4303.58974358974
4299.48717948718
4297.4358974359
4310.76923076923
4310.25641025641
4294.8717948718
4293.84615384615
4297.94871794872
4300.51282051282
4310.25641025641
4310.76923076923
4303.58974358974
4306.66666666667
4313.84615384615
4307.69230769231
4301.02564102564
4306.66666666667
4315.89743589744
4312.82051282051
4299.48717948718
4297.4358974359
4304.10256410256
4297.94871794872
4290.25641025641
4298.97435897436
4306.15384615385
4299.48717948718
4293.33333333333
4295.89743589744
4305.12820512821
4312.30769230769
4310.76923076923
4311.28205128205
4311.79487179487
4301.02564102564
4296.92307692308
4307.17948717949
4312.82051282051
4308.71794871795
4302.05128205128
4297.94871794872
4296.41025641026
4295.89743589744
4294.35897435897
4291.79487179487
4290.25641025641
4291.79487179487
4297.94871794872
4298.46153846154
4293.33333333333
4290.76923076923
4294.8717948718
4301.53846153846
4291.79487179487
4277.4358974359
4284.61538461538
4303.07692307692
4304.10256410256
4297.94871794872
4293.84615384615
4287.69230769231
4294.8717948718
4309.74358974359
4305.64102564103
4293.33333333333
4296.92307692308
4304.10256410256
4307.17948717949
4308.71794871795
4304.10256410256
4304.10256410256
4313.33333333333
4309.74358974359
4297.4358974359
4296.41025641026
4294.35897435897
4293.33333333333
4300.51282051282
4297.94871794872
4295.89743589744
4312.30769230769
4317.94871794872
4301.02564102564
4295.89743589744
4306.66666666667
4307.17948717949
4298.97435897436
4296.92307692308
4302.5641025641
4308.71794871795
4309.74358974359
4302.5641025641
4294.35897435897
4295.38461538462
4306.15384615385
4306.66666666667
4298.46153846154
4293.84615384615
4296.92307692308
4306.15384615385
4304.10256410256
4291.79487179487
4293.84615384615
4303.07692307692
4299.48717948718
4296.92307692308
4297.4358974359
4289.23076923077
4289.74358974359
4298.46153846154
4287.17948717949
4274.35897435897
4289.74358974359
4305.12820512821
4297.94871794872
4290.76923076923
4289.23076923077
4282.5641025641
4278.97435897436
4283.07692307692
4282.05128205128
4278.97435897436
4290.25641025641
4303.58974358974
4291.79487179487
4280
4291.79487179487
4294.35897435897
4284.10256410256
4287.69230769231
4285.12820512821
4275.89743589744
4290.25641025641
4300
4281.02564102564
4271.79487179487
4289.23076923077
4295.89743589744
4281.02564102564
4273.84615384615
4287.69230769231
4293.33333333333
4283.07692307692
4283.58974358974
4295.89743589744
4300
4294.8717948718
4294.35897435897
4296.41025641026
4296.92307692308
4294.35897435897
4292.30769230769
4292.82051282051
4290.76923076923
4291.28205128205
4295.38461538462
4297.94871794872
4298.46153846154
4299.48717948718
4295.38461538462
4289.74358974359
4296.92307692308
4303.58974358974
4289.74358974359
4280
4294.35897435897
4309.23076923077
4306.15384615385
4296.41025641026
4291.79487179487
4293.33333333333
4296.41025641026
4295.38461538462
4293.84615384615
4294.35897435897
4296.92307692308
4301.53846153846
4298.97435897436
4285.12820512821
4280
4294.35897435897
4312.82051282051
4311.79487179487
4297.4358974359
4295.38461538462
4306.15384615385
4312.30769230769
4311.28205128205
4312.30769230769
4313.33333333333
4309.23076923077
4310.76923076923
4318.97435897436
4319.48717948718
4310.25641025641
4312.30769230769
4326.66666666667
4332.30769230769
4323.58974358974
4315.38461538462
4316.92307692308
4321.53846153846
4314.8717948718
4304.10256410256
4306.66666666667
4312.82051282051
4305.64102564103
4295.38461538462
4294.8717948718
4297.4358974359
4291.79487179487
4289.74358974359
4297.4358974359
4293.84615384615
4282.5641025641
4288.20512820513
4300
4297.94871794872
4292.30769230769
4291.28205128205
4290.25641025641
4295.89743589744
4300.51282051282
4291.28205128205
4289.74358974359
4301.02564102564
4303.58974358974
4294.35897435897
4292.30769230769
4294.35897435897
4292.30769230769
4290.25641025641
4288.71794871795
4289.74358974359
4297.4358974359
4296.92307692308
4285.12820512821
4280.51282051282
4281.53846153846
4282.5641025641
4289.74358974359
4298.46153846154
4298.46153846154
4287.69230769231
4278.97435897436
4284.61538461538
4291.79487179487
4288.71794871795
4288.20512820513
4292.82051282051
4290.25641025641
4289.23076923077
4294.8717948718
4294.35897435897
4290.25641025641
4292.82051282051
4295.89743589744
4291.79487179487
4287.17948717949
4287.69230769231
4285.12820512821
4280
4283.58974358974
4294.8717948718
4294.8717948718
4285.12820512821
4280
4280
4288.71794871795
4296.92307692308
4286.15384615385
4276.92307692308
4288.71794871795
4291.79487179487
4275.38461538462
4272.30769230769
4287.69230769231
4296.41025641026
4287.69230769231
4277.4358974359
4280
4288.71794871795
4297.94871794872
4299.48717948718
4284.61538461538
4276.92307692308
4289.74358974359
4292.30769230769
4284.61538461538
4288.20512820513
4290.76923076923
4288.20512820513
4286.66666666667
4283.07692307692
4286.15384615385
4290.25641025641
4281.02564102564
4281.02564102564
4294.35897435897
4294.35897435897
4286.15384615385
4291.79487179487
4295.38461538462
4286.66666666667
4289.74358974359
4302.5641025641
4301.53846153846
4294.35897435897
4295.38461538462
4295.38461538462
4295.38461538462
4296.92307692308
4293.33333333333
4292.82051282051
4292.82051282051
4290.25641025641
4298.97435897436
4305.12820512821
4293.84615384615
4291.28205128205
4304.10256410256
4301.02564102564
4293.33333333333
4302.5641025641
4307.69230769231
4297.94871794872
4290.25641025641
4297.94871794872
4311.28205128205
4308.71794871795
4301.02564102564
4303.07692307692
4303.07692307692
4297.4358974359
4303.58974358974
4314.35897435897
4306.15384615385
4294.8717948718
4301.53846153846
4313.84615384615
4312.82051282051
4309.23076923077
4311.28205128205
4312.82051282051
4312.82051282051
4311.79487179487
4309.74358974359
4307.17948717949
4307.69230769231
4313.84615384615
4311.28205128205
4305.64102564103
4309.23076923077
4307.69230769231
4298.46153846154
4304.61538461538
4313.33333333333
4302.05128205128
4292.30769230769
4299.48717948718
4305.12820512821
4308.71794871795
4314.35897435897
4308.71794871795
4302.5641025641
4309.23076923077
4312.82051282051
4305.12820512821
4305.12820512821
4312.30769230769
4308.71794871795
4298.46153846154
4292.82051282051
4296.41025641026
4298.46153846154
4297.4358974359
4298.46153846154
4294.35897435897
4290.76923076923
4302.05128205128
4312.30769230769
4301.02564102564
4290.76923076923
4302.5641025641
4316.92307692308
4313.84615384615
4302.05128205128
4302.5641025641
4311.79487179487
4313.84615384615
4309.23076923077
4309.74358974359
4309.74358974359
4301.02564102564
4304.10256410256
4315.38461538462
4308.20512820513
4301.02564102564
4303.58974358974
4298.97435897436
4300.51282051282
4312.82051282051
4311.79487179487
4308.20512820513
4312.30769230769
4308.71794871795
4311.79487179487
4322.05128205128
4314.8717948718
4306.15384615385
4315.38461538462
4319.48717948718
4308.71794871795
4304.61538461538
4308.20512820513
4308.20512820513
4308.71794871795
4315.38461538462
4327.69230769231
4328.20512820513
4314.8717948718
4309.23076923077
4313.33333333333
4313.33333333333
4312.30769230769
4313.33333333333
4316.92307692308
4323.58974358974
4318.97435897436
4310.76923076923
4322.5641025641
4331.79487179487
4320
4314.8717948718
4318.97435897436
4313.84615384615
4311.28205128205
4312.30769230769
4310.25641025641
4315.38461538462
4320
4318.97435897436
4315.89743589744
4313.33333333333
4314.8717948718
4321.53846153846
4321.02564102564
4310.25641025641
4309.74358974359
4322.05128205128
4321.53846153846
4309.23076923077
4306.66666666667
4315.89743589744
4315.89743589744
4303.07692307692
4300
4310.25641025641
4316.92307692308
4310.25641025641
4302.05128205128
4304.10256410256
4311.28205128205
4316.92307692308
4316.92307692308
4318.46153846154
4322.5641025641
4325.12820512821
4325.12820512821
4321.53846153846
4313.84615384615
4311.28205128205
4317.94871794872
4316.92307692308
4312.30769230769
4320.51282051282
4330.25641025641
4328.71794871795
4321.02564102564
4312.82051282051
4308.71794871795
4313.33333333333
4321.53846153846
4327.17948717949
4325.12820512821
4318.46153846154
4317.94871794872
4324.10256410256
4329.74358974359
4324.61538461538
4318.97435897436
4325.12820512821
4328.20512820513
4318.97435897436
4316.92307692308
4324.10256410256
4328.71794871795
4327.69230769231
4316.92307692308
4307.17948717949
4317.94871794872
4332.30769230769
4322.5641025641
4306.15384615385
4308.20512820513
4317.94871794872
4320.51282051282
4318.46153846154
4317.94871794872
4311.79487179487
4306.66666666667
4318.46153846154
4329.74358974359
4323.58974358974
4318.46153846154
4317.94871794872
4310.25641025641
4307.69230769231
4320
4327.17948717949
4318.46153846154
4307.69230769231
4310.25641025641
4315.38461538462
4313.33333333333
4315.38461538462
4324.10256410256
4322.5641025641
4312.82051282051
4308.71794871795
4314.8717948718
4321.53846153846
4317.4358974359
4307.69230769231
4309.74358974359
4319.48717948718
4321.02564102564
4317.4358974359
4315.38461538462
4309.74358974359
4303.07692307692
4310.25641025641
4319.48717948718
4314.8717948718
4310.25641025641
4309.23076923077
4303.58974358974
4306.15384615385
4325.64102564103
4331.79487179487
4313.84615384615
4306.66666666667
4317.4358974359
4315.38461538462
4304.61538461538
4307.17948717949
4311.79487179487
4307.69230769231
4307.17948717949
4309.23076923077
4307.69230769231
4308.20512820513
4312.30769230769
4312.30769230769
4306.66666666667
4308.20512820513
4310.25641025641
4307.17948717949
4309.23076923077
4314.35897435897
4311.28205128205
4308.20512820513
4309.23076923077
4304.10256410256
4291.79487179487
4292.30769230769
4306.66666666667
4307.69230769231
4297.94871794872
4302.05128205128
4304.10256410256
4294.8717948718
4299.48717948718
4312.82051282051
4316.41025641026
4312.30769230769
4309.23076923077
4312.30769230769
4320
4321.53846153846
4316.92307692308
4318.46153846154
4321.02564102564
4315.89743589744
4313.33333333333
4322.05128205128
4327.17948717949
4323.07692307692
4327.69230769231
4335.89743589744
4335.38461538462
4336.92307692308
4336.41025641026
4328.20512820513
4329.74358974359
4338.97435897436
4338.97435897436
4333.33333333333
4335.89743589744
4335.38461538462
4321.53846153846
4310.25641025641
4309.74358974359
4311.28205128205
4317.94871794872
4328.71794871795
4321.53846153846
4311.28205128205
4319.48717948718
4325.12820512821
4317.94871794872
4311.28205128205
4309.74358974359
4311.79487179487
4311.79487179487
4310.76923076923
4311.79487179487
4304.61538461538
4296.41025641026
4302.05128205128
4306.66666666667
4303.07692307692
4302.05128205128
4302.05128205128
4305.12820512821
4310.76923076923
4305.12820512821
4301.53846153846
4304.61538461538
4302.05128205128
4297.4358974359
4303.07692307692
4309.23076923077
4309.74358974359
4308.71794871795
4308.71794871795
4309.74358974359
4310.76923076923
4310.25641025641
4307.69230769231
4306.15384615385
4308.71794871795
4311.28205128205
4310.25641025641
4305.64102564103
4307.17948717949
4311.28205128205
4308.71794871795
4305.64102564103
4311.79487179487
4310.76923076923
4300.51282051282
4302.5641025641
4312.82051282051
4315.38461538462
4309.23076923077
4308.20512820513
4320
4323.07692307692
4311.28205128205
4305.64102564103
4311.79487179487
4309.74358974359
4309.23076923077
4314.35897435897
4303.58974358974
4298.46153846154
4313.33333333333
4321.02564102564
4308.71794871795
4299.48717948718
4297.94871794872
4293.33333333333
4291.79487179487
4295.89743589744
4298.46153846154
4294.35897435897
4290.76923076923
4295.89743589744
4298.46153846154
4293.33333333333
4291.79487179487
4298.46153846154
4307.69230769231
4311.79487179487
4304.10256410256
4293.84615384615
4294.35897435897
4304.10256410256
4310.76923076923
4303.58974358974
4291.79487179487
4290.25641025641
4296.41025641026
4300
4307.17948717949
4305.64102564103
4294.35897435897
4293.84615384615
4299.48717948718
4297.94871794872
4294.8717948718
4294.8717948718
4293.84615384615
4294.35897435897
4293.84615384615
4293.84615384615
4294.8717948718
4293.33333333333
4297.94871794872
4302.5641025641
4300
4295.89743589744
4292.30769230769
4290.76923076923
4292.82051282051
4298.97435897436
4311.79487179487
4321.53846153846
4312.82051282051
4296.92307692308
4290.76923076923
4289.74358974359
4297.4358974359
4310.76923076923
4306.66666666667
4291.79487179487
4297.4358974359
4304.61538461538
4294.35897435897
4292.30769230769
4296.92307692308
4289.23076923077
4297.4358974359
4313.84615384615
4300.51282051282
4293.33333333333
4319.48717948718
4335.38461538462
4319.48717948718
4307.69230769231
4316.41025641026
4327.69230769231
4323.07692307692
4311.79487179487
4317.94871794872
4328.71794871795
4327.17948717949
4328.71794871795
4337.4358974359
4334.35897435897
4319.48717948718
4314.8717948718
4320
4322.5641025641
4324.10256410256
4325.12820512821
4321.02564102564
4309.74358974359
4301.02564102564
4303.07692307692
4310.76923076923
4310.25641025641
4308.71794871795
4311.28205128205
4310.25641025641
4309.23076923077
4313.33333333333
4312.82051282051
4309.74358974359
4311.28205128205
4310.25641025641
4310.25641025641
4323.07692307692
4326.15384615385
4310.25641025641
4313.33333333333
4330.25641025641
4319.48717948718
4306.66666666667
4319.48717948718
4325.64102564103
4316.92307692308
4313.84615384615
4321.53846153846
4330.25641025641
4322.05128205128
4305.64102564103
4312.30769230769
4325.64102564103
4316.41025641026
4309.74358974359
4321.02564102564
4326.66666666667
4318.46153846154
4312.30769230769
4318.97435897436
4325.12820512821
4322.5641025641
4321.53846153846
4325.64102564103
4327.69230769231
4327.69230769231
4327.69230769231
4319.48717948718
4313.84615384615
4317.4358974359
4323.58974358974
4322.05128205128
4304.61538461538
4293.33333333333
4308.71794871795
4323.07692307692
4306.66666666667
4294.8717948718
4311.79487179487
4325.64102564103
4312.82051282051
4297.94871794872
4305.64102564103
4320
4324.10256410256
4317.94871794872
4312.82051282051
4317.94871794872
4330.76923076923
4329.74358974359
4313.84615384615
4306.66666666667
4317.4358974359
4329.74358974359
4320.51282051282
4308.71794871795
4318.46153846154
4330.76923076923
4320.51282051282
4308.71794871795
4317.94871794872
4324.61538461538
4314.8717948718
4310.76923076923
4311.79487179487
4312.30769230769
4317.4358974359
4316.92307692308
4304.61538461538
4309.74358974359
4323.58974358974
4315.38461538462
4305.64102564103
4313.84615384615
4325.64102564103
4324.10256410256
4312.82051282051
4308.71794871795
4318.97435897436
4322.05128205128
4313.33333333333
4314.35897435897
4312.82051282051
4303.58974358974
4313.84615384615
4329.23076923077
4322.05128205128
4315.38461538462
4326.15384615385
4330.76923076923
4328.71794871795
4322.5641025641
4312.30769230769
4317.4358974359
4330.25641025641
4325.64102564103
4322.05128205128
4334.8717948718
4331.28205128205
4317.4358974359
4322.5641025641
4328.20512820513
4320
4324.61538461538
4337.94871794872
4327.17948717949
4309.23076923077
4307.17948717949
4315.38461538462
4319.48717948718
4318.46153846154
4317.94871794872
4318.46153846154
4317.94871794872
4315.38461538462
4309.74358974359
4304.61538461538
4306.66666666667
4312.82051282051
4315.38461538462
4308.20512820513
4304.61538461538
4314.35897435897
4321.02564102564
4311.28205128205
4297.4358974359
4298.97435897436
4307.17948717949
4302.5641025641
4294.8717948718
4301.02564102564
4311.79487179487
4321.02564102564
4327.69230769231
4321.53846153846
4318.97435897436
4328.20512820513
4328.20512820513
4325.12820512821
4332.82051282051
4342.05128205128
4342.5641025641
4336.92307692308
4330.25641025641
4333.84615384615
4337.94871794872
4330.25641025641
4327.17948717949
4335.38461538462
4334.35897435897
4319.48717948718
4314.35897435897
4320.51282051282
4316.92307692308
4312.82051282051
4318.97435897436
4320.51282051282
4308.71794871795
4305.12820512821
4313.84615384615
4312.82051282051
4302.05128205128
4302.05128205128
4309.23076923077
4303.58974358974
4298.97435897436
4310.76923076923
4315.38461538462
4303.07692307692
4296.41025641026
4295.89743589744
4297.94871794872
4306.15384615385
4309.74358974359
4307.69230769231
4310.25641025641
4312.30769230769
4305.12820512821
4305.12820512821
4304.10256410256
4295.38461538462
4304.61538461538
4315.38461538462
4303.07692307692
4301.53846153846
4315.38461538462
4305.12820512821
4296.92307692308
4311.79487179487
4308.71794871795
4296.41025641026
4303.07692307692
4307.17948717949
4298.97435897436
4304.61538461538
4314.8717948718
4307.69230769231
4295.89743589744
4294.35897435897
4297.4358974359
4293.84615384615
4292.82051282051
4302.05128205128
4304.10256410256
4297.4358974359
4302.05128205128
4309.23076923077
4298.97435897436
4291.79487179487
4295.89743589744
4297.4358974359
4294.8717948718
4288.71794871795
4287.17948717949
4296.41025641026
4297.94871794872
4295.38461538462
4303.07692307692
4301.53846153846
4290.76923076923
4300.51282051282
4307.69230769231
4294.35897435897
4293.84615384615
4304.61538461538
4298.97435897436
4291.28205128205
4298.97435897436
4305.12820512821
4302.5641025641
4297.4358974359
4292.30769230769
4293.33333333333
4295.89743589744
4295.38461538462
4299.48717948718
4302.5641025641
4296.41025641026
4294.8717948718
4295.38461538462
4284.61538461538
4281.02564102564
4294.35897435897
4300.51282051282
4295.38461538462
4294.35897435897
4300.51282051282
4304.10256410256
4297.4358974359
4288.20512820513
4297.4358974359
4310.25641025641
4311.28205128205
4310.25641025641
4304.61538461538
4298.46153846154
4300
4299.48717948718
4291.28205128205
4294.8717948718
4306.66666666667
4306.15384615385
4297.94871794872
4291.79487179487
4295.38461538462
4305.64102564103
4305.12820512821
4293.84615384615
4292.30769230769
4299.48717948718
4294.35897435897
4291.79487179487
4304.61538461538
4313.84615384615
4314.8717948718
4316.41025641026
4315.89743589744
4307.69230769231
4308.71794871795
4311.28205128205
4303.58974358974
4302.5641025641
4306.15384615385
4303.07692307692
4305.12820512821
4313.84615384615
4310.25641025641
4304.10256410256
4306.66666666667
4308.71794871795
4311.79487179487
4312.30769230769
4311.28205128205
4315.89743589744
4322.05128205128
4320
4311.28205128205
4310.25641025641
4315.38461538462
4314.35897435897
4309.23076923077
4311.28205128205
4317.4358974359
4318.97435897436
4316.41025641026
4312.30769230769
4311.79487179487
4317.94871794872
4318.46153846154
4311.79487179487
4310.25641025641
4315.38461538462
4312.82051282051
4303.07692307692
4304.10256410256
4312.82051282051
4312.30769230769
4304.10256410256
4308.20512820513
4313.84615384615
4308.71794871795
4310.76923076923
4317.4358974359
4313.84615384615
4310.25641025641
4311.79487179487
4308.20512820513
4309.74358974359
4312.82051282051
4303.58974358974
4303.07692307692
4320
4324.61538461538
4314.35897435897
4313.33333333333
4309.23076923077
4295.89743589744
4298.97435897436
4314.8717948718
4321.53846153846
4324.10256410256
4329.74358974359
4324.10256410256
4311.79487179487
4307.17948717949
4310.76923076923
4318.46153846154
4318.97435897436
4310.25641025641
4309.74358974359
4321.02564102564
4330.76923076923
4333.33333333333
4332.30769230769
4326.15384615385
4318.46153846154
4316.41025641026
4317.94871794872
4319.48717948718
4316.92307692308
4312.30769230769
4308.20512820513
4311.28205128205
4319.48717948718
4315.89743589744
4309.23076923077
4314.8717948718
4321.53846153846
4315.89743589744
4308.71794871795
4309.23076923077
4310.76923076923
4310.25641025641
4307.69230769231
4308.20512820513
4311.28205128205
4312.30769230769
4316.92307692308
4322.5641025641
4320
4311.79487179487
4309.74358974359
4312.82051282051
4310.25641025641
4307.69230769231
4311.28205128205
4309.74358974359
4298.97435897436
4293.84615384615
4299.48717948718
4303.58974358974
4300.51282051282
4293.33333333333
4293.84615384615
4309.74358974359
4314.35897435897
4301.02564102564
4301.53846153846
4314.8717948718
4312.30769230769
4305.12820512821
4309.74358974359
4312.30769230769
4309.23076923077
4308.20512820513
4311.79487179487
4311.28205128205
4304.10256410256
4303.58974358974
4312.82051282051
4314.8717948718
4310.25641025641
4309.74358974359
4308.20512820513
4308.20512820513
4313.33333333333
4311.28205128205
4303.58974358974
4305.12820512821
4311.28205128205
4308.71794871795
4307.69230769231
4313.33333333333
4311.28205128205
4306.66666666667
4317.94871794872
4321.53846153846
4303.07692307692
4301.02564102564
4318.46153846154
4318.46153846154
4309.23076923077
4315.38461538462
4323.58974358974
4326.15384615385
4329.23076923077
4327.17948717949
4332.30769230769
4347.17948717949
4351.79487179487
4343.07692307692
4339.48717948718
4343.58974358974
4341.02564102564
4336.41025641026
4339.48717948718
4347.69230769231
4344.10256410256
4331.79487179487
4332.82051282051
4337.4358974359
4331.79487179487
4324.61538461538
4326.66666666667
4330.25641025641
4323.58974358974
4311.79487179487
4310.76923076923
4313.84615384615
4308.20512820513
4310.76923076923
4318.97435897436
4314.35897435897
4311.79487179487
4321.02564102564
4320
4308.20512820513
4304.10256410256
