4308.20512820513
4309.23076923077
4315.38461538462
4320.51282051282
4317.94871794872
4317.94871794872
4320.51282051282
4320
4320
4319.48717948718
4320
4320.51282051282
4316.92307692308
4311.79487179487
4311.79487179487
4313.33333333333
4312.82051282051
4313.33333333333
4313.33333333333
4311.79487179487
4312.30769230769
4311.79487179487
4308.71794871795
4309.23076923077
4313.33333333333
4313.84615384615
4315.38461538462
4320
4320.51282051282
4317.94871794872
4318.97435897436
4320.51282051282
4319.48717948718
4319.48717948718
4320
4320
4319.48717948718
4320
4320
4317.94871794872
4317.4358974359
4318.97435897436
4318.46153846154
4318.46153846154
4318.97435897436
4315.89743589744
4312.82051282051
4310.76923076923
4303.58974358974
4300.51282051282
4307.17948717949
4310.25641025641
4306.15384615385
4310.76923076923
4320
4318.97435897436
4312.30769230769
4312.82051282051
4314.35897435897
4312.82051282051
4311.79487179487
4311.79487179487
4311.79487179487
4313.33333333333
4312.82051282051
4312.82051282051
4313.33333333333
4314.35897435897
4313.84615384615
4311.79487179487
4310.76923076923
4312.82051282051
4313.84615384615
4312.30769230769
4311.28205128205
4312.30769230769
4312.30769230769
4309.23076923077
4311.28205128205
4315.38461538462
4315.38461538462
4315.38461538462
4318.97435897436
4320.51282051282
4317.4358974359
4314.8717948718
4313.33333333333
4313.33333333333
4313.33333333333
4312.30769230769
4313.84615384615
4313.84615384615
4313.33333333333
4313.84615384615
4313.84615384615
4313.84615384615
4313.84615384615
4313.84615384615
4313.33333333333
4313.84615384615
4313.84615384615
4311.79487179487
4311.79487179487
4313.84615384615
4314.35897435897
4312.82051282051
4312.30769230769
4311.28205128205
4310.25641025641
4307.17948717949
4303.58974358974
4303.07692307692
4304.10256410256
4304.61538461538
4303.58974358974
4305.64102564103
4311.28205128205
4314.35897435897
4313.84615384615
4314.35897435897
4310.25641025641
4305.12820512821
4307.17948717949
4308.71794871795
4306.66666666667
4306.66666666667
4307.69230769231
4307.69230769231
4310.76923076923
4311.79487179487
4308.20512820513
4306.66666666667
4308.20512820513
4308.71794871795
4308.71794871795
4306.66666666667
4304.10256410256
4303.07692307692
4304.10256410256
4303.58974358974
4303.07692307692
4310.76923076923
4317.4358974359
4315.38461538462
4310.76923076923
4308.20512820513
4306.15384615385
4307.17948717949
4308.71794871795
4307.17948717949
4308.71794871795
4313.33333333333
4313.33333333333
4308.20512820513
4305.12820512821
4308.71794871795
4309.74358974359
4306.15384615385
4307.69230769231
4314.35897435897
4313.33333333333
4307.69230769231
4308.71794871795
4316.41025641026
4319.48717948718
4318.46153846154
4317.94871794872
4318.97435897436
4319.48717948718
4319.48717948718
4320
4320
4319.48717948718
4320
4319.48717948718
4315.38461538462
4310.25641025641
4309.74358974359
4311.28205128205
4309.74358974359
4310.76923076923
4316.41025641026
4319.48717948718
4317.94871794872
4314.35897435897
4310.25641025641
4307.17948717949
4307.17948717949
4307.17948717949
4308.71794871795
4311.79487179487
4314.35897435897
4317.94871794872
4320
4318.97435897436
4320
4318.46153846154
4312.82051282051
4311.79487179487
4313.33333333333
4313.33333333333
4312.30769230769
4312.82051282051
4315.38461538462
4317.94871794872
4318.97435897436
4318.46153846154
4318.97435897436
4319.48717948718
4318.97435897436
4318.46153846154
4317.94871794872
4318.46153846154
4317.94871794872
4317.94871794872
4317.94871794872
4318.97435897436
4320
4320
4319.48717948718
4320
4320
4319.48717948718
4319.48717948718
4319.48717948718
4319.48717948718
4319.48717948718
4319.48717948718
4319.48717948718
4319.48717948718
4319.48717948718
4319.48717948718
4319.48717948718
4319.48717948718
4319.48717948718
4319.48717948718
4319.48717948718
4319.48717948718
4319.48717948718
4319.48717948718
4319.48717948718
4319.48717948718
4319.48717948718
4319.48717948718
4319.48717948718
4319.48717948718
4319.48717948718
4319.48717948718
4319.48717948718
4319.48717948718
4319.48717948718
4320
4319.48717948718
4319.48717948718
4320
4321.02564102564
4321.02564102564
4321.02564102564
4321.02564102564
4321.02564102564
4321.02564102564
4321.02564102564
4320.51282051282
4320.51282051282
4321.02564102564
4321.02564102564
4320
4322.5641025641
4325.64102564103
4325.12820512821
4324.10256410256
4324.61538461538
4324.10256410256
4323.07692307692
4323.58974358974
4323.58974358974
4323.58974358974
4323.58974358974
4323.58974358974
4323.07692307692
4324.10256410256
4323.58974358974
4322.5641025641
4326.15384615385
4329.23076923077
4325.64102564103
4323.07692307692
4323.58974358974
4319.48717948718
4315.38461538462
4316.41025641026
4316.92307692308
4316.41025641026
4316.41025641026
4316.92307692308
4316.92307692308
4316.92307692308
4316.92307692308
4316.92307692308
4316.92307692308
4316.92307692308
4316.92307692308
4316.92307692308
4316.92307692308
4316.92307692308
4316.92307692308
4316.41025641026
4316.92307692308
4317.4358974359
4315.38461538462
4312.82051282051
4314.35897435897
4314.8717948718
4312.82051282051
4312.82051282051
4312.30769230769
4311.28205128205
4312.30769230769
4313.33333333333
4311.79487179487
4311.79487179487
4313.33333333333
4312.30769230769
4310.76923076923
4311.28205128205
4312.82051282051
4313.84615384615
4313.84615384615
4311.28205128205
4307.69230769231
4306.66666666667
4307.69230769231
4308.20512820513
4308.20512820513
4308.20512820513
4308.20512820513
4308.71794871795
4308.20512820513
4304.10256410256
4301.53846153846
4304.10256410256
4304.61538461538
4303.07692307692
4303.07692307692
4303.58974358974
4303.07692307692
4303.07692307692
4303.07692307692
4303.07692307692
4303.07692307692
4303.07692307692
4303.07692307692
4303.07692307692
4303.07692307692
4303.07692307692
4303.07692307692
4303.07692307692
4303.07692307692
4303.07692307692
4303.07692307692
4303.07692307692
4303.07692307692
4303.07692307692
4303.07692307692
4303.07692307692
4303.07692307692
4303.07692307692
4303.07692307692
4303.07692307692
4303.58974358974
4303.07692307692
4303.07692307692
4304.10256410256
4302.5641025641
4301.53846153846
4302.5641025641
4301.53846153846
4296.41025641026
4295.38461538462
4301.53846153846
4305.12820512821
4302.05128205128
4303.07692307692
4312.30769230769
4316.92307692308
4313.84615384615
4311.28205128205
4309.74358974359
4307.69230769231
4306.66666666667
4309.74358974359
4311.28205128205
4307.69230769231
4305.12820512821
4309.23076923077
4312.82051282051
4312.30769230769
4312.30769230769
4312.30769230769
4311.79487179487
4312.30769230769
4311.79487179487
4306.66666666667
4303.07692307692
4303.58974358974
4304.61538461538
4303.58974358974
4304.10256410256
4304.10256410256
4304.10256410256
4304.10256410256
4304.10256410256
4304.10256410256
4304.10256410256
4304.10256410256
4303.58974358974
4304.10256410256
4304.10256410256
4303.58974358974
4305.12820512821
4308.71794871795
4311.79487179487
4313.33333333333
4311.28205128205
4308.71794871795
4308.20512820513
4308.71794871795
4308.20512820513
4308.71794871795
4308.20512820513
4304.61538461538
4303.07692307692
4304.10256410256
4304.61538461538
4302.5641025641
4303.58974358974
4310.76923076923
4314.35897435897
4313.84615384615
4314.8717948718
4314.8717948718
4310.25641025641
4310.25641025641
4311.28205128205
4307.17948717949
4307.17948717949
4311.28205128205
4309.74358974359
4306.15384615385
4307.17948717949
4307.69230769231
4307.17948717949
4307.69230769231
4308.71794871795
4308.20512820513
4306.66666666667
4311.28205128205
4316.92307692308
4314.35897435897
4311.28205128205
4314.8717948718
4316.41025641026
4314.35897435897
4315.38461538462
4315.89743589744
4312.30769230769
4311.28205128205
4314.35897435897
4314.35897435897
4312.30769230769
4313.33333333333
4313.33333333333
4312.30769230769
4313.33333333333
4312.30769230769
4312.30769230769
4315.89743589744
4318.97435897436
4318.46153846154
4317.94871794872
4317.4358974359
4317.4358974359
4318.97435897436
4318.97435897436
4317.94871794872
4317.94871794872
4318.46153846154
4317.94871794872
4317.94871794872
4317.94871794872
4317.94871794872
4317.94871794872
4317.94871794872
4317.94871794872
4317.94871794872
4317.94871794872
4317.94871794872
4317.94871794872
4317.94871794872
4317.94871794872
4317.94871794872
4317.94871794872
4317.94871794872
4317.94871794872
4317.94871794872
4317.94871794872
4317.94871794872
4317.94871794872
4317.94871794872
4317.94871794872
4317.94871794872
4317.94871794872
4317.94871794872
4317.94871794872
4317.94871794872
4317.94871794872
4317.94871794872
4317.94871794872
4317.94871794872
4317.94871794872
4317.94871794872
4317.94871794872
4317.94871794872
4317.94871794872
4317.94871794872
4317.94871794872
4317.94871794872
4317.94871794872
4317.94871794872
4317.94871794872
4317.94871794872
4317.94871794872
4317.94871794872
4317.94871794872
4317.94871794872
4318.97435897436
4319.48717948718
4318.97435897436
4318.46153846154
4318.97435897436
4318.97435897436
4318.46153846154
4318.97435897436
4318.97435897436
4318.97435897436
4318.97435897436
4318.97435897436
4318.97435897436
4318.97435897436
4318.97435897436
4318.46153846154
4318.97435897436
4318.97435897436
4317.4358974359
4317.4358974359
4318.97435897436
4320
4319.48717948718
4319.48717948718
4320
4319.48717948718
4319.48717948718
4319.48717948718
4319.48717948718
4319.48717948718
4320
4319.48717948718
4319.48717948718
4322.05128205128
4324.10256410256
4325.12820512821
4325.12820512821
4321.02564102564
4317.4358974359
4317.94871794872
4318.97435897436
4317.4358974359
4317.4358974359
4318.46153846154
4317.94871794872
4317.94871794872
4318.97435897436
4320
4320
4317.94871794872
4317.4358974359
4319.48717948718
4319.48717948718
4317.4358974359
4317.94871794872
4318.97435897436
4314.8717948718
4311.79487179487
4312.82051282051
4315.89743589744
4317.94871794872
4317.94871794872
4316.92307692308
4316.92307692308
4316.92307692308
4316.41025641026
4316.92307692308
4316.92307692308
4316.41025641026
4317.4358974359
4319.48717948718
4319.48717948718
4317.94871794872
4317.94871794872
4318.46153846154
4317.94871794872
4317.94871794872
4317.94871794872
4317.94871794872
4317.94871794872
4318.46153846154
4317.94871794872
4317.94871794872
4318.97435897436
4319.48717948718
4318.97435897436
4318.46153846154
4319.48717948718
4321.02564102564
4317.94871794872
4313.84615384615
4312.82051282051
4313.33333333333
4314.35897435897
4317.4358974359
4318.46153846154
4317.94871794872
4318.97435897436
4318.97435897436
4317.94871794872
4318.46153846154
4317.94871794872
4317.94871794872
4317.94871794872
4318.46153846154
4318.46153846154
4317.94871794872
4318.46153846154
4318.97435897436
4314.35897435897
4309.23076923077
4309.23076923077
4311.79487179487
4311.79487179487
4312.82051282051
4316.92307692308
4318.97435897436
4320
4320
4316.41025641026
4311.79487179487
4309.74358974359
4308.20512820513
4306.15384615385
4307.17948717949
4309.74358974359
4310.76923076923
4311.79487179487
4313.33333333333
4313.84615384615
4312.82051282051
4313.84615384615
4313.84615384615
4309.74358974359
4306.66666666667
4307.69230769231
4307.69230769231
4304.61538461538
4310.25641025641
4318.97435897436
4317.4358974359
4312.30769230769
4313.84615384615
4313.84615384615
4312.30769230769
4313.84615384615
4313.33333333333
4313.84615384615
4318.46153846154
4320.51282051282
4318.97435897436
4318.97435897436
4319.48717948718
4317.94871794872
4317.94871794872
4318.46153846154
4317.94871794872
4317.94871794872
4317.94871794872
4317.94871794872
4317.94871794872
4317.94871794872
4318.46153846154
4319.48717948718
4320
4319.48717948718
4319.48717948718
4320
4319.48717948718
4320
4321.02564102564
4321.02564102564
4321.02564102564
4321.02564102564
4321.02564102564
4321.02564102564
4321.02564102564
4321.02564102564
4321.53846153846
4320.51282051282
4318.97435897436
4319.48717948718
4317.94871794872
4313.33333333333
4311.79487179487
4313.33333333333
4311.28205128205
4309.74358974359
4313.84615384615
4317.94871794872
4319.48717948718
4317.94871794872
4317.4358974359
4318.97435897436
4318.97435897436
4312.30769230769
4305.12820512821
4304.61538461538
4303.58974358974
4301.53846153846
4307.69230769231
4317.4358974359
4319.48717948718
4318.46153846154
4318.97435897436
4319.48717948718
4318.97435897436
4317.4358974359
4312.82051282051
4311.28205128205
4310.76923076923
4308.20512820513
4308.20512820513
4311.28205128205
4313.84615384615
4317.4358974359
4318.97435897436
4318.46153846154
4319.48717948718
4320.51282051282
4320.51282051282
4319.48717948718
4317.4358974359
4317.94871794872
4319.48717948718
4318.46153846154
4317.94871794872
4317.94871794872
4317.94871794872
4318.97435897436
4316.92307692308
4312.30769230769
4311.28205128205
4313.33333333333
4312.82051282051
4311.79487179487
4315.38461538462
4319.48717948718
4320
4318.97435897436
4319.48717948718
4319.48717948718
4317.4358974359
4317.94871794872
4319.48717948718
4314.35897435897
4310.25641025641
4315.38461538462
4319.48717948718
4317.4358974359
4316.92307692308
4317.94871794872
4317.4358974359
4318.46153846154
4319.48717948718
4317.94871794872
4317.94871794872
4318.46153846154
4317.94871794872
4317.94871794872
4317.94871794872
4317.94871794872
4317.94871794872
4317.94871794872
4317.94871794872
4317.94871794872
4317.94871794872
4317.94871794872
4317.94871794872
4317.94871794872
4317.94871794872
4317.94871794872
4317.94871794872
4317.94871794872
4317.94871794872
4317.94871794872
4317.94871794872
4317.94871794872
4317.94871794872
4317.94871794872
4317.94871794872
4317.94871794872
4317.94871794872
4317.94871794872
4317.94871794872
4317.94871794872
4317.94871794872
4317.94871794872
4317.94871794872
4317.94871794872
4317.94871794872
4318.97435897436
4318.97435897436
4318.97435897436
4319.48717948718
4317.94871794872
4316.92307692308
4317.94871794872
4320
4318.97435897436
4315.38461538462
4312.30769230769
4312.30769230769
4313.33333333333
4313.33333333333
4313.33333333333
4312.82051282051
4312.82051282051
4312.82051282051
4312.82051282051
4312.82051282051
4312.82051282051
4312.82051282051
4312.82051282051
4312.82051282051
4312.82051282051
4312.82051282051
4312.82051282051
4312.82051282051
4312.82051282051
4313.33333333333
4311.79487179487
4311.79487179487
4316.41025641026
4317.4358974359
4313.33333333333
4312.82051282051
4313.84615384615
4312.30769230769
4312.82051282051
4313.84615384615
4312.82051282051
4315.89743589744
4319.48717948718
4319.48717948718
4318.97435897436
4318.97435897436
4318.46153846154
4317.94871794872
4318.46153846154
4317.94871794872
4317.94871794872
4317.94871794872
4317.94871794872
4317.94871794872
4317.94871794872
4317.94871794872
4318.46153846154
4317.94871794872
4317.94871794872
4318.97435897436
4317.4358974359
4313.33333333333
4311.79487179487
4312.30769230769
4313.84615384615
4312.82051282051
4312.30769230769
4315.38461538462
4320
4320
4318.46153846154
4318.97435897436
4320
4319.48717948718
4318.97435897436
4318.46153846154
4319.48717948718
4318.97435897436
4316.92307692308
4316.92307692308
4318.97435897436
4318.97435897436
4317.94871794872
4317.4358974359
4318.46153846154
4319.48717948718
4320
4320
4320
4320
4320
4320
4320
4319.48717948718
4318.46153846154
4317.94871794872
4317.94871794872
4317.94871794872
4317.94871794872
4317.94871794872
4317.94871794872
4318.46153846154
4317.94871794872
4317.94871794872
4318.46153846154
4316.92307692308
4311.79487179487
4309.74358974359
4314.35897435897
4318.46153846154
4318.97435897436
4318.97435897436
4318.97435897436
4318.46153846154
4317.94871794872
4317.94871794872
4317.94871794872
4317.94871794872
4317.94871794872
4317.94871794872
4317.94871794872
4318.46153846154
4318.46153846154
4317.4358974359
4318.97435897436
4317.94871794872
4311.79487179487
4310.25641025641
4313.33333333333
4313.33333333333
4315.38461538462
4319.48717948718
4320
4318.97435897436
4319.48717948718
4319.48717948718
4318.97435897436
4318.46153846154
4316.92307692308
4317.4358974359
4318.97435897436
4318.46153846154
4317.94871794872
4317.94871794872
4317.94871794872
4317.94871794872
4318.46153846154
4317.94871794872
4317.94871794872
4318.97435897436
4316.92307692308
4309.74358974359
4307.69230769231
4313.33333333333
4314.8717948718
4312.30769230769
4312.30769230769
4314.35897435897
4313.84615384615
4313.33333333333
4313.84615384615
4313.84615384615
4313.84615384615
4313.84615384615
4313.84615384615
4313.84615384615
4313.33333333333
4313.33333333333
4313.84615384615
4313.33333333333
4313.33333333333
4317.94871794872
4321.02564102564
4319.48717948718
4318.46153846154
4320.51282051282
4320
4319.48717948718
4320.51282051282
4318.46153846154
4314.8717948718
4311.28205128205
4312.30769230769
4317.4358974359
4319.48717948718
4317.4358974359
4317.94871794872
4320
4318.97435897436
4317.4358974359
4318.46153846154
4318.46153846154
4317.94871794872
4317.94871794872
4317.94871794872
4317.94871794872
4317.94871794872
4317.94871794872
4317.94871794872
4317.94871794872
4317.94871794872
4317.94871794872
4317.94871794872
4317.94871794872
4317.94871794872
4317.94871794872
4317.94871794872
4317.94871794872
4317.94871794872
4317.94871794872
4317.94871794872
4317.94871794872
4317.94871794872
4317.94871794872
4317.94871794872
4317.94871794872
4317.94871794872
4317.94871794872
4317.94871794872
4317.94871794872
4317.94871794872
4317.94871794872
4317.94871794872
4317.94871794872
4317.94871794872
4317.94871794872
4317.94871794872
4317.94871794872
4318.46153846154
4318.97435897436
4317.94871794872
4317.94871794872
4319.48717948718
4315.38461538462
4307.69230769231
4305.64102564103
4309.74358974359
4310.25641025641
4308.20512820513
4310.25641025641
4315.89743589744
4319.48717948718
4318.97435897436
4318.97435897436
4320.51282051282
4320.51282051282
4318.46153846154
4314.8717948718
4313.33333333333
4314.35897435897
4313.33333333333
4310.76923076923
4311.79487179487
4313.84615384615
4312.82051282051
4311.28205128205
4314.35897435897
4319.48717948718
4318.97435897436
4317.94871794872
4318.97435897436
4318.97435897436
4317.4358974359
4317.94871794872
4318.46153846154
4317.94871794872
4317.94871794872
4318.46153846154
4318.46153846154
4317.94871794872
4317.94871794872
4318.97435897436
4315.89743589744
4310.25641025641
4311.28205128205
4314.35897435897
4311.28205128205
4312.30769230769
4318.46153846154
4318.97435897436
4317.4358974359
4318.97435897436
4319.48717948718
4317.94871794872
4317.94871794872
4318.46153846154
4317.94871794872
4317.94871794872
4317.94871794872
4317.94871794872
4317.94871794872
4317.94871794872
4317.94871794872
4317.94871794872
4317.94871794872
4317.94871794872
4317.94871794872
4317.94871794872
4318.97435897436
4319.48717948718
4318.46153846154
4318.46153846154
4318.97435897436
4318.46153846154
4318.46153846154
4318.97435897436
4318.97435897436
4318.97435897436
4318.97435897436
4318.97435897436
4318.97435897436
4318.97435897436
4318.97435897436
4318.97435897436
4318.97435897436
4318.97435897436
4318.97435897436
4318.97435897436
4318.46153846154
4318.46153846154
4318.97435897436
4318.46153846154
4317.94871794872
4318.97435897436
4320
4320
4319.48717948718
4320
4320
4319.48717948718
4319.48717948718
4320
4320
4319.48717948718
4320
4320
4316.41025641026
4312.30769230769
4312.30769230769
4313.84615384615
4316.41025641026
4319.48717948718
4320
4318.97435897436
4318.97435897436
4318.46153846154
4318.46153846154
4319.48717948718
4318.46153846154
4316.92307692308
4317.94871794872
4319.48717948718
4318.46153846154
4317.4358974359
4317.94871794872
4318.46153846154
4317.94871794872
4317.94871794872
4317.94871794872
4317.94871794872
4317.94871794872
4317.94871794872
4317.94871794872
4317.94871794872
4317.94871794872
4318.97435897436
4319.48717948718
4320
4321.02564102564
4317.4358974359
4312.30769230769
4312.82051282051
4314.8717948718
4308.71794871795
4303.07692307692
4309.23076923077
4318.46153846154
4320
4317.94871794872
4318.46153846154
4318.97435897436
4318.46153846154
4317.94871794872
4317.94871794872
4317.94871794872
4317.94871794872
4317.94871794872
4317.94871794872
4317.94871794872
4317.94871794872
4317.94871794872
4317.94871794872
4317.94871794872
4318.46153846154
4318.46153846154
4317.94871794872
4318.46153846154
4317.94871794872
4314.8717948718
4312.30769230769
4312.30769230769
4312.82051282051
4313.33333333333
4313.84615384615
4313.84615384615
4313.84615384615
4313.84615384615
4313.84615384615
4313.84615384615
4313.84615384615
4313.84615384615
4313.84615384615
4313.84615384615
4313.33333333333
4311.79487179487
4309.74358974359
4311.28205128205
4316.41025641026
4319.48717948718
4318.46153846154
4318.46153846154
4319.48717948718
4318.97435897436
4318.97435897436
4318.97435897436
4318.97435897436
4318.97435897436
4318.97435897436
4318.97435897436
4318.97435897436
4318.97435897436
4318.97435897436
4318.97435897436
4318.97435897436
4318.97435897436
4318.97435897436
4318.97435897436
4318.97435897436
4318.97435897436
4318.97435897436
4318.97435897436
4318.97435897436
4318.97435897436
4318.97435897436
4318.97435897436
4318.97435897436
4318.97435897436
4318.97435897436
4318.97435897436
4318.97435897436
4318.97435897436
4318.97435897436
4318.97435897436
4319.48717948718
4319.48717948718
4320
4320
4320
4319.48717948718
4320.51282051282
4319.48717948718
4314.8717948718
4311.79487179487
4312.30769230769
4312.82051282051
4312.82051282051
4313.84615384615
4313.84615384615
4313.84615384615
4313.84615384615
4313.84615384615
4313.84615384615
4313.84615384615
4313.84615384615
4313.84615384615
4313.84615384615
4313.84615384615
4313.84615384615
