
4397.4358974359
4397.94871794872
4400
4402.05128205128
4398.97435897436
4397.94871794872
4402.5641025641
4403.58974358974
4398.97435897436
4396.92307692308
4396.92307692308
4401.02564102564
4413.33333333333
4421.53846153846
4418.97435897436
4423.07692307692
4432.82051282051
4431.79487179487
4429.23076923077
4433.33333333333
4433.84615384615
4429.23076923077
4430.25641025641
4437.94871794872
4441.02564102564
4446.66666666667
4454.8717948718
4452.82051282051
4446.15384615385
4445.64102564103
4449.23076923077
4455.38461538462
4463.58974358974
4457.94871794872
4448.71794871795
4454.8717948718
4460.51282051282
4457.94871794872
4455.89743589744
4457.94871794872
4454.8717948718
4452.82051282051
4455.38461538462
4451.79487179487
4447.17948717949
4444.61538461538
4443.07692307692
4442.05128205128
4444.61538461538
4448.71794871795
4446.66666666667
4443.07692307692
4451.28205128205
4460.51282051282
4456.92307692308
4450.76923076923
4456.41025641026
4462.05128205128
4461.53846153846
4460
4458.97435897436
4458.46153846154
4460.51282051282
4462.05128205128
4461.53846153846
4460.51282051282
4460
4456.92307692308
4457.4358974359
4462.5641025641
4464.61538461538
4462.5641025641
4460
4459.48717948718
4455.89743589744
4451.28205128205
4455.89743589744
4457.94871794872
4445.64102564103
4442.5641025641
4457.94871794872
4458.46153846154
4444.10256410256
4443.58974358974
4454.8717948718
4456.92307692308
4446.15384615385
4441.53846153846
4447.17948717949
4448.20512820513
4440.51282051282
4437.4358974359
4436.41025641026
4430.76923076923
4424.10256410256
4423.58974358974
4428.20512820513
4430.25641025641
4425.64102564103
4419.48717948718
4420.51282051282
4426.66666666667
4427.69230769231
4424.61538461538
4425.12820512821
4426.66666666667
4426.15384615385
4427.17948717949
4430.25641025641
4426.66666666667
4418.46153846154
4416.92307692308
4414.35897435897
4410.25641025641
4417.94871794872
4427.69230769231
4425.64102564103
4426.66666666667
4431.28205128205
4424.10256410256
4416.41025641026
4420
4417.4358974359
4405.64102564103
4399.48717948718
4399.48717948718
4402.5641025641
4409.74358974359
4413.84615384615
4411.28205128205
4408.20512820513
4409.74358974359
4407.69230769231
4401.53846153846
4394.35897435897
4386.15384615385
4380.51282051282
4381.02564102564
4384.10256410256
4382.5641025641
4375.89743589744
4372.82051282051
4377.4358974359
4384.10256410256
4381.02564102564
4375.38461538462
4383.58974358974
4393.33333333333
4391.28205128205
4386.66666666667
4387.69230769231
4386.66666666667
4381.53846153846
4378.97435897436
4382.05128205128
4387.17948717949
4392.30769230769
4396.41025641026
4397.4358974359
4401.53846153846
4407.17948717949
4402.5641025641
4396.41025641026
4398.46153846154
4397.4358974359
4392.82051282051
4396.92307692308
4402.5641025641
4401.02564102564
4402.05128205128
4408.20512820513
4412.30769230769
4410.25641025641
4407.17948717949
4401.53846153846
4395.38461538462
4394.35897435897
4396.92307692308
4402.5641025641
4403.07692307692
4396.41025641026
4394.35897435897
4397.94871794872
4397.94871794872
4391.79487179487
4386.66666666667
4390.76923076923
4401.53846153846
4404.10256410256
4398.46153846154
4400
4401.53846153846
4393.84615384615
4386.66666666667
4388.71794871795
4393.33333333333
4395.38461538462
4401.53846153846
4407.17948717949
4404.61538461538
4399.48717948718
4400
4398.97435897436
4393.33333333333
4395.89743589744
4401.53846153846
4405.12820512821
4407.69230769231
4409.23076923077
4417.94871794872
4422.05128205128
4413.33333333333
4408.20512820513
4413.33333333333
4415.89743589744
4413.33333333333
4412.30769230769
4411.79487179487
4420
4427.69230769231
4420
4412.30769230769
4409.74358974359
4404.10256410256
4402.05128205128
4409.23076923077
4413.84615384615
4416.92307692308
4421.02564102564
4423.58974358974
4425.12820512821
4424.61538461538
4420.51282051282
4419.48717948718
4419.48717948718
4419.48717948718
4423.07692307692
4427.69230769231
4430.25641025641
4433.33333333333
4434.35897435897
4427.69230769231
4420
4416.41025641026
4419.48717948718
4427.17948717949
4427.17948717949
4421.02564102564
4417.94871794872
4420.51282051282
4425.64102564103
4423.07692307692
4412.30769230769
4410.76923076923
4413.33333333333
4411.79487179487
4415.89743589744
4418.97435897436
4415.38461538462
4412.82051282051
4409.74358974359
4409.23076923077
4404.10256410256
4392.82051282051
4396.41025641026
4411.28205128205
4419.48717948718
4426.15384615385
4429.74358974359
4420.51282051282
4414.35897435897
4411.28205128205
4405.64102564103
4408.71794871795
4412.82051282051
4412.82051282051
4415.38461538462
4417.4358974359
4421.53846153846
4431.28205128205
4427.69230769231
4414.35897435897
4411.28205128205
4408.20512820513
4404.10256410256
4414.8717948718
4428.71794871795
4422.05128205128
4412.82051282051
4422.05128205128
4427.69230769231
4419.48717948718
4416.92307692308
4428.20512820513
4430.76923076923
4422.5641025641
4421.02564102564
4427.17948717949
4431.28205128205
4430.25641025641
4430.25641025641
4427.17948717949
4418.46153846154
4411.28205128205
4408.20512820513
4415.38461538462
4425.12820512821
4426.66666666667
4425.64102564103
4430.25641025641
4431.79487179487
4429.74358974359
4426.15384615385
4420.51282051282
4422.05128205128
4427.17948717949
4427.17948717949
4425.64102564103
4420.51282051282
4414.35897435897
4421.53846153846
4430.25641025641
4426.66666666667
4423.58974358974
4430.76923076923
4429.74358974359
4420.51282051282
4424.61538461538
4432.30769230769
4427.69230769231
4427.69230769231
4426.66666666667
4413.84615384615
4412.30769230769
4429.23076923077
4439.48717948718
4441.53846153846
4441.53846153846
4438.46153846154
4432.82051282051
4423.58974358974
4428.20512820513
4443.58974358974
4442.5641025641
4431.79487179487
4431.28205128205
4432.82051282051
4432.82051282051
4439.48717948718
4446.15384615385
4447.17948717949
4444.10256410256
4431.28205128205
4413.33333333333
4405.64102564103
4405.64102564103
4403.07692307692
4400.51282051282
4400.51282051282
4398.97435897436
4396.92307692308
4400.51282051282
4405.64102564103
4407.17948717949
4402.5641025641
4399.48717948718
4403.07692307692
4405.12820512821
4398.97435897436
4393.33333333333
4396.92307692308
4400.51282051282
4398.46153846154
4399.48717948718
4406.66666666667
4412.30769230769
4414.35897435897
4413.84615384615
4411.79487179487
4413.33333333333
4413.84615384615
4406.15384615385
4401.02564102564
4407.17948717949
4412.82051282051
4418.46153846154
4425.64102564103
4423.07692307692
4415.89743589744
4417.4358974359
4415.89743589744
4404.10256410256
4396.41025641026
4397.4358974359
4399.48717948718
4398.97435897436
4398.46153846154
4397.4358974359
4395.89743589744
4396.41025641026
4394.35897435897
4388.20512820513
4387.69230769231
4393.33333333333
4395.38461538462
4395.38461538462
4395.89743589744
4395.38461538462
4397.4358974359
4402.05128205128
4399.48717948718
4393.33333333333
4394.8717948718
4400
4402.05128205128
4403.58974358974
4402.05128205128
4399.48717948718
4408.20512820513
4413.33333333333
4405.64102564103
4404.10256410256
4402.05128205128
4389.23076923077
4388.20512820513
4400.51282051282
4400
4396.92307692308
4402.05128205128
4400.51282051282
4396.41025641026
4398.46153846154
4392.30769230769
4384.61538461538
4393.33333333333
4400.51282051282
4390.25641025641
4388.71794871795
4403.58974358974
4405.64102564103
4392.30769230769
4384.61538461538
4383.07692307692
4384.10256410256
4392.30769230769
4397.94871794872
4397.94871794872
4401.02564102564
4402.5641025641
4400
4396.92307692308
4390.25641025641
4388.20512820513
4403.58974358974
4414.35897435897
4409.74358974359
4409.23076923077
4412.30769230769
4406.15384615385
4398.97435897436
4398.97435897436
4401.02564102564
4400.51282051282
4400
4402.5641025641
4408.71794871795
4413.33333333333
4410.76923076923
4407.17948717949
4404.61538461538
4401.53846153846
4398.46153846154
4396.41025641026
4394.35897435897
4394.8717948718
4402.05128205128
4412.30769230769
4415.38461538462
4411.28205128205
4411.79487179487
4416.41025641026
4415.38461538462
4411.28205128205
4407.17948717949
4400
4395.89743589744
4398.46153846154
4396.92307692308
4391.79487179487
4395.89743589744
4408.71794871795
4414.35897435897
4407.69230769231
4405.12820512821
4412.30769230769
4415.89743589744
4414.35897435897
4412.30769230769
4410.76923076923
4412.30769230769
4415.89743589744
4412.82051282051
4404.61538461538
4397.4358974359
4400
4410.76923076923
4424.61538461538
4429.74358974359
4421.02564102564
4417.94871794872
4423.07692307692
4418.46153846154
4411.28205128205
4413.33333333333
4414.35897435897
4414.8717948718
4420
4423.07692307692
4424.10256410256
4425.64102564103
4421.53846153846
4412.82051282051
4406.15384615385
4405.12820512821
4410.25641025641
4421.02564102564
4429.23076923077
4428.71794871795
4428.71794871795
4430.76923076923
4423.58974358974
4414.35897435897
4414.8717948718
4416.41025641026
4414.8717948718
4412.82051282051
4415.89743589744
4423.58974358974
4429.74358974359
4427.17948717949
4420
4418.46153846154
4417.94871794872
4418.97435897436
4423.58974358974
4429.23076923077
4433.33333333333
4432.30769230769
4432.82051282051
4439.48717948718
4446.15384615385
4443.58974358974
4435.89743589744
4429.74358974359
4426.66666666667
4424.61538461538
4429.23076923077
4442.5641025641
4448.71794871795
4444.10256410256
4443.58974358974
4442.5641025641
4440.51282051282
4441.53846153846
4438.46153846154
4434.8717948718
4442.5641025641
4447.69230769231
4443.58974358974
4443.07692307692
4440.51282051282
4430.76923076923
4425.64102564103
4425.12820512821
4426.66666666667
4430.25641025641
4429.74358974359
4426.15384615385
4427.69230769231
4434.8717948718
4441.53846153846
4437.94871794872
4432.30769230769
4438.46153846154
4444.10256410256
4440
4442.05128205128
4446.66666666667
4435.89743589744
4428.71794871795
4439.48717948718
4441.53846153846
4427.69230769231
4425.12820512821
4431.79487179487
4431.28205128205
4428.71794871795
4425.64102564103
4426.15384615385
4428.20512820513
4418.46153846154
4413.84615384615
4423.58974358974
4429.74358974359
4427.17948717949
4424.61538461538
4423.58974358974
4425.64102564103
4428.20512820513
4426.66666666667
4426.15384615385
4424.61538461538
4420.51282051282
4420
4415.89743589744
4409.23076923077
4409.23076923077
4412.82051282051
4415.89743589744
4414.8717948718
4409.74358974359
4411.79487179487
4416.92307692308
4414.35897435897
4413.84615384615
4417.4358974359
4413.33333333333
4412.30769230769
4424.10256410256
4425.64102564103
4413.84615384615
4412.82051282051
4414.8717948718
4403.58974358974
4392.82051282051
4396.41025641026
4405.64102564103
4411.79487179487
4415.38461538462
4417.4358974359
4415.38461538462
4404.10256410256
4389.74358974359
4388.71794871795
4396.92307692308
4396.41025641026
4392.82051282051
4402.5641025641
4410.25641025641
4403.07692307692
4396.92307692308
4397.94871794872
4398.46153846154
4395.89743589744
4392.30769230769
4387.17948717949
4386.66666666667
4393.33333333333
4395.89743589744
4390.76923076923
4383.07692307692
4376.41025641026
4371.28205128205
4369.74358974359
4373.84615384615
4384.10256410256
4388.71794871795
4387.17948717949
4389.74358974359
4390.25641025641
4385.12820512821
4383.07692307692
4379.48717948718
4368.71794871795
4363.07692307692
4367.17948717949
4376.41025641026
4383.07692307692
4378.46153846154
4376.41025641026
4380
4374.35897435897
4370.76923076923
4381.02564102564
4386.15384615385
4384.61538461538
4387.69230769231
4385.64102564103
4381.53846153846
4385.64102564103
4385.64102564103
4376.41025641026
4369.23076923077
4372.82051282051
4383.07692307692
4384.61538461538
4383.58974358974
4392.30769230769
4394.35897435897
4382.5641025641
4373.84615384615
4369.23076923077
4364.10256410256
4362.5641025641
4367.69230769231
4378.46153846154
4381.53846153846
4373.84615384615
4377.4358974359
4384.61538461538
4372.30769230769
4360
4362.5641025641
4364.10256410256
4366.66666666667
4372.30769230769
4372.30769230769
4372.30769230769
4373.84615384615
4368.71794871795
4363.58974358974
4366.66666666667
4368.20512820513
4369.23076923077
4375.89743589744
4381.53846153846
4382.5641025641
4383.58974358974
4381.53846153846
4375.89743589744
4381.02564102564
4396.41025641026
4396.92307692308
4385.12820512821
4388.20512820513
4400
4402.5641025641
4401.02564102564
4401.02564102564
4398.46153846154
4393.33333333333
4392.82051282051
4396.41025641026
4398.97435897436
4400.51282051282
4402.05128205128
4402.05128205128
4402.5641025641
4406.66666666667
4405.64102564103
4395.89743589744
4392.82051282051
4397.94871794872
4402.05128205128
4404.61538461538
4405.12820512821
4398.46153846154
4394.35897435897
4400.51282051282
4407.17948717949
4406.66666666667
4398.46153846154
4396.41025641026
4405.12820512821
4412.30769230769
4413.33333333333
4416.92307692308
4421.53846153846
4421.02564102564
4414.35897435897
4409.74358974359
4410.25641025641
4411.28205128205
4417.94871794872
4426.15384615385
4424.61538461538
4422.5641025641
4427.69230769231
4429.23076923077
4425.12820512821
4419.48717948718
4418.97435897436
4427.69230769231
4431.79487179487
4426.15384615385
4427.17948717949
4432.30769230769
4429.74358974359
4426.15384615385
4426.15384615385
4424.10256410256
4421.02564102564
4420.51282051282
4421.02564102564
4416.41025641026
4410.76923076923
4418.97435897436
4429.23076923077
4420.51282051282
4412.82051282051
4423.58974358974
4425.12820512821
4416.92307692308
4418.46153846154
4418.46153846154
4415.38461538462
4423.58974358974
4427.69230769231
4425.12820512821
4431.79487179487
4435.89743589744
4428.71794871795
4426.66666666667
4429.74358974359
4423.07692307692
4417.94871794872
4422.05128205128
4428.20512820513
4429.74358974359
4426.15384615385
4430.25641025641
4435.89743589744
4429.74358974359
4424.10256410256
4427.17948717949
4428.71794871795
4427.69230769231
4431.28205128205
4434.8717948718
4439.48717948718
4445.12820512821
4445.12820512821
4437.94871794872
4426.15384615385
4429.23076923077
4441.53846153846
4436.92307692308
4426.15384615385
4430.76923076923
4433.84615384615
4421.53846153846
4411.79487179487
4417.4358974359
4427.69230769231
4429.74358974359
4428.20512820513
4429.23076923077
4428.71794871795
4428.71794871795
4429.74358974359
4427.69230769231
4425.12820512821
4424.61538461538
4427.69230769231
4430.25641025641
4435.38461538462
4441.02564102564
4437.94871794872
4430.76923076923
4424.61538461538
4417.94871794872
4420
4428.20512820513
4429.74358974359
4432.30769230769
4441.02564102564
4443.07692307692
4445.12820512821
4448.20512820513
4444.61538461538
4441.02564102564
4442.5641025641
4442.5641025641
4443.07692307692
4446.15384615385
4443.07692307692
4436.41025641026
4438.46153846154
4442.5641025641
4438.46153846154
4428.20512820513
4419.48717948718
4417.4358974359
4422.5641025641
4428.20512820513
4425.64102564103
4424.10256410256
4434.8717948718
4442.05128205128
4433.33333333333
4421.02564102564
4418.46153846154
4416.92307692308
4411.28205128205
4415.38461538462
4425.12820512821
4425.12820512821
4416.92307692308
4414.35897435897
4415.89743589744
4407.69230769231
4400.51282051282
4408.71794871795
4415.38461538462
4407.17948717949
4403.07692307692
4415.89743589744
4422.05128205128
4415.38461538462
4413.84615384615
4417.94871794872
4417.4358974359
4411.79487179487
4405.64102564103
4404.10256410256
4405.12820512821
4409.23076923077
4411.79487179487
4408.20512820513
4404.10256410256
4404.10256410256
4405.12820512821
4395.38461538462
4382.5641025641
4386.15384615385
4400
4398.97435897436
4388.20512820513
4392.30769230769
4401.02564102564
4400
4398.46153846154
4400
4398.97435897436
4397.94871794872
4396.92307692308
4392.82051282051
4392.30769230769
4395.89743589744
4398.46153846154
4400
4396.92307692308
4390.25641025641
4391.28205128205
4399.48717948718
4400.51282051282
4396.92307692308
4396.41025641026
4399.48717948718
4398.97435897436
4397.94871794872
4395.38461538462
4390.25641025641
4390.76923076923
4397.94871794872
4399.48717948718
4397.94871794872
4399.48717948718
4397.94871794872
4392.30769230769
4384.10256410256
4374.8717948718
4371.28205128205
4372.82051282051
4378.97435897436
4382.05128205128
4375.89743589744
4374.35897435897
4377.94871794872
4373.33333333333
4371.28205128205
4374.8717948718
4369.23076923077
4365.64102564103
4372.82051282051
4373.33333333333
4372.30769230769
4381.02564102564
4385.64102564103
4378.97435897436
4373.84615384615
4376.41025641026
4373.33333333333
4363.58974358974
4366.15384615385
4375.38461538462
4374.35897435897
4370.76923076923
4372.82051282051
4377.4358974359
4383.58974358974
4383.07692307692
4380
4387.17948717949
4388.71794871795
4380.51282051282
4379.48717948718
4380
4377.94871794872
4378.46153846154
4373.33333333333
4363.58974358974
4365.12820512821
4367.69230769231
4366.66666666667
4377.94871794872
4384.61538461538
4377.4358974359
4376.92307692308
4382.05128205128
4380.51282051282
4380.51282051282
4385.12820512821
4382.5641025641
4374.35897435897
4373.33333333333
4378.97435897436
4383.07692307692
4381.53846153846
4382.05128205128
4384.10256410256
4379.48717948718
4376.41025641026
4379.48717948718
4386.66666666667
4390.76923076923
4392.82051282051
4397.94871794872
4400.51282051282
4393.33333333333
4384.10256410256
4387.17948717949
4391.79487179487
4385.12820512821
4381.02564102564
4389.74358974359
4401.02564102564
4398.97435897436
4390.25641025641
4390.76923076923
4393.84615384615
4387.69230769231
4385.64102564103
4396.41025641026
4400.51282051282
4399.48717948718
4408.20512820513
4414.35897435897
4414.8717948718
4417.4358974359
4413.33333333333
4400.51282051282
4396.41025641026
4398.97435897436
4400.51282051282
4401.53846153846
4405.64102564103
4411.28205128205
4413.84615384615
4411.28205128205
4411.79487179487
4416.92307692308
4415.89743589744
4412.30769230769
4414.8717948718
4416.41025641026
4413.84615384615
4415.89743589744
4419.48717948718
4412.82051282051
4402.05128205128
4400
4398.97435897436
4392.82051282051
4398.97435897436
4411.28205128205
4409.23076923077
4403.07692307692
4412.30769230769
4416.92307692308
4401.53846153846
4390.25641025641
4394.35897435897
4404.10256410256
4408.20512820513
4413.84615384615
4425.64102564103
4424.10256410256
4419.48717948718
4422.5641025641
4417.4358974359
4405.64102564103
4411.28205128205
4416.41025641026
4404.10256410256
4404.61538461538
4415.38461538462
4415.38461538462
4411.28205128205
4411.79487179487
4414.35897435897
4414.8717948718
4414.35897435897
4411.79487179487
4411.79487179487
4412.30769230769
4406.15384615385
4400.51282051282
4397.4358974359
4391.28205128205
4389.23076923077
4391.79487179487
4385.64102564103
4380.51282051282
4392.82051282051
4398.46153846154
4388.20512820513
4387.17948717949
4397.94871794872
4408.71794871795
4413.84615384615
4414.8717948718
4414.8717948718
4411.79487179487
4411.28205128205
4415.89743589744
4420
4421.02564102564
4420
4417.94871794872
4418.46153846154
4420.51282051282
4419.48717948718
4420.51282051282
4420
4411.28205128205
4415.38461538462
4427.17948717949
4423.07692307692
4411.79487179487
4407.17948717949
4405.12820512821
4406.66666666667
4413.33333333333
4414.8717948718
4411.28205128205
4414.35897435897
4417.94871794872
4417.4358974359
4417.4358974359
4414.35897435897
4414.8717948718
4422.05128205128
4423.58974358974
4418.97435897436
4421.02564102564
4427.17948717949
4431.28205128205
4430.76923076923
4418.46153846154
4408.71794871795
4417.94871794872
4426.15384615385
4423.58974358974
4426.15384615385
4433.33333333333
4429.23076923077
4420
4418.46153846154
4422.05128205128
4421.02564102564
4414.35897435897
4410.76923076923
4410.76923076923
4405.64102564103
4400
4403.58974358974
4412.30769230769
4412.30769230769
4405.12820512821
4404.61538461538
4409.23076923077
4407.17948717949
4402.05128205128
4399.48717948718
4398.46153846154
4404.61538461538
4411.28205128205
4412.82051282051
4409.23076923077
4401.02564102564
4396.92307692308
4398.46153846154
4400
4401.53846153846
4400
4396.92307692308
4400.51282051282
4406.15384615385
4402.5641025641
4397.94871794872
4395.89743589744
4395.89743589744
4397.94871794872
4398.46153846154
4400.51282051282
4408.20512820513
4414.35897435897
4411.79487179487
4409.74358974359
4412.82051282051
4407.69230769231
4396.41025641026
4394.35897435897
4398.97435897436
4401.53846153846
4402.05128205128
4401.53846153846
4395.38461538462
4390.25641025641
4394.8717948718
4398.46153846154
4395.38461538462
4398.97435897436
4410.76923076923
4415.89743589744
4411.28205128205
4401.53846153846
4389.23076923077
4387.17948717949
4393.33333333333
4391.28205128205
4389.23076923077
4396.41025641026
4398.97435897436
4394.35897435897
4394.35897435897
4392.30769230769
4383.07692307692
4378.46153846154
4381.53846153846
4381.53846153846
4374.35897435897
4371.28205128205
4375.38461538462
4380.51282051282
4386.66666666667
4391.79487179487
4393.84615384615
4397.4358974359
4402.05128205128
4405.64102564103
4405.12820512821
4400
4398.46153846154
4406.15384615385
4411.79487179487
4410.76923076923
4410.25641025641
4411.28205128205
4411.28205128205
4410.25641025641
4411.79487179487
4415.89743589744
4414.35897435897
4409.74358974359
4412.82051282051
4410.76923076923
4396.41025641026
4391.79487179487
4400
4404.61538461538
4406.66666666667
4413.33333333333
4414.8717948718
4406.66666666667
4402.05128205128
4408.20512820513
4412.82051282051
4409.23076923077
4408.20512820513
4411.79487179487
4410.76923076923
4412.30769230769
4418.46153846154
4415.89743589744
4412.30769230769
4423.58974358974
4429.74358974359
4422.5641025641
4422.05128205128
4429.23076923077
4436.92307692308
4444.10256410256
4440.51282051282
4434.35897435897
4440
4440.51282051282
4429.23076923077
4423.07692307692
4426.66666666667
4426.15384615385
4427.17948717949
4436.92307692308
