P7
4635.89743589744
4641.02564102564
4649.74358974359
4650.76923076923
4647.17948717949
4641.02564102564
4638.97435897436
4644.61538461538
4647.69230769231
4645.12820512821
4638.97435897436
4637.94871794872
4650.76923076923
4655.89743589744
4645.12820512821
4649.23076923077
4664.10256410256
4661.02564102564
4652.30769230769
4657.4358974359
4655.38461538462
4640
4633.33333333333
4643.58974358974
4651.28205128205
4649.23076923077
4647.17948717949
4649.74358974359
4651.28205128205
4644.10256410256
4639.48717948718
4650.25641025641
4662.5641025641
4654.8717948718
4643.58974358974
4651.79487179487
4660
4651.28205128205
4646.15384615385
4650.76923076923
4647.69230769231
4646.15384615385
4656.41025641026
4657.94871794872
4649.74358974359
4647.69230769231
4649.23076923077
4646.15384615385
4644.61538461538
4653.84615384615
4657.4358974359
4650.25641025641
4653.33333333333
4663.58974358974
4660.51282051282
4654.35897435897
4657.94871794872
4660.51282051282
4663.58974358974
4664.61538461539
4658.46153846154
4654.8717948718
4654.8717948718
4650.25641025641
4646.66666666667
4649.23076923077
4651.28205128205
4645.64102564103
4642.05128205128
4648.20512820513
4651.79487179487
4648.20512820513
4645.12820512821
4643.07692307692
4640
4640
4643.58974358974
4647.69230769231
4646.15384615385
4640
4641.53846153846
4649.74358974359
4649.74358974359
4645.12820512821
4646.15384615385
4650.25641025641
4650.25641025641
4649.23076923077
4655.38461538462
4657.94871794872
4647.17948717949
4643.58974358974
4654.8717948718
4652.82051282051
4641.02564102564
4643.58974358974
4652.30769230769
4652.30769230769
4647.17948717949
4643.58974358974
4643.58974358974
4647.69230769231
4649.23076923077
4647.69230769231
4649.74358974359
4650.76923076923
4647.17948717949
4648.71794871795
4659.48717948718
4662.05128205128
4652.30769230769
4646.15384615385
4644.61538461538
4644.61538461538
4648.20512820513
4649.74358974359
4647.69230769231
4649.74358974359
4648.71794871795
4643.58974358974
4649.74358974359
4656.92307692308
4653.33333333333
4645.64102564103
4637.94871794872
4631.28205128205
4632.82051282051
4642.5641025641
4649.23076923077
4648.71794871795
4646.15384615385
4652.30769230769
4657.4358974359
4651.79487179487
4648.20512820513
4649.74358974359
4646.66666666667
4646.15384615385
4651.79487179487
4645.12820512821
4633.84615384615
4639.48717948718
4654.8717948718
4657.94871794872
4648.20512820513
4638.97435897436
4641.02564102564
4648.20512820513
4645.64102564103
4642.05128205128
4645.64102564103
4647.17948717949
4642.5641025641
4645.12820512821
4647.69230769231
4640.51282051282
4641.02564102564
4652.30769230769
4656.41025641026
4656.92307692308
4661.02564102564
4658.46153846154
4655.89743589744
4658.46153846154
4649.74358974359
4645.12820512821
4656.41025641026
4661.53846153846
4656.92307692308
4659.48717948718
4663.58974358974
4663.07692307692
4664.61538461539
4666.66666666667
4661.02564102564
4657.94871794872
4655.89743589744
4648.71794871795
4654.35897435897
4666.66666666667
4661.02564102564
4652.82051282051
4663.07692307692
4668.20512820513
4655.89743589744
4647.17948717949
4648.20512820513
4655.89743589744
4651.28205128205
4641.02564102564
4649.23076923077
4656.92307692308
4647.17948717949
4641.53846153846
4652.82051282051
4660
4657.94871794872
4656.41025641026
4656.41025641026
4657.4358974359
4651.28205128205
4646.66666666667
4652.82051282051
4660
4660
4663.07692307692
4664.61538461539
4653.84615384615
4653.33333333333
4666.15384615385
4666.66666666667
4658.46153846154
4661.53846153846
4668.71794871795
4667.17948717949
4663.58974358974
4662.05128205128
4664.10256410256
4666.15384615385
4661.53846153846
4656.41025641026
4662.5641025641
4668.20512820513
4656.41025641026
4643.58974358974
4648.71794871795
4660
4661.02564102564
4658.46153846154
4654.8717948718
4651.79487179487
4660
4668.71794871795
4665.12820512821
4663.07692307692
4664.61538461539
4663.58974358974
4667.17948717949
4672.30769230769
4666.15384615385
4659.48717948718
4666.66666666667
4672.30769230769
4667.69230769231
4669.23076923077
4671.79487179487
4662.05128205128
4656.41025641026
4662.05128205128
4664.61538461539
4668.20512820513
4672.82051282051
4666.15384615385
4658.46153846154
4665.12820512821
4674.8717948718
4674.8717948718
4672.30769230769
4672.82051282051
4668.20512820513
4659.48717948718
4661.02564102564
4664.61538461539
4657.4358974359
4657.4358974359
4669.23076923077
4674.35897435897
4673.84615384615
4676.41025641026
4676.41025641026
4668.71794871795
4658.46153846154
4655.38461538462
4661.53846153846
4665.64102564103
4665.12820512821
4664.10256410256
4661.53846153846
4666.15384615385
4675.38461538462
4673.33333333333
4664.61538461539
4656.41025641026
4648.71794871795
4650.25641025641
4663.07692307692
4669.74358974359
4658.97435897436
4644.61538461538
4650.76923076923
4667.69230769231
4664.10256410256
4653.84615384615
4666.15384615385
4675.38461538462
4664.61538461539
4660.51282051282
4662.5641025641
4659.48717948718
4664.10256410256
4676.41025641026
4677.4358974359
4670.25641025641
4664.10256410256
4661.53846153846
4664.10256410256
4665.12820512821
4665.64102564103
4665.64102564103
4663.07692307692
4668.20512820513
4673.84615384615
4666.15384615385
4658.97435897436
4663.58974358974
4666.66666666667
4663.58974358974
4664.10256410256
4663.58974358974
4660.51282051282
4667.69230769231
4675.38461538462
4662.05128205128
4652.82051282051
4671.28205128205
4675.89743589744
4661.02564102564
4664.10256410256
4670.25641025641
4664.61538461539
4666.15384615385
4668.20512820513
4657.94871794872
4649.23076923077
4654.35897435897
4667.69230769231
4678.46153846154
4676.41025641026
4667.69230769231
4662.05128205128
4662.05128205128
4665.12820512821
4664.10256410256
4663.58974358974
4664.10256410256
4658.97435897436
4654.8717948718
4660.51282051282
4671.28205128205
4673.84615384615
4672.82051282051
4672.30769230769
4661.02564102564
4645.12820512821
4644.61538461538
4652.30769230769
4649.74358974359
4646.15384615385
4649.23076923077
4648.20512820513
4648.20512820513
4646.15384615385
4637.94871794872
4640
4647.69230769231
4644.10256410256
4641.53846153846
4647.17948717949
4646.15384615385
4640
4635.89743589744
4628.71794871795
4630.76923076923
4643.58974358974
4647.69230769231
4647.17948717949
4649.23076923077
4644.10256410256
4643.07692307692
4648.20512820513
4643.07692307692
4637.4358974359
4646.66666666667
4652.30769230769
4648.20512820513
4649.23076923077
4651.28205128205
4647.69230769231
4647.69230769231
4649.74358974359
4645.12820512821
4639.48717948718
4641.02564102564
4644.61538461538
4646.15384615385
4649.23076923077
4647.69230769231
4643.07692307692
4646.15384615385
4644.61538461538
4631.79487179487
4631.28205128205
4642.5641025641
4639.48717948718
4633.84615384615
4643.58974358974
4643.58974358974
4630.76923076923
4632.30769230769
4643.07692307692
4643.07692307692
4638.46153846154
4638.46153846154
4641.53846153846
4645.12820512821
4643.07692307692
4637.94871794872
4640.51282051282
4651.28205128205
4648.20512820513
4638.97435897436
4650.25641025641
4656.41025641026
4636.92307692308
4629.23076923077
4643.58974358974
4649.23076923077
4645.64102564103
4648.20512820513
4645.64102564103
4634.8717948718
4633.33333333333
4640.51282051282
4642.5641025641
4644.10256410256
4643.58974358974
4634.8717948718
4633.33333333333
4645.64102564103
4645.64102564103
4633.33333333333
4630.76923076923
4632.30769230769
4627.69230769231
4630.25641025641
4641.53846153846
4646.66666666667
4646.66666666667
4646.66666666667
4641.53846153846
4632.82051282051
4626.66666666667
4628.20512820513
4640
4648.71794871795
4649.74358974359
4645.64102564103
4636.92307692308
4636.92307692308
4645.64102564103
4644.10256410256
4640
4647.17948717949
4647.69230769231
4641.53846153846
4641.53846153846
4644.61538461538
4642.5641025641
4635.89743589744
4636.41025641026
4643.58974358974
4644.61538461538
4642.5641025641
4643.58974358974
4640.51282051282
4640
4648.20512820513
4651.28205128205
4646.66666666667
4645.64102564103
4653.33333333333
4655.38461538462
4648.20512820513
4646.15384615385
4645.64102564103
4634.35897435897
4630.25641025641
4641.02564102564
4647.17948717949
4646.66666666667
4649.74358974359
4650.76923076923
4647.69230769231
4646.66666666667
4647.69230769231
4646.66666666667
4647.69230769231
4643.07692307692
4633.33333333333
4639.48717948718
4652.30769230769
4651.28205128205
4645.64102564103
4643.07692307692
4641.53846153846
4645.12820512821
4650.25641025641
4651.28205128205
4643.58974358974
4631.28205128205
4636.92307692308
4651.79487179487
4649.23076923077
4639.48717948718
4637.94871794872
4637.94871794872
4637.94871794872
4643.58974358974
4646.66666666667
4648.20512820513
4647.69230769231
4641.53846153846
4636.41025641026
4631.28205128205
4627.69230769231
4637.4358974359
4654.8717948718
4654.35897435897
4647.69230769231
4648.20512820513
4641.02564102564
4630.76923076923
4631.79487179487
4637.4358974359
4640
4641.02564102564
4642.05128205128
4645.64102564103
4648.71794871795
4647.69230769231
4644.10256410256
4643.58974358974
4649.23076923077
4649.23076923077
4643.07692307692
4645.64102564103
4651.79487179487
4648.71794871795
4645.12820512821
4651.28205128205
4654.35897435897
4651.28205128205
4646.15384615385
4641.53846153846
4641.02564102564
4644.10256410256
4649.74358974359
4653.33333333333
4649.74358974359
4652.30769230769
4658.97435897436
4644.61538461538
4633.33333333333
4649.23076923077
4655.89743589744
4645.12820512821
4645.64102564103
4649.74358974359
4648.20512820513
4647.69230769231
4643.07692307692
4637.94871794872
4643.58974358974
4649.74358974359
4648.71794871795
4646.66666666667
4644.61538461538
4644.61538461538
4648.20512820513
4648.71794871795
4643.58974358974
4643.07692307692
4647.17948717949
4650.25641025641
4647.17948717949
4640.51282051282
4637.94871794872
4641.02564102564
4642.05128205128
4643.07692307692
4645.12820512821
4644.10256410256
4641.02564102564
4644.61538461538
4646.66666666667
4645.64102564103
4643.58974358974
4634.35897435897
4629.23076923077
4634.8717948718
4635.89743589744
4630.25641025641
4632.30769230769
4635.89743589744
4633.33333333333
4635.38461538462
4640
4645.64102564103
4648.20512820513
4642.05128205128
4638.97435897436
4646.66666666667
4651.28205128205
4649.23076923077
4646.15384615385
4642.05128205128
4642.05128205128
4647.69230769231
4650.25641025641
4645.64102564103
4642.5641025641
4646.15384615385
4648.20512820513
4647.69230769231
4654.8717948718
4662.05128205128
4653.84615384615
4647.17948717949
4652.82051282051
4657.94871794872
4657.94871794872
4651.79487179487
4649.74358974359
4650.25641025641
4640.51282051282
4633.33333333333
4645.64102564103
4657.4358974359
4657.4358974359
4658.97435897436
4656.92307692308
4648.71794871795
4645.64102564103
4648.20512820513
4648.71794871795
4641.53846153846
4639.48717948718
4642.5641025641
4642.05128205128
4646.15384615385
4655.38461538462
4654.8717948718
4649.74358974359
4650.76923076923
4651.28205128205
4648.71794871795
4647.69230769231
4646.66666666667
4646.66666666667
4647.69230769231
4645.64102564103
4640.51282051282
4634.8717948718
4630.25641025641
4630.25641025641
4643.58974358974
4655.38461538462
4651.28205128205
4644.10256410256
4646.15384615385
4649.23076923077
4651.79487179487
4649.23076923077
4637.4358974359
4631.79487179487
4637.4358974359
4645.12820512821
4647.69230769231
4645.12820512821
4646.66666666667
4643.58974358974
4632.30769230769
4635.89743589744
4657.94871794872
4663.58974358974
4649.23076923077
4643.07692307692
4646.66666666667
4649.74358974359
4651.28205128205
4648.71794871795
4642.5641025641
4636.92307692308
4637.94871794872
4649.23076923077
4648.71794871795
4640.51282051282
4650.25641025641
4659.48717948718
4652.82051282051
4645.64102564103
4642.05128205128
4637.94871794872
4639.48717948718
4644.10256410256
4650.25641025641
4649.74358974359
4641.53846153846
4647.17948717949
4657.94871794872
4649.23076923077
4635.38461538462
4632.82051282051
4637.4358974359
4642.5641025641
4641.53846153846
4640
4645.64102564103
4640
4628.71794871795
4634.35897435897
4644.61538461538
4638.46153846154
4629.23076923077
4635.38461538462
4641.53846153846
4640.51282051282
4641.53846153846
4640
4631.28205128205
4630.76923076923
4644.61538461538
4648.71794871795
4641.02564102564
4640.51282051282
4645.12820512821
4645.64102564103
4648.71794871795
4649.74358974359
4640.51282051282
4639.48717948718
4648.71794871795
4646.66666666667
4641.53846153846
4648.20512820513
4652.82051282051
4649.23076923077
4647.69230769231
4650.25641025641
4648.20512820513
4640
4641.53846153846
4647.69230769231
4642.5641025641
4642.5641025641
4646.66666666667
4636.41025641026
4626.15384615385
4635.89743589744
4646.66666666667
4644.61538461538
4640.51282051282
4642.05128205128
4640.51282051282
4632.30769230769
4637.94871794872
4649.74358974359
4650.25641025641
4646.15384615385
4641.53846153846
4632.82051282051
4630.76923076923
4636.41025641026
4645.64102564103
4648.20512820513
4637.4358974359
4635.89743589744
4649.74358974359
4653.84615384615
4645.64102564103
4640
4638.97435897436
4643.58974358974
4648.71794871795
4643.07692307692
4638.97435897436
4640.51282051282
4644.10256410256
4640
4631.79487179487
4636.92307692308
4648.71794871795
4647.17948717949
4638.46153846154
4634.8717948718
4633.33333333333
4633.33333333333
4633.84615384615
4631.79487179487
4632.30769230769
4634.35897435897
4632.82051282051
4633.84615384615
4631.79487179487
4626.15384615385
4630.76923076923
4639.48717948718
4634.8717948718
4633.33333333333
4642.5641025641
4640.51282051282
4631.79487179487
4631.28205128205
4632.82051282051
4634.8717948718
4630.76923076923
4621.02564102564
4626.66666666667
4636.41025641026
4633.33333333333
4634.8717948718
4643.07692307692
4636.92307692308
4628.71794871795
4629.74358974359
4632.30769230769
4633.84615384615
4632.30769230769
4634.35897435897
4644.10256410256
4650.25641025641
4648.71794871795
4640.51282051282
4632.30769230769
4635.38461538462
4640
4632.82051282051
4629.74358974359
4637.94871794872
4638.46153846154
4627.17948717949
4618.46153846154
4624.61538461538
4639.48717948718
4643.07692307692
4633.84615384615
4628.71794871795
4632.82051282051
4633.84615384615
4632.30769230769
4633.33333333333
4626.66666666667
4622.5641025641
4634.8717948718
4642.5641025641
4637.94871794872
4639.48717948718
4643.07692307692
4635.89743589744
4629.74358974359
4629.23076923077
4629.23076923077
4629.74358974359
4631.28205128205
4637.4358974359
4641.02564102564
4638.97435897436
4644.61538461538
4645.12820512821
4633.33333333333
4632.82051282051
4637.4358974359
4634.35897435897
4639.48717948718
4651.79487179487
4650.25641025641
4644.10256410256
4644.10256410256
4643.58974358974
4642.05128205128
4638.97435897436
4635.89743589744
4632.30769230769
4630.76923076923
4635.89743589744
4643.58974358974
4644.10256410256
4638.46153846154
4641.53846153846
4645.12820512821
4637.4358974359
4635.89743589744
4640
4635.38461538462
4632.82051282051
4642.05128205128
4643.07692307692
4634.35897435897
4628.20512820513
4626.15384615385
4628.71794871795
4633.84615384615
4637.4358974359
4635.38461538462
4629.23076923077
4634.8717948718
4642.5641025641
4636.92307692308
4634.35897435897
4642.5641025641
4642.5641025641
4634.35897435897
4630.25641025641
4632.30769230769
4641.53846153846
4643.07692307692
4634.8717948718
4635.89743589744
4643.07692307692
4642.05128205128
4641.53846153846
4645.12820512821
4638.97435897436
4629.74358974359
4632.30769230769
4642.05128205128
4643.07692307692
4632.82051282051
4632.82051282051
4644.61538461538
4647.17948717949
4641.02564102564
4640
4642.05128205128
4642.5641025641
4641.02564102564
4631.79487179487
4631.28205128205
4640.51282051282
4636.41025641026
4628.71794871795
4633.84615384615
4636.92307692308
4634.35897435897
4639.48717948718
4642.5641025641
4632.82051282051
4629.74358974359
4635.38461538462
4635.89743589744
4633.84615384615
4634.35897435897
4631.79487179487
4629.23076923077
4631.79487179487
4635.89743589744
4635.38461538462
4630.25641025641
4630.25641025641
4634.8717948718
4630.25641025641
4623.58974358974
4626.15384615385
4627.69230769231
4625.12820512821
4626.66666666667
4625.64102564103
4620
4616.92307692308
4616.41025641026
4617.94871794872
4619.48717948718
4616.41025641026
4618.97435897436
4626.15384615385
4625.64102564103
4626.66666666667
4633.33333333333
4633.84615384615
4631.79487179487
4632.82051282051
4635.38461538462
4633.33333333333
4626.15384615385
4626.66666666667
4629.74358974359
4625.12820512821
4625.64102564103
4632.30769230769
4634.8717948718
4640.51282051282
4646.15384615385
4638.46153846154
4633.33333333333
4632.30769230769
4632.30769230769
4634.8717948718
4632.82051282051
4633.33333333333
4641.53846153846
4638.97435897436
4630.25641025641
4634.35897435897
4637.4358974359
4630.76923076923
4631.28205128205
4635.38461538462
4632.82051282051
4630.25641025641
4630.25641025641
4634.8717948718
4643.07692307692
4641.53846153846
4632.82051282051
4628.71794871795
4630.76923076923
4633.33333333333
4634.35897435897
4631.79487179487
4628.71794871795
4634.35897435897
4641.02564102564
4641.02564102564
4640
4641.02564102564
4639.48717948718
4640
4644.10256410256
4642.05128205128
4632.30769230769
4628.20512820513
4633.84615384615
4631.28205128205
4623.07692307692
4628.71794871795
4642.05128205128
4642.5641025641
4633.84615384615
4629.74358974359
4632.30769230769
4632.82051282051
4624.61538461538
4621.53846153846
4632.82051282051
4636.41025641026
4628.71794871795
4632.82051282051
4645.12820512821
4645.64102564103
4645.12820512821
4644.10256410256
4634.8717948718
4629.74358974359
4633.33333333333
4634.35897435897
4631.79487179487
4629.23076923077
4631.79487179487
4640
4635.38461538462
4628.71794871795
4640
4645.12820512821
4633.33333333333
4629.74358974359
4636.41025641026
4638.46153846154
4640
4642.05128205128
4634.8717948718
4625.12820512821
4624.10256410256
4625.64102564103
4625.12820512821
4630.25641025641
4637.94871794872
4633.84615384615
4626.15384615385
4634.8717948718
4641.02564102564
4624.10256410256
4611.79487179487
4622.05128205128
4628.20512820513
4621.53846153846
4624.10256410256
4632.30769230769
4630.76923076923
4626.15384615385
4626.66666666667
4624.10256410256
4612.30769230769
4611.28205128205
4616.41025641026
4609.74358974359
4607.17948717949
4615.89743589744
4615.89743589744
4608.71794871795
4610.76923076923
4622.5641025641
4624.61538461538
4616.41025641026
4615.89743589744
4626.15384615385
4630.76923076923
4628.71794871795
4631.28205128205
4631.79487179487
4629.74358974359
4629.74358974359
4629.23076923077
4629.74358974359
4634.35897435897
4641.53846153846
4642.05128205128
4635.38461538462
4630.76923076923
4633.84615384615
4638.97435897436
4640
4642.05128205128
4639.48717948718
4629.74358974359
4631.79487179487
4645.12820512821
4645.12820512821
4640
4645.64102564103
4649.23076923077
4646.66666666667
4646.15384615385
4648.20512820513
4650.25641025641
4641.02564102564
4627.69230769231
4637.94871794872
4654.8717948718
4651.28205128205
4646.15384615385
4644.10256410256
4634.35897435897
4632.82051282051
4642.05128205128
4642.5641025641
4641.53846153846
4648.20512820513
4650.25641025641
4644.10256410256
4640.51282051282
4641.02564102564
4642.5641025641
4641.53846153846
4641.02564102564
4641.53846153846
4635.89743589744
4635.89743589744
4649.23076923077
4652.82051282051
4640.51282051282
4637.94871794872
4647.17948717949
4649.23076923077
4643.07692307692
4644.10256410256
4649.23076923077
4644.61538461538
4637.4358974359
4641.02564102564
4644.10256410256
4639.48717948718
4638.46153846154
4641.02564102564
4634.35897435897
4630.76923076923
4642.05128205128
4646.15384615385
4638.97435897436
4640.51282051282
4643.07692307692
4637.4358974359
4635.89743589744
4637.4358974359
4633.33333333333
4624.10256410256
4624.10256410256
4636.41025641026
4645.12820512821
4643.58974358974
4640.51282051282
4635.38461538462
4632.30769230769
4634.8717948718
4632.82051282051
4634.35897435897
4638.97435897436
4635.89743589744
4634.8717948718
4640.51282051282
4641.02564102564
4633.84615384615
4625.64102564103
4627.17948717949
4638.46153846154
4638.97435897436
4630.76923076923
4638.46153846154
4649.23076923077
4640.51282051282
4629.74358974359
4635.38461538462
4637.94871794872
4625.12820512821
4623.07692307692
4638.97435897436
4640.51282051282
4631.28205128205
4633.33333333333
4635.38461538462
4631.28205128205
4634.35897435897
4634.35897435897
4630.25641025641
4638.46153846154
4648.71794871795
4644.10256410256
4634.8717948718
4630.25641025641
4626.66666666667
4624.10256410256
4627.17948717949
4629.74358974359
4627.69230769231
4633.84615384615
4644.61538461538
4638.46153846154
4629.74358974359
4634.8717948718
4630.76923076923
4621.53846153846
4630.76923076923
4644.61538461538
4644.10256410256
4634.8717948718
4632.82051282051
4637.4358974359
4643.07692307692
4642.05128205128
4636.41025641026
4632.82051282051
4636.92307692308
4647.69230769231
4644.61538461538
4631.28205128205
4629.74358974359
4638.46153846154
4634.8717948718
4627.17948717949
4640
4651.28205128205
4643.07692307692
4638.46153846154
4641.53846153846
4636.41025641026
4631.28205128205
4628.71794871795
4627.17948717949
4630.76923076923
4626.66666666667
4618.97435897436
4626.66666666667
4634.8717948718
4631.28205128205
4633.84615384615
4633.33333333333
4622.05128205128
4625.12820512821
4636.92307692308
4635.89743589744
4633.84615384615
4635.38461538462
4629.23076923077
4624.10256410256
4623.58974358974
4622.05128205128
4625.12820512821
4630.76923076923
4638.46153846154
4642.05128205128
4638.97435897436
4637.4358974359
4638.97435897436
4645.64102564103
4647.17948717949
4636.92307692308
4634.35897435897
4649.23076923077
4650.76923076923
4638.97435897436
4638.97435897436
4641.02564102564
4636.41025641026
4635.89743589744
4633.84615384615
