
4117.4358974359
4125.12820512821
4137.4358974359
4134.35897435897
4123.58974358974
4120
4125.64102564103
4136.92307692308
4146.15384615385
4146.15384615385
4137.4358974359
4127.69230769231
4131.79487179487
4144.61538461538
4144.61538461538
4132.82051282051
4122.05128205128
4126.15384615385
4135.89743589744
4132.82051282051
4122.5641025641
4120.51282051282
4113.33333333333
4107.17948717949
4116.41025641026
4127.17948717949
4132.82051282051
4139.48717948718
4141.02564102564
4135.89743589744
4136.41025641026
4136.92307692308
4135.38461538462
4136.41025641026
4137.4358974359
4137.4358974359
4133.84615384615
4127.69230769231
4128.20512820513
4131.79487179487
4126.15384615385
4125.64102564103
4137.94871794872
4143.07692307692
4136.41025641026
4135.38461538462
4143.07692307692
4133.84615384615
4118.97435897436
4131.79487179487
4149.23076923077
4140.51282051282
4133.84615384615
4140
4140.51282051282
4143.07692307692
4143.58974358974
4131.79487179487
4137.4358974359
4154.35897435897
4146.66666666667
4132.30769230769
4137.4358974359
4142.05128205128
4137.94871794872
4139.48717948718
4141.53846153846
4134.8717948718
4124.10256410256
4115.89743589744
4125.64102564103
4137.4358974359
4133.84615384615
4131.28205128205
4130.25641025641
4122.5641025641
4124.10256410256
4133.84615384615
4138.97435897436
4143.07692307692
4144.10256410256
4135.38461538462
4127.69230769231
4124.61538461538
4121.02564102564
4125.12820512821
4136.92307692308
4140.51282051282
4139.48717948718
4140.51282051282
4135.38461538462
4125.12820512821
4120
4124.61538461538
4139.48717948718
4151.79487179487
4153.84615384615
4151.79487179487
4145.12820512821
4134.8717948718
4135.89743589744
4148.20512820513
4153.84615384615
4148.20512820513
4139.48717948718
4136.92307692308
4138.97435897436
4147.17948717949
4157.4358974359
4152.30769230769
4138.97435897436
4134.35897435897
4134.8717948718
4138.97435897436
4148.20512820513
4154.35897435897
4155.38461538462
4150.76923076923
4140.51282051282
4132.82051282051
4140.51282051282
4147.17948717949
4143.58974358974
4134.35897435897
4122.5641025641
4121.02564102564
4133.33333333333
4143.58974358974
4142.05128205128
4141.53846153846
4139.48717948718
4133.33333333333
4135.38461538462
4142.5641025641
4142.05128205128
4138.46153846154
4141.53846153846
4142.05128205128
4136.92307692308
4135.38461538462
4137.4358974359
4136.41025641026
4135.89743589744
4138.97435897436
4133.33333333333
4126.15384615385
4131.28205128205
4137.94871794872
4137.94871794872
4134.8717948718
4135.38461538462
4145.12820512821
4151.79487179487
4145.12820512821
4137.4358974359
4141.53846153846
4150.76923076923
4156.92307692308
4153.33333333333
4142.5641025641
4137.4358974359
4142.5641025641
4157.94871794872
4162.05128205128
4145.12820512821
4139.48717948718
4151.28205128205
4152.30769230769
4149.23076923077
4153.84615384615
4152.82051282051
4150.25641025641
4154.8717948718
4150.76923076923
4142.05128205128
4148.20512820513
4155.89743589744
4146.66666666667
4134.8717948718
4135.89743589744
4147.69230769231
4152.82051282051
4154.8717948718
4169.23076923077
4171.79487179487
4154.35897435897
4150.76923076923
4158.97435897436
4152.30769230769
4151.28205128205
4164.61538461538
4163.07692307692
4149.23076923077
4152.30769230769
4167.69230769231
4171.79487179487
4164.61538461538
4157.94871794872
4152.82051282051
4155.38461538462
4171.79487179487
4183.07692307692
4171.28205128205
4153.84615384615
4156.41025641026
4169.74358974359
4168.20512820513
4157.4358974359
4155.38461538462
4160
4164.10256410256
4171.28205128205
4172.82051282051
4161.02564102564
4150.76923076923
4151.28205128205
4153.33333333333
4159.48717948718
4167.69230769231
4159.48717948718
4143.58974358974
4147.17948717949
4158.97435897436
4150.25641025641
4132.82051282051
4138.97435897436
4157.4358974359
4155.89743589744
4141.53846153846
4137.94871794872
4143.07692307692
4153.33333333333
4161.53846153846
4157.94871794872
4153.33333333333
4155.38461538462
4154.35897435897
4152.30769230769
4157.94871794872
4154.8717948718
4144.61538461538
4149.74358974359
4156.41025641026
4151.79487179487
4154.35897435897
4151.28205128205
4141.53846153846
4149.74358974359
4156.92307692308
4147.17948717949
4144.61538461538
4154.8717948718
4161.02564102564
4151.79487179487
4135.89743589744
4133.84615384615
4141.53846153846
4141.53846153846
4138.46153846154
4139.48717948718
4142.05128205128
4143.07692307692
4137.94871794872
4133.33333333333
4135.89743589744
4135.89743589744
4133.33333333333
4135.38461538462
4138.46153846154
4143.58974358974
4146.15384615385
4141.53846153846
4138.46153846154
4141.53846153846
4142.05128205128
4134.8717948718
4134.8717948718
4143.07692307692
4142.5641025641
4134.35897435897
4132.82051282051
4135.38461538462
4135.38461538462
4134.35897435897
4135.89743589744
4142.05128205128
4139.48717948718
4120
4120
4138.46153846154
4136.41025641026
4122.05128205128
4126.15384615385
4137.4358974359
4140.51282051282
4138.46153846154
4137.94871794872
4140.51282051282
4139.48717948718
4135.89743589744
4135.38461538462
4136.92307692308
4142.5641025641
4153.84615384615
4159.48717948718
4152.82051282051
4138.46153846154
4132.82051282051
4147.17948717949
4151.79487179487
4139.48717948718
4138.97435897436
4143.07692307692
4142.05128205128
4148.71794871795
4150.76923076923
4136.92307692308
4132.82051282051
4146.15384615385
4154.8717948718
4157.4358974359
4151.79487179487
4138.97435897436
4138.46153846154
4154.8717948718
4157.4358974359
4143.07692307692
4142.5641025641
4147.69230769231
4139.48717948718
4139.48717948718
4153.84615384615
4158.97435897436
4154.35897435897
4156.92307692308
4156.92307692308
4151.28205128205
4152.82051282051
4156.92307692308
4161.02564102564
4164.61538461538
4161.53846153846
4149.74358974359
4138.46153846154
4140.51282051282
4148.20512820513
4147.69230769231
4138.46153846154
4133.84615384615
4142.5641025641
4152.30769230769
4147.17948717949
4133.33333333333
4134.35897435897
4142.5641025641
4136.41025641026
4128.20512820513
4133.84615384615
4140
4132.82051282051
4130.76923076923
4138.97435897436
4133.33333333333
4117.4358974359
4121.53846153846
4137.4358974359
4140
4134.35897435897
4138.46153846154
4138.46153846154
4123.58974358974
4112.30769230769
4116.92307692308
4129.74358974359
4137.4358974359
4137.4358974359
4132.30769230769
4125.64102564103
4123.07692307692
4124.10256410256
4127.69230769231
4128.71794871795
4129.74358974359
4123.58974358974
4112.82051282051
4114.35897435897
4118.46153846154
4112.82051282051
4119.48717948718
4140.51282051282
4139.48717948718
4121.53846153846
4119.48717948718
4122.05128205128
4117.94871794872
4125.12820512821
4138.46153846154
4137.94871794872
4127.69230769231
4121.53846153846
4120
4122.5641025641
4125.12820512821
4128.20512820513
4129.74358974359
4126.15384615385
4124.10256410256
4124.61538461538
4121.53846153846
4117.94871794872
4123.07692307692
4128.20512820513
4123.58974358974
4123.58974358974
4133.84615384615
4137.94871794872
4136.41025641026
4137.94871794872
4140
4135.89743589744
4134.35897435897
4138.46153846154
4134.35897435897
4126.15384615385
4132.82051282051
4143.58974358974
4139.48717948718
4131.28205128205
4129.23076923077
4118.46153846154
4107.17948717949
4117.94871794872
4135.89743589744
4140
4135.38461538462
4133.33333333333
4125.64102564103
4121.53846153846
4124.10256410256
4118.97435897436
4125.64102564103
4141.02564102564
4132.30769230769
4115.38461538462
4122.05128205128
4132.30769230769
4124.10256410256
4122.5641025641
4131.79487179487
4139.48717948718
4136.41025641026
4122.5641025641
4122.05128205128
4134.35897435897
4140.51282051282
4139.48717948718
4140
4136.92307692308
4134.8717948718
4142.5641025641
4138.97435897436
4124.10256410256
4123.07692307692
4134.8717948718
4143.07692307692
4139.48717948718
4124.61538461538
4121.53846153846
4136.41025641026
4138.46153846154
4128.20512820513
4127.17948717949
4123.58974358974
4117.94871794872
4124.10256410256
4131.79487179487
4135.38461538462
4138.46153846154
4137.94871794872
4136.41025641026
4134.8717948718
4136.92307692308
4136.92307692308
4127.17948717949
4126.15384615385
4135.38461538462
4129.23076923077
4117.94871794872
4121.02564102564
4124.10256410256
4120
4124.10256410256
4128.71794871795
4120.51282051282
4118.97435897436
4130.25641025641
4132.30769230769
4122.5641025641
4121.53846153846
4128.20512820513
4129.74358974359
4123.58974358974
4122.05128205128
4126.15384615385
4124.61538461538
4122.05128205128
4123.58974358974
4126.15384615385
4125.64102564103
4121.53846153846
4117.94871794872
4123.58974358974
4121.02564102564
4109.74358974359
4116.41025641026
4126.66666666667
4123.58974358974
4121.53846153846
4124.61538461538
4128.20512820513
4131.28205128205
4125.64102564103
4112.30769230769
4106.66666666667
4108.20512820513
4108.71794871795
4112.30769230769
4118.46153846154
4117.4358974359
4099.48717948718
4089.74358974359
4101.53846153846
4107.69230769231
4107.17948717949
4114.8717948718
4122.5641025641
4124.61538461538
4129.74358974359
4130.76923076923
4120
4121.53846153846
4135.38461538462
4138.97435897436
4134.8717948718
4137.4358974359
4133.84615384615
4120
4126.15384615385
4144.10256410256
4140.51282051282
4127.17948717949
4120.51282051282
4115.89743589744
4114.8717948718
4122.05128205128
4122.05128205128
4112.30769230769
4109.23076923077
4112.30769230769
4112.30769230769
4114.8717948718
4123.58974358974
4128.71794871795
4125.64102564103
4121.02564102564
4111.28205128205
4106.66666666667
4116.92307692308
4125.64102564103
4124.10256410256
4118.46153846154
4115.89743589744
4120
4125.12820512821
4120.51282051282
4117.94871794872
4123.07692307692
4122.5641025641
4121.02564102564
4116.92307692308
4113.33333333333
4120
4126.15384615385
4119.48717948718
4110.76923076923
4111.28205128205
4107.69230769231
4094.8717948718
4099.48717948718
4126.66666666667
4138.97435897436
4125.12820512821
4121.02564102564
4124.10256410256
4113.33333333333
4109.74358974359
4116.92307692308
4117.4358974359
4114.35897435897
4111.79487179487
4108.20512820513
4104.10256410256
4104.61538461538
4106.66666666667
4106.66666666667
4109.74358974359
4119.48717948718
4127.69230769231
4121.53846153846
4114.8717948718
4113.33333333333
4105.64102564103
4105.12820512821
4118.97435897436
4124.61538461538
4116.92307692308
4117.94871794872
4121.53846153846
4124.10256410256
4135.38461538462
4142.05128205128
4138.46153846154
4138.97435897436
4136.92307692308
4131.28205128205
4133.33333333333
4139.48717948718
4137.94871794872
4132.30769230769
4132.82051282051
4138.46153846154
4139.48717948718
4137.4358974359
4139.48717948718
4137.4358974359
4133.84615384615
4136.92307692308
4136.92307692308
4137.94871794872
4149.23076923077
4156.41025641026
4148.71794871795
4142.5641025641
4144.61538461538
4140.51282051282
4132.82051282051
4135.89743589744
4133.33333333333
4117.4358974359
4120.51282051282
4138.97435897436
4142.5641025641
4135.89743589744
4136.92307692308
4140.51282051282
4141.02564102564
4135.89743589744
4129.74358974359
4129.74358974359
4126.66666666667
4127.17948717949
4133.84615384615
4129.74358974359
4120
4120
4128.71794871795
4133.33333333333
4131.79487179487
4127.69230769231
4123.58974358974
4122.05128205128
4125.12820512821
4123.07692307692
4108.71794871795
4107.69230769231
4120.51282051282
4128.20512820513
4135.38461538462
4136.92307692308
4127.69230769231
4122.5641025641
4124.10256410256
4121.53846153846
4128.20512820513
4142.05128205128
4142.05128205128
4134.8717948718
4136.41025641026
4139.48717948718
4131.79487179487
4127.17948717949
4133.33333333333
4136.92307692308
4138.97435897436
4140
4130.76923076923
4119.48717948718
4121.02564102564
4125.64102564103
4124.61538461538
4115.89743589744
4106.15384615385
4104.10256410256
4109.23076923077
4116.92307692308
4122.5641025641
4125.12820512821
4134.35897435897
4141.02564102564
4127.69230769231
4120
4131.28205128205
4136.41025641026
4134.8717948718
4138.97435897436
4134.8717948718
4118.97435897436
4120.51282051282
4138.46153846154
4141.02564102564
4126.15384615385
4119.48717948718
4124.10256410256
4123.58974358974
4124.61538461538
4129.23076923077
4128.20512820513
4122.05128205128
4120.51282051282
4124.10256410256
4124.61538461538
4121.53846153846
4120.51282051282
4120.51282051282
4126.15384615385
4136.41025641026
4141.02564102564
4134.35897435897
4126.66666666667
4122.05128205128
4118.97435897436
4120
4121.53846153846
4125.12820512821
4132.82051282051
4140
4137.94871794872
4126.66666666667
4115.38461538462
4112.30769230769
4117.4358974359
4123.58974358974
4125.12820512821
4118.46153846154
4113.33333333333
4117.94871794872
4122.05128205128
4120
4122.5641025641
4133.84615384615
4136.41025641026
4130.25641025641
4132.30769230769
4135.38461538462
4126.15384615385
4119.48717948718
4123.58974358974
4125.12820512821
4123.07692307692
4122.05128205128
4117.94871794872
4117.4358974359
4129.74358974359
4143.58974358974
4141.53846153846
4124.10256410256
4117.94871794872
4130.76923076923
4140
4138.46153846154
4138.46153846154
4139.48717948718
4132.82051282051
4122.5641025641
4124.10256410256
4135.38461538462
4137.94871794872
4134.35897435897
4136.92307692308
4134.8717948718
4124.10256410256
4121.02564102564
4129.23076923077
4135.38461538462
4137.4358974359
4137.4358974359
4129.74358974359
4120
4117.4358974359
4125.12820512821
4132.82051282051
4136.92307692308
4137.94871794872
4135.89743589744
4134.35897435897
4134.8717948718
4134.8717948718
4130.76923076923
4129.74358974359
4133.84615384615
4135.38461538462
4136.41025641026
4140.51282051282
4141.53846153846
4143.58974358974
4139.48717948718
4130.76923076923
4131.79487179487
4130.76923076923
4127.17948717949
4130.76923076923
4130.76923076923
4125.64102564103
4133.84615384615
4144.10256410256
4132.30769230769
4125.64102564103
4135.89743589744
4141.53846153846
4137.4358974359
4136.41025641026
4141.02564102564
4140.51282051282
4136.41025641026
4128.71794871795
4124.61538461538
4132.30769230769
4135.89743589744
4129.23076923077
4123.58974358974
4126.15384615385
4124.10256410256
4120.51282051282
4132.82051282051
4142.05128205128
4126.15384615385
4112.30769230769
4134.35897435897
4154.8717948718
4141.02564102564
4124.61538461538
4128.71794871795
4131.79487179487
4126.66666666667
4130.25641025641
4139.48717948718
4142.05128205128
4140
4135.38461538462
4126.66666666667
4122.05128205128
4126.15384615385
4126.66666666667
4128.20512820513
4137.94871794872
4133.84615384615
4124.61538461538
4130.76923076923
4129.74358974359
4120.51282051282
4132.82051282051
4143.58974358974
4128.20512820513
4119.48717948718
4126.66666666667
4125.12820512821
4119.48717948718
4122.05128205128
4122.05128205128
4119.48717948718
4127.69230769231
4141.53846153846
4143.07692307692
4132.82051282051
4125.12820512821
4123.07692307692
4121.53846153846
4119.48717948718
4126.66666666667
4138.46153846154
4137.94871794872
4134.35897435897
4138.46153846154
4130.76923076923
4115.89743589744
4124.10256410256
4139.48717948718
4129.74358974359
4120
4129.23076923077
4128.20512820513
4118.97435897436
4129.74358974359
4135.38461538462
4129.23076923077
4133.33333333333
4134.35897435897
4122.05128205128
4119.48717948718
4125.12820512821
4121.53846153846
4117.94871794872
4123.58974358974
4139.48717948718
4153.84615384615
4148.20512820513
4129.23076923077
4117.94871794872
4127.69230769231
4134.8717948718
4122.5641025641
4121.02564102564
4136.92307692308
4140.51282051282
4129.23076923077
4126.66666666667
4126.15384615385
4121.53846153846
4123.58974358974
4134.8717948718
4141.02564102564
4131.79487179487
4121.53846153846
4123.58974358974
4125.12820512821
4124.10256410256
4134.35897435897
4143.07692307692
4133.84615384615
4121.02564102564
4119.48717948718
4118.46153846154
4116.92307692308
4120
4119.48717948718
4124.10256410256
4132.82051282051
4134.8717948718
4131.79487179487
4127.17948717949
4120.51282051282
4120.51282051282
4120
4113.33333333333
4116.41025641026
4123.58974358974
4123.58974358974
4120.51282051282
4113.33333333333
4106.15384615385
4102.5641025641
4101.53846153846
4107.17948717949
4115.38461538462
4109.23076923077
4102.5641025641
4114.35897435897
4121.53846153846
4112.30769230769
4100.51282051282
4104.10256410256
4117.4358974359
4121.53846153846
4124.61538461538
4136.41025641026
4142.05128205128
4125.12820512821
4112.82051282051
4118.46153846154
4119.48717948718
4118.46153846154
4118.97435897436
4117.4358974359
4111.28205128205
4107.17948717949
4115.89743589744
4122.5641025641
4114.8717948718
4117.4358974359
4136.92307692308
4136.92307692308
4120.51282051282
4118.97435897436
4122.5641025641
4119.48717948718
4121.02564102564
4127.69230769231
4133.33333333333
4133.84615384615
4125.64102564103
4115.89743589744
4122.5641025641
4134.8717948718
4132.30769230769
4124.61538461538
4120.51282051282
4116.92307692308
4121.02564102564
4130.25641025641
4130.25641025641
4125.64102564103
4126.15384615385
4124.10256410256
4121.53846153846
4122.5641025641
4124.10256410256
4122.5641025641
4121.53846153846
4118.97435897436
4117.94871794872
4122.05128205128
4122.05128205128
4126.66666666667
4139.48717948718
4134.8717948718
4122.5641025641
4131.79487179487
4146.66666666667
4136.41025641026
4123.07692307692
4132.82051282051
4141.02564102564
4122.5641025641
4108.20512820513
4129.23076923077
4143.58974358974
4125.12820512821
4117.4358974359
4137.4358974359
4141.53846153846
4123.58974358974
4122.05128205128
4131.79487179487
4125.64102564103
4122.05128205128
4134.8717948718
4143.07692307692
4142.05128205128
4141.53846153846
4133.84615384615
4123.58974358974
4121.02564102564
4123.07692307692
4123.58974358974
4122.05128205128
4126.66666666667
4135.89743589744
4133.84615384615
4126.15384615385
4124.10256410256
4120.51282051282
4116.92307692308
4121.53846153846
4124.61538461538
4121.02564102564
4117.94871794872
4116.92307692308
4121.02564102564
4125.12820512821
4123.07692307692
4121.53846153846
4122.5641025641
4125.12820512821
4132.82051282051
4140
4134.35897435897
4123.58974358974
4125.64102564103
4135.38461538462
4136.92307692308
4122.5641025641
4113.84615384615
4117.4358974359
4113.33333333333
4104.10256410256
4104.10256410256
4109.74358974359
4113.84615384615
4109.23076923077
4098.97435897436
4098.46153846154
4105.64102564103
4101.02564102564
4094.8717948718
4101.02564102564
4101.53846153846
4090.25641025641
4089.74358974359
4098.46153846154
4103.58974358974
4112.82051282051
4123.58974358974
4120.51282051282
4110.76923076923
4105.12820512821
4108.71794871795
4121.02564102564
4130.25641025641
4126.15384615385
4114.35897435897
4114.35897435897
4129.74358974359
4138.97435897436
4129.23076923077
4115.89743589744
4114.35897435897
4111.79487179487
4109.74358974359
4116.41025641026
4123.07692307692
4125.12820512821
4126.66666666667
4126.66666666667
4127.17948717949
4127.17948717949
4120.51282051282
4120
4127.69230769231
4127.17948717949
4135.38461538462
4154.35897435897
4151.28205128205
4135.38461538462
4134.8717948718
4140.51282051282
4138.97435897436
4136.92307692308
4143.58974358974
4149.74358974359
4144.61538461538
4133.33333333333
4128.71794871795
4127.69230769231
4132.82051282051
4138.97435897436
4135.38461538462
4136.92307692308
4146.15384615385
4135.89743589744
4118.46153846154
4126.15384615385
4138.97435897436
4135.89743589744
4133.33333333333
4137.94871794872
4139.48717948718
4141.02564102564
4141.53846153846
4137.94871794872
4136.41025641026
4131.79487179487
4128.20512820513
4132.82051282051
4138.97435897436
4134.8717948718
4122.05128205128
4121.53846153846
4134.35897435897
4139.48717948718
4132.82051282051
4132.30769230769
4137.4358974359
4137.4358974359
4135.38461538462
4137.4358974359
4144.10256410256
4144.10256410256
4137.94871794872
4136.92307692308
4136.41025641026
4134.35897435897
4140
4137.94871794872
4122.05128205128
4118.46153846154
4130.25641025641
4136.41025641026
4134.8717948718
4133.84615384615
4133.33333333333
4135.38461538462
4137.94871794872
4138.46153846154
4136.41025641026
4135.38461538462
4135.38461538462
4136.92307692308
4135.89743589744
4126.15384615385
4121.53846153846
4133.33333333333
4138.97435897436
4131.28205128205
4124.10256410256
4119.48717948718
4122.5641025641
4135.38461538462
4142.05128205128
4137.94871794872
4131.28205128205
4123.07692307692
4122.5641025641
4125.64102564103
4116.92307692308
4109.74358974359
4118.46153846154
4128.71794871795
4126.66666666667
4119.48717948718
4121.02564102564
4125.64102564103
4123.07692307692
4119.48717948718
4122.5641025641
4123.07692307692
4123.58974358974
4125.64102564103
4122.5641025641
4117.94871794872
4118.97435897436
4118.46153846154
4119.48717948718
4128.20512820513
4128.71794871795
4121.53846153846
4115.89743589744
4107.69230769231
4107.69230769231
4120
4126.15384615385
4126.66666666667
4130.76923076923
4128.71794871795
4122.5641025641
4123.58974358974
4132.30769230769
4139.48717948718
4132.30769230769
4124.10256410256
4133.33333333333
4140.51282051282
4134.8717948718
4134.35897435897
4140.51282051282
4137.4358974359
4125.64102564103
4117.4358974359
4122.5641025641
4128.20512820513
4115.89743589744
4109.74358974359
4118.97435897436
4117.4358974359
4112.82051282051
4119.48717948718
4123.07692307692
4120.51282051282
4121.53846153846
4121.53846153846
4121.02564102564
4125.12820512821
4127.17948717949
4130.25641025641
4128.71794871795
4123.07692307692
4132.82051282051
4140
4121.53846153846
4113.84615384615
4129.74358974359
4126.66666666667
4111.79487179487
4119.48717948718
4124.10256410256
4118.46153846154
4130.25641025641
4141.02564102564
4132.30769230769
4125.12820512821
4133.33333333333
4136.92307692308
4127.17948717949
4116.41025641026
4123.07692307692
4137.94871794872
4141.02564102564
4133.33333333333
4125.12820512821
4127.69230769231
4135.38461538462
4140
4135.89743589744
4131.79487179487
4134.8717948718
