4681.02564102564
4692.82051282051
4695.38461538462
4690.76923076923
4693.33333333333
4687.69230769231
4676.41025641026
4676.92307692308
4690.76923076923
4700.51282051282
4699.48717948718
4693.84615384615
4692.30769230769
4697.4358974359
4704.10256410256
4707.69230769231
4701.02564102564
4691.79487179487
4689.74358974359
4676.41025641026
4664.10256410256
4686.66666666667
4709.23076923077
4697.94871794872
4693.84615384615
4714.8717948718
4724.10256410256
4717.4358974359
4712.82051282051
4700.51282051282
4682.05128205128
4687.17948717949
4711.28205128205
4717.94871794872
4709.23076923077
4708.71794871795
4703.58974358974
4693.84615384615
4694.35897435897
4697.4358974359
4700
4702.05128205128
4705.12820512821
4714.35897435897
4719.48717948718
4704.61538461539
4691.28205128205
4698.46153846154
4708.20512820513
4707.69230769231
4704.10256410256
4704.61538461539
4704.61538461539
4702.5641025641
4701.53846153846
4706.15384615385
4705.64102564103
4687.69230769231
4674.8717948718
4681.53846153846
4685.64102564103
4680.51282051282
4685.12820512821
4703.58974358974
4718.97435897436
4723.07692307692
4729.23076923077
4741.53846153846
4751.28205128205
4758.46153846154
4760.51282051282
4766.66666666667
4792.30769230769
4805.12820512821
4784.10256410256
4781.02564102564
4806.15384615385
4800
4773.33333333333
4767.17948717949
4766.15384615385
4750.25641025641
4736.92307692308
4735.38461538462
4729.74358974359
4716.92307692308
4705.12820512821
4698.46153846154
4695.38461538462
4688.71794871795
4682.5641025641
4683.07692307692
4692.30769230769
4697.94871794872
4701.02564102564
4702.5641025641
4693.84615384615
4676.92307692308
4673.33333333333
4693.33333333333
4704.61538461539
4692.82051282051
4690.25641025641
4705.64102564103
4707.17948717949
4689.74358974359
4678.46153846154
4679.48717948718
4684.10256410256
4687.17948717949
4688.20512820513
4684.10256410256
4680.51282051282
4678.46153846154
4672.82051282051
4675.38461538462
4684.61538461539
4686.15384615385
4685.64102564103
4692.82051282051
4689.23076923077
4670.25641025641
4664.10256410256
4667.17948717949
4673.33333333333
4684.61538461539
4692.30769230769
4689.74358974359
4685.12820512821
4690.76923076923
4696.41025641026
4692.30769230769
4683.07692307692
4678.46153846154
4676.92307692308
4682.05128205128
4689.74358974359
4687.17948717949
4689.74358974359
4703.07692307692
4701.53846153846
4685.12820512821
4686.15384615385
4700
4706.66666666667
4704.10256410256
4701.02564102564
4701.02564102564
4699.48717948718
4704.10256410256
4717.94871794872
4721.53846153846
4716.41025641026
4720.51282051282
4734.8717948718
4736.41025641026
4726.15384615385
4724.61538461539
4731.79487179487
4738.97435897436
4750.76923076923
4766.15384615385
4777.94871794872
4784.61538461539
4796.92307692308
4814.35897435897
4813.33333333333
4804.10256410256
4814.8717948718
4826.15384615385
4817.94871794872
4809.23076923077
4803.07692307692
4784.61538461539
4767.69230769231
4768.71794871795
4761.02564102564
4736.41025641026
4734.35897435897
4747.17948717949
4736.92307692308
4729.23076923077
4738.46153846154
4729.23076923077
4715.89743589744
4719.48717948718
4715.38461538462
4709.74358974359
4720.51282051282
4725.64102564103
4712.30769230769
4706.15384615385
4716.92307692308
4723.07692307692
4715.38461538462
4705.64102564103
4698.97435897436
4687.69230769231
4685.64102564103
4697.94871794872
4703.58974358974
4707.17948717949
4718.46153846154
4716.92307692308
4708.71794871795
4714.8717948718
4720.51282051282
4715.38461538462
4715.89743589744
4718.46153846154
4717.94871794872
4717.4358974359
4718.46153846154
4717.94871794872
4724.10256410256
4735.38461538462
4737.4358974359
4732.30769230769
4735.89743589744
4730.25641025641
4699.48717948718
4694.35897435897
4735.89743589744
4762.05128205128
4741.02564102564
4719.48717948718
4725.64102564103
4732.30769230769
4718.97435897436
4713.33333333333
4731.79487179487
4741.02564102564
4735.89743589744
4741.02564102564
4750.25641025641
4749.23076923077
4749.74358974359
4753.33333333333
4739.48717948718
4723.07692307692
4738.46153846154
4760.51282051282
4741.02564102564
4716.92307692308
4727.17948717949
4737.94871794872
4733.33333333333
4734.35897435897
4736.92307692308
4731.79487179487
4731.79487179487
4737.94871794872
4737.94871794872
4735.38461538462
4730.76923076923
4724.61538461539
4724.10256410256
4733.84615384615
4749.74358974359
4755.89743589744
4738.97435897436
4718.97435897436
4725.12820512821
4735.89743589744
4737.94871794872
4734.8717948718
4716.92307692308
4712.30769230769
4731.79487179487
4730.25641025641
4713.33333333333
4718.46153846154
4720
4706.15384615385
4701.02564102564
4694.35897435897
4693.84615384615
4713.33333333333
4723.58974358974
4718.46153846154
4718.46153846154
4722.05128205128
4725.64102564103
4735.38461538462
4735.89743589744
4733.33333333333
4733.84615384615
4721.02564102564
4719.48717948718
4735.38461538462
4726.15384615385
4712.82051282051
4726.66666666667
4729.23076923077
4715.89743589744
4727.69230769231
4740
4723.58974358974
4712.30769230769
4720
4719.48717948718
4719.48717948718
4741.53846153846
4750.76923076923
4738.46153846154
4742.05128205128
4751.28205128205
4737.94871794872
4717.4358974359
4718.97435897436
4726.15384615385
4714.8717948718
4703.58974358974
4714.8717948718
4724.10256410256
4718.46153846154
4717.4358974359
4714.35897435897
4707.17948717949
4712.82051282051
4721.02564102564
4713.33333333333
4702.5641025641
4705.12820512821
4714.8717948718
4716.92307692308
4711.28205128205
4704.10256410256
4699.48717948718
4704.10256410256
4709.74358974359
4703.07692307692
4701.53846153846
4716.92307692308
4722.5641025641
4705.64102564103
4700.51282051282
4717.4358974359
4720
4709.74358974359
4709.74358974359
4711.79487179487
4706.15384615385
4699.48717948718
4705.12820512821
4721.53846153846
4728.20512820513
4715.89743589744
4706.66666666667
4711.28205128205
4714.8717948718
4716.41025641026
4718.46153846154
4718.97435897436
4722.05128205128
4726.15384615385
4730.76923076923
4735.38461538462
4750.25641025641
4775.38461538462
4781.53846153846
4781.02564102564
4793.84615384615
4804.61538461539
4818.46153846154
4834.8717948718
4828.71794871795
4810.76923076923
4815.89743589744
4819.48717948718
4805.12820512821
4797.94871794872
4790.25641025641
4770.25641025641
4752.30769230769
4742.05128205128
4725.64102564103
4715.89743589744
4725.12820512821
4735.89743589744
4735.89743589744
4727.69230769231
4724.10256410256
4720.51282051282
4716.41025641026
4716.92307692308
4716.92307692308
4703.07692307692
4693.33333333333
4699.48717948718
4698.97435897436
4692.30769230769
4694.35897435897
4696.92307692308
4689.23076923077
4683.07692307692
4685.12820512821
4686.66666666667
4686.15384615385
4684.10256410256
4689.74358974359
4701.53846153846
4702.05128205128
4689.23076923077
4686.66666666667
4696.92307692308
4702.05128205128
4703.58974358974
4705.12820512821
4695.89743589744
4687.17948717949
4689.74358974359
4702.05128205128
4715.89743589744
4715.38461538462
4708.71794871795
4717.94871794872
4722.05128205128
4715.38461538462
4727.17948717949
4735.38461538462
4721.02564102564
4717.94871794872
4726.15384615385
4729.74358974359
4733.33333333333
4730.25641025641
4722.5641025641
4734.8717948718
4751.28205128205
4747.69230769231
4734.8717948718
4725.12820512821
4720.51282051282
4718.46153846154
4715.89743589744
4715.38461538462
4718.46153846154
4718.46153846154
4716.92307692308
4718.97435897436
4713.84615384615
4703.07692307692
4703.07692307692
4706.15384615385
4703.58974358974
4706.66666666667
4708.20512820513
4698.46153846154
4694.35897435897
4704.61538461539
4711.28205128205
4708.71794871795
4706.66666666667
4710.25641025641
4711.79487179487
4706.66666666667
4698.97435897436
4701.53846153846
4709.74358974359
4712.82051282051
4713.84615384615
4711.79487179487
4703.58974358974
4698.46153846154
4701.02564102564
4702.5641025641
4702.5641025641
4705.12820512821
4703.58974358974
4706.66666666667
4711.79487179487
4712.82051282051
4715.38461538462
4720
4718.97435897436
4718.46153846154
4721.02564102564
4718.97435897436
4714.8717948718
4716.92307692308
4720
4724.10256410256
4727.69230769231
4722.5641025641
4719.48717948718
4716.92307692308
4705.12820512821
4704.61538461539
4721.02564102564
4722.05128205128
4708.71794871795
4708.71794871795
4712.82051282051
4708.20512820513
4703.58974358974
4703.07692307692
4702.05128205128
4698.46153846154
4699.48717948718
4707.69230769231
4711.79487179487
4710.25641025641
4713.84615384615
4722.5641025641
4724.61538461539
4717.94871794872
4714.35897435897
4717.94871794872
4716.92307692308
4712.82051282051
4718.46153846154
4720.51282051282
4708.71794871795
4700
4702.5641025641
4706.66666666667
4703.58974358974
4698.46153846154
4700
4707.17948717949
4710.25641025641
4710.76923076923
4712.82051282051
4712.82051282051
4710.25641025641
4705.64102564103
4708.20512820513
4720
4724.10256410256
4717.94871794872
4715.38461538462
4725.64102564103
4735.38461538462
4729.74358974359
4718.46153846154
4718.97435897436
4724.10256410256
4723.07692307692
4723.58974358974
4722.05128205128
4714.8717948718
4718.97435897436
4727.17948717949
4725.64102564103
4723.58974358974
4729.23076923077
4733.33333333333
4730.76923076923
4722.05128205128
4715.38461538462
4717.94871794872
4720.51282051282
4719.48717948718
4721.02564102564
4716.41025641026
4706.66666666667
4703.07692307692
4702.5641025641
4703.58974358974
4700
4691.28205128205
4693.33333333333
4701.02564102564
4700.51282051282
4698.97435897436
4704.10256410256
4704.10256410256
4695.38461538462
4688.71794871795
4685.12820512821
4684.10256410256
4690.25641025641
4702.05128205128
4701.02564102564
4687.17948717949
4686.66666666667
4696.92307692308
4695.89743589744
4689.23076923077
4687.17948717949
4689.74358974359
4690.76923076923
4685.12820512821
4674.35897435897
4669.23076923077
4672.30769230769
4673.84615384615
4675.89743589744
4677.94871794872
4678.46153846154
4681.53846153846
4681.53846153846
4677.4358974359
4686.66666666667
4697.94871794872
4692.30769230769
4685.64102564103
4686.15384615385
4682.05128205128
4681.02564102564
4684.61538461539
4676.41025641026
4661.53846153846
4647.17948717949
4619.48717948718
4577.94871794872
4549.74358974359
4546.15384615385
4548.20512820513
4552.30769230769
4557.4358974359
4544.61538461538
4532.30769230769
4546.66666666667
4561.53846153846
4554.35897435897
4550.25641025641
4555.38461538462
4558.97435897436
4561.53846153846
4566.66666666667
4569.74358974359
4562.05128205128
4555.38461538462
4566.15384615385
4576.41025641026
4572.30769230769
4570.25641025641
4574.8717948718
4573.33333333333
4573.84615384615
4578.97435897436
4587.17948717949
4584.61538461538
4571.79487179487
4574.8717948718
4588.20512820513
4586.66666666667
4580.51282051282
4588.20512820513
4588.71794871795
4580
4584.61538461538
4597.94871794872
4609.74358974359
4624.61538461538
4638.46153846154
4644.61538461538
4656.41025641026
4671.28205128205
4677.4358974359
4684.61538461539
4693.33333333333
4691.79487179487
4686.15384615385
4684.10256410256
4687.17948717949
4686.66666666667
4676.92307692308
4671.28205128205
4668.71794871795
4660
4660.51282051282
4667.17948717949
4653.33333333333
4634.8717948718
4630.76923076923
4622.05128205128
4608.20512820513
4607.17948717949
4609.23076923077
4606.15384615385
4604.10256410256
4603.07692307692
4604.61538461538
4608.71794871795
4603.58974358974
4597.94871794872
4603.07692307692
4603.58974358974
4595.89743589744
4593.33333333333
4598.97435897436
4602.05128205128
4592.30769230769
4585.64102564103
4595.89743589744
4601.53846153846
4596.92307692308
4596.92307692308
4601.02564102564
4602.05128205128
4603.07692307692
4602.05128205128
4601.53846153846
4603.07692307692
4601.02564102564
4603.07692307692
4611.28205128205
4609.74358974359
4603.07692307692
4608.71794871795
4616.41025641026
4609.23076923077
4601.53846153846
4602.05128205128
4604.10256410256
4602.05128205128
4600.51282051282
4601.02564102564
4596.41025641026
4594.35897435897
4607.17948717949
4617.94871794872
4607.69230769231
4601.02564102564
4610.76923076923
4613.84615384615
4609.23076923077
4610.25641025641
4611.79487179487
4612.30769230769
4615.38461538462
4619.48717948718
4623.58974358974
4627.17948717949
4631.28205128205
4635.38461538462
4635.89743589744
4632.82051282051
4630.25641025641
4630.25641025641
4630.76923076923
4631.28205128205
4629.74358974359
4628.20512820513
4634.35897435897
4643.07692307692
4637.94871794872
4630.76923076923
4635.89743589744
4648.71794871795
4662.5641025641
4676.41025641026
4684.61538461539
4695.89743589744
4705.64102564103
4705.12820512821
4711.28205128205
4726.15384615385
4734.8717948718
4739.48717948718
4747.17948717949
4754.8717948718
4762.5641025641
4765.12820512821
4762.5641025641
4773.33333333333
4782.5641025641
4770.76923076923
4764.10256410256
4766.15384615385
4754.35897435897
4738.97435897436
4735.38461538462
4737.94871794872
4733.84615384615
4722.05128205128
4713.33333333333
4716.92307692308
4717.4358974359
4714.8717948718
4718.46153846154
4716.41025641026
4713.33333333333
4717.4358974359
4713.33333333333
4700
4694.8717948718
4695.38461538462
4691.79487179487
4689.23076923077
4685.12820512821
4678.97435897436
4677.4358974359
4678.46153846154
4681.53846153846
4685.64102564103
4688.20512820513
4688.20512820513
4689.23076923077
4689.23076923077
4686.66666666667
4683.07692307692
4679.48717948718
4679.48717948718
4687.69230769231
4694.8717948718
4688.71794871795
4678.97435897436
4678.97435897436
4684.10256410256
4688.20512820513
4685.12820512821
4676.41025641026
4680
4689.74358974359
4685.64102564103
4680
4682.5641025641
4683.58974358974
4683.07692307692
4686.15384615385
4687.17948717949
4685.64102564103
4686.66666666667
4686.66666666667
4687.69230769231
4691.28205128205
4694.35897435897
4694.35897435897
4694.8717948718
4694.35897435897
4692.30769230769
4696.92307692308
4702.5641025641
4707.17948717949
4714.35897435897
4722.5641025641
4725.12820512821
4722.5641025641
4716.92307692308
4714.35897435897
4723.07692307692
4732.82051282051
4736.41025641026
4736.41025641026
4737.4358974359
4744.61538461539
4749.23076923077
4753.33333333333
4760.51282051282
4766.66666666667
4768.20512820513
4765.12820512821
4768.20512820513
4775.38461538462
4781.02564102564
4785.64102564103
4787.69230769231
4782.5641025641
4779.48717948718
4783.58974358974
4784.61538461539
4793.33333333333
4808.20512820513
4806.15384615385
4793.33333333333
4792.30769230769
4801.02564102564
4803.07692307692
4796.92307692308
4797.94871794872
4800.51282051282
4794.8717948718
4799.48717948718
4814.35897435897
4818.97435897436
4812.82051282051
4811.79487179487
4818.97435897436
4829.23076923077
4829.23076923077
4816.41025641026
4812.30769230769
4811.79487179487
4800
4800
4808.20512820513
4805.12820512821
4796.41025641026
4787.17948717949
4772.82051282051
4764.61538461539
4766.66666666667
4764.10256410256
4766.66666666667
4755.89743589744
4720
4706.15384615385
4725.12820512821
4721.02564102564
4698.97435897436
4707.69230769231
4724.61538461539
4713.33333333333
4697.94871794872
4701.02564102564
4708.71794871795
4691.28205128205
4667.69230769231
4676.41025641026
4684.61538461539
4673.84615384615
4680
4678.46153846154
4662.5641025641
4674.8717948718
4690.25641025641
4675.38461538462
4662.5641025641
4661.02564102564
4657.4358974359
4653.84615384615
4648.71794871795
4646.15384615385
4648.71794871795
4644.10256410256
4641.02564102564
4647.69230769231
4660
4668.71794871795
4665.64102564103
4658.97435897436
4656.92307692308
4652.30769230769
4646.66666666667
4656.92307692308
4676.41025641026
4672.82051282051
4650.76923076923
4654.35897435897
4674.8717948718
4665.64102564103
4643.58974358974
4650.25641025641
4663.58974358974
4653.84615384615
4645.64102564103
4655.89743589744
4663.58974358974
4656.41025641026
4654.35897435897
4669.74358974359
4681.02564102564
4682.05128205128
4676.92307692308
4673.33333333333
4678.46153846154
4687.69230769231
4691.28205128205
4694.8717948718
4700
4691.79487179487
4681.02564102564
4681.53846153846
4680.51282051282
4674.35897435897
4674.8717948718
4683.07692307692
4686.66666666667
4685.12820512821
4688.20512820513
4692.82051282051
4684.61538461539
4673.84615384615
4681.53846153846
4688.20512820513
4677.4358974359
4669.23076923077
4674.35897435897
4676.41025641026
4674.35897435897
4679.48717948718
4683.58974358974
4680.51282051282
4682.05128205128
4687.17948717949
4676.41025641026
4668.20512820513
4683.07692307692
4703.58974358974
4708.71794871795
4703.58974358974
4707.17948717949
4716.92307692308
4714.8717948718
4704.10256410256
4702.5641025641
4705.64102564103
4707.17948717949
4712.82051282051
4713.33333333333
4707.69230769231
4711.28205128205
4719.48717948718
4716.92307692308
4711.28205128205
4704.61538461539
4696.41025641026
4694.8717948718
4694.35897435897
4693.84615384615
4700
4704.61538461539
4701.53846153846
4701.53846153846
4704.61538461539
4702.5641025641
4699.48717948718
4693.33333333333
4689.23076923077
4692.82051282051
4688.71794871795
4680.51282051282
4681.53846153846
4682.5641025641
4682.05128205128
4686.66666666667
4687.69230769231
4685.12820512821
4688.20512820513
4687.17948717949
4685.64102564103
4691.28205128205
4692.30769230769
4690.25641025641
4688.71794871795
4680.51282051282
4672.82051282051
4672.30769230769
4670.76923076923
4670.76923076923
4677.94871794872
4681.02564102564
4676.41025641026
4674.8717948718
4669.74358974359
4660
4660
4663.07692307692
4658.46153846154
4654.35897435897
4654.8717948718
4651.28205128205
4642.5641025641
4640.51282051282
4650.25641025641
4663.58974358974
4665.12820512821
4661.02564102564
4667.17948717949
4672.30769230769
4671.28205128205
4669.23076923077
4667.17948717949
4663.07692307692
4660.51282051282
4663.58974358974
4668.71794871795
4674.8717948718
4686.66666666667
4693.84615384615
4680.51282051282
4664.61538461539
4665.12820512821
4664.61538461539
4658.97435897436
4659.48717948718
4664.61538461539
4670.76923076923
4671.28205128205
4662.5641025641
4656.92307692308
4665.12820512821
4669.74358974359
4662.5641025641
4661.53846153846
4665.12820512821
4661.53846153846
4665.12820512821
4672.30769230769
4665.12820512821
4661.02564102564
4668.71794871795
4668.71794871795
4661.53846153846
4663.07692307692
4665.12820512821
4663.58974358974
4663.58974358974
4666.15384615385
4665.12820512821
4658.46153846154
4657.94871794872
4664.61538461539
4658.97435897436
4645.64102564103
4646.66666666667
4657.94871794872
4666.66666666667
4671.79487179487
4670.25641025641
4663.07692307692
4661.02564102564
4658.46153846154
4653.84615384615
4664.61538461539
4677.94871794872
4677.4358974359
4675.38461538462
4673.33333333333
4665.12820512821
4653.84615384615
4646.15384615385
4648.71794871795
4660
4665.12820512821
4660
4656.41025641026
4656.41025641026
4651.28205128205
4646.66666666667
4651.79487179487
4654.35897435897
4651.79487179487
4657.94871794872
4667.17948717949
4667.17948717949
4665.12820512821
4665.12820512821
4665.12820512821
4663.07692307692
4660.51282051282
4662.5641025641
4666.15384615385
4666.15384615385
4663.07692307692
4654.8717948718
4646.66666666667
4653.33333333333
4668.20512820513
4673.33333333333
4672.82051282051
4671.28205128205
4666.15384615385
4663.58974358974
4662.5641025641
4658.46153846154
4655.38461538462
4654.35897435897
4649.74358974359
4645.64102564103
4646.15384615385
4645.12820512821
4640
4638.97435897436
4643.07692307692
4644.10256410256
4645.64102564103
4653.33333333333
4655.38461538462
4648.71794871795
4649.23076923077
4654.8717948718
4656.92307692308
4656.41025641026
4655.89743589744
4651.79487179487
4647.69230769231
4649.74358974359
4657.94871794872
4661.53846153846
4657.4358974359
4655.38461538462
4655.38461538462
4651.28205128205
4648.20512820513
4651.79487179487
4660
4668.71794871795
4669.74358974359
4662.5641025641
4658.46153846154
4656.92307692308
4656.92307692308
4662.5641025641
4664.61538461539
4663.07692307692
4663.07692307692
4656.92307692308
4646.66666666667
4646.15384615385
4656.92307692308
4663.07692307692
4660.51282051282
4661.02564102564
4666.15384615385
4665.12820512821
4661.53846153846
4666.15384615385
4669.74358974359
4666.66666666667
4663.07692307692
4658.97435897436
4658.46153846154
4662.05128205128
4661.02564102564
4656.41025641026
4654.8717948718
4653.84615384615
4650.25641025641
4645.64102564103
4646.15384615385
4652.30769230769
4651.79487179487
4645.12820512821
4648.20512820513
4657.94871794872
4657.4358974359
4649.74358974359
4646.15384615385
4646.15384615385
4648.71794871795
4649.74358974359
4644.61538461538
4640
4642.05128205128
4642.05128205128
4637.4358974359
4636.92307692308
4643.58974358974
4642.5641025641
4640.51282051282
4648.20512820513
4653.84615384615
4658.46153846154
4670.25641025641
4681.53846153846
4685.64102564103
4689.23076923077
4693.33333333333
4696.41025641026
4708.71794871795
4719.48717948718
4721.53846153846
4722.05128205128
4722.5641025641
4718.46153846154
4713.33333333333
4721.02564102564
4730.76923076923
4734.35897435897
4742.5641025641
4747.17948717949
4743.58974358974
4749.74358974359
4763.58974358974
4764.10256410256
4760
4764.61538461539
4768.20512820513
4766.15384615385
4764.61538461539
4773.33333333333
4780.51282051282
4773.33333333333
4764.10256410256
4764.61538461539
4764.61538461539
4763.58974358974
4762.5641025641
4761.53846153846
4769.23076923077
4782.05128205128
4781.02564102564
4770.76923076923
4765.12820512821
4758.46153846154
4751.28205128205
4751.28205128205
4750.76923076923
4746.66666666667
