P8
4258.46153846154
4268.20512820513
4246.15384615385
4249.74358974359
4278.97435897436
4277.94871794872
4249.74358974359
4241.02564102564
4255.38461538462
4276.41025641026
4286.66666666667
4271.28205128205
4261.02564102564
4278.97435897436
4289.23076923077
4254.35897435897
4223.58974358974
4235.38461538462
4248.71794871795
4237.94871794872
4239.48717948718
4278.46153846154
4272.82051282051
4220.51282051282
4238.97435897436
4307.17948717949
4291.28205128205
4239.48717948718
4267.17948717949
4266.15384615385
4215.89743589744
4242.5641025641
4288.71794871795
4258.46153846154
4230.76923076923
4251.28205128205
4248.71794871795
4232.30769230769
4241.02564102564
4256.41025641026
4269.23076923077
4266.15384615385
4242.5641025641
4229.23076923077
4252.30769230769
4282.5641025641
4249.74358974359
4198.97435897436
4222.05128205128
4277.4358974359
4273.33333333333
4243.58974358974
4252.82051282051
4241.02564102564
4213.33333333333
4242.05128205128
4289.23076923077
4282.05128205128
4244.10256410256
4220
4209.74358974359
4235.89743589744
4265.64102564103
4262.05128205128
4277.4358974359
4306.66666666667
4298.97435897436
4289.74358974359
4314.8717948718
4312.82051282051
4305.64102564103
4334.8717948718
4342.05128205128
4330.76923076923
4343.07692307692
4361.02564102564
4344.10256410256
4300.51282051282
4302.5641025641
4341.53846153846
4331.79487179487
4287.69230769231
4280.51282051282
4254.8717948718
4201.02564102564
4208.71794871795
4240
4229.74358974359
4203.07692307692
4198.46153846154
4203.58974358974
4181.53846153846
4175.38461538462
4215.38461538462
4205.12820512821
4162.5641025641
4209.23076923077
4253.84615384615
4213.33333333333
4201.02564102564
4214.8717948718
4169.74358974359
4142.5641025641
4187.17948717949
4218.97435897436
4207.69230769231
4197.4358974359
4204.61538461538
4200
4183.07692307692
4185.64102564103
4190.76923076923
4176.41025641026
4157.4358974359
4167.69230769231
4188.71794871795
4166.66666666667
4134.35897435897
4157.4358974359
4206.15384615385
4209.23076923077
4190.25641025641
4186.66666666667
4173.33333333333
4157.4358974359
4162.5641025641
4177.4358974359
4188.71794871795
4193.84615384615
4182.05128205128
4172.82051282051
4169.23076923077
4160.51282051282
4173.84615384615
4192.30769230769
4182.05128205128
4182.5641025641
4204.61538461538
4200
4182.05128205128
4181.53846153846
4180.51282051282
4176.41025641026
4169.74358974359
4170.25641025641
4191.28205128205
4214.35897435897
4195.89743589744
4171.79487179487
4169.23076923077
4164.10256410256
4188.71794871795
4234.35897435897
4240.51282051282
4225.12820512821
4224.61538461538
4210.25641025641
4195.89743589744
4201.53846153846
4198.46153846154
4206.66666666667
4228.20512820513
4244.10256410256
4258.97435897436
4269.23076923077
4272.82051282051
4293.84615384615
4308.20512820513
4289.23076923077
4294.8717948718
4327.69230769231
4315.38461538462
4274.35897435897
4258.46153846154
4221.02564102564
4190.76923076923
4234.8717948718
4253.33333333333
4215.89743589744
4213.84615384615
4230.25641025641
4217.94871794872
4208.20512820513
4193.84615384615
4177.4358974359
4204.61538461538
4233.84615384615
4221.53846153846
4214.35897435897
4206.66666666667
4171.28205128205
4174.8717948718
4217.94871794872
4216.41025641026
4192.82051282051
4205.12820512821
4188.20512820513
4139.48717948718
4158.46153846154
4208.20512820513
4207.17948717949
4194.35897435897
4206.66666666667
4192.82051282051
4163.58974358974
4189.74358974359
4222.5641025641
4205.64102564103
4193.33333333333
4206.15384615385
4203.07692307692
4194.35897435897
4205.12820512821
4203.07692307692
4187.69230769231
4201.02564102564
4220.51282051282
4206.15384615385
4185.64102564103
4198.97435897436
4193.33333333333
4174.35897435897
4211.28205128205
4234.35897435897
4204.10256410256
4209.23076923077
4235.38461538462
4207.17948717949
4191.28205128205
4230.25641025641
4246.66666666667
4205.64102564103
4163.07692307692
4190.76923076923
4265.64102564103
4278.46153846154
4249.74358974359
4258.97435897436
4269.23076923077
4258.97435897436
4247.17948717949
4235.38461538462
4231.28205128205
4244.10256410256
4246.15384615385
4236.92307692308
4249.23076923077
4245.12820512821
4234.35897435897
4251.79487179487
4283.58974358974
4293.33333333333
4262.5641025641
4229.74358974359
4227.17948717949
4232.82051282051
4232.82051282051
4252.82051282051
4270.76923076923
4262.05128205128
4269.74358974359
4283.07692307692
4271.79487179487
4271.28205128205
4272.30769230769
4254.8717948718
4254.8717948718
4266.66666666667
4258.97435897436
4257.4358974359
4271.28205128205
4265.64102564103
4254.8717948718
4268.20512820513
4265.64102564103
4211.28205128205
4191.28205128205
4259.48717948718
4301.02564102564
4280.51282051282
4256.92307692308
4231.28205128205
4256.92307692308
4298.97435897436
4243.58974358974
4212.82051282051
4288.71794871795
4304.10256410256
4245.64102564103
4247.17948717949
4269.23076923077
4265.64102564103
4266.15384615385
4263.07692307692
4259.48717948718
4255.38461538462
4248.20512820513
4244.61538461538
4249.23076923077
4259.48717948718
4251.79487179487
4235.89743589744
4262.05128205128
4286.15384615385
4250.25641025641
4237.94871794872
4278.97435897436
4285.64102564103
4269.23076923077
4281.02564102564
4274.35897435897
4241.53846153846
4236.92307692308
4250.25641025641
4247.69230769231
4250.25641025641
4266.66666666667
4263.58974358974
4229.74358974359
4230.76923076923
4273.84615384615
4273.33333333333
4246.66666666667
4246.15384615385
4253.33333333333
4257.4358974359
4253.33333333333
4232.30769230769
4231.79487179487
4264.61538461538
4280.51282051282
4270.25641025641
4252.82051282051
4246.15384615385
4263.58974358974
4259.48717948718
4230.25641025641
4245.12820512821
4292.30769230769
4286.15384615385
4224.10256410256
4212.82051282051
4265.64102564103
4272.30769230769
4243.07692307692
4258.46153846154
4275.38461538462
4256.92307692308
4251.79487179487
4250.25641025641
4243.07692307692
4260.51282051282
4270.76923076923
4262.05128205128
4264.10256410256
4265.12820512821
4269.74358974359
4299.48717948718
4331.28205128205
4334.35897435897
4296.92307692308
4280
4340.51282051282
4386.15384615385
4350.76923076923
4343.58974358974
4398.46153846154
4409.23076923077
4381.53846153846
4382.05128205128
4383.58974358974
4353.84615384615
4327.69230769231
4307.69230769231
4269.74358974359
4242.5641025641
4245.12820512821
4223.07692307692
4192.82051282051
4229.74358974359
4273.33333333333
4258.46153846154
4256.41025641026
4277.94871794872
4249.23076923077
4212.82051282051
4227.17948717949
4236.41025641026
4222.05128205128
4235.38461538462
4259.48717948718
4234.35897435897
4210.76923076923
4229.74358974359
4235.89743589744
4211.79487179487
4198.97435897436
4206.15384615385
4214.8717948718
4218.97435897436
4217.4358974359
4218.97435897436
4220
4217.4358974359
4215.89743589744
4217.4358974359
4221.02564102564
4221.53846153846
4221.02564102564
4210.25641025641
4186.66666666667
4180.51282051282
4206.15384615385
4223.58974358974
4210.76923076923
4212.82051282051
4250.76923076923
4258.46153846154
4216.92307692308
4207.17948717949
4234.8717948718
4222.05128205128
4190.76923076923
4217.94871794872
4257.4358974359
4231.28205128205
4197.94871794872
4216.41025641026
4241.53846153846
4236.41025641026
4220.51282051282
4218.46153846154
4224.61538461538
4222.5641025641
4214.35897435897
4218.97435897436
4220.51282051282
4212.82051282051
4206.15384615385
4184.10256410256
4182.05128205128
4217.94871794872
4231.79487179487
4213.84615384615
4212.82051282051
4224.61538461538
4212.30769230769
4205.12820512821
4215.38461538462
4219.48717948718
4215.38461538462
4217.4358974359
4220
4211.79487179487
4218.46153846154
4232.82051282051
4231.28205128205
4213.84615384615
4197.4358974359
4216.41025641026
4242.05128205128
4211.79487179487
4174.8717948718
4203.58974358974
4243.58974358974
4237.94871794872
4221.02564102564
4217.94871794872
4217.94871794872
4208.71794871795
4202.05128205128
4218.46153846154
4234.35897435897
4225.12820512821
4213.33333333333
4218.97435897436
4230.25641025641
4233.84615384615
4230.76923076923
4228.71794871795
4234.35897435897
4238.97435897436
4235.89743589744
4234.8717948718
4227.69230769231
4218.46153846154
4230.76923076923
4243.58974358974
4231.28205128205
4223.07692307692
4233.33333333333
4233.33333333333
4220
4214.8717948718
4216.92307692308
4214.35897435897
4211.79487179487
4215.89743589744
4215.89743589744
4220
4230.25641025641
4225.64102564103
4213.84615384615
4221.02564102564
4236.92307692308
4235.89743589744
4219.48717948718
4213.84615384615
4228.71794871795
4236.92307692308
4236.41025641026
4237.4358974359
4225.64102564103
4217.4358974359
4234.35897435897
4234.8717948718
4221.02564102564
4228.71794871795
4222.5641025641
4209.74358974359
4242.5641025641
4271.28205128205
4255.89743589744
4240.51282051282
4238.46153846154
4232.30769230769
4231.79487179487
4229.74358974359
4232.82051282051
4233.84615384615
4218.46153846154
4222.5641025641
4243.58974358974
4240.51282051282
4227.69230769231
4234.35897435897
4240.51282051282
4234.35897435897
4231.28205128205
4237.4358974359
4233.84615384615
4197.94871794872
4192.82051282051
4253.84615384615
4270.25641025641
4227.17948717949
4232.82051282051
4267.69230769231
4253.33333333333
4229.23076923077
4233.84615384615
4241.53846153846
4232.30769230769
4226.66666666667
4243.58974358974
4245.12820512821
4213.33333333333
4220
4266.15384615385
4266.15384615385
4235.89743589744
4223.58974358974
4222.5641025641
4220.51282051282
4205.64102564103
4208.71794871795
4239.48717948718
4245.64102564103
4228.20512820513
4233.84615384615
4238.97435897436
4218.46153846154
4213.84615384615
4225.64102564103
4236.41025641026
4232.82051282051
4215.89743589744
4221.53846153846
4235.89743589744
4225.64102564103
4228.20512820513
4236.41025641026
4208.71794871795
4204.10256410256
4239.48717948718
4229.74358974359
4197.94871794872
4212.82051282051
4223.07692307692
4209.23076923077
4222.05128205128
4237.4358974359
4224.10256410256
4203.58974358974
4215.38461538462
4248.71794871795
4250.76923076923
4209.23076923077
4194.8717948718
4242.5641025641
4277.4358974359
4260
4231.79487179487
4221.53846153846
4213.84615384615
4207.17948717949
4221.53846153846
4224.10256410256
4202.5641025641
4202.05128205128
4224.10256410256
4230.76923076923
4228.71794871795
4236.92307692308
4230.76923076923
4221.02564102564
4215.38461538462
4203.07692307692
4203.07692307692
4226.66666666667
4243.07692307692
4229.74358974359
4212.82051282051
4214.8717948718
4226.66666666667
4234.8717948718
4230.76923076923
4220
4214.8717948718
4225.64102564103
4236.41025641026
4231.79487179487
4231.28205128205
4233.84615384615
4223.58974358974
4212.30769230769
4214.35897435897
4222.5641025641
4228.20512820513
4229.74358974359
4234.35897435897
4232.82051282051
4218.46153846154
4221.53846153846
4239.48717948718
4249.23076923077
4269.23076923077
4293.33333333333
4300
4309.23076923077
4327.69230769231
4331.28205128205
4336.92307692308
4357.94871794872
4359.48717948718
4334.8717948718
4336.41025641026
4358.46153846154
4346.66666666667
4322.05128205128
4328.20512820513
4333.84615384615
4312.82051282051
4301.53846153846
4310.76923076923
4312.82051282051
4308.71794871795
4276.92307692308
4224.10256410256
4229.23076923077
4274.8717948718
4272.30769230769
4251.28205128205
4260
4250.76923076923
4231.28205128205
4229.74358974359
4222.05128205128
4226.15384615385
4236.92307692308
4228.20512820513
4212.82051282051
4207.69230769231
4202.05128205128
4201.02564102564
4208.20512820513
4195.38461538462
4195.89743589744
4223.07692307692
4217.4358974359
4197.4358974359
4217.4358974359
4249.74358974359
4257.94871794872
4266.15384615385
4273.84615384615
4263.07692307692
4263.58974358974
4287.17948717949
4304.10256410256
4288.20512820513
4265.12820512821
4270.76923076923
4281.02564102564
4272.30769230769
4261.53846153846
4264.61538461538
4266.15384615385
4260.51282051282
4262.5641025641
4254.35897435897
4234.35897435897
4253.84615384615
4291.28205128205
4273.84615384615
4245.12820512821
4262.05128205128
4274.8717948718
4261.02564102564
4258.97435897436
4264.61538461538
4260
4260.51282051282
4272.30769230769
4283.07692307692
4280.51282051282
4276.41025641026
4285.12820512821
4285.12820512821
4265.64102564103
4256.41025641026
4272.30769230769
4272.82051282051
4252.30769230769
4251.28205128205
4263.07692307692
4266.15384615385
4275.89743589744
4288.71794871795
4277.94871794872
4263.07692307692
4262.5641025641
4262.05128205128
4266.15384615385
4275.38461538462
4281.53846153846
4289.23076923077
4298.97435897436
4304.61538461538
4312.30769230769
4326.15384615385
4326.15384615385
4320
4331.28205128205
4357.4358974359
4361.02564102564
4344.61538461538
4347.17948717949
4357.94871794872
4368.20512820513
4378.46153846154
4377.94871794872
4364.10256410256
4344.10256410256
4321.53846153846
4302.5641025641
4305.64102564103
4316.92307692308
4317.94871794872
4301.53846153846
4285.12820512821
4291.79487179487
4294.8717948718
4284.10256410256
4277.4358974359
4279.48717948718
4279.48717948718
4282.5641025641
4284.10256410256
4261.02564102564
4238.46153846154
4254.8717948718
4270.25641025641
4249.23076923077
4238.97435897436
4254.8717948718
4254.8717948718
4246.66666666667
4251.28205128205
4250.25641025641
4244.61538461538
4253.33333333333
4247.69230769231
4228.71794871795
4237.94871794872
4254.8717948718
4247.17948717949
4246.66666666667
4248.20512820513
4235.38461538462
4240.51282051282
4242.5641025641
4229.74358974359
4239.48717948718
4244.10256410256
4230.76923076923
4250.76923076923
4272.82051282051
4255.89743589744
4245.12820512821
4251.28205128205
4250.25641025641
4246.15384615385
4236.92307692308
4233.84615384615
4245.12820512821
4250.25641025641
4245.12820512821
4243.07692307692
4245.64102564103
4252.82051282051
4263.07692307692
4267.17948717949
4264.61538461538
4261.53846153846
4262.5641025641
4265.64102564103
4263.07692307692
4260
4272.30769230769
4277.94871794872
4266.66666666667
4267.69230769231
4276.92307692308
4284.61538461538
4298.46153846154
4298.97435897436
4290.76923076923
4305.12820512821
4311.79487179487
4304.61538461538
4312.30769230769
4318.97435897436
4323.58974358974
4333.33333333333
4334.35897435897
4329.74358974359
4330.25641025641
4336.92307692308
4356.41025641026
4363.07692307692
4344.61538461538
4340.51282051282
4336.41025641026
4316.92307692308
4327.17948717949
4372.30769230769
4394.35897435897
4376.41025641026
4346.66666666667
4347.17948717949
4379.48717948718
4360.51282051282
4332.30769230769
4363.58974358974
4374.8717948718
4360.51282051282
4390.76923076923
4414.8717948718
4388.71794871795
4379.48717948718
4390.25641025641
4397.4358974359
4402.5641025641
4384.61538461538
4373.84615384615
4372.82051282051
4362.5641025641
4358.46153846154
4348.20512820513
4344.61538461538
4366.66666666667
4363.07692307692
4326.66666666667
4325.64102564103
4332.30769230769
4319.48717948718
4326.66666666667
4308.71794871795
4266.15384615385
4272.82051282051
4285.12820512821
4258.97435897436
4262.5641025641
4292.82051282051
4290.25641025641
4271.28205128205
4261.02564102564
4260.51282051282
4274.35897435897
4256.41025641026
4213.84615384615
4231.79487179487
4275.38461538462
4258.46153846154
4230.76923076923
4242.5641025641
4252.82051282051
4261.53846153846
4256.92307692308
4227.69230769231
4233.33333333333
4257.4358974359
4242.05128205128
4218.97435897436
4229.74358974359
4238.97435897436
4218.97435897436
4208.71794871795
4229.23076923077
4230.76923076923
4213.84615384615
4221.02564102564
4224.61538461538
4217.4358974359
4238.97435897436
4247.69230769231
4217.94871794872
4227.69230769231
4260
4252.82051282051
4232.82051282051
4219.48717948718
4211.79487179487
4216.41025641026
4205.64102564103
4182.5641025641
4209.74358974359
4242.5641025641
4223.58974358974
4210.25641025641
4218.97435897436
4207.17948717949
4193.84615384615
4214.8717948718
4224.10256410256
4196.92307692308
4193.84615384615
4221.02564102564
4213.33333333333
4187.69230769231
4207.17948717949
4227.69230769231
4204.10256410256
4189.74358974359
4209.23076923077
4214.35897435897
4188.20512820513
4184.61538461538
4205.64102564103
4202.5641025641
4196.41025641026
4217.94871794872
4227.17948717949
4212.30769230769
4204.10256410256
4201.53846153846
4195.38461538462
4197.4358974359
4199.48717948718
4191.28205128205
4183.58974358974
4184.61538461538
4188.71794871795
4189.23076923077
4197.4358974359
4218.97435897436
4231.28205128205
4233.84615384615
4216.92307692308
4182.05128205128
4198.46153846154
4251.28205128205
4248.20512820513
4221.02564102564
4231.28205128205
4238.97435897436
4206.15384615385
4177.4358974359
4193.33333333333
4228.71794871795
4233.33333333333
4227.69230769231
4239.48717948718
4229.74358974359
4212.82051282051
4226.66666666667
4236.92307692308
4218.46153846154
4209.74358974359
4220.51282051282
4209.74358974359
4205.12820512821
4234.35897435897
4231.28205128205
4206.66666666667
4220.51282051282
4239.48717948718
4229.23076923077
4230.76923076923
4248.20512820513
4246.15384615385
4230.25641025641
4219.48717948718
4212.30769230769
4214.35897435897
4241.02564102564
4252.30769230769
4228.71794871795
4235.89743589744
4263.07692307692
4249.23076923077
4223.07692307692
4227.69230769231
4236.41025641026
4229.23076923077
4221.02564102564
4224.61538461538
4228.20512820513
4221.53846153846
4218.46153846154
4230.76923076923
4245.64102564103
4251.28205128205
4251.28205128205
4250.25641025641
4238.46153846154
4228.20512820513
4229.23076923077
4221.53846153846
4211.79487179487
4223.58974358974
4237.4358974359
4233.33333333333
4231.79487179487
4236.41025641026
4231.79487179487
4229.74358974359
4236.41025641026
4244.61538461538
4255.89743589744
4250.76923076923
4213.84615384615
4208.20512820513
4258.46153846154
4283.58974358974
4257.4358974359
4245.64102564103
4254.35897435897
4229.23076923077
4196.92307692308
4226.66666666667
4281.02564102564
4283.58974358974
4269.74358974359
4273.84615384615
4257.4358974359
4239.48717948718
4252.30769230769
4253.33333333333
4232.82051282051
4243.58974358974
4257.4358974359
4235.89743589744
4235.89743589744
4255.89743589744
4254.8717948718
4265.12820512821
4285.64102564103
4257.94871794872
4224.61538461538
4247.17948717949
4270.76923076923
4258.97435897436
4244.10256410256
4242.5641025641
4251.28205128205
4263.58974358974
4267.69230769231
4258.46153846154
4258.97435897436
4268.20512820513
4259.48717948718
4245.12820512821
4256.92307692308
4273.84615384615
4247.69230769231
4219.48717948718
4241.53846153846
4267.17948717949
4255.38461538462
4246.66666666667
4253.84615384615
4246.66666666667
4253.33333333333
4278.97435897436
4275.89743589744
4259.48717948718
4259.48717948718
4256.41025641026
4252.82051282051
4261.02564102564
4265.12820512821
4264.10256410256
4253.33333333333
4228.20512820513
4227.17948717949
4259.48717948718
4270.25641025641
4252.82051282051
4246.66666666667
4248.71794871795
4231.79487179487
4228.20512820513
4248.71794871795
4241.02564102564
4228.20512820513
4247.17948717949
4257.4358974359
4249.23076923077
4244.61538461538
4241.02564102564
4243.07692307692
4253.33333333333
4251.79487179487
4245.64102564103
4251.28205128205
4252.82051282051
4234.35897435897
4223.07692307692
4242.5641025641
4246.15384615385
4230.25641025641
4243.07692307692
4255.38461538462
4247.17948717949
4257.4358974359
4260.51282051282
4243.58974358974
4253.33333333333
4264.10256410256
4247.17948717949
4238.97435897436
4248.20512820513
4250.76923076923
4244.10256410256
4235.89743589744
4229.23076923077
4217.94871794872
4211.79487179487
4227.69230769231
4238.97435897436
4233.33333333333
4229.23076923077
4222.5641025641
4214.35897435897
4224.10256410256
4234.8717948718
4236.41025641026
4233.33333333333
4217.94871794872
4214.8717948718
4244.61538461538
4261.02564102564
4237.4358974359
4224.61538461538
4236.41025641026
4224.10256410256
4202.05128205128
4212.30769230769
4231.28205128205
4234.35897435897
4235.38461538462
4227.17948717949
4216.41025641026
4221.53846153846
4228.71794871795
4231.79487179487
4232.82051282051
4236.41025641026
4236.92307692308
4213.84615384615
4197.94871794872
4218.97435897436
4232.30769230769
4212.82051282051
4205.64102564103
4227.17948717949
4236.92307692308
4221.02564102564
4216.92307692308
4234.35897435897
4241.02564102564
4230.25641025641
4224.10256410256
4214.8717948718
4209.23076923077
4225.64102564103
4242.5641025641
4238.97435897436
4224.61538461538
4214.8717948718
4207.17948717949
4202.5641025641
4213.84615384615
4224.10256410256
4220
4216.41025641026
4216.41025641026
4213.33333333333
4215.38461538462
4216.92307692308
4205.12820512821
4197.4358974359
4198.97435897436
4190.76923076923
4181.53846153846
4181.53846153846
4182.5641025641
4182.5641025641
4186.15384615385
4185.64102564103
4184.10256410256
4183.58974358974
4179.48717948718
4181.53846153846
4191.79487179487
4202.05128205128
4210.25641025641
4215.38461538462
4227.69230769231
4243.07692307692
4241.02564102564
4237.4358974359
4249.74358974359
4249.23076923077
4243.07692307692
4263.58974358974
4283.58974358974
4281.02564102564
4276.41025641026
4274.35897435897
4274.8717948718
4285.12820512821
4292.30769230769
4284.61538461538
4281.53846153846
4294.8717948718
4303.58974358974
4298.46153846154
4296.92307692308
4299.48717948718
4301.53846153846
4322.5641025641
4332.30769230769
4311.79487179487
4312.82051282051
4335.38461538462
4317.94871794872
4291.28205128205
4310.76923076923
4332.30769230769
4301.53846153846
4276.41025641026
4308.71794871795
4351.79487179487
4335.89743589744
4290.25641025641
4291.79487179487
4320.51282051282
4321.53846153846
4297.94871794872
4284.10256410256
4284.10256410256
