F3
3807.17948717949
3805.64102564103
3792.82051282051
3795.38461538462
3803.07692307692
3793.84615384615
3788.71794871795
3803.07692307692
3816.41025641026
3813.33333333333
3804.10256410256
3801.53846153846
3811.28205128205
3823.07692307692
3830.76923076923
3835.89743589744
3831.28205128205
3817.94871794872
3813.33333333333
3813.33333333333
3812.82051282051
3819.48717948718
3829.74358974359
3834.8717948718
3832.82051282051
3828.71794871795
3835.38461538462
3853.84615384615
3851.79487179487
3828.20512820513
3825.64102564103
3843.07692307692
3849.23076923077
3844.10256410256
3845.64102564103
3852.82051282051
3849.74358974359
3837.4358974359
3828.71794871795
3828.20512820513
3837.94871794872
3840
3830.76923076923
3833.84615384615
3845.64102564103
3846.66666666667
3849.74358974359
3850.76923076923
3835.38461538462
3833.84615384615
3850.25641025641
3853.33333333333
3850.76923076923
3849.23076923077
3837.4358974359
3830.76923076923
3834.8717948718
3824.10256410256
3808.20512820513
3818.46153846154
3834.35897435898
3829.23076923077
3829.23076923077
3849.74358974359
3856.92307692308
3848.20512820513
3847.17948717949
3850.76923076923
3853.84615384615
3860
3869.23076923077
3876.92307692308
3882.5641025641
3881.53846153846
3880.51282051282
3879.48717948718
3869.74358974359
3864.10256410256
3870.76923076923
3870.25641025641
3852.82051282051
3833.84615384615
3824.61538461539
3827.17948717949
3834.8717948718
3828.71794871795
3810.76923076923
3801.53846153846
3802.5641025641
3797.4358974359
3784.61538461539
3781.02564102564
3792.82051282051
3801.53846153846
3796.92307692308
3787.69230769231
3780
3772.30769230769
3768.20512820513
3767.69230769231
3768.20512820513
3775.38461538462
3779.48717948718
3770.76923076923
3759.48717948718
3754.8717948718
3752.30769230769
3750.76923076923
3753.33333333333
3752.82051282051
3749.74358974359
3745.64102564103
3741.02564102564
3738.46153846154
3738.46153846154
3740
3737.4358974359
3734.8717948718
3739.48717948718
3743.58974358974
3743.07692307692
3741.02564102564
3739.48717948718
3738.46153846154
3736.41025641026
3734.8717948718
3736.41025641026
3734.35897435898
3726.15384615385
3729.74358974359
3739.48717948718
3732.30769230769
3723.07692307692
3731.28205128205
3739.48717948718
3731.28205128205
3727.17948717949
3733.84615384615
3738.46153846154
3740.51282051282
3733.33333333333
3722.05128205128
3728.71794871795
3740.51282051282
3738.46153846154
3734.8717948718
3737.94871794872
3742.5641025641
3747.69230769231
3742.05128205128
3733.84615384615
3744.61538461539
3749.74358974359
3730.25641025641
3720.51282051282
3730.76923076923
3728.71794871795
3722.5641025641
3731.28205128205
3738.97435897436
3742.5641025641
3748.20512820513
3754.35897435898
3763.58974358974
3772.82051282051
3773.33333333333
3771.79487179487
3771.79487179487
3770.25641025641
3772.82051282051
3770.25641025641
3754.35897435898
3744.61538461539
3738.97435897436
3723.07692307692
3711.79487179487
3711.79487179487
3706.15384615385
3694.8717948718
3686.15384615385
3683.07692307692
3683.07692307692
3672.82051282051
3666.15384615385
3679.48717948718
3680.51282051282
3663.07692307692
3665.12820512821
3674.35897435898
3665.12820512821
3666.15384615385
3677.94871794872
3667.69230769231
3651.79487179487
3656.41025641026
3665.12820512821
3665.64102564103
3664.61538461539
3663.58974358974
3664.10256410256
3664.61538461539
3662.5641025641
3661.53846153846
3661.53846153846
3659.48717948718
3655.38461538462
3649.74358974359
3650.76923076923
3661.02564102564
3667.69230769231
3666.66666666667
3668.20512820513
3667.17948717949
3664.61538461539
3675.38461538462
3680.51282051282
3666.15384615385
3667.17948717949
3681.02564102564
3667.69230769231
3656.41025641026
3670.25641025641
3667.69230769231
3660
3668.20512820513
3660.51282051282
3649.23076923077
3667.17948717949
3680
3670.25641025641
3665.12820512821
3673.84615384615
3695.89743589744
3701.02564102564
3670.25641025641
3656.92307692308
3678.46153846154
3681.53846153846
3672.30769230769
3685.64102564103
3696.92307692308
3691.79487179487
3689.23076923077
3685.64102564103
3673.84615384615
3665.64102564103
3667.69230769231
3678.46153846154
3687.17948717949
3686.15384615385
3681.53846153846
3681.02564102564
3687.69230769231
3691.79487179487
3690.76923076923
3693.33333333333
3692.82051282051
3685.64102564103
3686.66666666667
3700.51282051282
3697.94871794872
3681.02564102564
3684.10256410256
3693.33333333333
3682.05128205128
3678.97435897436
3690.25641025641
3679.48717948718
3668.20512820513
3681.53846153846
3686.66666666667
3676.41025641026
3677.4358974359
3678.46153846154
3671.28205128205
3676.41025641026
3685.64102564103
3686.15384615385
3678.97435897436
3678.97435897436
3681.53846153846
3677.4358974359
3672.82051282051
3672.82051282051
3680.51282051282
3684.10256410256
3673.33333333333
3661.02564102564
3664.10256410256
3669.23076923077
3662.5641025641
3670.25641025641
3684.10256410256
3677.4358974359
3668.71794871795
3672.82051282051
3674.35897435898
3662.05128205128
3655.89743589744
3668.20512820513
3683.58974358974
3686.15384615385
3679.48717948718
3683.58974358974
3695.89743589744
3697.4358974359
3686.15384615385
3678.97435897436
3682.05128205128
3686.66666666667
3690.76923076923
3689.23076923077
3678.97435897436
3676.92307692308
3683.58974358974
3685.64102564103
3680.51282051282
3678.97435897436
3686.66666666667
3689.74358974359
3680
3669.74358974359
3667.17948717949
3667.17948717949
3664.10256410256
3663.07692307692
3666.15384615385
3670.25641025641
3668.71794871795
3664.61538461539
3669.23076923077
3679.48717948718
3689.74358974359
3693.84615384615
3690.25641025641
3695.89743589744
3702.5641025641
3692.30769230769
3683.58974358974
3690.25641025641
3696.92307692308
3695.89743589744
3694.35897435898
3690.25641025641
3689.74358974359
3694.8717948718
3700
3705.64102564103
3708.20512820513
3706.66666666667
3705.12820512821
3707.17948717949
3707.17948717949
3700.51282051282
3697.94871794872
3698.97435897436
3696.92307692308
3698.97435897436
3708.20512820513
3714.35897435898
3712.82051282051
3718.46153846154
3728.20512820513
3739.48717948718
3750.76923076923
3742.05128205128
3727.69230769231
3734.35897435898
3744.10256410256
3737.94871794872
3738.97435897436
3740
3724.10256410256
3713.84615384615
3713.84615384615
3709.23076923077
3702.5641025641
3703.07692307692
3708.71794871795
3718.46153846154
3731.79487179487
3728.71794871795
3709.23076923077
3697.4358974359
3697.4358974359
3697.4358974359
3698.46153846154
3701.53846153846
3699.48717948718
3699.48717948718
3708.20512820513
3709.74358974359
3698.46153846154
3690.76923076923
3692.82051282051
3694.8717948718
3696.92307692308
3699.48717948718
3700
3700.51282051282
3702.5641025641
3707.17948717949
3707.69230769231
3701.02564102564
3697.4358974359
3703.07692307692
3708.20512820513
3710.25641025641
3711.28205128205
3707.69230769231
3699.48717948718
3694.8717948718
3691.28205128205
3687.69230769231
3682.05128205128
3674.8717948718
3683.07692307692
3694.35897435898
3689.74358974359
3678.97435897436
3672.30769230769
3665.64102564103
3661.53846153846
3669.74358974359
3680.51282051282
3683.58974358974
3680
3680
3690.76923076923
3700
3703.07692307692
3698.46153846154
3689.74358974359
3687.69230769231
3691.79487179487
3692.30769230769
3690.25641025641
3692.82051282051
3688.71794871795
3682.05128205128
3682.5641025641
3675.89743589744
3665.64102564103
3668.20512820513
3674.35897435898
3672.82051282051
3672.30769230769
3671.79487179487
3666.66666666667
3662.5641025641
3666.15384615385
3668.71794871795
3667.17948717949
3663.58974358974
3662.5641025641
3659.48717948718
3652.82051282051
3648.71794871795
3650.25641025641
3655.89743589744
3661.02564102564
3661.53846153846
3656.92307692308
3652.82051282051
3653.33333333333
3654.35897435898
3651.79487179487
3652.30769230769
3654.8717948718
3651.79487179487
3649.74358974359
3652.30769230769
3648.20512820513
3638.97435897436
3635.38461538462
3635.38461538462
3632.82051282051
3631.79487179487
3632.82051282051
3633.84615384615
3635.89743589744
3637.4358974359
3637.4358974359
3638.46153846154
3634.35897435898
3625.64102564103
3619.48717948718
3618.46153846154
3617.94871794872
3617.94871794872
3618.46153846154
3618.97435897436
3620
3619.48717948718
3618.97435897436
3618.97435897436
3620.51282051282
3617.4358974359
3608.20512820513
3608.71794871795
3622.05128205128
3628.20512820513
3627.17948717949
3638.46153846154
3652.30769230769
3653.84615384615
3649.23076923077
3649.74358974359
3651.28205128205
3643.07692307692
3639.48717948718
3646.15384615385
3645.12820512821
3636.41025641026
3635.38461538462
3636.92307692308
3633.33333333333
3634.8717948718
3637.4358974359
3633.33333333333
3635.89743589744
3648.20512820513
3655.38461538462
3654.35897435898
3653.33333333333
3652.30769230769
3649.23076923077
3649.23076923077
3653.33333333333
3653.84615384615
3649.74358974359
3650.25641025641
3653.33333333333
3653.33333333333
3652.82051282051
3652.82051282051
3651.28205128205
3653.33333333333
3655.89743589744
3653.84615384615
3651.28205128205
3653.33333333333
3653.33333333333
3643.58974358974
3639.48717948718
3647.17948717949
3658.97435897436
3666.15384615385
3662.5641025641
3653.33333333333
3650.25641025641
3654.8717948718
3654.35897435898
3652.82051282051
3654.8717948718
3653.33333333333
3652.82051282051
3656.92307692308
3663.07692307692
3667.17948717949
3668.20512820513
3666.15384615385
3667.17948717949
3669.74358974359
3668.20512820513
3666.66666666667
3668.20512820513
3669.23076923077
3669.74358974359
3668.20512820513
3665.12820512821
3664.61538461539
3669.23076923077
3675.89743589744
3676.92307692308
3673.33333333333
3674.8717948718
3676.41025641026
3669.23076923077
3664.61538461539
3672.30769230769
3679.48717948718
3674.8717948718
3666.15384615385
3663.58974358974
3664.61538461539
3656.92307692308
3650.25641025641
3655.38461538462
3665.64102564103
3673.33333333333
3677.94871794872
3681.02564102564
3681.02564102564
3683.58974358974
3687.17948717949
3680
3668.71794871795
3670.76923076923
3681.02564102564
3683.58974358974
3681.02564102564
3684.61538461539
3686.15384615385
3681.02564102564
3681.53846153846
3686.15384615385
3680.51282051282
3667.17948717949
3666.15384615385
3672.82051282051
3671.79487179487
3664.61538461539
3662.5641025641
3666.15384615385
3667.69230769231
3666.66666666667
3669.23076923077
3675.38461538462
3682.5641025641
3687.17948717949
3692.30769230769
3697.94871794872
3699.48717948718
3696.92307692308
3697.94871794872
3701.02564102564
3701.02564102564
3698.97435897436
3699.48717948718
3698.46153846154
3701.02564102564
3707.69230769231
3706.15384615385
3696.92307692308
3694.35897435898
3698.97435897436
3698.97435897436
3695.89743589744
3699.48717948718
3706.15384615385
3700
3686.66666666667
3683.07692307692
3688.20512820513
3691.79487179487
3697.94871794872
3703.58974358974
3706.66666666667
3710.76923076923
3715.38461538462
3717.94871794872
3723.58974358974
3726.66666666667
3724.10256410256
3721.53846153846
3722.05128205128
3722.5641025641
3721.02564102564
3714.35897435898
3712.30769230769
3713.84615384615
3709.23076923077
3705.64102564103
3707.69230769231
3701.53846153846
3688.20512820513
3677.4358974359
3671.28205128205
3664.61538461539
3653.84615384615
3649.74358974359
3660.51282051282
3668.20512820513
3666.15384615385
3669.74358974359
3672.30769230769
3657.94871794872
3651.79487179487
3660.51282051282
3664.10256410256
3663.58974358974
3666.66666666667
3669.23076923077
3671.79487179487
3670.25641025641
3666.15384615385
3668.71794871795
3670.76923076923
3673.33333333333
3675.38461538462
3669.74358974359
3669.74358974359
3678.46153846154
3677.4358974359
3671.79487179487
3677.4358974359
3682.05128205128
3685.12820512821
3692.82051282051
3694.8717948718
3693.33333333333
3697.4358974359
3703.58974358974
3700.51282051282
3690.25641025641
3683.07692307692
3684.10256410256
3685.12820512821
3682.5641025641
3682.05128205128
3683.07692307692
3682.5641025641
3683.07692307692
3685.12820512821
3684.61538461539
3682.05128205128
3685.64102564103
3690.76923076923
3690.25641025641
3690.76923076923
3698.46153846154
3702.05128205128
3700
3701.53846153846
3709.23076923077
3716.92307692308
3720.51282051282
3722.05128205128
3723.58974358974
3722.05128205128
3722.5641025641
3726.66666666667
3727.17948717949
3723.58974358974
3721.53846153846
3721.02564102564
3724.10256410256
3729.74358974359
3726.66666666667
3720
3722.5641025641
3725.64102564103
3728.71794871795
3734.35897435898
3736.92307692308
3742.05128205128
3751.28205128205
3751.28205128205
3749.74358974359
3757.94871794872
3761.53846153846
3761.53846153846
3766.66666666667
3770.76923076923
3769.74358974359
3766.15384615385
3770.76923076923
3780
3775.89743589744
3765.64102564103
3768.20512820513
3770.25641025641
3761.53846153846
3757.4358974359
3756.41025641026
3756.41025641026
3754.8717948718
3739.48717948718
3727.17948717949
3732.82051282051
3740.51282051282
3740
3740
3742.05128205128
3744.10256410256
3747.69230769231
3744.10256410256
3738.97435897436
3736.92307692308
3734.35897435898
3729.23076923077
3723.58974358974
3718.97435897436
3718.97435897436
3721.53846153846
3723.58974358974
3729.23076923077
3736.92307692308
3737.94871794872
3739.48717948718
3745.12820512821
3747.69230769231
3746.15384615385
3743.58974358974
3739.48717948718
3740.51282051282
3748.20512820513
3745.64102564103
3733.84615384615
3731.79487179487
3741.02564102564
3746.15384615385
3746.15384615385
3741.02564102564
3733.33333333333
3732.30769230769
3735.89743589744
3736.92307692308
3735.89743589744
3732.30769230769
3729.74358974359
3734.35897435898
3737.4358974359
3736.41025641026
3736.92307692308
3734.8717948718
3729.74358974359
3730.25641025641
3737.94871794872
3741.02564102564
3737.94871794872
3737.94871794872
3737.94871794872
3734.8717948718
3735.89743589744
3738.97435897436
3737.4358974359
3742.5641025641
3753.84615384615
3755.38461538462
3748.20512820513
3741.02564102564
3735.89743589744
3741.53846153846
3752.30769230769
3753.84615384615
3751.28205128205
3753.33333333333
3753.33333333333
3750.76923076923
3757.94871794872
3769.23076923077
3768.71794871795
3763.58974358974
3766.15384615385
3770.25641025641
3774.35897435898
3781.02564102564
3786.66666666667
3786.66666666667
3777.4358974359
3768.20512820513
3775.89743589744
3781.02564102564
3774.35897435898
3780.51282051282
3787.69230769231
3771.28205128205
3757.4358974359
3765.64102564103
3772.30769230769
3765.12820512821
3756.92307692308
3756.41025641026
3758.97435897436
3760
3762.5641025641
3768.20512820513
3767.17948717949
3762.5641025641
3769.23076923077
3776.41025641026
3771.79487179487
3767.69230769231
3763.07692307692
3752.82051282051
3749.74358974359
3754.35897435898
3754.8717948718
3756.92307692308
3759.48717948718
3754.35897435898
3752.30769230769
3756.41025641026
3754.35897435898
3745.12820512821
3736.92307692308
3726.66666666667
3723.58974358974
3734.35897435898
3731.28205128205
3712.82051282051
3714.8717948718
3725.64102564103
3711.28205128205
3689.74358974359
3689.23076923077
3698.46153846154
3702.05128205128
3691.28205128205
3683.07692307692
3690.25641025641
3698.97435897436
3700.51282051282
3698.46153846154
3696.92307692308
3699.48717948718
3702.5641025641
3693.84615384615
3683.58974358974
3683.07692307692
3683.58974358974
3682.05128205128
3682.5641025641
3683.07692307692
3682.05128205128
3681.02564102564
3681.53846153846
3686.15384615385
3691.79487179487
3694.35897435898
3691.79487179487
3694.8717948718
3700
3700.51282051282
3706.66666666667
3711.79487179487
3704.10256410256
3699.48717948718
3706.15384615385
3708.20512820513
3716.92307692308
3729.23076923077
3722.5641025641
3710.76923076923
3714.35897435898
3715.38461538462
3703.58974358974
3699.48717948718
3709.23076923077
3714.35897435898
3716.41025641026
3721.53846153846
3720
3714.8717948718
3715.38461538462
3714.35897435898
3714.35897435898
3715.89743589744
3712.30769230769
3715.38461538462
3723.58974358974
3719.48717948718
3710.25641025641
3704.10256410256
3695.38461538462
3691.28205128205
3693.84615384615
3691.79487179487
3691.79487179487
3693.33333333333
3688.20512820513
3689.23076923077
3695.89743589744
3690.25641025641
3686.15384615385
3696.41025641026
3700.51282051282
3700.51282051282
3705.12820512821
3703.07692307692
3697.4358974359
3702.5641025641
3708.71794871795
3706.66666666667
3706.15384615385
3705.64102564103
3704.61538461539
3709.23076923077
3713.84615384615
3715.38461538462
3720
3720.51282051282
3714.8717948718
3717.4358974359
3725.12820512821
3724.10256410256
3724.10256410256
3728.71794871795
3728.20512820513
3730.76923076923
3737.4358974359
3734.35897435898
3728.20512820513
3731.28205128205
3733.84615384615
3729.74358974359
3728.20512820513
3725.64102564103
3719.48717948718
3721.53846153846
3727.69230769231
3728.71794871795
3726.66666666667
3728.20512820513
3735.89743589744
3744.61538461539
3745.64102564103
3743.58974358974
3748.71794871795
3752.30769230769
3751.79487179487
3753.33333333333
3747.69230769231
3740.51282051282
3746.15384615385
3755.38461538462
3758.97435897436
3760.51282051282
3751.79487179487
3735.89743589744
3734.8717948718
3738.97435897436
3735.89743589744
3738.46153846154
3746.15384615385
3747.69230769231
3746.15384615385
3745.64102564103
3744.61538461539
3747.69230769231
3752.82051282051
3750.76923076923
3745.12820512821
3743.58974358974
3741.53846153846
3741.02564102564
3741.53846153846
3736.92307692308
3732.82051282051
3730.25641025641
3723.58974358974
3718.97435897436
3721.02564102564
3719.48717948718
3713.33333333333
3711.28205128205
3721.02564102564
3734.8717948718
3740
3735.38461538462
3731.79487179487
3727.17948717949
3721.02564102564
3719.48717948718
3722.5641025641
3719.48717948718
3711.79487179487
3713.33333333333
3722.05128205128
3723.58974358974
3723.07692307692
3730.25641025641
3731.28205128205
3727.17948717949
3728.71794871795
3730.25641025641
3729.23076923077
3728.71794871795
3731.28205128205
3735.38461538462
3735.89743589744
3729.23076923077
3721.02564102564
3723.07692307692
3730.25641025641
3725.64102564103
3721.02564102564
3730.76923076923
3735.38461538462
3728.20512820513
3729.74358974359
3729.74358974359
3726.15384615385
3732.82051282051
3738.97435897436
3737.4358974359
3737.94871794872
3740
3736.92307692308
3736.41025641026
3742.05128205128
3746.66666666667
3746.15384615385
3739.48717948718
3738.46153846154
3738.46153846154
3731.28205128205
3728.20512820513
3737.4358974359
3746.66666666667
3747.17948717949
3745.12820512821
3742.5641025641
3738.46153846154
3731.79487179487
3729.23076923077
3738.46153846154
3750.76923076923
3754.8717948718
3752.30769230769
3749.74358974359
3741.53846153846
3731.28205128205
3731.28205128205
3737.4358974359
3738.97435897436
3737.94871794872
3737.94871794872
3740.51282051282
3741.53846153846
3738.97435897436
3736.92307692308
3740
3740
3736.41025641026
3741.53846153846
3745.64102564103
3742.05128205128
3741.53846153846
3745.64102564103
3746.66666666667
3744.10256410256
3741.53846153846
3743.58974358974
3750.76923076923
3755.89743589744
3749.23076923077
3734.8717948718
3729.74358974359
3740
3748.20512820513
3746.66666666667
3747.17948717949
3752.82051282051
3753.84615384615
3748.71794871795
3740
3733.33333333333
3728.71794871795
3727.17948717949
3723.58974358974
3715.38461538462
3715.38461538462
3721.53846153846
3716.41025641026
3709.74358974359
3718.97435897436
3725.12820512821
3720
3721.53846153846
3724.61538461539
3722.5641025641
3720.51282051282
3721.53846153846
3724.10256410256
3727.69230769231
3725.64102564103
3717.4358974359
3714.8717948718
3721.53846153846
3726.66666666667
3726.66666666667
3725.12820512821
3725.12820512821
3723.07692307692
3720.51282051282
3721.02564102564
3722.05128205128
3725.64102564103
3733.84615384615
3736.41025641026
3730.25641025641
3729.74358974359
3732.30769230769
3731.79487179487
3735.89743589744
3740.51282051282
3737.4358974359
3733.84615384615
3731.28205128205
3726.66666666667
3724.10256410256
3730.25641025641
3736.92307692308
3737.94871794872
3738.46153846154
3740
3737.94871794872
3736.92307692308
3740
3741.02564102564
3740.51282051282
3736.92307692308
3730.76923076923
3734.8717948718
3745.12820512821
3744.10256410256
3735.89743589744
3734.35897435898
3738.97435897436
3738.97435897436
3730.25641025641
3730.25641025641
3738.46153846154
3733.33333333333
3721.53846153846
3726.66666666667
3738.97435897436
3738.97435897436
3730.76923076923
3724.61538461539
3726.66666666667
3730.25641025641
3726.15384615385
3719.48717948718
3715.89743589744
3715.38461538462
3712.82051282051
3708.71794871795
3709.74358974359
3710.25641025641
3703.58974358974
3698.46153846154
3698.97435897436
3699.48717948718
3702.05128205128
3708.71794871795
3710.25641025641
3710.76923076923
3713.84615384615
3713.33333333333
3711.79487179487
3717.4358974359
3727.17948717949
3730.76923076923
3730.25641025641
3730.25641025641
3728.71794871795
3727.69230769231
3732.30769230769
3733.84615384615
3735.89743589744
3743.58974358974
3741.53846153846
3732.82051282051
3738.97435897436
3747.69230769231
3745.64102564103
3746.15384615385
3754.8717948718
3752.82051282051
3747.17948717949
3751.79487179487
3760.51282051282
3764.61538461539
3763.07692307692
3761.53846153846
3761.02564102564
3763.07692307692
3760
3752.82051282051
3754.35897435898
3760
3761.02564102564
3761.02564102564
3762.05128205128
3756.92307692308
3749.23076923077
3745.64102564103
3746.15384615385
3743.58974358974
3736.92307692308
