
4262.05128205128
4242.5641025641
4229.23076923077
4224.10256410256
4217.94871794872
4208.71794871795
4208.20512820513
4224.10256410256
4234.35897435897
4224.61538461538
4215.89743589744
4218.97435897436
4218.46153846154
4217.94871794872
4217.4358974359
4208.20512820513
4198.97435897436
4188.71794871795
4173.33333333333
4166.66666666667
4173.84615384615
4180.51282051282
4182.05128205128
4187.69230769231
4191.28205128205
4186.66666666667
4187.17948717949
4195.89743589744
4185.64102564103
4166.15384615385
4168.20512820513
4184.10256410256
4185.12820512821
4170.76923076923
4168.20512820513
4176.92307692308
4177.4358974359
4172.30769230769
4166.15384615385
4156.41025641026
4151.28205128205
4154.35897435897
4156.92307692308
4155.38461538462
4155.38461538462
4161.53846153846
4172.30769230769
4172.30769230769
4164.10256410256
4166.66666666667
4173.33333333333
4176.41025641026
4176.92307692308
4174.8717948718
4171.79487179487
4171.28205128205
4167.17948717949
4158.97435897436
4157.4358974359
4170.25641025641
4183.58974358974
4181.53846153846
4183.58974358974
4208.20512820513
4217.94871794872
4202.05128205128
4205.12820512821
4227.69230769231
4229.74358974359
4232.30769230769
4253.84615384615
4268.20512820513
4267.17948717949
4265.12820512821
4263.07692307692
4258.46153846154
4258.46153846154
4266.66666666667
4265.12820512821
4244.61538461538
4230.25641025641
4229.23076923077
4218.97435897436
4216.41025641026
4232.82051282051
4230.25641025641
4204.61538461538
4196.41025641026
4203.07692307692
4195.89743589744
4182.5641025641
4187.69230769231
4195.89743589744
4187.17948717949
4180
4186.66666666667
4188.71794871795
4176.92307692308
4167.69230769231
4168.20512820513
4167.69230769231
4167.69230769231
4170.76923076923
4158.97435897436
4138.46153846154
4130.76923076923
4126.66666666667
4118.97435897436
4123.58974358974
4136.41025641026
4135.89743589744
4125.64102564103
4122.05128205128
4124.10256410256
4119.48717948718
4114.35897435897
4118.46153846154
4124.61538461538
4126.66666666667
4125.12820512821
4122.05128205128
4120.51282051282
4122.05128205128
4121.02564102564
4119.48717948718
4117.94871794872
4111.79487179487
4108.71794871795
4113.33333333333
4120.51282051282
4123.58974358974
4125.12820512821
4124.61538461538
4122.5641025641
4123.58974358974
4123.07692307692
4120
4125.12820512821
4134.35897435897
4134.8717948718
4125.12820512821
4122.05128205128
4132.82051282051
4140.51282051282
4140
4136.41025641026
4133.84615384615
4136.92307692308
4139.48717948718
4132.30769230769
4128.71794871795
4138.46153846154
4141.02564102564
4135.89743589744
4137.94871794872
4141.53846153846
4137.94871794872
4133.33333333333
4137.94871794872
4150.25641025641
4156.41025641026
4152.30769230769
4154.35897435897
4172.82051282051
4184.10256410256
4178.97435897436
4172.82051282051
4170.25641025641
4176.92307692308
4186.66666666667
4182.05128205128
4169.23076923077
4168.20512820513
4158.46153846154
4140
4131.79487179487
4114.8717948718
4093.33333333333
4086.66666666667
4078.46153846154
4067.17948717949
4070.76923076923
4074.35897435898
4073.33333333333
4082.5641025641
4080
4063.58974358974
4066.15384615385
4078.46153846154
4074.8717948718
4074.8717948718
4082.05128205128
4073.84615384615
4064.61538461539
4065.64102564103
4062.5641025641
4057.4358974359
4057.94871794872
4052.82051282051
4044.10256410256
4049.23076923077
4058.46153846154
4061.53846153846
4068.20512820513
4076.92307692308
4071.79487179487
4062.5641025641
4069.23076923077
4076.92307692308
4077.94871794872
4084.61538461539
4091.79487179487
4091.28205128205
4095.89743589744
4107.69230769231
4110.76923076923
4105.12820512821
4106.66666666667
4107.69230769231
4096.92307692308
4094.8717948718
4106.15384615385
4107.17948717949
4106.66666666667
4109.74358974359
4094.8717948718
4089.74358974359
4116.92307692308
4131.28205128205
4121.02564102564
4115.38461538462
4121.02564102564
4137.94871794872
4144.61538461538
4123.07692307692
4115.89743589744
4135.89743589744
4139.48717948718
4132.30769230769
4143.07692307692
4155.89743589744
4155.89743589744
4145.64102564103
4136.41025641026
4142.5641025641
4150.25641025641
4156.41025641026
4167.69230769231
4175.89743589744
4172.82051282051
4170.76923076923
4173.33333333333
4173.33333333333
4169.74358974359
4165.64102564103
4167.69230769231
4169.23076923077
4167.17948717949
4174.8717948718
4185.12820512821
4186.66666666667
4182.5641025641
4187.69230769231
4198.46153846154
4201.53846153846
4200.51282051282
4204.10256410256
4198.46153846154
4185.64102564103
4187.69230769231
4197.94871794872
4199.48717948718
4193.33333333333
4187.17948717949
4189.74358974359
4199.48717948718
4204.61538461538
4197.4358974359
4188.20512820513
4184.61538461538
4179.48717948718
4169.23076923077
4158.46153846154
4153.84615384615
4155.89743589744
4161.02564102564
4153.84615384615
4138.97435897436
4143.07692307692
4155.38461538462
4153.84615384615
4151.79487179487
4157.94871794872
4156.92307692308
4152.82051282051
4155.38461538462
4150.25641025641
4134.8717948718
4126.66666666667
4133.33333333333
4139.48717948718
4141.53846153846
4149.74358974359
4155.38461538462
4154.35897435897
4156.92307692308
4153.33333333333
4141.02564102564
4136.41025641026
4137.4358974359
4136.92307692308
4142.5641025641
4143.07692307692
4140
4150.25641025641
4154.8717948718
4145.64102564103
4145.64102564103
4155.89743589744
4153.33333333333
4138.97435897436
4137.4358974359
4147.69230769231
4155.38461538462
4153.84615384615
4152.82051282051
4163.58974358974
4168.71794871795
4157.94871794872
4147.69230769231
4150.25641025641
4150.76923076923
4150.25641025641
4154.35897435897
4152.82051282051
4152.82051282051
4156.92307692308
4152.30769230769
4148.20512820513
4149.23076923077
4145.64102564103
4136.41025641026
4127.69230769231
4123.58974358974
4123.58974358974
4124.10256410256
4120
4118.46153846154
4119.48717948718
4120
4123.07692307692
4125.64102564103
4122.5641025641
4123.07692307692
4132.30769230769
4138.46153846154
4147.69230769231
4165.12820512821
4174.8717948718
4174.35897435897
4181.53846153846
4193.84615384615
4189.74358974359
4181.53846153846
4183.07692307692
4173.84615384615
4164.10256410256
4180
4188.20512820513
4176.41025641026
4180
4184.10256410256
4167.69230769231
4157.94871794872
4156.41025641026
4141.53846153846
4123.58974358974
4112.82051282051
4106.15384615385
4101.53846153846
4099.48717948718
4095.38461538462
4083.07692307692
4076.41025641026
4079.48717948718
4079.48717948718
4074.35897435898
4076.92307692308
4077.4358974359
4067.17948717949
4068.20512820513
4076.92307692308
4070.76923076923
4062.5641025641
4067.69230769231
4068.71794871795
4062.5641025641
4064.10256410256
4070.25641025641
4067.17948717949
4058.46153846154
4058.97435897436
4061.02564102564
4054.8717948718
4055.89743589744
4064.10256410256
4062.05128205128
4059.48717948718
4064.61538461539
4061.02564102564
4048.20512820513
4041.53846153846
4044.10256410256
4050.25641025641
4054.8717948718
4061.02564102564
4071.79487179487
4078.97435897436
4078.46153846154
4070.25641025641
4056.41025641026
4052.30769230769
4061.53846153846
4068.71794871795
4065.64102564103
4063.07692307692
4065.64102564103
4067.17948717949
4072.30769230769
4085.64102564103
4095.89743589744
4094.8717948718
4091.79487179487
4092.82051282051
4090.25641025641
4091.79487179487
4101.02564102564
4106.15384615385
4105.12820512821
4106.66666666667
4110.25641025641
4107.17948717949
4103.07692307692
4109.74358974359
4120.51282051282
4128.71794871795
4136.41025641026
4136.92307692308
4131.28205128205
4132.82051282051
4140.51282051282
4140.51282051282
4138.46153846154
4138.46153846154
4138.46153846154
4140
4133.84615384615
4127.17948717949
4135.89743589744
4146.66666666667
4142.5641025641
4142.5641025641
4151.79487179487
4146.15384615385
4129.74358974359
4123.58974358974
4124.10256410256
4119.48717948718
4118.46153846154
4118.97435897436
4112.82051282051
4106.66666666667
4106.15384615385
4102.5641025641
4095.89743589744
4096.92307692308
4098.46153846154
4092.82051282051
4089.23076923077
4094.8717948718
4103.07692307692
4106.66666666667
4106.66666666667
4101.02564102564
4090.25641025641
4087.17948717949
4088.71794871795
4083.07692307692
4077.94871794872
4077.94871794872
4074.8717948718
4071.79487179487
4070.76923076923
4064.10256410256
4058.46153846154
4062.5641025641
4069.23076923077
4069.23076923077
4060.51282051282
4056.41025641026
4063.58974358974
4063.58974358974
4052.82051282051
4056.41025641026
4068.20512820513
4066.66666666667
4062.5641025641
4068.20512820513
4076.41025641026
4076.92307692308
4074.8717948718
4078.46153846154
4080.51282051282
4075.38461538462
4072.82051282051
4075.38461538462
4078.46153846154
4084.61538461539
4096.41025641026
4106.15384615385
4106.15384615385
4108.20512820513
4120
4125.12820512821
4121.53846153846
4122.05128205128
4123.07692307692
4127.69230769231
4138.46153846154
4137.94871794872
4138.97435897436
4151.79487179487
4156.41025641026
4150.76923076923
4149.23076923077
4149.74358974359
4150.76923076923
4157.94871794872
4159.48717948718
4156.41025641026
4162.05128205128
4172.30769230769
4171.79487179487
4155.89743589744
4148.20512820513
4163.58974358974
4177.4358974359
4171.28205128205
4166.66666666667
4171.28205128205
4170.25641025641
4167.69230769231
4168.20512820513
4168.20512820513
4167.69230769231
4166.15384615385
4168.71794871795
4171.28205128205
4167.17948717949
4164.10256410256
4165.64102564103
4168.20512820513
4168.71794871795
4160
4153.84615384615
4150.76923076923
4137.94871794872
4129.23076923077
4130.76923076923
4122.5641025641
4112.82051282051
4118.97435897436
4124.61538461538
4119.48717948718
4110.25641025641
4105.64102564103
4111.79487179487
4109.23076923077
4095.38461538462
4091.28205128205
4091.79487179487
4089.23076923077
4091.28205128205
4085.12820512821
4068.71794871795
4066.66666666667
4072.30769230769
4060.51282051282
4050.25641025641
4057.94871794872
4066.66666666667
4068.71794871795
4071.28205128205
4078.46153846154
4089.23076923077
4094.8717948718
4093.84615384615
4093.84615384615
4097.4358974359
4091.79487179487
4083.58974358974
4086.15384615385
4091.28205128205
4090.76923076923
4088.71794871795
4092.30769230769
4092.30769230769
4092.30769230769
4099.48717948718
4105.12820512821
4104.10256410256
4104.61538461538
4106.66666666667
4104.61538461538
4103.07692307692
4104.61538461538
4105.12820512821
4111.28205128205
4118.97435897436
4122.05128205128
4122.5641025641
4122.5641025641
4121.02564102564
4121.53846153846
4123.07692307692
4121.02564102564
4119.48717948718
4123.07692307692
4129.74358974359
4129.23076923077
4122.5641025641
4120.51282051282
4123.58974358974
4126.66666666667
4125.64102564103
4121.02564102564
4122.05128205128
4127.17948717949
4123.07692307692
4123.07692307692
4133.84615384615
4133.84615384615
4123.07692307692
4124.10256410256
4134.8717948718
4141.02564102564
4141.02564102564
4142.05128205128
4150.76923076923
4156.41025641026
4145.64102564103
4155.38461538462
4199.48717948718
4224.10256410256
4214.35897435897
4212.30769230769
4221.02564102564
4220
4218.46153846154
4218.46153846154
4215.89743589744
4212.30769230769
4206.15384615385
4202.5641025641
4203.07692307692
4202.5641025641
4200.51282051282
4197.4358974359
4190.76923076923
4182.05128205128
4171.79487179487
4167.17948717949
4176.92307692308
4184.10256410256
4186.15384615385
4193.33333333333
4193.33333333333
4182.5641025641
4181.53846153846
4184.61538461538
4175.89743589744
4169.23076923077
4170.76923076923
4172.30769230769
4172.82051282051
4169.74358974359
4164.10256410256
4169.23076923077
4182.5641025641
4187.69230769231
4185.64102564103
4184.61538461538
4186.15384615385
4193.84615384615
4200
4196.92307692308
4196.41025641026
4193.84615384615
4191.28205128205
4196.41025641026
4192.82051282051
4186.15384615385
4194.35897435897
4204.61538461538
4202.5641025641
4202.05128205128
4202.05128205128
4201.02564102564
4203.07692307692
4204.61538461538
4210.76923076923
4217.94871794872
4217.94871794872
4216.92307692308
4220.51282051282
4217.94871794872
4215.38461538462
4223.07692307692
4225.12820512821
4217.4358974359
4213.84615384615
4220
4228.20512820513
4232.30769230769
4234.8717948718
4243.07692307692
4250.25641025641
4247.69230769231
4248.20512820513
4247.69230769231
4237.4358974359
4229.23076923077
4227.69230769231
4227.17948717949
4230.25641025641
4233.33333333333
4232.82051282051
4240.51282051282
4250.25641025641
4245.64102564103
4240.51282051282
4243.58974358974
4245.12820512821
4243.07692307692
4243.07692307692
4249.74358974359
4263.07692307692
4275.38461538462
4278.46153846154
4278.46153846154
4284.10256410256
4287.17948717949
4282.5641025641
4278.46153846154
4279.48717948718
4276.92307692308
4275.89743589744
4288.71794871795
4304.61538461538
4307.17948717949
4305.12820512821
4307.69230769231
4292.30769230769
4256.41025641026
4240.51282051282
4248.20512820513
4239.48717948718
4216.41025641026
4209.23076923077
4214.8717948718
4214.35897435897
4217.4358974359
4226.66666666667
4225.64102564103
4218.46153846154
4218.46153846154
4217.94871794872
4205.12820512821
4189.23076923077
4184.10256410256
4186.15384615385
4182.5641025641
4172.82051282051
4170.25641025641
4173.84615384615
4173.33333333333
4170.76923076923
4168.71794871795
4168.71794871795
4173.33333333333
4175.89743589744
4171.79487179487
4167.69230769231
4167.69230769231
4168.20512820513
4166.66666666667
4166.15384615385
4167.17948717949
4169.23076923077
4165.12820512821
4155.38461538462
4153.33333333333
4156.92307692308
4155.89743589744
4152.82051282051
4150.25641025641
4149.23076923077
4150.76923076923
4153.33333333333
4153.33333333333
4151.79487179487
4151.28205128205
4154.35897435897
4158.97435897436
4158.97435897436
4155.89743589744
4153.33333333333
4149.74358974359
4146.66666666667
4150.25641025641
4153.84615384615
4152.82051282051
4152.30769230769
4150.76923076923
4147.17948717949
4149.74358974359
4154.8717948718
4153.84615384615
4159.48717948718
4171.28205128205
4172.82051282051
4166.15384615385
4164.61538461538
4166.15384615385
4166.15384615385
4166.66666666667
4173.33333333333
4183.58974358974
4187.69230769231
4192.30769230769
4201.53846153846
4204.10256410256
4200
4201.53846153846
4203.58974358974
4201.02564102564
4204.10256410256
4214.35897435897
4218.46153846154
4215.89743589744
4215.38461538462
4213.33333333333
4209.23076923077
4216.92307692308
4219.48717948718
4206.15384615385
4200.51282051282
4207.17948717949
4202.5641025641
4193.33333333333
4198.97435897436
4194.8717948718
4182.05128205128
4182.5641025641
4189.23076923077
4189.74358974359
4186.15384615385
4191.28205128205
4201.53846153846
4205.12820512821
4205.12820512821
4213.84615384615
4222.05128205128
4218.46153846154
4217.94871794872
4216.92307692308
4204.61538461538
4198.97435897436
4208.71794871795
4215.38461538462
4213.33333333333
4216.92307692308
4217.94871794872
4207.69230769231
4200
4202.05128205128
4198.97435897436
4186.66666666667
4178.46153846154
4183.58974358974
4185.64102564103
4173.84615384615
4166.66666666667
4168.71794871795
4169.23076923077
4173.84615384615
4183.07692307692
4185.64102564103
4185.12820512821
4187.17948717949
4184.10256410256
4184.10256410256
4188.20512820513
4185.12820512821
4182.05128205128
4185.12820512821
4182.5641025641
4181.02564102564
4178.97435897436
4175.89743589744
4182.05128205128
4183.58974358974
4172.82051282051
4174.35897435897
4184.61538461538
4182.05128205128
4178.97435897436
4180.51282051282
4178.46153846154
4181.02564102564
4187.17948717949
4185.64102564103
4183.58974358974
4187.17948717949
4189.23076923077
4186.15384615385
4185.12820512821
4188.71794871795
4181.53846153846
4169.74358974359
4173.33333333333
4182.05128205128
4184.10256410256
4186.66666666667
4187.17948717949
4183.58974358974
4184.10256410256
4178.97435897436
4165.64102564103
4163.58974358974
4169.74358974359
4163.58974358974
4152.82051282051
4154.35897435897
4156.92307692308
4154.8717948718
4155.38461538462
4156.92307692308
4152.82051282051
4150.76923076923
4152.82051282051
4151.79487179487
4151.79487179487
4150.25641025641
4141.02564102564
4128.71794871795
4121.53846153846
4121.53846153846
4121.02564102564
4123.07692307692
4135.89743589744
4137.4358974359
4123.07692307692
4125.64102564103
4141.02564102564
4137.94871794872
4133.33333333333
4137.4358974359
4132.30769230769
4118.46153846154
4107.69230769231
4103.07692307692
4103.07692307692
4103.07692307692
4104.61538461538
4107.69230769231
4107.17948717949
4105.64102564103
4109.74358974359
4117.94871794872
4127.17948717949
4126.15384615385
4115.89743589744
4112.82051282051
4114.35897435897
4111.79487179487
4112.30769230769
4118.97435897436
4123.58974358974
4121.53846153846
4120.51282051282
4132.30769230769
4141.02564102564
4130.25641025641
4123.58974358974
4135.89743589744
4142.05128205128
4133.33333333333
4128.71794871795
4130.25641025641
4130.25641025641
4135.89743589744
4143.07692307692
4141.53846153846
4136.41025641026
4141.02564102564
4150.76923076923
4155.38461538462
4150.76923076923
4140
4136.92307692308
4144.61538461538
4151.28205128205
4152.82051282051
4151.79487179487
4152.82051282051
4158.97435897436
4173.33333333333
4186.15384615385
4189.23076923077
4184.10256410256
4175.38461538462
4175.38461538462
4182.5641025641
4185.64102564103
4183.07692307692
4184.61538461538
4193.84615384615
4193.84615384615
4184.10256410256
4185.64102564103
4199.48717948718
4207.17948717949
4204.61538461538
4201.53846153846
4200.51282051282
4202.05128205128
4201.53846153846
4198.46153846154
4194.8717948718
4192.30769230769
4195.89743589744
4200.51282051282
4201.02564102564
4200.51282051282
4199.48717948718
4196.92307692308
4200
4210.76923076923
4219.48717948718
4217.94871794872
4211.79487179487
4207.17948717949
4202.5641025641
4199.48717948718
4195.89743589744
4190.25641025641
4190.76923076923
4193.84615384615
4197.94871794872
4202.5641025641
4201.53846153846
4201.02564102564
4209.23076923077
4210.25641025641
4202.05128205128
4200.51282051282
4199.48717948718
4195.89743589744
4194.8717948718
4190.76923076923
4185.64102564103
4187.69230769231
4189.23076923077
4185.64102564103
4186.66666666667
4187.69230769231
4176.41025641026
4171.79487179487
4182.05128205128
4189.23076923077
4183.07692307692
4172.30769230769
4164.61538461538
4165.12820512821
4168.71794871795
4165.64102564103
4167.69230769231
4174.35897435897
4173.33333333333
4167.69230769231
4167.17948717949
4176.41025641026
4186.66666666667
4184.61538461538
4171.28205128205
4169.23076923077
4174.35897435897
4162.5641025641
4152.30769230769
4169.74358974359
4186.66666666667
4183.07692307692
4182.05128205128
4186.66666666667
4183.58974358974
4179.48717948718
4178.97435897436
4183.07692307692
4195.89743589744
4202.5641025641
4201.53846153846
4200
4192.30769230769
4183.07692307692
4183.07692307692
4187.17948717949
4186.66666666667
4179.48717948718
4171.79487179487
4168.20512820513
4160.51282051282
4151.79487179487
4152.30769230769
4152.30769230769
4147.69230769231
4152.82051282051
4154.35897435897
4142.05128205128
4135.89743589744
4140
4141.02564102564
4137.94871794872
4134.35897435897
4127.69230769231
4124.61538461538
4130.25641025641
4137.4358974359
4138.97435897436
4128.71794871795
4121.53846153846
4134.8717948718
4143.07692307692
4115.89743589744
4087.17948717949
4088.20512820513
4089.23076923077
4076.41025641026
4066.15384615385
4062.05128205128
4059.48717948718
4059.48717948718
4054.35897435898
4044.10256410256
4043.07692307692
4047.17948717949
4039.48717948718
4028.20512820513
4025.12820512821
4010.76923076923
3980.51282051282
3968.71794871795
3971.28205128205
3961.53846153846
3952.82051282051
3956.92307692308
3960.51282051282
3958.97435897436
3955.38461538462
3955.38461538462
3966.15384615385
3971.79487179487
3966.66666666667
3966.66666666667
3971.28205128205
3971.79487179487
3971.28205128205
3971.79487179487
3969.74358974359
3965.12820512821
3966.15384615385
3972.30769230769
3972.30769230769
3963.58974358974
3955.89743589744
3956.92307692308
3968.20512820513
3979.48717948718
3980
3975.38461538462
3972.82051282051
3969.23076923077
3969.23076923077
3973.33333333333
3974.35897435898
3972.30769230769
3971.28205128205
3969.74358974359
3969.23076923077
3970.25641025641
3973.33333333333
3981.53846153846
3987.17948717949
3984.61538461539
3984.10256410256
3989.23076923077
3990.76923076923
3988.71794871795
3993.33333333333
3998.46153846154
3993.84615384615
3993.84615384615
4001.02564102564
3996.41025641026
3990.76923076923
3995.38461538462
3991.28205128205
3981.53846153846
3985.64102564103
4000
4006.15384615385
3994.35897435898
3984.61538461539
3997.94871794872
4013.84615384615
4014.35897435898
4011.79487179487
4016.92307692308
4021.02564102564
4017.4358974359
4011.28205128205
4014.8717948718
4021.02564102564
4015.89743589744
4007.69230769231
4006.15384615385
4000
3986.66666666667
3980
3987.17948717949
4003.07692307692
4023.07692307692
4038.97435897436
4051.28205128205
4067.17948717949
4086.15384615385
4099.48717948718
4101.53846153846
4099.48717948718
4105.12820512821
4118.97435897436
4130.25641025641
4136.92307692308
4144.10256410256
4154.8717948718
4167.69230769231
4177.4358974359
4189.23076923077
4200
4200.51282051282
4196.92307692308
4204.61538461538
4215.38461538462
4216.92307692308
4224.61538461538
4241.02564102564
4253.33333333333
4257.94871794872
4266.15384615385
4274.8717948718
4276.41025641026
4270.76923076923
4270.76923076923
4282.05128205128
4290.25641025641
4289.74358974359
4293.84615384615
4307.69230769231
4313.84615384615
4303.07692307692
4292.30769230769
4293.33333333333
4292.82051282051
4288.20512820513
