F7
3992.30769230769
4003.07692307692
4007.17948717949
4005.12820512821
4005.64102564103
3999.48717948718
3992.82051282051
3996.41025641026
3996.92307692308
3994.8717948718
4002.5641025641
4009.23076923077
4005.64102564103
4009.23076923077
4020
4016.41025641026
4005.12820512821
4002.05128205128
4006.66666666667
4002.05128205128
3991.79487179487
4002.5641025641
4018.46153846154
4013.84615384615
4011.79487179487
4028.20512820513
4034.35897435898
4021.53846153846
4017.4358974359
4020
4016.41025641026
4014.8717948718
4018.46153846154
4020
4021.02564102564
4021.53846153846
4015.38461538462
4012.82051282051
4014.8717948718
4012.82051282051
4014.35897435898
4021.02564102564
4022.5641025641
4020
4019.48717948718
4021.02564102564
4014.35897435898
4006.15384615385
4016.92307692308
4032.82051282051
4030.25641025641
4027.17948717949
4032.30769230769
4027.17948717949
4019.48717948718
4023.58974358974
4028.71794871795
4026.66666666667
4025.12820512821
4026.15384615385
4027.69230769231
4026.15384615385
4028.71794871795
4043.58974358974
4056.92307692308
4057.4358974359
4053.84615384615
4055.38461538462
4064.10256410256
4074.8717948718
4076.41025641026
4076.41025641026
4087.17948717949
4095.89743589744
4093.84615384615
4095.89743589744
4101.53846153846
4097.94871794872
4088.71794871795
4080.51282051282
4081.53846153846
4084.61538461539
4079.48717948718
4075.89743589744
4078.97435897436
4072.30769230769
4059.48717948718
4056.92307692308
4061.02564102564
4060
4051.28205128205
4050.25641025641
4058.46153846154
4061.02564102564
4059.48717948718
4061.53846153846
4062.5641025641
4056.41025641026
4051.28205128205
4058.97435897436
4071.28205128205
4064.61538461539
4052.30769230769
4059.48717948718
4066.66666666667
4055.89743589744
4054.35897435898
4068.71794871795
4072.82051282051
4066.15384615385
4066.15384615385
4069.23076923077
4064.61538461539
4061.02564102564
4058.97435897436
4061.02564102564
4066.66666666667
4071.79487179487
4075.38461538462
4075.89743589744
4075.89743589744
4074.8717948718
4071.28205128205
4066.66666666667
4066.15384615385
4070.76923076923
4079.48717948718
4087.69230769231
4089.23076923077
4091.28205128205
4091.28205128205
4076.41025641026
4066.15384615385
4072.82051282051
4074.35897435898
4061.53846153846
4056.41025641026
4061.53846153846
4065.12820512821
4068.71794871795
4069.74358974359
4067.69230769231
4068.20512820513
4073.84615384615
4079.48717948718
4078.97435897436
4075.89743589744
4076.41025641026
4078.97435897436
4078.46153846154
4077.94871794872
4077.94871794872
4079.48717948718
4082.5641025641
4084.10256410256
4082.5641025641
4081.02564102564
4086.15384615385
4097.4358974359
4104.61538461538
4111.28205128205
4121.02564102564
4130.25641025641
4136.41025641026
4139.48717948718
4140
4140.51282051282
4137.4358974359
4136.92307692308
4140
4133.84615384615
4124.10256410256
4117.4358974359
4108.20512820513
4103.07692307692
4101.02564102564
4091.28205128205
4080.51282051282
4078.97435897436
4079.48717948718
4077.4358974359
4076.41025641026
4074.8717948718
4070.76923076923
4066.15384615385
4066.15384615385
4067.17948717949
4066.15384615385
4068.20512820513
4069.23076923077
4061.02564102564
4056.41025641026
4062.05128205128
4064.10256410256
4061.02564102564
4065.12820512821
4070.76923076923
4066.66666666667
4058.97435897436
4056.41025641026
4060
4060
4060.51282051282
4066.66666666667
4068.71794871795
4064.61538461539
4062.05128205128
4061.02564102564
4061.02564102564
4063.58974358974
4066.66666666667
4067.69230769231
4068.71794871795
4067.17948717949
4066.15384615385
4067.17948717949
4068.20512820513
4066.66666666667
4063.58974358974
4058.97435897436
4056.41025641026
4056.92307692308
4054.35897435898
4058.97435897436
4066.15384615385
4064.10256410256
4064.10256410256
4072.30769230769
4066.15384615385
4057.94871794872
4068.20512820513
4071.28205128205
4060
4056.92307692308
4063.58974358974
4068.71794871795
4075.89743589744
4080.51282051282
4075.38461538462
4073.33333333333
4075.89743589744
4070.76923076923
4059.48717948718
4058.46153846154
4062.5641025641
4060
4066.15384615385
4075.89743589744
4071.79487179487
4068.20512820513
4078.97435897436
4086.66666666667
4078.46153846154
4068.20512820513
4065.64102564103
4067.69230769231
4067.17948717949
4066.15384615385
4068.20512820513
4068.71794871795
4065.64102564103
4066.15384615385
4069.74358974359
4062.05128205128
4053.84615384615
4053.33333333333
4052.82051282051
4054.8717948718
4061.02564102564
4058.97435897436
4056.92307692308
4063.58974358974
4058.97435897436
4048.71794871795
4051.28205128205
4052.82051282051
4050.76923076923
4055.38461538462
4061.02564102564
4061.02564102564
4060
4057.4358974359
4060
4070.25641025641
4071.79487179487
4063.58974358974
4068.20512820513
4075.38461538462
4069.23076923077
4064.10256410256
4067.17948717949
4067.17948717949
4065.12820512821
4066.66666666667
4069.23076923077
4071.28205128205
4074.35897435898
4071.28205128205
4064.10256410256
4071.79487179487
4086.66666666667
4090.25641025641
4095.38461538462
4104.10256410256
4096.41025641026
4086.15384615385
4090.76923076923
4094.35897435898
4085.64102564103
4081.53846153846
4084.10256410256
4080.51282051282
4072.82051282051
4078.97435897436
4092.30769230769
4090.25641025641
4085.12820512821
4089.23076923077
4091.79487179487
4086.15384615385
4077.94871794872
4075.89743589744
4077.4358974359
4075.38461538462
4072.82051282051
4075.89743589744
4076.92307692308
4069.74358974359
4064.10256410256
4069.23076923077
4076.41025641026
4076.41025641026
4078.46153846154
4083.58974358974
4081.53846153846
4075.89743589744
4074.8717948718
4075.38461538462
4074.8717948718
4076.92307692308
4078.97435897436
4077.4358974359
4076.41025641026
4074.35897435898
4072.82051282051
4081.53846153846
4089.74358974359
4088.20512820513
4083.58974358974
4081.53846153846
4086.66666666667
4092.82051282051
4089.23076923077
4083.58974358974
4083.58974358974
4077.4358974359
4070.76923076923
4077.4358974359
4090.25641025641
4102.5641025641
4104.61538461538
4103.58974358974
4117.4358974359
4126.15384615385
4116.41025641026
4109.23076923077
4110.76923076923
4108.20512820513
4107.69230769231
4111.79487179487
4110.76923076923
4107.17948717949
4102.5641025641
4096.41025641026
4089.74358974359
4082.5641025641
4074.8717948718
4071.28205128205
4073.84615384615
4074.35897435898
4075.38461538462
4080.51282051282
4081.02564102564
4072.82051282051
4068.71794871795
4068.20512820513
4062.05128205128
4062.5641025641
4073.33333333333
4076.92307692308
4074.35897435898
4074.8717948718
4072.30769230769
4064.10256410256
4058.46153846154
4061.02564102564
4067.17948717949
4060.51282051282
4052.30769230769
4056.41025641026
4062.05128205128
4068.71794871795
4077.94871794872
4073.84615384615
4065.12820512821
4071.79487179487
4080
4076.92307692308
4073.84615384615
4076.41025641026
4072.30769230769
4059.48717948718
4062.05128205128
4083.58974358974
4091.28205128205
4083.07692307692
4091.28205128205
4105.12820512821
4100
4092.30769230769
4091.28205128205
4087.69230769231
4086.15384615385
4089.74358974359
4090.76923076923
4091.79487179487
4091.28205128205
4093.33333333333
4104.61538461538
4114.8717948718
4111.79487179487
4101.53846153846
4092.82051282051
4091.28205128205
4091.79487179487
4090.76923076923
4089.74358974359
4086.66666666667
4079.48717948718
4074.35897435898
4075.89743589744
4077.94871794872
4071.79487179487
4066.15384615385
4065.12820512821
4064.61538461539
4062.5641025641
4056.92307692308
4044.10256410256
4042.5641025641
4057.94871794872
4063.58974358974
4055.38461538462
4049.74358974359
4042.5641025641
4030.25641025641
4024.10256410256
4026.15384615385
4032.30769230769
4040.51282051282
4044.10256410256
4044.10256410256
4042.5641025641
4038.97435897436
4034.35897435898
4029.23076923077
4030.25641025641
4038.46153846154
4044.61538461539
4043.58974358974
4043.58974358974
4044.61538461539
4044.10256410256
4048.71794871795
4050.25641025641
4045.64102564103
4042.5641025641
4045.64102564103
4048.20512820513
4045.12820512821
4047.69230769231
4054.8717948718
4060
4061.53846153846
4058.97435897436
4056.41025641026
4057.4358974359
4060
4058.46153846154
4057.4358974359
4061.53846153846
4064.10256410256
4061.53846153846
4058.97435897436
4058.46153846154
4053.84615384615
4048.71794871795
4046.66666666667
4049.23076923077
4057.4358974359
4063.07692307692
4060
4056.41025641026
4061.02564102564
4068.71794871795
4069.74358974359
4061.53846153846
4058.97435897436
4066.15384615385
4068.71794871795
4064.61538461539
4065.12820512821
4068.20512820513
4065.64102564103
4068.71794871795
4077.4358974359
4076.92307692308
4072.82051282051
4073.33333333333
4070.76923076923
4067.17948717949
4077.94871794872
4088.20512820513
4086.15384615385
4082.05128205128
4078.46153846154
4074.8717948718
4079.48717948718
4090.76923076923
4090.25641025641
4080
4073.84615384615
4078.46153846154
4084.10256410256
4081.53846153846
4075.38461538462
4071.79487179487
4070.76923076923
4070.25641025641
4068.71794871795
4064.10256410256
4058.46153846154
4056.92307692308
4058.46153846154
4058.97435897436
4055.89743589744
4060.51282051282
4069.23076923077
4067.17948717949
4056.41025641026
4055.89743589744
4060
4055.89743589744
4056.41025641026
4063.07692307692
4053.84615384615
4038.97435897436
4037.4358974359
4046.15384615385
4054.35897435898
4056.92307692308
4051.28205128205
4045.12820512821
4042.05128205128
4041.02564102564
4041.02564102564
4045.12820512821
4051.79487179487
4053.33333333333
4045.12820512821
4041.53846153846
4044.10256410256
4043.58974358974
4045.64102564103
4046.15384615385
4037.94871794872
4038.97435897436
4047.69230769231
4042.5641025641
4037.94871794872
4047.17948717949
4056.41025641026
4061.02564102564
4057.94871794872
4046.66666666667
4047.69230769231
4048.71794871795
4035.38461538462
4037.94871794872
4052.30769230769
4054.35897435898
4058.97435897436
4065.64102564103
4055.38461538462
4049.23076923077
4058.97435897436
4055.38461538462
4042.05128205128
4048.71794871795
4060.51282051282
4053.33333333333
4046.66666666667
4055.38461538462
4056.92307692308
4045.12820512821
4046.15384615385
4054.8717948718
4049.23076923077
4036.92307692308
4040
4056.41025641026
4063.58974358974
4047.69230769231
4029.74358974359
4034.8717948718
4047.69230769231
4044.61538461539
4042.05128205128
4048.20512820513
4048.71794871795
4043.07692307692
4038.46153846154
4035.38461538462
4031.28205128205
4026.15384615385
4031.28205128205
4037.94871794872
4035.38461538462
4036.92307692308
4046.15384615385
4046.66666666667
4047.69230769231
4052.82051282051
4049.23076923077
4042.05128205128
4044.10256410256
4047.17948717949
4040.51282051282
4033.84615384615
4042.5641025641
4055.89743589744
4050.25641025641
4040
4047.69230769231
4055.89743589744
4055.89743589744
4063.58974358974
4073.84615384615
4078.97435897436
4086.66666666667
4091.28205128205
4096.92307692308
4103.58974358974
4098.46153846154
4090.25641025641
4091.79487179487
4092.30769230769
4087.69230769231
4083.07692307692
4076.92307692308
4073.84615384615
4071.79487179487
4064.10256410256
4060
4062.5641025641
4060.51282051282
4055.38461538462
4050.25641025641
4041.53846153846
4032.30769230769
4027.17948717949
4026.66666666667
4027.69230769231
4027.69230769231
4027.17948717949
4030.25641025641
4029.23076923077
4020.51282051282
4018.97435897436
4023.07692307692
4020.51282051282
4016.92307692308
4021.02564102564
4028.20512820513
4030.25641025641
4024.61538461539
4019.48717948718
4022.05128205128
4021.53846153846
4017.94871794872
4017.94871794872
4018.97435897436
4020
4017.94871794872
4008.71794871795
4004.10256410256
4006.66666666667
4007.17948717949
4011.28205128205
4019.48717948718
4020
4020
4026.66666666667
4031.79487179487
4030.25641025641
4026.15384615385
4025.12820512821
4024.61538461539
4020
4014.8717948718
4014.35897435898
4012.82051282051
4012.30769230769
4021.02564102564
4022.5641025641
4011.79487179487
4015.89743589744
4029.74358974359
4025.64102564103
4016.92307692308
4020
4023.07692307692
4022.5641025641
4021.53846153846
4019.48717948718
4026.66666666667
4037.4358974359
4036.92307692308
4033.33333333333
4032.30769230769
4028.71794871795
4027.17948717949
4028.20512820513
4027.69230769231
4021.02564102564
4011.28205128205
4011.28205128205
4019.48717948718
4020
4011.28205128205
4003.58974358974
4004.10256410256
4012.82051282051
4020
4018.46153846154
4017.4358974359
4025.64102564103
4034.8717948718
4033.84615384615
4032.82051282051
4040.51282051282
4045.64102564103
4041.53846153846
4045.12820512821
4057.94871794872
4057.94871794872
4052.30769230769
4055.38461538462
4065.12820512821
4068.20512820513
4063.07692307692
4058.97435897436
4054.35897435898
4047.17948717949
4040.51282051282
4041.02564102564
4039.48717948718
4029.23076923077
4018.97435897436
4015.38461538462
4015.38461538462
4017.4358974359
4025.12820512821
4029.23076923077
4027.69230769231
4028.71794871795
4027.17948717949
4020.51282051282
4019.48717948718
4018.46153846154
4015.38461538462
4013.84615384615
4010.25641025641
4003.07692307692
4003.07692307692
4002.5641025641
3995.38461538462
3994.8717948718
4001.53846153846
4003.58974358974
4004.10256410256
4004.61538461539
4004.10256410256
4006.15384615385
4007.17948717949
4002.5641025641
4004.10256410256
4015.89743589744
4022.5641025641
4013.33333333333
4005.64102564103
4013.33333333333
4024.61538461539
4021.53846153846
4008.20512820513
4000.51282051282
4006.66666666667
4014.35897435898
4013.33333333333
4010.76923076923
4014.35897435898
4018.97435897436
4020
4019.48717948718
4018.97435897436
4020
4019.48717948718
4018.97435897436
4026.66666666667
4036.41025641026
4035.89743589744
4035.38461538462
4037.4358974359
4032.30769230769
4025.64102564103
4027.17948717949
4029.23076923077
4032.30769230769
4043.07692307692
4053.84615384615
4053.84615384615
4052.82051282051
4049.74358974359
4044.61538461539
4051.28205128205
4060
4056.41025641026
4055.89743589744
4062.05128205128
4060.51282051282
4059.48717948718
4068.20512820513
4068.71794871795
4064.61538461539
4069.23076923077
4073.84615384615
4073.33333333333
4073.33333333333
4077.94871794872
4087.69230769231
4092.30769230769
4081.53846153846
4075.38461538462
4087.69230769231
4092.82051282051
4089.74358974359
4094.35897435898
4097.94871794872
4093.33333333333
4084.61538461539
4090.76923076923
4104.10256410256
4098.46153846154
4085.12820512821
4088.71794871795
4093.33333333333
4089.23076923077
4099.48717948718
4108.71794871795
4096.41025641026
4087.17948717949
4092.30769230769
4094.35897435898
4091.79487179487
4093.84615384615
4090.76923076923
4078.97435897436
4069.74358974359
4070.76923076923
4072.30769230769
4067.69230769231
4063.58974358974
4060.51282051282
4056.41025641026
4056.41025641026
4059.48717948718
4051.79487179487
4042.5641025641
4043.07692307692
4037.94871794872
4024.10256410256
4021.02564102564
4028.71794871795
4029.74358974359
4023.07692307692
4020
4015.89743589744
4011.28205128205
4015.89743589744
4021.53846153846
4015.38461538462
4010.25641025641
4016.41025641026
4013.84615384615
4003.07692307692
4004.61538461539
4012.30769230769
4017.94871794872
4017.4358974359
4008.20512820513
4004.10256410256
4006.66666666667
4004.10256410256
4002.05128205128
4005.12820512821
4006.66666666667
4006.15384615385
3999.48717948718
3992.82051282051
3995.38461538462
4001.02564102564
4001.02564102564
3996.92307692308
3989.74358974359
3990.76923076923
4001.02564102564
3995.38461538462
3985.64102564103
3996.92307692308
4010.25641025641
4006.15384615385
3998.46153846154
4004.61538461539
4014.8717948718
4011.79487179487
4000.51282051282
4002.05128205128
4003.58974358974
3988.71794871795
3985.64102564103
4006.15384615385
4018.97435897436
4017.94871794872
4024.61538461539
4029.74358974359
4021.02564102564
4016.92307692308
4020
4015.38461538462
4009.74358974359
4016.92307692308
4026.15384615385
4030.76923076923
4029.74358974359
4023.07692307692
4015.38461538462
4013.84615384615
4018.46153846154
4022.5641025641
4028.20512820513
4027.69230769231
4021.02564102564
4015.89743589744
4018.46153846154
4027.69230769231
4030.25641025641
4021.53846153846
4016.92307692308
4026.15384615385
4031.79487179487
4025.64102564103
4017.4358974359
4014.35897435898
4018.97435897436
4022.05128205128
4022.5641025641
4028.20512820513
4037.94871794872
4040
4030.25641025641
4018.46153846154
4018.97435897436
4034.35897435898
4038.46153846154
4028.71794871795
4032.82051282051
4046.66666666667
4048.20512820513
4044.10256410256
4046.15384615385
4045.12820512821
4044.61538461539
4049.23076923077
4046.66666666667
4041.02564102564
4042.5641025641
4044.10256410256
4044.10256410256
4049.23076923077
4052.30769230769
4051.79487179487
4050.25641025641
4044.61538461539
4042.5641025641
4045.64102564103
4044.10256410256
4048.20512820513
4053.33333333333
4047.69230769231
4051.79487179487
4061.53846153846
4049.23076923077
4039.48717948718
4052.30769230769
4055.38461538462
4038.97435897436
4033.84615384615
4044.10256410256
4050.76923076923
4046.15384615385
4037.94871794872
4038.46153846154
4033.84615384615
4023.58974358974
4026.15384615385
4036.41025641026
4037.4358974359
4034.8717948718
4036.92307692308
4035.38461538462
4036.41025641026
4038.46153846154
4036.41025641026
4040.51282051282
4045.12820512821
4038.97435897436
4033.84615384615
4038.46153846154
4032.82051282051
4019.48717948718
4023.58974358974
4032.30769230769
4023.07692307692
4011.79487179487
4015.38461538462
4016.92307692308
4010.76923076923
4012.82051282051
4022.05128205128
4028.20512820513
4034.8717948718
4038.97435897436
4027.69230769231
4018.46153846154
4026.15384615385
4031.28205128205
4024.10256410256
4018.46153846154
4018.97435897436
4020
4021.02564102564
4023.07692307692
4028.71794871795
4029.23076923077
4023.58974358974
4020.51282051282
4021.02564102564
4023.07692307692
4026.66666666667
4032.30769230769
4035.38461538462
4035.38461538462
4033.33333333333
4031.28205128205
4024.10256410256
4021.53846153846
4028.71794871795
4029.74358974359
4028.71794871795
4035.38461538462
4036.41025641026
4026.66666666667
4025.12820512821
4028.71794871795
4031.28205128205
4035.89743589744
4036.92307692308
4036.41025641026
4034.8717948718
4029.74358974359
4027.69230769231
4029.23076923077
4031.28205128205
4034.8717948718
4031.79487179487
4023.58974358974
4026.15384615385
4024.10256410256
4010.25641025641
4013.33333333333
4027.69230769231
4030.25641025641
4029.23076923077
4026.66666666667
4021.53846153846
4026.15384615385
4029.74358974359
4021.53846153846
4024.61538461539
4038.97435897436
4043.07692307692
4036.92307692308
4036.92307692308
4036.41025641026
4027.69230769231
4021.02564102564
4023.58974358974
4027.17948717949
4028.20512820513
4029.23076923077
4026.66666666667
4024.61538461539
4022.5641025641
4017.4358974359
4017.4358974359
4022.05128205128
4024.61538461539
4027.17948717949
4031.79487179487
4028.20512820513
4021.53846153846
4020.51282051282
4021.53846153846
4015.89743589744
4009.23076923077
4017.94871794872
4035.89743589744
4043.07692307692
4035.89743589744
4026.15384615385
4021.02564102564
4023.07692307692
4031.79487179487
4036.92307692308
4034.8717948718
4032.30769230769
4029.23076923077
4022.5641025641
4017.4358974359
4018.46153846154
4022.05128205128
4022.05128205128
4020
4018.97435897436
4019.48717948718
4020.51282051282
4015.38461538462
4010.25641025641
4015.89743589744
4020.51282051282
4017.4358974359
4020
4023.07692307692
4020
4022.5641025641
4031.79487179487
4035.38461538462
4029.74358974359
4018.46153846154
4011.28205128205
4014.8717948718
4018.46153846154
4022.5641025641
4030.25641025641
4028.20512820513
4021.53846153846
4021.02564102564
4020.51282051282
4020
4023.07692307692
4025.12820512821
4032.82051282051
4038.97435897436
4031.28205128205
4024.61538461539
4028.20512820513
4027.69230769231
4027.17948717949
4030.25641025641
4028.71794871795
4028.71794871795
4029.23076923077
4023.58974358974
4018.46153846154
4024.61538461539
4036.92307692308
4037.4358974359
4034.8717948718
4035.38461538462
4030.25641025641
4027.69230769231
4033.84615384615
4037.4358974359
4031.79487179487
4024.10256410256
4021.53846153846
4028.20512820513
4037.4358974359
4036.41025641026
4027.17948717949
4020
4020.51282051282
4020
4015.38461538462
4021.02564102564
4031.79487179487
4028.20512820513
4018.46153846154
4021.02564102564
4034.35897435898
4037.4358974359
4025.64102564103
4016.41025641026
4016.41025641026
4020.51282051282
4020
4010.25641025641
4004.61538461539
4010.25641025641
4011.28205128205
4004.10256410256
4005.64102564103
4011.79487179487
4007.69230769231
4000
4000.51282051282
4004.61538461539
4005.64102564103
4007.69230769231
4012.82051282051
4014.35897435898
4011.79487179487
4013.33333333333
4017.4358974359
4022.05128205128
4026.15384615385
4029.74358974359
4029.23076923077
4026.66666666667
4027.69230769231
4027.17948717949
4028.71794871795
4033.84615384615
4035.38461538462
4038.46153846154
4036.41025641026
4030.25641025641
4033.33333333333
4040
4033.84615384615
4031.28205128205
4041.53846153846
4040
4032.82051282051
4038.97435897436
4045.64102564103
4043.07692307692
4042.5641025641
4044.61538461539
4038.97435897436
4033.84615384615
4035.89743589744
4035.38461538462
4032.82051282051
4035.38461538462
4043.58974358974
4046.15384615385
4042.5641025641
4033.84615384615
4024.10256410256
4025.64102564103
4035.38461538462
4034.35897435898
4026.15384615385
