O2
4008.71794871795
4021.53846153846
4022.05128205128
4008.20512820513
4005.12820512821
4013.33333333333
4013.84615384615
4010.76923076923
4017.4358974359
4020.51282051282
4015.89743589744
4016.92307692308
4021.02564102564
4022.5641025641
4027.69230769231
4025.64102564103
4011.28205128205
4005.12820512821
4008.71794871795
4002.05128205128
3998.46153846154
4017.94871794872
4031.28205128205
4024.61538461539
4018.46153846154
4020.51282051282
4026.15384615385
4027.17948717949
4021.02564102564
4016.41025641026
4018.97435897436
4021.02564102564
4020.51282051282
4021.53846153846
4019.48717948718
4018.46153846154
4018.97435897436
4022.05128205128
4022.5641025641
4011.79487179487
4007.69230769231
4013.33333333333
4013.84615384615
4013.33333333333
4020.51282051282
4023.07692307692
4015.38461538462
4012.82051282051
4019.48717948718
4024.61538461539
4018.97435897436
4019.48717948718
4027.69230769231
4026.15384615385
4018.97435897436
4017.4358974359
4018.97435897436
4019.48717948718
4020.51282051282
4021.53846153846
4022.5641025641
4020.51282051282
4020.51282051282
4033.84615384615
4046.15384615385
4044.10256410256
4043.58974358974
4052.30769230769
4056.41025641026
4050.76923076923
4049.74358974359
4060.51282051282
4064.61538461539
4053.33333333333
4049.74358974359
4057.4358974359
4056.92307692308
4047.69230769231
4036.41025641026
4033.84615384615
4043.07692307692
4046.15384615385
4035.38461538462
4029.74358974359
4025.64102564103
4011.79487179487
4003.58974358974
4005.12820512821
4007.69230769231
4005.12820512821
3998.46153846154
3997.94871794872
4003.07692307692
4005.12820512821
4002.05128205128
4000
4001.02564102564
4001.53846153846
3998.46153846154
3997.94871794872
4001.53846153846
3998.46153846154
3996.41025641026
4005.12820512821
4005.12820512821
3995.38461538462
3997.4358974359
4005.12820512821
4004.10256410256
4000.51282051282
4004.61538461539
4006.66666666667
3997.94871794872
3989.74358974359
3986.66666666667
3987.69230769231
3991.28205128205
3992.82051282051
3992.82051282051
4002.05128205128
4009.23076923077
3993.33333333333
3982.5641025641
3993.33333333333
3997.94871794872
3992.82051282051
3990.76923076923
3991.28205128205
3994.8717948718
4000
3995.38461538462
3986.15384615385
3984.61538461539
3992.82051282051
3999.48717948718
3991.79487179487
3989.23076923077
3998.46153846154
4000
3997.94871794872
3998.46153846154
3993.84615384615
3988.71794871795
3991.79487179487
3997.4358974359
4005.12820512821
4007.17948717949
3994.8717948718
3987.17948717949
3994.8717948718
4003.07692307692
4009.74358974359
4012.82051282051
4004.10256410256
4004.61538461539
4012.30769230769
4005.12820512821
4006.15384615385
4022.05128205128
4021.53846153846
4016.92307692308
4029.74358974359
4038.97435897436
4035.89743589744
4034.8717948718
4038.46153846154
4043.07692307692
4049.74358974359
4052.30769230769
4048.71794871795
4052.30769230769
4060.51282051282
4054.35897435898
4037.94871794872
4035.38461538462
4037.4358974359
4028.20512820513
4018.97435897436
4020
4023.07692307692
4018.97435897436
4017.94871794872
4017.94871794872
4013.84615384615
4007.17948717949
4002.05128205128
4003.58974358974
4010.25641025641
4014.35897435898
4014.35897435898
4011.28205128205
4004.61538461539
4003.58974358974
4011.79487179487
4014.35897435898
4014.35897435898
4013.33333333333
4008.20512820513
4002.5641025641
4002.05128205128
4023.07692307692
4067.69230769231
4102.5641025641
4109.23076923077
4111.79487179487
4120
4122.5641025641
4119.48717948718
4119.48717948718
4122.5641025641
4123.07692307692
4122.5641025641
4124.61538461538
4124.10256410256
4121.02564102564
4124.61538461538
4129.23076923077
4123.58974358974
4118.46153846154
4121.53846153846
4115.89743589744
4104.61538461538
4110.25641025641
4121.53846153846
4122.5641025641
4118.97435897436
4122.05128205128
4129.74358974359
4120
4108.20512820513
4117.94871794872
4121.02564102564
4107.69230769231
4111.28205128205
4124.61538461538
4123.07692307692
4124.61538461538
4132.30769230769
4131.28205128205
4124.61538461538
4120
4118.97435897436
4114.8717948718
4110.76923076923
4110.25641025641
4109.74358974359
4109.23076923077
4109.74358974359
4110.25641025641
4109.23076923077
4106.66666666667
4109.23076923077
4109.74358974359
4101.53846153846
4097.94871794872
4098.97435897436
4094.8717948718
4097.4358974359
4105.12820512821
4105.64102564103
4102.05128205128
4104.61538461538
4107.69230769231
4107.69230769231
4102.05128205128
4094.35897435898
4093.33333333333
4096.41025641026
4094.35897435898
4090.76923076923
4091.79487179487
4091.79487179487
4087.69230769231
4089.23076923077
4092.30769230769
4088.71794871795
4087.17948717949
4093.33333333333
4094.35897435898
4092.30769230769
4092.82051282051
4089.74358974359
4094.8717948718
4103.58974358974
4095.38461538462
4084.10256410256
4090.76923076923
4098.46153846154
4095.89743589744
4093.84615384615
4091.28205128205
4092.30769230769
4093.84615384615
4083.07692307692
4076.41025641026
4087.17948717949
4095.89743589744
4089.23076923077
4085.12820512821
4090.76923076923
4088.71794871795
4083.58974358974
4087.69230769231
4090.76923076923
4083.07692307692
4076.92307692308
4079.48717948718
4076.92307692308
4068.20512820513
4068.20512820513
4074.8717948718
4070.76923076923
4058.46153846154
4056.92307692308
4064.61538461539
4068.20512820513
4064.61538461539
4061.53846153846
4062.05128205128
4058.97435897436
4052.30769230769
4051.28205128205
4053.33333333333
4052.82051282051
4051.28205128205
4051.28205128205
4047.17948717949
4041.02564102564
4042.05128205128
4048.71794871795
4054.35897435898
4053.33333333333
4051.28205128205
4054.8717948718
4053.84615384615
4046.66666666667
4040.51282051282
4038.97435897436
4041.53846153846
4046.66666666667
4047.69230769231
4047.69230769231
4052.30769230769
4051.28205128205
4048.71794871795
4053.84615384615
4059.48717948718
4056.92307692308
4041.53846153846
4033.84615384615
4048.20512820513
4063.58974358974
4068.71794871795
4072.82051282051
4078.46153846154
4076.92307692308
4078.97435897436
4084.10256410256
4094.8717948718
4108.20512820513
4102.05128205128
4101.02564102564
4120.51282051282
4125.64102564103
4111.79487179487
4112.30769230769
4122.5641025641
4124.61538461538
4125.64102564103
4129.23076923077
4126.66666666667
4116.92307692308
4109.23076923077
4102.05128205128
4093.33333333333
4083.58974358974
4073.84615384615
4061.53846153846
4057.94871794872
4071.79487179487
4080.51282051282
4072.82051282051
4067.17948717949
4069.74358974359
4068.71794871795
4063.58974358974
4064.61538461539
4064.10256410256
4053.84615384615
4047.17948717949
4053.84615384615
4059.48717948718
4059.48717948718
4057.94871794872
4052.82051282051
4051.28205128205
4051.28205128205
4041.53846153846
4034.35897435898
4041.53846153846
4046.66666666667
4046.66666666667
4042.05128205128
4034.8717948718
4038.46153846154
4045.64102564103
4044.61538461539
4047.69230769231
4054.35897435898
4051.79487179487
4044.10256410256
4035.38461538462
4037.4358974359
4048.20512820513
4043.58974358974
4032.82051282051
4040
4046.66666666667
4037.94871794872
4031.79487179487
4033.84615384615
4035.38461538462
4034.35897435898
4033.84615384615
4038.46153846154
4044.10256410256
4045.12820512821
4042.5641025641
4044.61538461539
4051.28205128205
4052.82051282051
4046.15384615385
4036.92307692308
4035.89743589744
4038.97435897436
4039.48717948718
4037.94871794872
4037.94871794872
4031.28205128205
4020
4022.5641025641
4026.66666666667
4018.97435897436
4019.48717948718
4030.76923076923
4030.25641025641
4028.71794871795
4036.41025641026
4032.30769230769
4025.64102564103
4033.33333333333
4035.38461538462
4027.17948717949
4030.76923076923
4040.51282051282
4041.02564102564
4035.89743589744
4032.82051282051
4033.33333333333
4036.41025641026
4034.8717948718
4025.64102564103
4019.48717948718
4024.61538461539
4030.76923076923
4029.74358974359
4025.64102564103
4026.66666666667
4029.23076923077
4028.71794871795
4029.74358974359
4034.35897435898
4035.38461538462
4034.8717948718
4036.41025641026
4032.82051282051
4025.64102564103
4029.23076923077
4033.33333333333
4023.58974358974
4021.53846153846
4039.48717948718
4053.33333333333
4047.69230769231
4036.41025641026
4034.35897435898
4035.38461538462
4030.76923076923
4026.15384615385
4029.23076923077
4032.82051282051
4029.23076923077
4026.66666666667
4028.71794871795
4029.23076923077
4023.07692307692
4021.02564102564
4021.02564102564
4016.41025641026
4014.35897435898
4019.48717948718
4020
4016.41025641026
4023.58974358974
4031.79487179487
4032.30769230769
4028.20512820513
4025.12820512821
4026.15384615385
4030.76923076923
4029.23076923077
4023.58974358974
4026.66666666667
4030.25641025641
4024.61538461539
4024.61538461539
4031.28205128205
4027.17948717949
4018.46153846154
4021.53846153846
4027.69230769231
4028.71794871795
4030.76923076923
4035.89743589744
4037.4358974359
4032.82051282051
4026.15384615385
4027.69230769231
4031.79487179487
4022.05128205128
4015.89743589744
4025.64102564103
4032.30769230769
4028.20512820513
4027.69230769231
4029.74358974359
4029.74358974359
4031.28205128205
4030.76923076923
4028.71794871795
4027.17948717949
4024.61538461539
4018.46153846154
4011.79487179487
4013.33333333333
4020
4020.51282051282
4020
4018.46153846154
4013.33333333333
4016.92307692308
4019.48717948718
4012.82051282051
4015.38461538462
4018.97435897436
4008.20512820513
4000
4003.58974358974
4009.74358974359
4015.38461538462
4011.28205128205
4002.05128205128
4004.10256410256
4011.79487179487
4002.5641025641
3989.23076923077
3996.92307692308
4008.71794871795
4007.17948717949
4003.07692307692
4005.12820512821
4004.61538461539
4005.64102564103
4009.23076923077
4005.64102564103
4005.12820512821
4010.76923076923
4011.79487179487
4002.05128205128
3995.89743589744
4004.61538461539
4015.38461538462
4013.33333333333
4003.58974358974
4005.64102564103
4004.61538461539
3987.69230769231
3989.74358974359
4008.20512820513
4009.74358974359
4003.58974358974
4005.64102564103
4002.05128205128
3999.48717948718
4007.17948717949
4005.64102564103
3992.30769230769
3985.64102564103
3993.33333333333
4000
3998.46153846154
3997.94871794872
3994.8717948718
3987.69230769231
3983.58974358974
3994.35897435898
4004.61538461539
3997.4358974359
3987.69230769231
3986.15384615385
3992.82051282051
4006.15384615385
3999.48717948718
3970.25641025641
3975.89743589744
4012.30769230769
4013.33333333333
3997.4358974359
4005.64102564103
4007.17948717949
3991.79487179487
3986.66666666667
3990.25641025641
3992.82051282051
3996.41025641026
3998.97435897436
4000
4002.5641025641
4004.10256410256
4002.5641025641
4003.58974358974
4002.5641025641
4000.51282051282
4004.61538461539
4002.5641025641
3992.82051282051
3996.92307692308
4008.20512820513
4004.61538461539
4001.02564102564
4011.28205128205
4007.17948717949
3997.4358974359
4006.66666666667
4003.58974358974
3970.25641025641
3947.69230769231
3952.82051282051
3958.97435897436
3956.41025641026
3956.41025641026
3959.48717948718
3961.53846153846
3958.97435897436
3960.51282051282
3961.53846153846
3956.92307692308
3959.48717948718
3956.92307692308
3935.89743589744
3926.15384615385
3938.46153846154
3944.61538461539
3940
3942.05128205128
3943.07692307692
3934.35897435898
3925.12820512821
3916.41025641026
3908.20512820513
3907.17948717949
3912.82051282051
3911.28205128205
3908.71794871795
3908.20512820513
3901.53846153846
3895.89743589744
3895.89743589744
3893.84615384615
3893.33333333333
3896.41025641026
3894.35897435898
3894.35897435898
3898.46153846154
3896.92307692308
3892.30769230769
3892.30769230769
3893.84615384615
3892.30769230769
3892.30769230769
3894.8717948718
3896.41025641026
3895.89743589744
3895.38461538462
3894.8717948718
3893.33333333333
3891.79487179487
3890.76923076923
3895.38461538462
3900
3898.46153846154
3894.8717948718
3896.41025641026
3897.4358974359
3893.33333333333
3892.82051282051
3894.8717948718
3895.89743589744
3896.41025641026
3899.48717948718
3898.46153846154
3891.79487179487
3891.79487179487
3895.89743589744
3893.33333333333
3889.74358974359
3894.8717948718
3900
3896.41025641026
3895.89743589744
3902.5641025641
3901.53846153846
3894.8717948718
3901.02564102564
3911.79487179487
3910.25641025641
3908.20512820513
3914.8717948718
3915.89743589744
3909.74358974359
3907.69230769231
3909.23076923077
3912.30769230769
3914.35897435898
3913.84615384615
3907.69230769231
3908.20512820513
3924.61538461539
3927.69230769231
3914.8717948718
3914.8717948718
3921.02564102564
3918.46153846154
3922.05128205128
3927.17948717949
3924.61538461539
3933.84615384615
3949.23076923077
3953.33333333333
3956.92307692308
3959.48717948718
3955.38461538462
3958.46153846154
3969.23076923077
3970.76923076923
3962.05128205128
3955.89743589744
3959.48717948718
3967.69230769231
3968.71794871795
3961.02564102564
3957.4358974359
3958.46153846154
3957.4358974359
3957.4358974359
3960.51282051282
3958.46153846154
3948.20512820513
3941.02564102564
3940
3938.46153846154
3938.46153846154
3944.10256410256
3948.20512820513
3945.12820512821
3942.05128205128
3940.51282051282
3940
3942.5641025641
3938.46153846154
3928.71794871795
3926.15384615385
3929.23076923077
3926.15384615385
3922.5641025641
3927.17948717949
3930.76923076923
3929.74358974359
3927.17948717949
3928.20512820513
3926.15384615385
3917.94871794872
3916.92307692308
3927.17948717949
3925.64102564103
3916.92307692308
3918.97435897436
3927.17948717949
3933.33333333333
3934.8717948718
3931.79487179487
3928.71794871795
3930.25641025641
3932.82051282051
3924.10256410256
3915.38461538462
3928.20512820513
3945.64102564103
3944.61538461539
3938.97435897436
3934.35897435898
3929.74358974359
3936.41025641026
3942.05128205128
3938.97435897436
3938.46153846154
3942.5641025641
3942.5641025641
3941.02564102564
3949.23076923077
3958.46153846154
3956.92307692308
3956.92307692308
3959.48717948718
3953.84615384615
3951.79487179487
3958.97435897436
3958.97435897436
3958.46153846154
3967.17948717949
3973.84615384615
3972.82051282051
3964.10256410256
3957.4358974359
3965.12820512821
3974.8717948718
3978.97435897436
3982.05128205128
3980.51282051282
3972.30769230769
3975.38461538462
3986.66666666667
3983.58974358974
3977.4358974359
3983.58974358974
3988.71794871795
3984.61538461539
3984.61538461539
3991.28205128205
4000.51282051282
4009.23076923077
4001.02564102564
3993.84615384615
3996.41025641026
3991.79487179487
3990.76923076923
4005.64102564103
4013.33333333333
4003.58974358974
3996.41025641026
4000
4007.69230769231
4005.64102564103
3992.82051282051
3985.12820512821
3992.82051282051
4007.69230769231
4014.8717948718
4014.8717948718
4010.25641025641
4008.71794871795
4017.4358974359
4022.05128205128
4017.4358974359
4015.89743589744
4014.8717948718
4006.15384615385
4004.10256410256
4006.66666666667
4000
4007.17948717949
4020.51282051282
4012.82051282051
4000.51282051282
3997.94871794872
3993.33333333333
3989.74358974359
3989.23076923077
3982.5641025641
3974.35897435898
3966.15384615385
3962.05128205128
3966.15384615385
3963.58974358974
3956.92307692308
3960.51282051282
3960.51282051282
3951.79487179487
3959.48717948718
3970.25641025641
3963.07692307692
3954.35897435898
3956.92307692308
3958.97435897436
3957.4358974359
3953.33333333333
3947.17948717949
3956.92307692308
3965.64102564103
3957.4358974359
3959.48717948718
3972.82051282051
3977.94871794872
3978.97435897436
3980
3977.94871794872
3979.48717948718
3975.38461538462
3966.66666666667
3968.20512820513
3970.25641025641
3966.15384615385
3966.15384615385
3969.23076923077
3973.33333333333
3975.89743589744
3973.84615384615
3970.76923076923
3971.79487179487
3976.41025641026
3972.30769230769
3965.12820512821
3969.23076923077
3976.41025641026
3975.89743589744
3969.74358974359
3963.58974358974
3966.66666666667
3973.33333333333
3973.84615384615
3976.41025641026
3978.97435897436
3970.25641025641
3966.15384615385
3968.20512820513
3960.51282051282
3953.33333333333
3956.41025641026
3957.94871794872
3956.41025641026
3956.41025641026
3958.46153846154
3965.12820512821
3970.25641025641
3966.15384615385
3958.97435897436
3957.94871794872
3957.94871794872
3954.35897435898
3953.33333333333
3949.74358974359
3946.66666666667
3951.79487179487
3957.94871794872
3960
3962.5641025641
3959.48717948718
3953.33333333333
3955.38461538462
3957.94871794872
3957.4358974359
3958.97435897436
3954.8717948718
3953.33333333333
3959.48717948718
3963.07692307692
3966.66666666667
3974.35897435898
3970.76923076923
3956.92307692308
3950.76923076923
3960
3976.92307692308
3982.5641025641
3973.84615384615
3968.71794871795
3967.69230769231
3961.53846153846
3955.38461538462
3954.8717948718
3962.5641025641
3971.79487179487
3968.71794871795
3960.51282051282
3967.69230769231
3972.30769230769
3962.5641025641
3965.64102564103
3975.38461538462
3969.74358974359
3965.64102564103
3969.74358974359
3968.71794871795
3970.76923076923
3971.28205128205
3964.61538461539
3970.76923076923
3977.94871794872
3973.33333333333
3972.30769230769
3974.8717948718
3969.23076923077
3971.28205128205
3986.66666666667
3988.71794871795
3979.48717948718
3980
3984.10256410256
3985.64102564103
3988.20512820513
3981.02564102564
3972.82051282051
3970.25641025641
3963.58974358974
3964.61538461539
3975.89743589744
3974.35897435898
3971.28205128205
3975.38461538462
3973.84615384615
3974.35897435898
3982.5641025641
3986.66666666667
3988.71794871795
3985.12820512821
3972.30769230769
3967.69230769231
3981.02564102564
3984.10256410256
3969.23076923077
3969.74358974359
3986.15384615385
3990.25641025641
3984.10256410256
3981.02564102564
3984.61538461539
3988.20512820513
3981.53846153846
3976.41025641026
3987.17948717949
3997.94871794872
3986.66666666667
3973.33333333333
3975.38461538462
3979.48717948718
3984.61538461539
3993.84615384615
3986.15384615385
3974.8717948718
3984.10256410256
3982.05128205128
3974.35897435898
3991.79487179487
3998.97435897436
3986.66666666667
3990.76923076923
3991.79487179487
3976.41025641026
3974.8717948718
3984.10256410256
3994.8717948718
4005.64102564103
4002.5641025641
3987.17948717949
3985.12820512821
3994.35897435898
3994.8717948718
3995.38461538462
4003.58974358974
4001.53846153846
3986.66666666667
3982.5641025641
3991.28205128205
3994.8717948718
3997.94871794872
4004.61538461539
4006.66666666667
4000
3988.20512820513
3986.15384615385
3993.84615384615
3995.89743589744
3996.41025641026
3996.92307692308
3988.71794871795
3988.71794871795
4000
3989.74358974359
3971.28205128205
3982.5641025641
3998.97435897436
3995.89743589744
3991.28205128205
3983.07692307692
3972.30769230769
3983.58974358974
4000
3996.92307692308
3997.94871794872
4008.20512820513
4003.58974358974
3993.33333333333
3996.92307692308
3997.94871794872
3990.25641025641
3984.10256410256
3983.07692307692
3987.69230769231
3992.82051282051
3991.79487179487
3989.23076923077
3988.71794871795
3979.48717948718
3968.71794871795
3977.4358974359
3989.23076923077
3987.69230769231
3986.15384615385
3988.71794871795
3987.17948717949
3981.53846153846
3977.4358974359
3981.02564102564
3984.10256410256
3980.51282051282
3986.15384615385
3996.41025641026
3994.8717948718
3986.66666666667
3981.53846153846
3983.07692307692
3986.15384615385
3985.12820512821
3985.64102564103
3988.71794871795
3986.15384615385
3990.25641025641
3990.25641025641
3974.35897435898
3975.89743589744
3986.66666666667
3978.46153846154
3973.84615384615
3983.07692307692
3986.66666666667
3986.66666666667
3983.58974358974
3976.41025641026
3974.8717948718
3973.33333333333
3977.4358974359
3988.71794871795
3988.20512820513
3978.97435897436
3982.05128205128
3989.74358974359
3990.25641025641
3986.66666666667
3985.12820512821
3982.5641025641
3972.82051282051
3971.79487179487
3986.66666666667
3998.46153846154
3986.66666666667
3972.82051282051
3980
3983.07692307692
3974.8717948718
3975.89743589744
3984.10256410256
3990.25641025641
3993.33333333333
3986.66666666667
3981.53846153846
3987.69230769231
3985.12820512821
3983.58974358974
3996.92307692308
4001.53846153846
3991.79487179487
3983.58974358974
3984.61538461539
3987.69230769231
3988.20512820513
3991.28205128205
3994.8717948718
3993.33333333333
3988.20512820513
3988.20512820513
3992.82051282051
3996.92307692308
3993.33333333333
3989.74358974359
3991.79487179487
3985.64102564103
3982.05128205128
3988.20512820513
3989.74358974359
3988.20512820513
3988.20512820513
3990.25641025641
3988.71794871795
3976.92307692308
3972.30769230769
3987.69230769231
3994.8717948718
3984.10256410256
3986.15384615385
3997.4358974359
3994.35897435898
3982.05128205128
3980.51282051282
3986.15384615385
3990.25641025641
3989.23076923077
3978.97435897436
3970.25641025641
3972.30769230769
3976.41025641026
3974.35897435898
3970.76923076923
3973.84615384615
3972.30769230769
3963.07692307692
3964.10256410256
3975.89743589744
3980
3978.46153846154
3985.12820512821
3991.79487179487
3990.25641025641
3989.74358974359
3993.84615384615
4004.10256410256
4005.12820512821
3994.8717948718
3994.8717948718
4005.12820512821
4004.61538461539
4000
4008.71794871795
4010.25641025641
4003.58974358974
4009.23076923077
4011.28205128205
4001.53846153846
4006.15384615385
4017.4358974359
4008.20512820513
4005.12820512821
4022.05128205128
4024.10256410256
4013.33333333333
4016.41025641026
4023.07692307692
4018.97435897436
4020.51282051282
4020.51282051282
4009.74358974359
4007.69230769231
4011.28205128205
4004.10256410256
4006.15384615385
4020.51282051282
4023.07692307692
4017.94871794872
4015.38461538462
4006.66666666667
4003.07692307692
4009.23076923077
4007.69230769231
4001.02564102564
4001.53846153846
