
4388.20512820513
4393.33333333333
4398.97435897436
4395.38461538462
4397.4358974359
4400.51282051282
4388.71794871795
4385.64102564103
4398.97435897436
4402.05128205128
4406.15384615385
4412.82051282051
4407.69230769231
4405.12820512821
4413.33333333333
4408.71794871795
4397.4358974359
4395.38461538462
4395.89743589744
4392.30769230769
4391.28205128205
4399.48717948718
4404.61538461538
4400.51282051282
4405.12820512821
4417.4358974359
4412.30769230769
4397.4358974359
4396.41025641026
4398.46153846154
4400
4409.74358974359
4416.92307692308
4412.82051282051
4411.79487179487
4412.30769230769
4402.5641025641
4398.46153846154
4399.48717948718
4396.41025641026
4400.51282051282
4406.66666666667
4405.12820512821
4406.15384615385
4413.33333333333
4413.84615384615
4405.12820512821
4403.07692307692
4411.79487179487
4415.89743589744
4411.28205128205
4412.30769230769
4411.28205128205
4402.5641025641
4403.07692307692
4412.30769230769
4411.28205128205
4399.48717948718
4392.82051282051
4396.41025641026
4398.97435897436
4394.35897435897
4397.4358974359
4410.76923076923
4417.4358974359
4413.33333333333
4412.30769230769
4415.89743589744
4416.41025641026
4421.53846153846
4428.20512820513
4428.71794871795
4429.23076923077
4432.30769230769
4431.28205128205
4432.82051282051
4436.41025641026
4432.82051282051
4427.17948717949
4426.66666666667
4428.20512820513
4425.64102564103
4422.05128205128
4425.64102564103
4430.76923076923
4425.64102564103
4415.38461538462
4411.79487179487
4410.76923076923
4411.28205128205
4409.74358974359
4411.79487179487
4419.48717948718
4422.05128205128
4421.53846153846
4421.02564102564
4416.41025641026
4410.25641025641
4414.35897435897
4423.58974358974
4428.20512820513
4427.17948717949
4422.5641025641
4420.51282051282
4417.94871794872
4413.33333333333
4414.8717948718
4422.05128205128
4429.23076923077
4429.74358974359
4423.58974358974
4414.8717948718
4412.30769230769
4412.82051282051
4413.33333333333
4414.8717948718
4413.33333333333
4415.89743589744
4426.66666666667
4429.74358974359
4426.66666666667
4424.10256410256
4421.02564102564
4418.97435897436
4418.46153846154
4421.02564102564
4428.20512820513
4432.30769230769
4427.17948717949
4424.10256410256
4428.20512820513
4428.20512820513
4421.53846153846
4416.92307692308
4418.97435897436
4416.92307692308
4413.84615384615
4417.94871794872
4427.17948717949
4433.33333333333
4428.71794871795
4421.02564102564
4423.07692307692
4429.23076923077
4430.76923076923
4427.69230769231
4432.30769230769
4443.07692307692
4442.5641025641
4430.76923076923
4424.10256410256
4427.17948717949
4432.30769230769
4431.79487179487
4430.76923076923
4438.46153846154
4443.07692307692
4436.41025641026
4432.30769230769
4433.33333333333
4437.94871794872
4443.07692307692
4445.12820512821
4445.12820512821
4444.61538461538
4446.15384615385
4449.74358974359
4448.20512820513
4446.15384615385
4450.76923076923
4448.71794871795
4436.92307692308
4430.76923076923
4429.23076923077
4426.15384615385
4425.12820512821
4429.23076923077
4427.69230769231
4416.41025641026
4411.79487179487
4423.07692307692
4430.25641025641
4419.48717948718
4409.74358974359
4413.33333333333
4419.48717948718
4417.4358974359
4412.82051282051
4414.8717948718
4420
4417.94871794872
4412.30769230769
4412.82051282051
4410.76923076923
4404.10256410256
4406.66666666667
4416.92307692308
4418.97435897436
4411.79487179487
4409.23076923077
4413.33333333333
4412.82051282051
4411.28205128205
4413.33333333333
4415.38461538462
4414.8717948718
4409.74358974359
4407.17948717949
4412.30769230769
4415.89743589744
4412.30769230769
4412.30769230769
4414.8717948718
4413.84615384615
4415.89743589744
4418.46153846154
4415.89743589744
4410.25641025641
4411.28205128205
4411.79487179487
4405.12820512821
4405.12820512821
4413.33333333333
4413.33333333333
4402.05128205128
4399.48717948718
4410.25641025641
4415.38461538462
4410.76923076923
4411.28205128205
4416.41025641026
4413.33333333333
4412.30769230769
4412.82051282051
4405.12820512821
4406.15384615385
4418.97435897436
4420.51282051282
4411.79487179487
4412.82051282051
4416.41025641026
4416.92307692308
4416.41025641026
4405.64102564103
4398.97435897436
4407.69230769231
4413.33333333333
4410.25641025641
4413.33333333333
4416.41025641026
4411.28205128205
4413.33333333333
4414.35897435897
4405.12820512821
4405.12820512821
4413.33333333333
4405.64102564103
4396.92307692308
4406.66666666667
4410.25641025641
4403.58974358974
4404.61538461538
4403.07692307692
4396.92307692308
4397.4358974359
4399.48717948718
4398.97435897436
4402.5641025641
4405.64102564103
4401.53846153846
4396.92307692308
4398.97435897436
4402.05128205128
4400
4397.4358974359
4397.94871794872
4395.89743589744
4398.46153846154
4404.61538461538
4404.10256410256
4401.53846153846
4398.46153846154
4394.8717948718
4403.07692307692
4414.35897435897
4413.33333333333
4406.66666666667
4403.07692307692
4399.48717948718
4397.94871794872
4398.97435897436
4402.05128205128
4404.61538461538
4401.53846153846
4399.48717948718
4401.02564102564
4404.61538461538
4402.05128205128
4397.94871794872
4405.64102564103
4415.89743589744
4414.8717948718
4414.8717948718
4417.94871794872
4416.92307692308
4414.35897435897
4415.38461538462
4413.84615384615
4404.61538461538
4395.38461538462
4397.4358974359
4404.10256410256
4407.69230769231
4411.28205128205
4413.84615384615
4410.76923076923
4403.58974358974
4402.5641025641
4408.20512820513
4409.23076923077
4407.69230769231
4407.17948717949
4401.53846153846
4396.92307692308
4400.51282051282
4401.53846153846
4395.38461538462
4394.8717948718
4398.46153846154
4398.46153846154
4397.94871794872
4400.51282051282
4401.53846153846
4402.5641025641
4407.17948717949
4413.84615384615
4410.76923076923
4405.12820512821
4407.17948717949
4407.17948717949
4407.17948717949
4410.76923076923
4410.76923076923
4402.5641025641
4398.97435897436
4405.64102564103
4411.79487179487
4414.8717948718
4413.84615384615
4412.30769230769
4411.79487179487
4414.8717948718
4415.89743589744
4406.66666666667
4399.48717948718
4400.51282051282
4402.05128205128
4403.58974358974
4411.79487179487
4417.4358974359
4408.20512820513
4406.66666666667
4422.05128205128
4432.30769230769
4430.76923076923
4423.07692307692
4413.33333333333
4409.74358974359
4413.84615384615
4415.89743589744
4414.8717948718
4414.35897435897
4409.74358974359
4405.12820512821
4404.10256410256
4400.51282051282
4394.8717948718
4393.33333333333
4397.4358974359
4399.48717948718
4398.97435897436
4404.61538461538
4409.23076923077
4401.02564102564
4391.28205128205
4396.92307692308
4398.46153846154
4391.28205128205
4391.79487179487
4394.35897435897
4400
4409.23076923077
4404.61538461538
4389.23076923077
4385.12820512821
4390.76923076923
4394.35897435897
4393.33333333333
4391.28205128205
4395.38461538462
4397.4358974359
4395.89743589744
4398.97435897436
4400.51282051282
4394.35897435897
4396.92307692308
4408.20512820513
4408.71794871795
4397.4358974359
4391.28205128205
4393.33333333333
4394.35897435897
4395.38461538462
4400
4398.97435897436
4398.97435897436
4411.28205128205
4416.92307692308
4405.64102564103
4402.5641025641
4404.10256410256
4394.8717948718
4391.28205128205
4405.64102564103
4416.41025641026
4409.74358974359
4401.02564102564
4405.64102564103
4414.35897435897
4416.41025641026
4412.82051282051
4407.17948717949
4403.58974358974
4404.10256410256
4401.53846153846
4397.4358974359
4397.4358974359
4398.97435897436
4400
4397.94871794872
4395.89743589744
4394.35897435897
4388.20512820513
4384.61538461538
4390.25641025641
4396.41025641026
4398.97435897436
4397.4358974359
4393.84615384615
4393.84615384615
4398.97435897436
4399.48717948718
4394.35897435897
4394.8717948718
4398.46153846154
4397.4358974359
4394.35897435897
4394.8717948718
4396.92307692308
4397.4358974359
4398.97435897436
4400
4398.97435897436
4396.41025641026
4393.33333333333
4391.79487179487
4393.33333333333
4395.89743589744
4400.51282051282
4405.12820512821
4403.07692307692
4401.02564102564
4400.51282051282
4397.94871794872
4397.4358974359
4403.58974358974
4405.12820512821
4400
4396.92307692308
4402.5641025641
4411.28205128205
4412.30769230769
4411.28205128205
4412.82051282051
4410.76923076923
4409.74358974359
4406.66666666667
4397.94871794872
4394.35897435897
4398.97435897436
4403.07692307692
4404.61538461538
4401.02564102564
4396.92307692308
4396.92307692308
4396.41025641026
4394.8717948718
4393.33333333333
4389.74358974359
4394.8717948718
4401.02564102564
4392.82051282051
4386.15384615385
4395.38461538462
4402.05128205128
4397.4358974359
4398.97435897436
4405.12820512821
4402.05128205128
4397.94871794872
4400
4400
4396.41025641026
4397.94871794872
4400.51282051282
4403.07692307692
4404.10256410256
4401.53846153846
4396.41025641026
4393.33333333333
4399.48717948718
4412.82051282051
4412.82051282051
4405.12820512821
4409.74358974359
4413.33333333333
4402.5641025641
4402.5641025641
4415.89743589744
4411.28205128205
4397.4358974359
4397.4358974359
4404.10256410256
4408.20512820513
4411.79487179487
4409.74358974359
4402.5641025641
4398.46153846154
4394.35897435897
4400
4406.15384615385
4393.84615384615
4386.15384615385
4395.89743589744
4398.46153846154
4397.94871794872
4407.17948717949
4408.71794871795
4401.53846153846
4398.97435897436
4397.94871794872
4396.92307692308
4395.89743589744
4396.92307692308
4398.97435897436
4390.76923076923
4383.58974358974
4390.25641025641
4396.92307692308
4400
4401.02564102564
4396.92307692308
4396.92307692308
4399.48717948718
4391.79487179487
4386.15384615385
4394.35897435897
4400
4398.46153846154
4396.41025641026
4396.41025641026
4396.41025641026
4396.92307692308
4400
4401.53846153846
4398.46153846154
4397.4358974359
4397.94871794872
4395.89743589744
4396.41025641026
4399.48717948718
4400
4400.51282051282
4397.4358974359
4394.35897435897
4397.94871794872
4393.33333333333
4382.05128205128
4386.66666666667
4395.38461538462
4398.97435897436
4407.17948717949
4409.23076923077
4396.92307692308
4394.35897435897
4402.5641025641
4396.92307692308
4391.28205128205
4405.12820512821
4411.28205128205
4397.94871794872
4392.82051282051
4402.5641025641
4404.61538461538
4397.4358974359
4396.92307692308
4400.51282051282
4396.41025641026
4389.74358974359
4393.84615384615
4402.05128205128
4403.58974358974
4400.51282051282
4396.92307692308
4394.35897435897
4400
4405.12820512821
4400.51282051282
4398.46153846154
4405.12820512821
4406.66666666667
4398.97435897436
4397.4358974359
4400.51282051282
4397.94871794872
4398.46153846154
4404.10256410256
4406.15384615385
4403.58974358974
4405.64102564103
4410.76923076923
4414.8717948718
4413.33333333333
4413.84615384615
4409.23076923077
4396.92307692308
4401.02564102564
4411.79487179487
4407.69230769231
4408.20512820513
4420
4415.38461538462
4405.12820512821
4409.23076923077
4412.30769230769
4411.79487179487
4415.38461538462
4414.8717948718
4413.33333333333
4422.05128205128
4431.28205128205
4432.30769230769
4431.28205128205
4428.71794871795
4427.69230769231
4426.66666666667
4422.5641025641
4420
4417.94871794872
4411.28205128205
4411.79487179487
4410.76923076923
4403.58974358974
4406.15384615385
4413.33333333333
4405.12820512821
4395.38461538462
4400
4398.97435897436
4388.20512820513
4388.20512820513
4396.41025641026
4396.41025641026
4391.28205128205
4394.35897435897
4400
4395.38461538462
4381.53846153846
4380.51282051282
4392.82051282051
4390.76923076923
4384.61538461538
4392.82051282051
4399.48717948718
4397.4358974359
4395.38461538462
4395.38461538462
4396.41025641026
4394.35897435897
4387.69230769231
4384.61538461538
4387.69230769231
4394.8717948718
4396.92307692308
4389.23076923077
4386.66666666667
4389.74358974359
4386.66666666667
4387.69230769231
4396.41025641026
4396.92307692308
4394.35897435897
4400
4406.15384615385
4404.61538461538
4398.97435897436
4395.89743589744
4397.94871794872
4396.92307692308
4393.84615384615
4393.84615384615
4391.28205128205
4388.71794871795
4395.38461538462
4397.94871794872
4389.23076923077
4390.25641025641
4398.46153846154
4392.30769230769
4385.12820512821
4391.28205128205
4397.4358974359
4397.94871794872
4397.94871794872
4396.92307692308
4404.10256410256
4408.71794871795
4402.5641025641
4401.02564102564
4403.07692307692
4397.4358974359
4398.97435897436
4406.15384615385
4401.02564102564
4393.33333333333
4392.82051282051
4393.33333333333
4399.48717948718
4405.12820512821
4400.51282051282
4393.84615384615
4394.8717948718
4396.92307692308
4397.4358974359
4400.51282051282
4402.05128205128
4405.64102564103
4410.76923076923
4405.64102564103
4398.46153846154
4401.53846153846
4403.07692307692
4400.51282051282
4406.66666666667
4415.38461538462
4409.74358974359
4400.51282051282
4405.12820512821
4414.8717948718
4413.84615384615
4409.74358974359
4412.30769230769
4414.8717948718
4407.17948717949
4395.38461538462
4400.51282051282
4412.30769230769
4407.69230769231
4395.89743589744
4392.30769230769
4399.48717948718
4409.23076923077
4407.69230769231
4395.89743589744
4395.89743589744
4409.23076923077
4413.84615384615
4406.15384615385
4397.4358974359
4396.92307692308
4401.53846153846
4394.35897435897
4381.53846153846
4381.02564102564
4384.61538461538
4381.02564102564
4385.64102564103
4392.82051282051
4390.76923076923
4391.28205128205
4398.46153846154
4400
4395.89743589744
4389.74358974359
4388.71794871795
4394.35897435897
4396.41025641026
4396.41025641026
4398.46153846154
4389.74358974359
4383.07692307692
4392.30769230769
4401.02564102564
4398.97435897436
4388.20512820513
4378.46153846154
4381.53846153846
4391.28205128205
4393.84615384615
4392.82051282051
4388.20512820513
4386.15384615385
4394.8717948718
4396.41025641026
4387.69230769231
4389.23076923077
4397.4358974359
4396.41025641026
4395.89743589744
4397.94871794872
4398.97435897436
4401.02564102564
4401.02564102564
4396.92307692308
4393.33333333333
4392.82051282051
4393.84615384615
4394.35897435897
4399.48717948718
4409.74358974359
4414.35897435897
4406.66666666667
4397.94871794872
4395.89743589744
4400.51282051282
4409.74358974359
4411.28205128205
4403.07692307692
4400
4399.48717948718
4397.94871794872
4405.12820512821
4415.38461538462
4413.33333333333
4407.69230769231
4408.71794871795
4412.30769230769
4412.30769230769
4415.38461538462
4424.61538461538
4425.12820512821
4410.76923076923
4408.71794871795
4418.46153846154
4418.46153846154
4420.51282051282
4429.74358974359
4426.66666666667
4415.89743589744
4413.84615384615
4422.05128205128
4429.23076923077
4423.07692307692
4410.76923076923
4414.35897435897
4421.02564102564
4418.97435897436
4423.58974358974
4432.30769230769
4425.64102564103
4414.8717948718
4421.53846153846
4429.74358974359
4429.23076923077
4431.28205128205
4429.74358974359
4417.94871794872
4410.25641025641
4409.23076923077
4411.79487179487
4424.61538461538
4428.20512820513
4413.84615384615
4409.23076923077
4416.92307692308
4414.8717948718
4410.76923076923
4412.82051282051
4407.17948717949
4397.94871794872
4396.92307692308
4398.46153846154
4394.8717948718
4397.94871794872
4400.51282051282
4392.30769230769
4387.17948717949
4387.69230769231
4389.74358974359
4395.89743589744
4396.92307692308
4384.61538461538
4378.97435897436
4382.5641025641
4381.02564102564
4382.05128205128
4388.20512820513
4392.30769230769
4392.30769230769
4388.71794871795
4383.58974358974
4380.51282051282
4380.51282051282
4382.5641025641
4384.10256410256
4383.07692307692
4382.05128205128
4378.46153846154
4376.41025641026
4378.97435897436
4382.5641025641
4384.10256410256
4382.05128205128
4376.41025641026
4378.97435897436
4385.12820512821
4380.51282051282
4378.46153846154
4384.10256410256
4383.07692307692
4379.48717948718
4380.51282051282
4383.58974358974
4384.61538461538
4383.58974358974
4381.02564102564
4381.02564102564
4380.51282051282
4378.97435897436
4378.46153846154
4379.48717948718
4386.66666666667
4397.94871794872
4397.4358974359
4387.69230769231
4386.15384615385
4391.79487179487
4385.64102564103
4374.35897435897
4373.84615384615
4385.12820512821
4394.35897435897
4395.89743589744
4390.25641025641
4382.05128205128
4380
4380.51282051282
4382.05128205128
4382.05128205128
4381.02564102564
4387.17948717949
4391.28205128205
4381.53846153846
4379.48717948718
4390.25641025641
4389.74358974359
4380
4378.46153846154
4380.51282051282
4383.58974358974
4381.53846153846
4372.82051282051
4371.79487179487
4378.97435897436
4385.12820512821
4388.20512820513
4388.71794871795
4387.69230769231
4385.64102564103
4381.02564102564
4377.94871794872
4381.02564102564
4388.20512820513
4386.66666666667
4378.46153846154
4385.64102564103
4398.97435897436
4392.30769230769
4384.61538461538
4389.74358974359
4390.76923076923
4389.74358974359
4396.41025641026
4396.41025641026
4389.23076923077
4387.69230769231
4390.25641025641
4390.76923076923
4387.69230769231
4390.25641025641
4395.38461538462
4392.30769230769
4387.69230769231
4391.79487179487
4396.41025641026
4395.38461538462
4396.92307692308
4394.35897435897
4391.28205128205
4395.38461538462
4398.97435897436
4395.89743589744
4397.94871794872
4400.51282051282
4395.38461538462
4392.82051282051
4397.94871794872
4400.51282051282
4398.46153846154
4397.94871794872
4392.82051282051
4382.05128205128
4380
4383.07692307692
4380
4382.5641025641
4392.30769230769
4395.38461538462
4394.8717948718
4395.89743589744
4395.38461538462
4393.33333333333
4394.8717948718
4397.4358974359
4390.25641025641
4383.07692307692
4389.74358974359
4401.53846153846
4396.92307692308
4388.71794871795
4393.84615384615
4394.35897435897
4378.97435897436
4370.25641025641
4380.51282051282
4383.07692307692
4371.79487179487
4371.79487179487
4386.66666666667
4390.25641025641
4386.66666666667
4395.38461538462
4393.84615384615
4377.94871794872
4375.38461538462
4384.10256410256
4387.69230769231
4384.61538461538
4380
4378.97435897436
4388.71794871795
4397.4358974359
4395.38461538462
4395.38461538462
4396.41025641026
4391.79487179487
4386.66666666667
4388.20512820513
4391.79487179487
4392.82051282051
4395.89743589744
4398.97435897436
4397.94871794872
4388.71794871795
4381.02564102564
4389.74358974359
4400
4396.41025641026
4393.33333333333
4395.89743589744
4390.76923076923
4380.51282051282
4379.48717948718
4384.61538461538
4393.33333333333
4397.4358974359
4392.82051282051
4388.20512820513
4388.20512820513
4386.66666666667
4385.64102564103
4388.71794871795
4396.41025641026
4400
4392.30769230769
4384.10256410256
4384.10256410256
4382.5641025641
4377.94871794872
4381.53846153846
4386.15384615385
4388.20512820513
4390.25641025641
4388.20512820513
4388.20512820513
4390.25641025641
4383.07692307692
4378.46153846154
4391.79487179487
4401.53846153846
4397.4358974359
4396.92307692308
4396.92307692308
4389.74358974359
4383.58974358974
4384.61538461538
4384.10256410256
4380.51282051282
4384.10256410256
4389.23076923077
4386.15384615385
4382.5641025641
4383.07692307692
4381.53846153846
4381.53846153846
4383.07692307692
4383.07692307692
4383.58974358974
4383.58974358974
4384.10256410256
4383.07692307692
4382.5641025641
4383.58974358974
4372.82051282051
4351.28205128205
4346.66666666667
4360.51282051282
4367.69230769231
4362.5641025641
4355.89743589744
4350.25641025641
4352.30769230769
4363.58974358974
4366.15384615385
4358.97435897436
4357.4358974359
4361.02564102564
4359.48717948718
4357.4358974359
4358.46153846154
4358.46153846154
4357.94871794872
4359.48717948718
4358.46153846154
4359.48717948718
4362.5641025641
4360
4357.4358974359
4358.97435897436
4356.92307692308
4356.92307692308
4366.15384615385
4369.74358974359
4366.15384615385
4367.69230769231
4369.23076923077
4369.23076923077
4369.74358974359
4364.61538461538
4356.41025641026
4354.35897435897
4360.51282051282
4368.71794871795
4371.28205128205
4367.69230769231
4365.12820512821
4366.15384615385
4363.58974358974
4363.58974358974
4366.66666666667
4367.69230769231
4365.64102564103
4365.64102564103
4369.74358974359
4370.76923076923
4365.64102564103
4365.64102564103
4373.84615384615
4373.84615384615
4368.71794871795
4370.25641025641
4370.25641025641
4364.10256410256
4363.58974358974
4366.66666666667
4367.17948717949
4373.33333333333
4378.97435897436
4373.33333333333
4368.20512820513
4373.33333333333
4376.92307692308
4374.8717948718
4375.89743589744
4371.79487179487
4366.15384615385
4369.23076923077
4373.84615384615
4374.35897435897
4373.33333333333
4370.76923076923
4367.69230769231
4368.20512820513
4365.64102564103
4367.69230769231
4375.38461538462
4371.28205128205
4367.17948717949
4372.82051282051
4375.38461538462
4374.35897435897
4370.76923076923
4365.12820512821
4363.07692307692
4367.69230769231
4365.64102564103
4357.4358974359
4356.41025641026
4362.05128205128
4361.53846153846
4353.84615384615
4354.35897435897
4358.97435897436
4353.33333333333
4346.66666666667
4353.33333333333
4358.46153846154
4356.41025641026
4357.4358974359
4364.10256410256
4366.66666666667
4360.51282051282
4355.89743589744
4361.02564102564
4366.66666666667
4366.15384615385
4370.25641025641
4375.89743589744
4375.38461538462
4371.28205128205
4366.66666666667
4364.10256410256
4366.15384615385
4374.8717948718
4383.58974358974
4376.92307692308
4363.58974358974
4369.23076923077
4382.05128205128
4380.51282051282
4378.97435897436
4382.05128205128
4375.89743589744
4370.25641025641
4376.92307692308
4382.05128205128
4383.58974358974
4384.61538461538
4379.48717948718
4377.4358974359
4381.02564102564
4376.92307692308
4371.28205128205
4377.4358974359
4383.58974358974
4382.5641025641
4383.07692307692
4382.05128205128
4372.30769230769
4362.05128205128
4367.17948717949
4379.48717948718
4374.8717948718
4363.07692307692
