
5015.897313
5023.0768
4995.384493
4973.333212
4984.615263
4989.230647
4981.53834
4978.974237
4985.640904
4995.384493
4988.205006
4993.333211
5016.922954
5006.666544
4973.846032
4965.128084
4978.461417
4985.128083
4988.205006
4999.487057
5001.025519
4995.897314
4998.974237
4993.846032
4978.461417
4979.487058
5003.076801
5005.128083
4973.333212
4965.640904
4987.179365
4977.948596
4964.615263
4987.179365
4978.974237
4945.128084
4959.487058
4987.692186
4974.871673
4942.563982
4933.333213
4941.02552
4937.435777
4920.5127
4914.358854
4928.717828
4935.897315
4935.384495
4935.897315
4930.25629
4917.948598
4918.461418
4926.153726
4915.897316
4917.948598
4931.794751
4922.051162
4923.076803
4946.666546
4927.692187
4877.948599
4886.666547
4921.025521
4912.820393
4902.563983
4909.74347
4909.230649
4907.179367
4910.25629
4912.820393
4914.358854
4902.051162
4886.153727
4894.871675
4897.948598
4886.153727
4895.384496
4905.640906
4894.358855
4887.692188
4897.435778
4891.281932
4871.281932
4879.999881
4893.333214
4867.179368
4853.333215
4879.999881
4886.666547
4872.307573
4874.358855
4867.179368
4854.358856
4864.615266
4883.076804
4874.871676
4856.922958
4869.743471
4874.358855
4840.512702
4817.43578
4827.179369
4842.563984
4854.358856
4860.512702
4861.538343
4865.640907
4854.871676
4840.512702
4843.076805
4844.102446
4839.999882
4840.512702
4830.256292
4825.128087
4840.512702
4849.743471
4846.666548
4843.589625
4836.410138
4819.487062
4809.230652
4815.384498
4812.820395
4802.051165
4803.076806
4813.846036
4818.461421
4807.69219
4792.820396
4799.999883
4813.333216
4802.563985
4789.743473
4807.69219
4818.461421
4796.410139
4770.769114
4767.692191
4765.128089
4752.820397
4751.794756
4741.538346
4732.307577
4744.615269
4748.717833
4746.666551
4743.589628
4719.999885
4709.743475
4733.846038
4734.871679
4716.410141
4717.435782
4717.948603
4708.717834
4705.640911
4700.512706
4698.974244
4702.051167
4687.692193
4668.205014
4670.769117
4684.10245
4672.307578
4647.179374
4649.230656
4666.666553
4663.076809
4650.256297
4649.230656
4656.922963
4664.615271
4650.769117
4618.461426
4609.230657
4627.179374
4630.256297
4618.461426
4612.8204
4610.769118
4608.205016
4603.076811
4598.974247
4590.256298
4591.281939
4599.487067
4591.79476
4580.512709
4583.589632
4586.666555
4583.589632
4585.128093
4572.820401
4554.358863
4553.333222
4557.435786
4559.487068
4554.871683
4538.974248
4533.333222
4537.435786
4534.358863
4524.615274
4511.281941
4506.666556
4512.820402
4495.384505
4461.025532
4454.358865
4461.025532
4445.128096
4407.6922
4369.743483
4353.333227
4334.358868
4292.820408
4264.10246
4249.743486
4223.07682
4199.999897
4195.897333
4186.153744
4173.333231
4168.205026
4155.384514
4138.461437
4124.102463
4110.25631
4105.128105
4103.076823
4088.205028
4078.461439
4089.230669
4090.25631
4065.128106
4049.23067
4072.307593
4081.538362
4046.153747
4022.564004
4019.999902
4012.820415
4005.128107
3995.384518
3983.589646
3990.256313
3988.717851
3984.102467
4002.564005
3994.358877
3961.538365
3964.102467
3991.281954
3990.256313
3971.281954
3968.205031
3971.281954
3981.025544
3998.974261
3989.230672
3954.871698
3947.692211
3961.025544
3964.102467
3954.871698
3946.15375
3961.025544
3966.153749
3943.076827
3948.205032
3968.717852
3952.307596
3935.384519
3941.538365
3949.743493
3966.66657
3971.281954
3956.41016
3962.564006
3973.846057
3966.66657
3949.743493
3938.974263
3949.230673
3972.820416
3973.846057
3958.461442
3953.333237
3947.692211
3944.615288
3958.461442
3965.128108
3958.461442
3963.589647
3967.17939
3957.948621
3955.384519
3958.974262
3962.564006
3969.230672
3976.410159
3972.307595
3962.051185
3957.435801
3952.820416
3950.769134
3968.717852
3978.461441
3957.435801
3957.948621
3982.564005
3983.589646
3981.538364
3979.999903
3959.999903
3959.487083
3985.640928
3986.666569
3981.538364
3994.871697
3987.69221
3978.461441
3991.281954
3991.281954
3973.846057
3983.076826
4005.128107
4001.025543
3994.358877
4007.179389
4026.666568
4031.281953
4024.102466
4010.769133
4000.512723
4009.230671
4012.820415
4003.076825
4009.743492
4023.076825
4025.640927
4036.410158
4036.410158
4007.69221
3988.205031
3991.281954
3990.256313
3984.102467
3997.4358
4024.102466
4032.307594
4014.358876
3995.384518
4008.717851
4030.256312
4014.871697
4000.512723
4029.230671
4042.564004
4026.666568
4036.922978
4041.538363
4021.538363
4028.20503
4045.640927
4034.358876
4025.640927
4038.97426
4041.025542
4037.435799
4036.922978
4030.769132
4029.230671
4042.051183
4057.948619
4064.615285
4052.307593
4031.281953
4036.922978
4055.897337
4055.897337
4051.281952
4060.512721
4073.846054
4076.410157
4073.333234
4081.538362
4076.410157
4051.794773
4055.384516
4079.48708
4075.897336
4073.846054
4091.281951
4093.846054
4087.179387
4089.230669
4095.384515
4093.333233
4087.692208
4099.9999
4107.692207
4091.794772
4082.564003
4090.769131
4096.410156
4104.615284
4112.307592
4109.743489
4118.461438
4121.02554
4110.25631
4114.871694
4123.076822
4117.435797
4114.358874
4127.692207
4137.948617
4137.948617
4142.564001
4142.564001
4136.410155
4131.28195
4129.743489
4126.153745
4123.589643
4130.256309
4131.28195
4137.948617
4157.948616
4154.871693
4139.999899
4155.384514
4168.205026
4140.512719
4126.153745
4146.666565
4156.922975
4148.717847
4147.179386
4172.30759
4188.205026
4153.846052
4119.487079
4137.435796
4162.564001
4147.179386
4135.897335
4158.461437
4164.615283
4149.743488
4154.358873
4172.820411
4173.846052
4164.615283
4154.871693
4150.769129
4154.871693
4151.28195
4154.871693
4169.743488
4168.205026
4173.333231
4189.230667
4179.487077
4168.717847
4185.128103
4181.538359
4164.102462
4180.512718
4190.769128
4170.256308
4169.743488
4186.666564
4186.666564
4184.615282
4192.82041
4202.564
4212.307589
4214.871692
4197.435795
4181.538359
4196.410154
4224.102461
4227.179384
4216.922974
4217.948615
4224.102461
4230.256307
4237.948614
4227.692204
4215.384512
4230.769127
4233.84605
4214.358871
4228.205025
4255.897332
4245.640922
4226.153743
4229.743486
4236.410153
4233.33323
4227.692204
4235.897332
4249.230665
4239.999896
4225.128102
4234.871691
4252.307588
4254.35887
4242.051178
4248.717845
4270.256306
4250.769127
4216.410153
4225.640922
4248.205024
4250.256306
4249.230665
4248.717845
4251.794768
4264.61528
4267.692203
4261.538357
4263.076819
4262.051178
4253.333229
4248.717845
4249.743486
4263.589639
4283.589639
4279.999895
4262.051178
4263.589639
4270.256306
4261.538357
4254.871691
4256.410152
4262.051178
4264.10246
4261.538357
4270.256306
4277.435793
4267.692203
4260.512716
4267.179383
4271.281947
4269.230665
4259.999896
4258.461434
4278.974254
4280.512716
4258.974255
4256.922973
4268.205024
4259.487075
4246.666563
4252.307588
4259.487075
4263.076819
4262.051178
4257.435793
4263.589639
4276.922972
4279.487075
4277.948613
4283.589639
4281.025536
4274.87169
4279.999895
4276.410152
4258.461434
4263.589639
4287.179382
4278.974254
4255.384511
4259.487075
4267.179383
4265.640921
4272.820408
4282.563998
4285.1281
4288.717844
4299.999895
4309.230664
4311.794766
4313.846048
4302.051177
4287.179382
4282.563998
4284.102459
4286.153741
4290.769126
4302.563997
4312.307587
4310.256305
4289.230664
4284.61528
4305.64092
4315.38451
4311.794766
4304.102459
4298.974254
4288.205023
4284.61528
4297.435792
4308.205023
4308.205023
4317.948612
4334.358868
4314.871689
4295.38451
4310.769125
4323.076817
4319.487074
4326.15374
4353.846047
4359.999893
4327.692202
4311.281946
4338.974253
4347.179381
4317.948612
4312.307587
4331.794766
4333.846048
4327.692202
4340.512714
4347.179381
4324.615279
4322.563997
4346.15374
4341.538355
4324.102458
4332.307586
4347.179381
4344.102458
4332.307586
4337.435791
4354.358868
4345.128099
4317.435792
4315.89733
4337.435791
4351.794765
4345.640919
4336.41015
4342.563996
4339.487073
4328.717843
4339.999894
4354.871688
4343.589637
4334.871689
4351.281945
4356.92297
4334.358868
4321.538356
4340.512714
4345.640919
4326.15374
4331.281945
4353.846047
4357.435791
4348.205022
4345.640919
4343.589637
4328.205022
4307.692202
4303.076818
4319.487074
4327.692202
4318.974253
4320.512715
4326.15374
4325.64092
4322.563997
4323.076817
4333.846048
4342.051176
4327.692202
4313.846048
4324.102458
4321.025535
4306.153741
4316.410151
4328.717843
4325.128099
4323.589638
4324.102458
4324.102458
4326.666561
4325.128099
4333.846048
4359.487073
4367.17938
4339.487073
4322.051176
4337.948612
4354.871688
4355.897329
4355.384509
4350.769124
4342.563996
4336.922971
4341.538355
4357.948611
4360.512714
4347.179381
4353.333227
4360.512714
4343.589637
4343.076817
4362.563996
4356.92297
4339.487073
4337.948612
4352.820406
4367.17938
4357.948611
4339.487073
4344.615278
4354.358868
4340.512714
4340.512714
4354.358868
4352.307586
4364.102457
4370.769124
4343.589637
4337.948612
4364.102457
4351.794765
4330.769125
4344.102458
4354.358868
4355.897329
4366.66656
4373.846047
4370.769124
4371.281944
4373.846047
4368.205021
4362.563996
4356.92297
4356.41015
4368.205021
4377.948611
4368.717842
4366.66656
4378.974252
4376.92297
4370.769124
4378.461431
4371.794765
4355.897329
4362.563996
4363.076816
4355.897329
4364.102457
4362.563996
4361.025534
4385.128098
4387.6922
4363.589637
4363.076816
4379.487072
4377.948611
4371.281944
4373.846047
4379.487072
4378.461431
4379.999893
4387.6922
4382.563995
4376.410149
4384.615277
4384.615277
4388.205021
4414.871687
4432.820404
4415.384507
4398.461431
4408.717841
4412.820405
4393.846046
4383.589636
4395.384508
4401.538354
4393.333226
4394.871687
4400.512713
4392.307585
4377.43579
4378.461431
4399.487072
4409.743482
4401.025533
4397.43579
4398.974251
4404.615277
4408.20502
4394.358867
4378.461431
4378.461431
4387.6922
4409.230661
4420.512712
4385.640918
4360.512714
4383.076816
4401.538354
4393.333226
4390.769123
4399.487072
4397.43579
4392.820405
4396.410149
4398.974251
4393.846046
4381.538354
4373.333226
4377.43579
4386.153739
4385.128098
4377.43579
4382.051175
4404.615277
4404.102456
4376.92297
4374.871688
4386.666559
4379.487072
4374.871688
4378.974252
4385.128098
4399.487072
4399.487072
4386.666559
4388.717841
4385.640918
4368.717842
4361.538355
4369.743483
4387.17938
4386.666559
4361.538355
4357.435791
4360.512714
4329.230663
4323.589638
4358.461432
4347.692201
4310.256305
4331.281945
4360.512714
4339.999894
4320.512715
4333.333227
4355.384509
4352.820406
4333.333227
4331.281945
4343.076817
4340.512714
4335.89733
4347.179381
4349.743483
4331.794766
4325.64092
4338.461432
4352.307586
4364.615278
4364.615278
4349.230663
4339.999894
4346.66656
4345.128099
4335.89733
4351.281945
4367.692201
4362.051175
4361.538355
4367.17938
4347.692201
4329.230663
4345.128099
4351.281945
4350.769124
4367.692201
4365.640919
4352.820406
4362.563996
4377.948611
4373.846047
4354.871688
4336.922971
4337.948612
4347.179381
4333.846048
4322.051176
4341.538355
4356.92297
4339.999894
4325.128099
4333.333227
4344.102458
4350.256304
4354.871688
4351.281945
4337.948612
4328.717843
4334.871689
4343.076817
4349.230663
4357.435791
4355.384509
4344.102458
4346.66656
4351.281945
4347.692201
4359.999893
4358.461432
4338.461432
4366.66656
4395.897328
4357.435791
4336.922971
4375.384508
4382.563995
4353.846047
4349.230663
4358.461432
4363.076816
4365.640919
4369.743483
4370.769124
4364.615278
4365.128098
4368.205021
4363.076816
4370.769124
4382.563995
4379.999893
4378.461431
4381.538354
4387.17938
4390.769123
4386.666559
4383.076816
4378.461431
4365.640919
4367.692201
4368.717842
4361.025534
4379.999893
4405.128097
4388.205021
4361.025534
4376.92297
4391.281944
4361.538355
4342.563996
4367.17938
4382.051175
4365.128098
4366.153739
4383.076816
4385.640918
4375.897329
4369.743483
4377.948611
4371.794765
4358.461432
4370.256303
4376.410149
4357.948611
4364.615278
4392.307585
4389.743482
4365.128098
4354.871688
4363.589637
4379.487072
4387.6922
4387.17938
4375.897329
4360.512714
4374.871688
4406.153738
4410.256302
4407.179379
4404.102456
4381.538354
4363.589637
4376.92297
4389.743482
4384.102457
4391.281944
4398.461431
4389.230662
4379.487072
4379.999893
4387.17938
4382.563995
4383.076816
4402.051174
4409.230661
4387.17938
4373.846047
4385.640918
4385.640918
4363.076816
4354.358868
4372.820406
4381.025534
4369.230662
4373.333226
4386.153739
4382.563995
4368.205021
4362.051175
4370.256303
4376.92297
4371.281944
4374.358867
4383.076816
4386.153739
4394.871687
4403.076815
4398.974251
4394.358867
4398.974251
4395.897328
4389.230662
4391.281944
4393.846046
4389.743482
4381.025534
4387.17938
4393.333226
4384.615277
4394.358867
4393.846046
4362.051175
4366.153739
4397.94861
4383.589636
4367.692201
4389.743482
4391.281944
4373.846047
4382.051175
4398.974251
4392.820405
4370.769124
4362.563996
4370.769124
4379.999893
4387.6922
4388.717841
4387.6922
4397.43579
4408.20502
4407.179379
4398.461431
4389.230662
4383.589636
4377.948611
4376.92297
4386.153739
4396.922969
4401.538354
4397.43579
4388.717841
4386.666559
4390.769123
4392.820405
4388.205021
4383.076816
4386.153739
4395.897328
4394.871687
4383.589636
4381.025534
4381.025534
4385.128098
4394.871687
4391.281944
4388.717841
4392.307585
4380.512713
4362.563996
4365.128098
4386.666559
4404.102456
4394.358867
4377.43579
4392.820405
4414.358866
4396.922969
4368.717842
4377.948611
4402.563995
4396.410149
4381.025534
4395.897328
4419.999892
4412.820405
4392.820405
4391.794764
4398.461431
4390.769123
4375.384508
4380.512713
4397.94861
4394.871687
4392.820405
4416.922969
4418.974251
4385.640918
4386.666559
4413.846046
4410.769123
4399.999892
4400.512713
4394.871687
4393.846046
4404.102456
4404.102456
4386.153739
4374.358867
4389.230662
4402.051174
4386.666559
4378.461431
4397.43579
4403.589636
4395.384508
4395.384508
4396.410149
4398.974251
4403.076815
4394.871687
4388.205021
4395.384508
4396.410149
4382.051175
4379.487072
4392.307585
4395.384508
4381.025534
4361.025534
4365.128098
4390.256303
4394.358867
4381.538354
4391.794764
4402.051174
4385.640918
4379.999893
4384.102457
4381.538354
4393.333226
4405.128097
4389.743482
4377.43579
4388.717841
4396.410149
4399.999892
4396.922969
4387.6922
4379.999893
4371.281944
4369.230662
4381.025534
4385.128098
4374.871688
4390.256303
4413.846046
4397.43579
4373.333226
4382.563995
4393.333226
4384.102457
4382.051175
4393.333226
4401.538354
4395.384508
4385.640918
4392.307585
4405.128097
4396.410149
4386.153739
4401.538354
4407.6922
4389.230662
4387.6922
4403.589636
4397.43579
4390.256303
4412.307584
4424.615276
4404.615277
4392.307585
4403.076815
4395.897328
4381.025534
4390.256303
4396.922969
4392.820405
4401.538354
4400.512713
4379.487072
4377.948611
4396.922969
4398.974251
4385.128098
4388.717841
4398.974251
4387.17938
4382.051175
4395.384508
4398.461431
4395.897328
4395.897328
4398.461431
4410.769123
4410.769123
4389.230662
4386.666559
4409.743482
4410.769123
4392.820405
4399.999892
4412.307584
4397.94861
4395.384508
4416.410148
4413.846046
4399.487072
4407.6922
4404.102456
4383.589636
4380.512713
4388.205021
4379.487072
4374.358867
4383.076816
4377.948611
4370.769124
4379.999893
4377.948611
4363.589637
4372.820406
4388.205021
4370.256303
4361.538355
4378.461431
4382.563995
4367.692201
4368.205021
4379.999893
4385.640918
4374.871688
4353.333227
4359.487073
4382.051175
4379.999893
4374.871688
4385.128098
4376.92297
4354.358868
4356.41015
4366.66656
4376.410149
4387.17938
4384.102457
4386.666559
4396.410149
4381.538354
4363.076816
4374.358867
4391.794764
4388.717841
4379.999893
4365.128098
4366.153739
4385.640918
4375.897329
4351.794765
4370.256303
4405.128097
4392.820405
4366.66656
4379.487072
4395.384508
4386.153739
4379.999893
4381.538354
4381.025534
4384.102457
4385.128098
4380.512713
4383.076816
4386.153739
4380.512713
4376.410149
4373.333226
4369.230662
4376.92297
4386.153739
4382.051175
4375.897329
4391.281944
4408.20502
4393.333226
4382.051175
4399.487072
4395.384508
4373.846047
4386.153739
4399.999892
4382.563995
4373.846047
4389.230662
4396.922969
4402.563995
4408.717841
4393.846046
4389.743482
4411.281943
4414.358866
4394.871687
4389.743482
4389.230662
4375.384508
4382.563995
4402.563995
4397.94861
4389.230662
4395.897328
4396.922969
4390.769123
4388.205021
4379.999893
4377.948611
4396.922969
4404.102456
4387.6922
4388.717841
4404.615277
4392.307585
4369.743483
4378.461431
4384.102457
4363.589637
4361.025534
4367.692201
4362.051175
4371.794765
4389.743482
4389.743482
4391.794764
4401.538354
4398.974251
4379.999893
4373.333226
4392.307585
4396.410149
4372.307585
4373.846047
4390.769123
4365.640919
4341.025535
4355.897329
4374.358867
4388.205021
4391.794764
4374.871688
4371.281944
4392.307585
4401.538354
4405.640918
4407.179379
4391.281944
4373.846047
4378.974252
4390.769123
4393.846046
4390.769123
4392.820405
4405.128097
4409.743482
4397.94861
4385.128098
4392.307585
4408.20502
4407.179379
4394.358867
4390.769123
4403.076815
4415.897328
4418.46143
4405.640918
4394.358867
4396.922969
4399.487072
4398.974251
4394.871687
4399.999892
4416.410148
4420.512712
4407.6922
4399.999892
4398.974251
4396.410149
4395.897328
4402.563995
4421.538353
4433.846045
4418.974251
4396.410149
4407.179379
4430.769122
4414.871687
4384.615277
4390.769123
4404.102456
4396.922969
4394.871687
4403.589636
4410.256302
4415.897328
4415.384507
4409.230661
4399.487072
4390.256303
4392.307585
4403.076815
4413.846046
4416.410148
4409.743482
4409.230661
4411.281943
4412.307584
4417.435789
4411.281943
4396.922969
4402.563995
4423.076815
4417.94861
4397.94861
4400.512713
4413.333225
4405.640918
4397.94861
4409.743482
4415.897328
4409.230661
4406.153738
4403.076815
4390.256303
4396.922969
4411.794764
4403.076815
4397.43579
4401.538354
4374.871688
4353.846047
4385.640918
4396.922969
4369.743483
4371.794765
4382.051175
4377.43579
4391.794764
4399.487072
4372.820406
4373.333226
4405.640918
4396.922969
4367.17938
4376.410149
4395.384508
4397.94861
4397.94861
4395.897328
4389.230662
4390.769123
4405.128097
4412.820405
4408.717841
4402.563995
4402.563995
4400.512713
4398.461431
4407.6922
4418.974251
4411.794764
4388.205021
4388.717841
4404.102456
4387.6922
4384.102457
4418.46143
4409.743482
4367.692201
4378.974252
4408.717841
4406.666559
4409.743482
4416.922969
4414.871687
4417.435789
4406.666559
4396.410149
4407.179379
4407.6922
4398.974251
4410.769123
4424.102456
4406.666559
4392.820405
4412.820405
4420.512712
4394.358867
4393.333226
4422.563994
4419.487071
4406.153738
4419.487071
4427.692199
4416.922969
4399.999892
4390.256303
4409.230661
4429.230661
4413.846046
4409.230661
4427.179379
4409.230661
4387.6922
4408.717841
4419.487071
4410.256302
4412.820405
4415.384507
4420.512712
4427.692199
4420.512712
4421.025533
4424.102456
4407.179379
4399.487072
4414.358866
4415.897328
4413.333225
4424.102456
4432.307584
4423.076815
4413.846046
4425.128097
4434.358866
4425.128097
4424.102456
4420.512712
4407.179379
4416.410148
4434.871686
4428.71784
4427.692199
4434.358866
4427.179379
4430.256302
4442.051173
4430.769122
4411.281943
4417.435789
4433.846045
4433.846045
4426.666558
4428.20502
4434.358866
4434.358866
4434.871686
4425.640917
4416.922969
4423.589635
4422.563994
4401.538354
4392.307585
4418.46143
4434.871686
4418.46143
4417.435789
4430.769122
4419.487071
4407.179379
4426.153738
4431.281943
4423.076815
4433.846045
4428.20502
4407.179379
4421.538353
4449.23066
4438.97425
4423.076815
4430.256302
4434.871686
4429.230661
4431.281943
4431.281943
4418.46143
4411.794764
4415.384507
4412.307584
4409.743482
4418.46143
4431.794763
4432.820404
4426.153738
4431.281943
4449.743481
4438.97425
4394.871687
4384.615277
4409.743482
4416.922969
4412.820405
4416.410148
4416.922969
4411.281943
4417.435789
4427.692199
4430.769122
4421.538353
4406.153738
4411.794764
4437.948609
4446.666558
4427.692199
4423.589635
4431.281943
4417.435789
4414.871687
4439.487071
4443.589635
4429.230661
4422.563994
4423.076815
4429.230661
4442.563994
4455.384506
4453.846045
4443.589635
4443.589635
4449.743481
4451.794763
4454.358865
4449.23066
4438.46143
4444.615276
4451.794763
4449.23066
4460.512711
4465.128096
4440.512712
4422.563994
4428.20502
4427.179379
4415.897328
4420.512712
4433.846045
4446.666558
4449.743481
4425.640917
4408.717841
4432.820404
4449.23066
4442.051173
4452.307583
4453.333224
4444.615276
4454.358865
4439.487071
4408.717841
4417.94861
4441.538353
4437.948609
4437.435789
4458.461429
4467.692198
4444.102455
4410.769123
4415.897328
4442.051173
4441.025532
4429.743481
4441.538353
4444.615276
4422.563994
4419.487071
4430.769122
4416.410148
4405.128097
4431.794763
4451.281942
4432.307584
4420.512712
4432.820404
4428.20502
4413.846046
4430.256302
4449.23066
4436.922968
4438.46143
4470.256301
4456.410147
4415.897328
4424.102456
4440.512712
4429.230661
4433.846045
4445.640917
4431.794763
4434.358866
4449.743481
4446.666558
4441.025532
4446.153737
4447.692199
4436.922968
4448.205019
4467.692198
4455.384506
4455.897327
4477.435788
4468.205019
4452.820404
4466.666557
4463.589634
4437.948609
4443.076814
4469.74348
4479.99989
4469.23066
4464.615275
4465.640916
4457.435788
4459.999891
4476.410147
4464.615275
4434.358866
4453.846045
4478.974249
4453.333224
4437.435789
4463.589634
4474.358865
4469.74348
4480.512711
4481.538352
4470.256301
4479.99989
4495.384505
4489.230659
4470.769121
4473.333224
4486.666557
4481.025531
4469.23066
4475.384506
4477.435788
4474.871685
4510.2563
4526.153735
4471.794762
4443.076814
4475.897326
4488.205018
4466.666557
4466.666557
4489.74348
4503.589633
4501.538351
4488.205018
4477.948608
4481.538352
4489.74348
4491.794762
4502.051172
4510.76912
4493.846044
4485.640916
4496.922967
4490.769121
4482.051172
4498.461428
4508.205018
4487.692198
4480.512711
4497.948608
4493.846044
4474.871685
4470.256301
4467.692198
4468.205019
4477.948608
4474.871685
4473.846044
4499.487069
4508.205018
4494.358864
4508.717838
4526.666556
4508.205018
4487.179377
4491.281941
4498.461428
4505.640915
4510.76912
4506.153736
4510.76912
4511.281941
4487.179377
4466.666557
4481.025531
4505.640915
4513.846043
4518.461428
4527.692197
4529.230658
4527.179376
4516.410146
4513.846043
4536.922966
4536.410145
4502.051172
4506.153736
4533.846043
4519.999889
4517.435787
4541.53835
4531.794761
4512.307582
4523.076812
4532.307581
4516.922966
4519.999889
4545.128094
4535.384504
4523.589633
4560.512709
4566.666555
4508.205018
4487.179377
4514.358864
4522.563992
4525.640915
4537.435786
4555.897324
4572.307581
4550.256299
4516.922966
4519.999889
4532.820402
4535.897325
4548.205017
4544.615273
4521.02553
4525.128094
4546.666555
4542.563991
4523.076812
4521.02553
4538.461427
4549.743478
4532.820402
4529.230658
4565.640914
4569.743478
4529.230658
4527.179376
4559.487068
4546.153735
4516.922966
4528.717838
4539.999889
4539.999889
4550.256299
4544.102453
4518.974248
4522.051171
4544.615273
4536.922966
4523.076812
4533.333222
4539.999889
4536.410145
4522.051171
4501.538351
4497.435787
4511.281941
4521.02553
4528.205017
4531.28194
4513.333223
4501.538351
4512.307582
4513.333223
4490.769121
4486.666557
4522.563992
4526.666556
4481.538352
4473.846044
4521.02553
4546.153735
4526.153735
4520.51271
4536.922966
4526.666556
4498.461428
4497.435787
4508.717838
4505.640915
4512.307582
4522.051171
4527.692197
4531.28194
4528.717838
4518.974248
4500.51271
4493.846044
4508.717838
4517.948607
4495.384505
4469.74348
4471.281942
4481.538352
4479.99989
4467.692198
4472.820403
4478.974249
4458.461429
4447.692199
4473.333224
4484.102454
4460.512711
4458.461429
4475.897326
4475.384506
4468.717839
4469.74348
4483.076813
4494.358864
4482.563993
4469.74348
4484.102454
4492.820403
4469.23066
4452.307583
4477.435788
4497.435787
4478.461429
4466.153737
4480.512711
4476.922967
4459.48707
4465.128096
4479.99989
4474.358865
4459.999891
4460.512711
4456.410147
4458.461429
4477.435788
4468.205019
4443.076814
4455.897327
4474.871685
4454.358865
4436.410148
4446.153737
4450.256301
4443.589635
4445.640917
4459.999891
4465.128096
4449.743481
4434.871686
4448.71784
4469.74348
4456.922968
4437.435789
4445.640917
4446.666558
4444.102455
4462.563993
4459.999891
4427.692199
4421.538353
4435.384507
4422.563994
4408.717841
4414.871687
4413.846046
4398.974251
4398.974251
4423.076815
4429.743481
4404.615277
4389.230662
4402.051174
4405.128097
4387.17938
4387.6922
4400.512713
4393.333226
4397.94861
4416.410148
4390.256303
4364.615278
4389.743482
4395.897328
4366.153739
4365.128098
4392.820405
4399.487072
4390.769123
4399.487072
4408.20502
4396.922969
4381.025534
4371.281944
4369.743483
4381.538354
4389.743482
4386.666559
4397.43579
4414.871687
4408.20502
4378.461431
4369.743483
4406.666559
4414.871687
4374.871688
4363.076816
4385.640918
4392.307585
4396.410149
4413.333225
4401.025533
4359.487073
4350.256304
4379.487072
4373.846047
4330.769125
4325.128099
4356.41015
4375.384508
4371.794765
4357.948611
4362.051175
4386.666559
4379.999893
4351.794765
4361.538355
4379.487072
4359.999893
4345.128099
4381.538354
4402.563995
4366.153739
4360.512714
4384.615277
4368.717842
4357.435791
4371.281944
4361.538355
4350.256304
4361.025534
4361.025534
4359.999893
4371.281944
4383.589636
4385.128098
4373.333226
4365.640919
4354.871688
4343.589637
4357.948611
4367.17938
4365.128098
4383.589636
4388.205021
4362.051175
4367.17938
4389.230662
4376.92297
4370.256303
4384.102457
4372.307585
4364.102457
4386.153739
4378.461431
4348.717842
4354.358868
4372.820406
4385.128098
4391.794764
4379.999893
4369.230662
4382.051175
4385.640918
4371.281944
4376.92297
4387.17938
4367.692201
4346.15374
4357.435791
4372.307585
4364.615278
4370.256303
4386.153739
4388.205021
4396.410149
4396.922969
4375.897329
4366.153739
4366.66656
4352.307586
4348.717842
4365.128098
4373.846047
4386.666559
4399.999892
4381.025534
4353.333227
4361.538355
4385.640918
4398.461431
4402.051174
4391.281944
4382.051175
4396.922969
4409.743482
4389.230662
4374.358867
4386.666559
4397.43579
4392.820405
4388.717841
4412.307584
4432.820404
4415.897328
4391.794764
4383.589636
4376.410149
4367.17938
4363.589637
4348.205022
4336.41015
4343.076817
4337.435791
4331.281945
4350.256304
4349.743483
4318.974253
4326.666561
4361.025534
4356.41015
4342.051176
4359.487073
4387.17938
4393.333226
4384.102457
4393.846046
4406.153738
4387.17938
4375.384508
4389.743482
4389.743482
4378.974252
4389.743482
4402.563995
4395.384508
4382.563995
4361.025534
4349.230663
4370.256303
4384.615277
4379.487072
4386.153739
4382.051175
4365.128098
4375.897329
4389.743482
4381.025534
4382.563995
4389.230662
4385.128098
4385.640918
4394.871687
4399.999892
4393.333226
4397.43579
4417.94861
4407.6922
4381.025534
4399.999892
4426.153738
4416.410148
4416.410148
4431.281943
4424.615276
4407.6922
4413.846046
4436.922968
4444.102455
4430.256302
4423.076815
4430.769122
4425.640917
4417.435789
4429.743481
4435.897327
4428.20502
4429.743481
4439.999891
4445.640917
4438.97425
4427.179379
4433.846045
4461.025532
4471.794762
4451.794763
4435.897327
4452.820404
4482.563993
4481.538352
4458.461429
4442.051173
4433.333225
4439.487071
4444.102455
4421.025533
4405.640918
4427.692199
4437.948609
4416.922969
4411.794764
4430.256302
4434.358866
4424.615276
4434.358866
4447.692199
4435.384507
4423.589635
4432.820404
4434.871686
4423.589635
4428.71784
4435.897327
4432.820404
4433.333225
4431.281943
4429.230661
4431.281943
4417.94861
4384.615277
4369.230662
4377.43579
4375.897329
4370.256303
4381.025534
4388.205021
4368.717842
4368.717842
4383.076816
4361.025534
4355.897329
4390.256303
4394.871687
4395.897328
4437.948609
4444.102455
4416.922969
4426.666558
4434.358866
4409.230661
4394.358867
4404.615277
4422.051174
4435.897327
4442.051173
4446.153737
4450.769122
4446.666558
4442.051173
4455.384506
4458.97425
4433.333225
4430.256302
4453.333224
4442.051173
4418.974251
4438.46143
4453.333224
4442.563994
4448.205019
4465.640916
4462.051173
4445.128096
4449.23066
4459.999891
4457.948609
4464.615275
4466.153737
4444.102455
4444.102455
4478.461429
4481.025531
4466.666557
4479.99989
4478.461429
4444.615276
4441.025532
4470.256301
4479.48707
4480.512711
4495.384505
4489.74348
4469.74348
4468.205019
4470.256301
4468.205019
4473.846044
4469.74348
4456.410147
4456.922968
4464.615275
4459.48707
4458.461429
4467.692198
4454.358865
4425.640917
4433.846045
4464.102455
4463.589634
4457.948609
4476.410147
4476.922967
4459.48707
4456.410147
4459.48707
4465.128096
4471.281942
4460.512711
4448.205019
4450.256301
4455.384506
4447.692199
4441.538353
4455.897327
4469.23066
4463.589634
4454.871686
4449.743481
4433.333225
4429.230661
4445.128096
4449.743481
4443.076814
4445.128096
4461.538352
4453.333224
4414.358866
4400.512713
4425.128097
4434.871686
4411.794764
4396.410149
4405.128097
4416.922969
4414.358866
4412.307584
4422.051174
4429.230661
4427.692199
4426.666558
4440.512712
4451.794763
4444.102455
4453.333224
4480.512711
4476.410147
4462.563993
4472.307583
4468.205019
4459.999891
4470.256301
4462.051173
4451.281942
4454.871686
4444.615276
4435.384507
4445.128096
4449.743481
4440.512712
4441.538353
4458.97425
4465.128096
4452.307583
4440.512712
4433.846045
4424.102456
4429.743481
4442.563994
4437.435789
4432.820404
4429.230661
4415.384507
4404.615277
4416.410148
4435.897327
4424.615276
4403.589636
4404.102456
4411.281943
4402.051174
4392.820405
4401.025533
4411.281943
4412.307584
4403.589636
4392.307585
4394.358867
4402.051174
4401.538354
4395.897328
4395.897328
4403.589636
4404.102456
4393.333226
4391.281944
4401.538354
4397.43579
4380.512713
4379.487072
4384.615277
4381.538354
4378.974252
4381.538354
4385.640918
4382.563995
4381.538354
4382.051175
4375.384508
4365.128098
4369.230662
4377.43579
4379.999893
4372.820406
4357.948611
4361.025534
4382.051175
4389.743482
4370.256303
4359.999893
4375.384508
4378.461431
4366.153739
4377.948611
4397.43579
4381.538354
4360.512714
4370.769124
4387.17938
4389.743482
4388.717841
4378.461431
4377.948611
4394.358867
4388.205021
4372.820406
4386.666559
4398.974251
4390.256303
4386.666559
4379.999893
4369.230662
4376.410149
4385.640918
4378.461431
4354.358868
4335.384509
4350.769124
4370.769124
4359.999893
4354.358868
4376.92297
4388.205021
4365.128098
4334.358868
4331.794766
4362.563996
4371.794765
4344.615278
4341.025535
4363.589637
4366.153739
4363.076816
4384.615277
4386.666559
4347.179381
4318.974253
4325.64092
4339.487073
4347.179381
4348.717842
4330.256304
4327.692202
4354.871688
4353.333227
4330.769125
4341.538355
4348.717842
4328.205022
4323.076817
4342.051176
4353.333227
4345.640919
4337.435791
4353.846047
4357.435791
4328.205022
4322.051176
4337.948612
4326.666561
4324.102458
4346.15374
4349.230663
4341.025535
4345.128099
4346.15374
4338.461432
4335.89733
4337.948612
4343.076817
4342.563996
4332.307586
4330.769125
4334.871689
4333.846048
4349.230663
4371.794765
4358.461432
4333.846048
4339.487073
4344.102458
4339.999894
4344.102458
4343.076817
4339.487073
4341.025535
4330.256304
4318.461433
4331.281945
4344.102458
4331.281945
4329.230663
4346.15374
4347.179381
4336.922971
4336.922971
4345.640919
4352.307586
4347.179381
4328.205022
4320.512715
4336.922971
4352.820406
4349.743483
4331.794766
4326.666561
4344.615278
4356.41015
4338.974253
4328.717843
4355.384509
4367.17938
4357.948611
4363.589637
4362.563996
4362.051175
4371.281944
4346.66656
4310.256305
4322.051176
4342.051176
4325.64092
4313.846048
4323.589638
4320.512715
4309.230664
4329.230663
4351.794765
4333.846048
4311.281946
4323.076817
4336.41015
4326.15374
4315.38451
4323.589638
4329.743484
4319.487074
4319.487074
4321.025535
4317.435792
4323.076817
4331.281945
4334.358868
4339.999894
4338.461432
4319.999894
4311.794766
4328.717843
4348.205022
4341.538355
4326.666561
4345.128099
4357.435791
4343.589637
4344.102458
4355.897329
4353.846047
4349.743483
4344.102458
4337.435791
4344.102458
4351.281945
4358.461432
4368.205021
4365.640919
4357.435791
4351.794765
4364.102457
4372.307585
4353.333227
4356.41015
4383.076816
4373.846047
4367.692201
4396.410149
4384.102457
4336.922971
4347.692201
4386.153739
4379.999893
4362.563996
4378.461431
4395.897328
4386.153739
4381.538354
4385.128098
4374.358867
4369.743483
4372.820406
4367.692201
4369.230662
4384.102457
4383.589636
4368.717842
4357.435791
4356.92297
4375.384508
4386.666559
4361.538355
4337.435791
4346.66656
4370.769124
4383.076816
4376.410149
4377.948611
4381.025534
4360.512714
4352.820406
4378.461431
4398.974251
4393.333226
4396.410149
4401.538354
4382.563995
4373.333226
4389.743482
4399.487072
4394.358867
4391.794764
4385.640918
4394.358867
4414.871687
4405.640918
4398.974251
4409.743482
4403.589636
4402.051174
4401.025533
4374.358867
4361.538355
4380.512713
4376.410149
4349.743483
4346.15374
4362.563996
4371.281944
4362.051175
4362.563996
4383.589636
4386.153739
4366.153739
4359.487073
4375.897329
4381.538354
4377.948611
4392.820405
4404.102456
4387.6922
4371.794765
4380.512713
4387.17938
4382.051175
4380.512713
4382.563995
4388.205021
4391.794764
4386.153739
4377.43579
4375.384508
4369.230662
4363.589637
4373.333226
4388.205021
4396.922969
4404.102456
4397.43579
4389.230662
4394.358867
4389.230662
4364.102457
4350.769124
4367.17938
4383.589636
4385.128098
4379.487072
4375.384508
4384.102457
4397.43579
4399.487072
4388.205021
4382.051175
4374.871688
4358.461432
4369.230662
4404.102456
4407.6922
4387.6922
4393.846046
4396.410149
4370.769124
4370.769124
4388.205021
4381.025534
4376.410149
4389.743482
4396.922969
4384.102457
4384.615277
4411.794764
4407.179379
4373.846047
4374.871688
4386.666559
4379.487072
4394.871687
4407.179379
4383.589636
4384.615277
4401.025533
4390.256303
4388.717841
4393.846046
4378.974252
4375.384508
4393.846046
4405.128097
4403.589636
4404.102456
4403.076815
4396.410149
4394.358867
4402.563995
4399.999892
4386.666559
4390.256303
4400.512713
4402.051174
4414.358866
4423.589635
4401.538354
4384.615277
4404.615277
4417.94861
