
4504.102454
4524.102453
4527.179376
4524.102453
4528.205017
4520.51271
4505.128095
4508.205018
4508.717838
4487.692198
4489.230659
4507.692197
4489.74348
4465.128096
4471.794762
4482.051172
4475.384506
4476.922967
4485.128095
4480.512711
4474.358865
4469.23066
4465.128096
4469.74348
4473.846044
4473.333224
4477.948608
4474.871685
4455.384506
4454.871686
4466.666557
4451.794763
4438.46143
4456.922968
4463.076814
4445.640917
4448.205019
4463.589634
4465.128096
4462.051173
4452.307583
4434.871686
4448.205019
4469.23066
4451.794763
4430.256302
4441.538353
4455.897327
4442.051173
4436.410148
4462.563993
4462.051173
4438.46143
4448.71784
4463.589634
4444.102455
4440.512712
4465.640916
4461.025532
4439.487071
4447.179378
4461.025532
4453.333224
4439.999891
4441.025532
4448.71784
4439.999891
4422.051174
4425.640917
4445.640917
4449.23066
4442.563994
4445.128096
4452.307583
4450.769122
4433.333225
4430.769122
4457.435788
4471.794762
4455.384506
4445.128096
4449.23066
4440.512712
4432.307584
4445.128096
4445.128096
4422.563994
4429.230661
4453.333224
4445.640917
4427.692199
4425.640917
4427.692199
4429.230661
4434.358866
4436.922968
4441.025532
4438.97425
4433.846045
4443.589635
4442.051173
4424.615276
4431.794763
4445.128096
4430.256302
4418.974251
4430.769122
4434.358866
4424.102456
4419.999892
4425.128097
4423.589635
4412.307584
4415.897328
4417.94861
4408.717841
4420.512712
4430.256302
4411.794764
4409.743482
4424.615276
4416.410148
4416.410148
4430.256302
4418.46143
4411.794764
4426.153738
4414.358866
4391.794764
4403.589636
4416.410148
4411.281943
4411.281943
4412.307584
4414.358866
4426.666558
4430.256302
4428.71784
4431.281943
4423.589635
4407.179379
4407.6922
4422.051174
4417.94861
4409.230661
4422.563994
4422.051174
4395.384508
4395.384508
4411.794764
4403.076815
4399.487072
4403.589636
4392.820405
4400.512713
4411.281943
4399.487072
4395.384508
4402.563995
4406.666559
4414.358866
4414.871687
4398.974251
4400.512713
4414.358866
4403.589636
4390.769123
4396.410149
4401.025533
4397.94861
4403.076815
4408.717841
4407.179379
4414.358866
4413.333225
4394.871687
4386.666559
4392.307585
4396.410149
4391.794764
4383.589636
4381.538354
4393.333226
4407.179379
4404.615277
4404.102456
4406.153738
4402.051174
4401.025533
4399.999892
4391.281944
4387.6922
4407.179379
4410.769123
4393.333226
4396.410149
4405.640918
4393.846046
4393.846046
4415.384507
4416.410148
4400.512713
4399.999892
4411.794764
4417.435789
4409.230661
4397.94861
4404.615277
4418.974251
4409.743482
4390.256303
4397.43579
4411.794764
4403.076815
4398.461431
4401.538354
4389.743482
4384.615277
4397.94861
4406.666559
4401.538354
4398.974251
4401.025533
4402.563995
4394.871687
4381.025534
4380.512713
4388.717841
4388.717841
4386.666559
4391.794764
4394.358867
4394.871687
4395.897328
4386.153739
4375.897329
4383.589636
4388.205021
4381.025534
4389.230662
4391.281944
4371.281944
4372.820406
4393.846046
4385.128098
4362.051175
4372.820406
4385.128098
4367.692201
4354.358868
4362.051175
4371.794765
4375.384508
4376.92297
4372.307585
4366.153739
4361.025534
4356.41015
4362.563996
4376.410149
4381.538354
4373.333226
4366.153739
4363.589637
4358.461432
4356.92297
4369.743483
4387.6922
4381.538354
4358.461432
4353.846047
4368.717842
4371.281944
4356.92297
4351.794765
4355.384509
4358.461432
4363.589637
4367.17938
4371.281944
4379.999893
4384.102457
4378.461431
4374.358867
4358.461432
4343.076817
4355.384509
4361.025534
4354.358868
4370.256303
4381.538354
4366.153739
4362.051175
4365.128098
4350.256304
4347.692201
4371.794765
4376.92297
4356.92297
4355.384509
4367.692201
4355.384509
4341.538355
4353.333227
4357.435791
4339.487073
4332.820407
4340.512714
4338.974253
4332.820407
4337.435791
4347.179381
4345.640919
4338.974253
4343.589637
4353.333227
4353.846047
4344.615278
4338.974253
4342.051176
4343.589637
4338.461432
4336.922971
4345.640919
4348.205022
4338.974253
4340.512714
4348.717842
4333.333227
4315.38451
4326.15374
4344.615278
4349.743483
4347.692201
4336.41015
4332.820407
4351.281945
4356.92297
4341.538355
4334.871689
4336.41015
4339.999894
4340.512714
4332.820407
4338.461432
4351.794765
4347.179381
4339.487073
4337.948612
4328.205022
4328.717843
4339.999894
4329.230663
4322.051176
4338.974253
4347.692201
4338.461432
4337.948612
4355.384509
4350.769124
4327.179381
4333.846048
4357.948611
4357.948611
4347.692201
4346.15374
4343.589637
4349.743483
4360.512714
4356.41015
4359.487073
4369.230662
4361.538355
4358.461432
4358.974252
4351.281945
4359.487073
4365.128098
4344.615278
4340.512714
4358.461432
4363.589637
4364.615278
4363.589637
4356.92297
4359.999893
4354.358868
4348.717842
4358.974252
4350.256304
4330.256304
4342.051176
4356.41015
4344.102458
4338.974253
4344.102458
4340.512714
4343.589637
4355.384509
4344.615278
4325.64092
4323.076817
4318.974253
4312.307587
4319.487074
4330.256304
4330.256304
4334.358868
4337.948612
4323.076817
4315.38451
4328.717843
4331.281945
4331.281945
4352.307586
4352.307586
4324.102458
4319.999894
4332.307586
4326.666561
4324.102458
4327.692202
4318.974253
4313.846048
4322.051176
4328.717843
4330.256304
4329.743484
4338.461432
4347.179381
4328.205022
4306.153741
4325.64092
4349.743483
4336.922971
4329.743484
4343.076817
4338.974253
4330.769125
4348.205022
4357.435791
4336.41015
4324.102458
4333.846048
4341.025535
4333.846048
4323.589638
4323.076817
4336.41015
4348.205022
4346.15374
4335.89733
4332.307586
4344.102458
4353.333227
4350.769124
4337.948612
4339.487073
4351.281945
4336.41015
4321.025535
4332.307586
4333.333227
4324.102458
4332.307586
4336.41015
4336.41015
4344.615278
4340.512714
4346.15374
4355.384509
4341.025535
4331.794766
4342.051176
4339.487073
4336.922971
4355.897329
4355.384509
4338.974253
4346.66656
4350.769124
4337.948612
4339.487073
4352.820406
4356.92297
4355.384509
4348.717842
4342.051176
4348.717842
4353.846047
4349.230663
4342.563996
4335.89733
4335.89733
4344.615278
4356.41015
4356.41015
4344.102458
4339.999894
4345.640919
4353.333227
4353.333227
4328.717843
4305.1281
4317.435792
4329.230663
4326.15374
4329.743484
4333.846048
4329.743484
4324.102458
4321.025535
4323.589638
4319.999894
4306.666561
4313.846048
4335.384509
4337.948612
4327.692202
4318.974253
4321.025535
4328.717843
4326.15374
4332.820407
4352.820406
4342.563996
4310.769125
4310.256305
4335.384509
4347.179381
4343.589637
4345.640919
4359.999893
4359.487073
4338.461432
4350.256304
4378.461431
4364.102457
4342.051176
4356.92297
4371.794765
4365.640919
4361.025534
4363.589637
4374.358867
4387.6922
4380.512713
4367.17938
4375.897329
4378.461431
4363.076816
4367.692201
4381.025534
4378.461431
4373.846047
4377.43579
4382.563995
4383.589636
4376.410149
4373.333226
4373.333226
4354.871688
4351.281945
4378.974252
4385.128098
4371.794765
4381.025534
4391.281944
4373.333226
4357.948611
4369.743483
4384.102457
4384.102457
4380.512713
4386.666559
4391.281944
4385.640918
4383.589636
4383.076816
4372.820406
4366.153739
4369.743483
4377.43579
4380.512713
4374.871688
4377.43579
4388.205021
4388.205021
4384.615277
4387.6922
4387.6922
4383.589636
4379.999893
4371.794765
4370.769124
4388.717841
4393.333226
4381.538354
4376.92297
4380.512713
4393.846046
4398.974251
4376.410149
4360.512714
4372.820406
4374.871688
4362.051175
4357.948611
4355.897329
4359.999893
4369.230662
4373.846047
4376.410149
4362.563996
4347.179381
4365.640919
4382.051175
4361.025534
4342.563996
4362.051175
4381.538354
4366.66656
4350.256304
4352.820406
4352.820406
4351.794765
4364.102457
4370.769124
4361.025534
4357.948611
4358.974252
4357.948611
4364.102457
4366.66656
4352.820406
4345.640919
4358.974252
4370.256303
4368.205021
4356.41015
4345.640919
4347.179381
4352.307586
4347.179381
4350.769124
4357.435791
4346.15374
4349.230663
4364.102457
4362.563996
4354.871688
4351.281945
4349.230663
4355.897329
4364.102457
4359.999893
4351.281945
4344.615278
4341.538355
4339.999894
4340.512714
4355.897329
4365.640919
4353.846047
4346.66656
4355.897329
4359.999893
4355.897329
4353.333227
4355.897329
4359.999893
4359.999893
4359.999893
4357.435791
4353.333227
4355.897329
4358.974252
4355.897329
4353.333227
4354.871688
4351.794765
4362.051175
4381.538354
4379.999893
4371.281944
4381.025534
4382.051175
4359.999893
4358.974252
4367.17938
4357.948611
4361.538355
4375.384508
4365.128098
4362.563996
4389.743482
4388.717841
4356.92297
4355.384509
4370.256303
4362.563996
4351.281945
4350.256304
4352.820406
4362.051175
4360.512714
4347.692201
4348.205022
4353.846047
4354.358868
4361.538355
4361.538355
4351.794765
4350.256304
4350.256304
4348.205022
4348.717842
4338.461432
4323.589638
4339.487073
4358.974252
4336.922971
4323.076817
4345.128099
4344.615278
4329.743484
4342.563996
4351.281945
4335.89733
4336.41015
4351.281945
4351.281945
4343.076817
4339.487073
4336.922971
4336.41015
4336.41015
4337.435791
4349.743483
4362.051175
4357.948611
4352.820406
4344.615278
4331.281945
4345.128099
4358.461432
4332.307586
4324.615279
4351.794765
4354.871688
4336.922971
4344.102458
4361.025534
4356.41015
4346.66656
4347.692201
4350.256304
4351.794765
4347.179381
4339.999894
4347.179381
4353.846047
4346.66656
4348.205022
4356.41015
4348.205022
4339.999894
4347.179381
4358.974252
4362.563996
4352.820406
4349.230663
4356.92297
4356.41015
4342.051176
4335.384509
4347.692201
4361.025534
4361.538355
4363.076816
4379.999893
4376.92297
4346.15374
4337.948612
4354.358868
4359.487073
4350.256304
4346.66656
4357.435791
4375.384508
4370.256303
4350.769124
4359.999893
4373.333226
4363.076816
4354.358868
4364.615278
4374.871688
4371.794765
4356.92297
4341.025535
4338.461432
4341.538355
4341.025535
4343.589637
4341.538355
4331.794766
4330.769125
4337.435791
4336.41015
4332.307586
4337.435791
4344.615278
4344.615278
4347.179381
4353.333227
4348.205022
4337.948612
4340.512714
4344.102458
4334.358868
4333.846048
4347.692201
4351.281945
4351.281945
4351.794765
4339.487073
4331.794766
4346.66656
4356.41015
4343.589637
4329.743484
4326.666561
4330.256304
4338.974253
4337.435791
4322.051176
4324.615279
4342.563996
4337.435791
4316.922971
4322.051176
4342.051176
4343.589637
4334.871689
4339.487073
4344.615278
4332.307586
4331.281945
4344.615278
4334.871689
4317.435792
4323.589638
4335.384509
4335.89733
4332.820407
4336.922971
4346.66656
4351.281945
4335.89733
4321.538356
4331.794766
4339.487073
4328.205022
4319.487074
4330.256304
4344.102458
4335.89733
4318.461433
4321.025535
4342.563996
4347.179381
4333.846048
4335.384509
4346.66656
4344.102458
4333.333227
4334.871689
4331.281945
4323.589638
4333.846048
4338.974253
4334.871689
4341.025535
4346.66656
4339.487073
4332.820407
4331.281945
4336.922971
4347.692201
4341.025535
4325.64092
4324.102458
4329.743484
4336.922971
4347.692201
4346.66656
4331.281945
4339.487073
4353.333227
4338.974253
4331.794766
4334.358868
4314.358869
4303.589638
4323.076817
4329.230663
4323.076817
4327.692202
4328.717843
4338.974253
4346.66656
4318.974253
4297.435792
4317.948612
4326.666561
4303.589638
4299.487074
4320.512715
4323.076817
4313.333228
4315.89733
4310.256305
4298.974254
4303.589638
4307.179382
4303.076818
4308.205023
4306.153741
4300.512715
4312.307587
4317.435792
4314.358869
4326.666561
4331.281945
4323.076817
4328.205022
4318.974253
4303.589638
4312.820407
4310.769125
4297.435792
4311.281946
4332.307586
4336.41015
4331.794766
4312.820407
4308.717843
4329.230663
4323.589638
4304.102459
4310.256305
4325.64092
4325.128099
4315.89733
4313.333228
4316.410151
4317.435792
4326.15374
4330.769125
4319.487074
4320.512715
4334.871689
4339.999894
4335.89733
4328.717843
4316.410151
4312.820407
4323.589638
4326.666561
4330.256304
4337.948612
4336.41015
4332.820407
4345.128099
4345.128099
4318.974253
4307.692202
4324.615279
4338.461432
4339.999894
4349.230663
4355.384509
4345.128099
4327.692202
4313.846048
4318.461433
4337.948612
4347.179381
4341.538355
4345.128099
4353.333227
4347.179381
4336.41015
4324.102458
4322.563997
4335.89733
4339.999894
4336.41015
4342.051176
4344.615278
4345.128099
4349.230663
4341.025535
4334.871689
4338.974253
4331.281945
4328.717843
4342.563996
4344.615278
4329.743484
4325.128099
4331.281945
4334.358868
4322.563997
4310.769125
4322.051176
4328.205022
4310.256305
4306.153741
4323.076817
4329.743484
4328.205022
4331.281945
4331.794766
4324.102458
4312.307587
4311.281946
4318.461433
4319.487074
4317.435792
4322.051176
4335.89733
4342.051176
4332.820407
4326.15374
4324.615279
4315.89733
4315.38451
4328.205022
4323.589638
4315.38451
4335.89733
4346.15374
4325.64092
4328.717843
4353.846047
4342.051176
4318.974253
4326.15374
4331.281945
4327.179381
4328.205022
4327.179381
4330.769125
4335.89733
4331.794766
4345.128099
4359.999893
4342.051176
4328.205022
4337.948612
4339.487073
4337.948612
4340.512714
4341.538355
4351.794765
4356.92297
4337.435791
4341.025535
4364.102457
4357.435791
4341.025535
4350.769124
4353.846047
4348.717842
4360.512714
4353.333227
4341.025535
4354.871688
4351.794765
4341.538355
4358.974252
4368.717842
4355.897329
4358.461432
4359.487073
4344.615278
4353.333227
4371.794765
4364.102457
4348.717842
4357.435791
4379.999893
4386.666559
4369.743483
4354.358868
4361.538355
4369.743483
4361.538355
4356.92297
4359.999893
4359.487073
4359.487073
4365.640919
4370.256303
4362.563996
4360.512714
4367.17938
4364.615278
4366.66656
4375.384508
4365.128098
4353.846047
4364.615278
4362.563996
4346.66656
4349.743483
4356.41015
4348.205022
4338.461432
4342.563996
4350.256304
4345.640919
4337.948612
4347.692201
4359.999893
4350.256304
4343.076817
4348.717842
4343.076817
4330.256304
4332.307586
4338.461432
4344.102458
4350.769124
4340.512714
4332.307586
4346.15374
4354.871688
4353.846047
4352.820406
4339.999894
4327.692202
4337.435791
4349.743483
4353.333227
4346.66656
4328.717843
4323.589638
4336.41015
4341.025535
4340.512714
4349.743483
4350.769124
4333.846048
4335.384509
4362.563996
4355.384509
4316.410151
4331.281945
4364.102457
4332.307586
4306.153741
4334.358868
4343.076817
4334.871689
4341.025535
4331.281945
4322.051176
4334.871689
4336.41015
4333.333227
4340.512714
4336.41015
4333.333227
4346.15374
4346.66656
4337.948612
4354.871688
4362.051175
4331.794766
4322.051176
4347.179381
4349.230663
4331.281945
4342.563996
4359.487073
4353.333227
4350.769124
4353.333227
4345.640919
4337.435791
4341.025535
4349.743483
4358.974252
4370.256303
4372.307585
4359.999893
4356.41015
4367.17938
4365.128098
4351.281945
4359.999893
4370.769124
4356.92297
4355.384509
4367.17938
4363.589637
4365.128098
4382.563995
4383.076816
4377.948611
4395.384508
4395.384508
4368.205021
4368.205021
4386.666559
4384.102457
4380.512713
4387.6922
4390.769123
4395.384508
4398.461431
4395.897328
4405.128097
4414.358866
4411.794764
4422.051174
4432.820404
4419.999892
4414.358866
4426.666558
4434.358866
4438.46143
4439.487071
4441.538353
4447.692199
4444.615276
4443.589635
4458.461429
4466.666557
4456.410147
4451.281942
4469.74348
4478.974249
4464.102455
4461.538352
4479.48707
4475.897326
4449.743481
4442.051173
4461.025532
4483.589634
4478.974249
4462.563993
4472.307583
4482.563993
4473.846044
4466.153737
4464.615275
4465.128096
4479.48707
4490.769121
4486.666557
4489.74348
4496.922967
4486.666557
4488.717839
4506.153736
4497.948608
4486.666557
4499.487069
4499.487069
4489.74348
4498.461428
4505.640915
4513.846043
4523.076812
4510.2563
4499.487069
4509.230659
4515.897325
4520.51271
4528.205017
4525.640915
4529.743479
4537.948607
4533.846043
4537.948607
4546.153735
4526.666556
4506.666556
4533.333222
4559.487068
4543.589632
4526.666556
4538.974248
4553.333222
4546.153735
4535.897325
4543.076812
4558.974247
4558.974247
4542.051171
4535.897325
4541.53835
4537.948607
4528.205017
4533.846043
4541.53835
4537.948607
4534.871684
4537.948607
4543.076812
4553.846042
4561.025529
4553.846042
4534.358863
4522.051171
4532.820402
4539.999889
4523.076812
4513.333223
4529.743479
4539.999889
4529.230658
4517.435787
4518.974248
4534.358863
4535.897325
4522.051171
4518.974248
4524.102453
4528.717838
4534.871684
4535.897325
4538.461427
4542.563991
4523.589633
4502.563992
4502.563992
4507.692197
4515.384505
4524.102453
4518.461428
4524.102453
4538.461427
4526.666556
4515.897325
4523.589633
4524.102453
4518.461428
4523.589633
4526.666556
4532.307581
4539.487068
4530.76912
4523.076812
4519.487069
4508.717838
4506.153736
4516.410146
4517.948607
4521.538351
4535.897325
4531.28194
4517.948607
4521.02553
4526.666556
4523.076812
4521.02553
4522.563992
4521.02553
4524.615274
4523.076812
4527.179376
4540.512709
4541.02553
4536.922966
4535.897325
4519.487069
4514.358864
4532.307581
4531.28194
4522.051171
4535.384504
4541.02553
4535.384504
4540.512709
4539.999889
4535.384504
4539.999889
4535.384504
4537.948607
4555.897324
4544.615273
4514.358864
4520.51271
4547.692196
4555.897324
4552.820401
4548.205017
4561.025529
4580.512709
4553.333222
4505.128095
4505.128095
4535.384504
4544.102453
4534.871684
4545.128094
4558.461427
4541.02553
4532.820402
4537.948607
4508.205018
4482.051172
4507.692197
4531.794761
4520.51271
4523.076812
4547.692196
4550.256299
4521.538351
4512.820402
4529.230658
4525.640915
4517.435787
4521.538351
4523.076812
4519.487069
4511.794761
4499.487069
4506.153736
4522.051171
4509.743479
4489.74348
4501.025531
4515.384505
4501.538351
4499.99989
4516.922966
4508.717838
4490.2563
4488.205018
4491.794762
4492.307582
4491.794762
4492.820403
4498.974249
4502.563992
4490.2563
4483.589634
4502.051172
4506.666556
4481.538352
4474.358865
4489.230659
4493.846044
4489.230659
4489.74348
4491.794762
4505.640915
4516.410146
4493.846044
4470.256301
4480.512711
4497.435787
4489.230659
4477.948608
4491.794762
4497.948608
4476.410147
4475.384506
4503.076813
4505.128095
4487.692198
4489.230659
4494.871685
4496.922967
4510.2563
4504.615274
4487.179377
4501.025531
4503.076813
4486.666557
4498.974249
4510.2563
4493.846044
4485.128095
4496.922967
4502.051172
4503.076813
4505.128095
4510.2563
4514.358864
4507.179377
4509.230659
4527.692197
4525.640915
4505.640915
4509.230659
4518.461428
4495.897326
4477.435788
4497.435787
4519.487069
4522.563992
4523.076812
4523.076812
4527.692197
4526.153735
4510.2563
4505.128095
4514.871684
4524.615274
4537.435786
4532.820402
4503.589633
4496.922967
4511.794761
4508.205018
4508.205018
4532.820402
4536.922966
4534.358863
4558.461427
4551.79476
4511.794761
4493.333223
4476.410147
4451.794763
4465.128096
4493.333223
4488.717839
4487.179377
4496.410146
4496.410146
4489.74348
4497.948608
4512.307582
4492.307582
4470.769121
4485.640916
4493.846044
4482.563993
4485.128095
4483.589634
4473.846044
4482.051172
4487.692198
4482.563993
4482.051172
4479.48707
4474.358865
4473.333224
4482.563993
4499.99989
4500.51271
4487.692198
4486.666557
4483.076813
4469.74348
4474.871685
4476.410147
4462.051173
4465.640916
4477.435788
4477.948608
4480.512711
4479.48707
4469.23066
4471.281942
4478.461429
4473.333224
4468.205019
4463.589634
4455.384506
4456.410147
4456.410147
4455.384506
4470.769121
4479.48707
4467.179378
4458.97425
4461.025532
4456.922968
4460.512711
4476.410147
4474.358865
4467.692198
4475.897326
4478.974249
4473.333224
4474.871685
4477.435788
4476.410147
4477.948608
4477.435788
4474.871685
4470.769121
4484.102454
4507.179377
4502.051172
4486.153736
4486.153736
4479.48707
4471.281942
4476.922967
4472.307583
4474.358865
4479.48707
4446.666558
4416.922969
4435.384507
4444.102455
4422.563994
4427.692199
4443.589635
4436.410148
4428.71784
4428.71784
4429.743481
4435.897327
4427.692199
4405.640918
4406.666559
4417.435789
4415.897328
4407.6922
4393.333226
4394.871687
4405.128097
4392.820405
4379.487072
4400.512713
4411.281943
4395.897328
4403.589636
4409.743482
4387.6922
4379.999893
4382.563995
4363.589637
4363.589637
4384.102457
4371.281944
4349.230663
4360.512714
4384.102457
4374.358867
4332.307586
4317.435792
4344.615278
4354.358868
4347.179381
4358.974252
4368.205021
4366.66656
4354.871688
4332.307586
4324.615279
4336.922971
4336.922971
4330.769125
4342.563996
4343.076817
4327.179381
4324.615279
4335.89733
4334.871689
4324.102458
4325.64092
4335.384509
4341.538355
4330.769125
4314.871689
4322.563997
4329.743484
4304.102459
4285.640921
4301.538356
4315.38451
4328.717843
4324.615279
4298.461433
4302.563997
4307.179382
4274.35887
4269.230665
4301.025536
4308.205023
4308.205023
4316.410151
4303.589638
4304.102459
4318.461433
4296.922972
4265.128101
4275.384511
4290.256305
4283.076818
4293.333228
4310.256305
4299.999895
4309.743484
4333.333227
4299.999895
4251.794768
4256.410152
4278.461434
4278.461434
4285.640921
4291.794767
4282.051177
4302.563997
4327.179381
4292.307587
4252.307588
4277.435793
4309.230664
4293.846049
4274.87169
4285.640921
4302.051177
4285.1281
4248.205024
4247.692204
4269.743485
4264.10246
4244.615281
4248.205024
4266.153742
4269.230665
4266.153742
4270.256306
4252.820409
4245.128101
4288.205023
4290.769126
4234.871691
4222.563999
4254.35887
4264.61528
4261.025537
4253.333229
4247.179383
4254.35887
4246.666563
4235.897332
4239.487076
4232.307589
4224.102461
4231.794768
4242.563999
4253.333229
4267.179383
4262.563998
4252.307588
4262.051178
4266.666562
4245.640922
4231.794768
4244.10246
4257.435793
4263.076819
4266.666562
4264.61528
4267.179383
4269.230665
4257.435793
4246.666563
4247.179383
4250.769127
4251.281947
4244.615281
4248.717845
4273.846049
4278.974254
4248.205024
4236.922973
4248.717845
4252.820409
4253.84605
4263.076819
4273.846049
4276.410152
4272.307588
4259.487075
4251.281947
4259.999896
4281.025536
4283.589639
4268.717844
4285.640921
4300.512715
4275.897331
4262.051178
4290.769126
4307.179382
4294.87169
4293.846049
4295.38451
4282.563998
4273.846049
4282.563998
4286.153741
4276.410152
4275.384511
4282.051177
4279.999895
4280.512716
4294.87169
4294.358869
4266.153742
4260.512716
4286.666562
4287.179382
4261.538357
4252.307588
4267.692203
4288.205023
4281.538357
4255.897332
4263.589639
4291.794767
4287.692203
4276.922972
4281.538357
4273.333229
4260.512716
4261.025537
4269.230665
4267.179383
4260.512716
4272.307588
4290.769126
4276.922972
4248.205024
4247.179383
4250.769127
4246.666563
4254.871691
4253.333229
4252.820409
4264.10246
4258.461434
4250.256306
4264.10246
4270.769126
4265.640921
4274.87169
4282.051177
4280.512716
4281.025536
4278.974254
4282.051177
4280.512716
4276.410152
4280.512716
4278.974254
4270.769126
4277.948613
4283.589639
4268.717844
4263.076819
4280.512716
4299.487074
4294.87169
4277.435793
4286.666562
4305.1281
4293.333228
4274.87169
4279.487075
4283.589639
4282.051177
4288.205023
4290.769126
4288.717844
4291.281946
4293.846049
4298.461433
4299.999895
4285.640921
4274.35887
4290.769126
4304.102459
4291.281946
4284.102459
4296.922972
4298.974254
4291.281946
4292.307587
4296.922972
4297.948613
4300.512715
4316.410151
4327.692202
4312.820407
4302.563997
4310.769125
4307.692202
4290.256305
4287.179382
4298.974254
4305.1281
4298.461433
4290.769126
4305.1281
4318.974253
4312.820407
4302.563997
4296.410151
4301.538356
4314.358869
4314.871689
4303.076818
4316.922971
4341.538355
4316.410151
4277.948613
4284.102459
4295.897331
4284.102459
4293.846049
4306.153741
4285.1281
4287.179382
4299.999895
4268.205024
4242.051178
4257.435793
4268.717844
4265.640921
4279.487075
4278.974254
4265.128101
4276.410152
4279.999895
4264.61528
4266.666562
4276.922972
4265.640921
4255.897332
4267.179383
4273.333229
4273.333229
4293.333228
4304.102459
4263.076819
4238.974255
4281.025536
4294.87169
4271.794767
4282.563998
4281.025536
4257.435793
4268.205024
4280.512716
4272.820408
4268.717844
4271.794767
4282.563998
4285.640921
4270.256306
4257.435793
4249.230665
4242.563999
4268.717844
4293.333228
4283.076818
4274.35887
4259.999896
4235.384512
4238.461435
4256.922973
4240.512717
4221.025538
4242.563999
4248.205024
4201.538359
4177.435795
4207.179384
4219.999897
4219.999897
4245.128101
4249.230665
4232.307589
4228.717845
4228.717845
4223.07682
4231.794768
4240.512717
4225.128102
4216.922974
4235.384512
4247.179383
4221.025538
4195.384513
4197.435795
4198.461436
4207.692205
4227.179384
4228.717845
4215.384512
4217.948615
4221.538358
4207.179384
4199.487077
4197.948615
4191.281949
4186.153744
4172.820411
4152.820411
4146.666565
4135.384514
4121.538361
4147.692206
4161.025539
4137.948617
4151.79477
4167.179385
4132.307591
4117.948617
4139.487078
4138.974258
4138.974258
4134.358873
4103.076823
4092.820413
4102.051182
4102.051182
4115.897335
4128.717848
4118.974258
4127.179386
4138.461437
4094.871695
4061.025542
4082.564003
4089.230669
4057.948619
4058.97426
4092.820413
4094.871695
4086.153746
4099.9999
4109.230669
4104.615284
4115.897335
4129.743489
4030.256312
3983.589646
4159.487078
3957.948621
4030.256312
5703.589604
7674.871607
8049.230572
7738.97417
7876.922884
7924.10237
7782.563912
7767.692118
7769.7434
7767.179297
7767.179297
7768.204938
7768.717759
7768.717759
7768.717759
7768.717759
7768.717759
7768.717759
7768.717759
7768.717759
7768.717759
7768.717759
7768.717759
7768.717759
7768.717759
7768.717759
7768.717759
7768.717759
7768.717759
7768.717759
7768.717759
7768.717759
7768.717759
7768.717759
7768.717759
7768.717759
7768.717759
7768.717759
7768.717759
7768.717759
7768.717759
7768.717759
7768.717759
7768.717759
7768.717759
7768.717759
7768.717759
7768.717759
7768.717759
7768.717759
7768.717759
7768.717759
7768.717759
7768.717759
7768.717759
7768.717759
7768.717759
7768.717759
7768.717759
7768.717759
7768.717759
7768.717759
7768.717759
7768.717759
7768.717759
7768.717759
7768.717759
7768.717759
7768.717759
7768.717759
7768.717759
7768.717759
7768.717759
7768.717759
7768.717759
7768.717759
7768.717759
7768.717759
7768.717759
7768.717759
7768.717759
7768.717759
7768.717759
7768.717759
7768.717759
7768.717759
7768.717759
7768.717759
7768.717759
7768.717759
7768.717759
7768.717759
7768.717759
7768.717759
7768.717759
7768.717759
7768.717759
7768.717759
7768.717759
7768.717759
7768.717759
7768.717759
7768.717759
7768.717759
7768.717759
7768.717759
7769.230579
7768.717759
7769.230579
7770.25622
7764.615195
7759.48699
7759.48699
7751.281862
7740.512631
7738.461349
7733.845965
7725.640837
7724.615196
7721.538273
7715.897247
7707.179299
7696.922889
7692.820325
7688.20494
7674.358787
7656.410069
7645.640839
7647.692121
7641.538275
7615.384429
7591.281866
7588.717763
7583.589558
7557.948533
7535.384431
7541.025457
7541.025457
7500.512637
7455.897254
7442.0511
7442.0511
7425.640844
7403.076742
7397.948537
7381.025461
7335.384436
7321.538283
7329.23059
7286.153668
7230.769054
7216.9229
7212.307516
7196.922901
7187.179311
7166.153671
7137.948543
7126.153672
7107.179313
7083.58957
7082.051109
7074.871622
7041.025469
7021.025469
7025.640854
7011.7947
6983.076752
6978.461368
6976.922906
6947.179317
6922.051113
6909.2306
6893.333165
6879.487011
6870.256242
6852.820345
6826.153679
6792.820347
6772.820347
6777.435732
6771.281886
6748.204963
6730.256246
6713.84599
6692.820349
6663.07676
6631.79471
6602.563941
6579.999839
6568.717788
6544.102404
6499.999841
6488.20497
6487.692149
6465.128047
6446.666509
6422.563946
6385.640869
6379.999844
6389.743433
6359.487024
6329.230614
6328.717794
6312.820358
6291.794718
6286.666513
6292.820359
6307.179333
6297.948564
6244.615232
6199.487028
6199.487028
6206.153694
6192.820361
6169.230618
6154.871644
6165.128054
6155.384465
6117.435748
6102.563953
6096.410107
6073.333185
6064.615236
6056.922929
6028.204981
6017.948571
6015.897289
5961.025495
5886.153702
5864.102421
5883.076779
5886.666523
5847.179344
5798.461397
5782.051141
5793.846012
5808.717807
5796.410115
5771.28191
5777.435756
5781.53832
5745.128065
5723.076783
5738.461398
5727.692168
5700.512681
5704.615245
5715.897296
5694.871656
5666.153708
5664.615246
5669.743451
5660.512682
5644.102426
5621.538324
5602.563966
5603.076786
5610.769094
5599.999863
5589.230633
5594.871658
5585.640889
5564.102428
5563.589608
5566.666531
5551.794736
5543.076788
5550.256275
5541.025506
5520.512686
5526.666532
5544.615249
5530.256275
5496.922943
5491.794738
5503.076789
5500.512686
5504.61525
5508.717814
5498.461404
5491.281917
5485.128071
5471.281917
5458.461405
5439.487046
5423.589611
5420.512688
5395.384483
5355.384484
5350.256279
5354.358843
5337.948587
5320.51269
5311.281921
5311.281921
5309.230639
5309.230639
5318.461408
5306.153716
5273.846025
5268.204999
5281.025512
5278.461409
5285.128076
5291.794742
5281.538332
5270.769102
5264.102435
5259.487051
5271.794743
5278.461409
5247.692179
5245.640897
5275.384486
5250.769102
5209.230642
5224.102436
5252.307564
5252.307564
5250.769102
5249.743461
5253.846025
5255.897307
5244.615256
5241.538333
5234.358846
5201.538334
5177.435771
5177.435771
5178.974232
5179.487053
5179.487053
5180.512694
5186.153719
5177.435771
5152.307566
5142.051156
5149.743464
5136.922951
5116.922952
5126.666541
5139.999874
5126.666541
5115.38449
5132.820387
5145.6409
5125.12808
5100.512696
5087.692183
5074.35885
5068.717825
5086.153722
5093.333209
5078.461414
5078.974235
5099.487055
5098.974234
5070.256286
5058.461415
5057.948594
5044.615261
5044.615261
5047.179364
5033.846031
5035.897313
5044.102441
5033.33321
5035.384492
5047.179364
5030.769108
5013.846031
5017.948595
5029.230646
5031.281928
5027.692185
5030.769108
5015.384493
4993.333211
5011.794749
5027.692185
4997.435775
4991.79475
5026.153723
5029.230646
5015.897313
5013.846031
5007.692185
4999.999878
4978.461417
4950.256289
4947.179366
4945.128084
4925.640905
4918.461418
4925.640905
4935.384495
4948.205007
4941.02552
4919.487059
4926.666546
4937.435777
4907.692188
4890.256291
4909.74347
4918.974239
4910.769111
4895.897316
4891.794752
4918.974239
4924.615264
4885.640906
4885.128086
4895.897316
4859.999881
4846.153728
4873.333214
4888.717829
4883.589624
4866.153727
4854.358856
4864.102445
4858.46142
4837.435779
4837.9486
4838.974241
4828.717831
4816.922959
4808.717831
4812.820395
4830.256292
4831.281933
4815.897318
4821.538344
4832.820395
4822.563985
4830.769113
4839.999882
4808.205011
4785.640909
4809.743472
4830.769113
4824.102446
4807.69219
4803.076806
4826.153728
4830.769113
4803.076806
4805.640908
4815.897318
4791.794755
4768.717832
4784.102447
4799.487062
4786.66655
4774.358858
4780.512704
4785.128088
4779.487063
4787.692191
4799.487062
4786.153729
4765.128089
4763.076807
4770.256294
4761.025525
4745.64091
4752.820397
4765.640909
4755.384499
4748.205012
4760.512704
4775.897319
4782.051165
4773.846037
4753.846038
4753.846038
4768.717832
4763.589627
4738.974243
4712.307577
4709.743475
4730.256295
4733.846038
4721.025526
4726.666551
4732.820397
4714.358859
4706.666552
4719.487064
4724.615269
4711.794757
4683.076809
4660.512707
4662.051168
4658.974245
4636.410143
4625.128092
4630.769118
4634.358861
4626.153733
4623.07681
4637.948605
4642.051169
4618.461426
4603.076811
4625.128092
4640.512707
4621.025528
4613.846041
4636.410143
4633.846041
4597.948606
4596.922965
4626.153733
4639.999887
4636.410143
4618.974246
4612.30758
4618.974246
4607.692195
4596.410144
4608.717836
4610.769118
4598.461426
4599.999888
4604.615272
4601.538349
4589.230657
4579.999888
4584.102452
4584.615273
4577.948606
4591.281939
4607.179375
4580.512709
4548.205017
4568.205016
4595.384503
4580.512709
4561.025529
4566.153734
4588.205016
4608.717836
4597.435785
4576.410145
4581.53835
4590.769119
4590.769119
4581.53835
4568.205016
4582.05117
4597.948606
4568.205016
4545.128094
4558.461427
4547.179376
4525.128094
4544.102453
4562.563991
4547.692196
4550.769119
4569.230657
4562.05117
4553.846042
4556.410145
4544.615273
4534.358863
4547.179376
4553.333222
4542.563991
4535.897325
4535.384504
4535.384504
4541.53835
4543.589632
4525.640915
4522.563992
4535.384504
4529.743479
4528.717838
4537.948607
4533.333222
4529.743479
4531.28194
4511.281941
4499.99989
4519.999889
4530.76912
4517.435787
4503.589633
4508.717838
4512.307582
4495.384505
4488.205018
4494.358864
4481.538352
4457.948609
4446.153737
4440.512712
4446.666558
4458.461429
4458.461429
4456.922968
4457.435788
4442.563994
4436.922968
4458.461429
4467.179378
4457.435788
4456.410147
4457.435788
4447.692199
4435.897327
4445.640917
4459.999891
4448.205019
4435.897327
4445.128096
4464.615275
4481.025531
4469.23066
4436.410148
4436.410148
4454.358865
4434.871686
4411.281943
4422.563994
4436.410148
4430.256302
4429.230661
4447.692199
4462.563993
4457.948609
4439.999891
4421.538353
4427.179379
4446.153737
4433.846045
4403.589636
4414.871687
4451.794763
4456.922968
4434.871686
4427.692199
4447.179378
4458.97425
4453.333224
4448.71784
4443.589635
4437.435789
4436.410148
4441.025532
4445.128096
4449.743481
4444.615276
4445.128096
4470.256301
4478.974249
4454.358865
4426.153738
4426.153738
4455.384506
4471.794762
4451.794763
4442.563994
4464.102455
4464.615275
4447.179378
4451.794763
4459.999891
4455.384506
4463.076814
4463.589634
4445.128096
4447.179378
4456.410147
4445.640917
4443.589635
4461.538352
4468.717839
4461.025532
4457.435788
4456.922968
4457.948609
4462.563993
4463.076814
4462.051173
4468.717839
4477.435788
4474.358865
4455.897327
4442.051173
4445.640917
4445.128096
4425.128097
4417.94861
4425.640917
4421.025533
4423.076815
4429.743481
4415.897328
4416.410148
4433.846045
4426.666558
4422.051174
4437.948609
4437.948609
4413.846046
4403.076815
4425.640917
4446.153737
4431.281943
4413.333225
4426.153738
4433.333225
4426.153738
4428.20502
4423.076815
4415.384507
4421.538353
4436.410148
4446.153737
4444.102455
4427.692199
4423.076815
4442.563994
4438.46143
4414.358866
4414.358866
4430.769122
4434.871686
4428.71784
4433.846045
4444.102455
4442.051173
4430.769122
4430.256302
4428.71784
4425.640917
4438.46143
4447.179378
4439.999891
4444.102455
4459.48707
4463.076814
4456.922968
4457.948609
4456.410147
4446.666558
4439.999891
4440.512712
4444.102455
4445.128096
4446.666558
4448.205019
4446.153737
4447.692199
4456.410147
