
4337.435791
4313.333228
4329.230663
4345.640919
4330.769125
4330.769125
4350.256304
4346.66656
4332.820407
4336.922971
4346.15374
4354.871688
4351.794765
4351.794765
4367.692201
4350.256304
4312.307587
4322.563997
4345.128099
4330.769125
4332.820407
4361.538355
4357.948611
4354.871688
4369.230662
4341.538355
4297.948613
4307.692202
4338.461432
4350.256304
4365.640919
4367.17938
4343.076817
4347.179381
4380.512713
4361.025534
4306.153741
4312.307587
4344.615278
4338.974253
4342.563996
4368.205021
4355.384509
4327.179381
4337.948612
4349.230663
4324.102458
4299.487074
4308.205023
4325.64092
4337.435791
4339.999894
4316.410151
4311.281946
4339.487073
4333.333227
4302.563997
4313.846048
4330.769125
4314.871689
4309.230664
4325.128099
4339.999894
4337.948612
4326.666561
4333.846048
4327.692202
4307.692202
4327.692202
4329.230663
4289.230664
4309.230664
4339.487073
4315.89733
4321.025535
4341.538355
4314.871689
4297.948613
4316.922971
4310.769125
4278.974254
4276.922972
4297.948613
4289.743485
4290.256305
4333.333227
4331.281945
4292.820408
4290.256305
4292.307587
4286.153741
4283.076818
4281.025536
4299.999895
4306.666561
4278.461434
4289.743485
4315.38451
4281.538357
4270.769126
4295.38451
4284.61528
4277.948613
4283.589639
4278.974254
4292.307587
4286.666562
4259.487075
4280.512716
4301.025536
4265.128101
4255.384511
4285.1281
4287.179382
4274.35887
4277.435793
4281.538357
4272.820408
4263.589639
4264.61528
4267.179383
4267.179383
4261.538357
4256.922973
4266.666562
4272.307588
4265.640921
4264.61528
4259.999896
4258.974255
4267.179383
4259.999896
4248.717845
4256.410152
4271.794767
4277.948613
4274.87169
4263.589639
4256.410152
4272.307588
4279.487075
4256.410152
4238.974255
4252.307588
4263.076819
4261.538357
4268.717844
4272.820408
4284.61528
4289.743485
4270.769126
4264.10246
4257.948614
4240.512717
4258.974255
4286.666562
4273.333229
4268.205024
4281.538357
4288.205023
4299.487074
4282.051177
4237.435794
4240.512717
4275.897331
4278.974254
4259.487075
4250.769127
4289.230664
4313.333228
4257.948614
4237.435794
4287.179382
4284.102459
4241.025537
4253.333229
4276.922972
4277.435793
4283.076818
4288.205023
4297.948613
4310.769125
4301.538356
4261.538357
4237.435794
4259.999896
4281.025536
4283.076818
4294.87169
4298.974254
4273.846049
4263.076819
4277.435793
4283.589639
4273.846049
4268.205024
4285.1281
4306.153741
4304.102459
4284.61528
4276.410152
4289.230664
4299.487074
4287.179382
4283.589639
4302.563997
4293.333228
4277.435793
4296.922972
4306.153741
4284.102459
4286.666562
4318.461433
4321.538356
4291.794767
4282.563998
4304.615279
4303.589638
4283.589639
4296.410151
4319.487074
4322.051176
4318.974253
4319.487074
4322.563997
4328.717843
4323.589638
4303.589638
4289.743485
4293.846049
4303.589638
4302.563997
4293.333228
4293.846049
4308.205023
4313.333228
4305.64092
4321.538356
4337.435791
4312.820407
4291.794767
4301.538356
4309.230664
4308.717843
4311.794766
4321.538356
4349.230663
4353.333227
4306.666561
4281.538357
4313.333228
4327.692202
4294.358869
4285.1281
4307.692202
4301.025536
4286.153741
4311.794766
4327.692202
4299.999895
4291.281946
4305.1281
4299.487074
4294.87169
4305.1281
4310.769125
4311.281946
4318.461433
4315.38451
4297.948613
4298.974254
4318.461433
4325.128099
4310.256305
4296.922972
4297.948613
4302.051177
4296.922972
4284.61528
4302.563997
4326.666561
4305.64092
4282.051177
4296.922972
4320.512715
4315.89733
4285.640921
4273.333229
4302.051177
4315.38451
4290.769126
4285.640921
4309.230664
4321.538356
4298.461433
4270.769126
4286.666562
4306.666561
4284.61528
4265.640921
4283.076818
4304.102459
4308.717843
4308.205023
4313.846048
4310.769125
4293.846049
4289.230664
4295.38451
4298.974254
4311.281946
4311.281946
4300.512715
4315.38451
4319.487074
4301.538356
4301.025536
4321.025535
4329.743484
4317.948612
4303.589638
4301.538356
4304.615279
4313.333228
4329.230663
4333.846048
4336.922971
4333.333227
4298.974254
4281.538357
4305.64092
4327.692202
4324.615279
4317.435792
4322.563997
4335.89733
4340.512714
4330.256304
4317.435792
4320.512715
4325.64092
4307.692202
4295.897331
4312.307587
4327.179381
4331.794766
4334.871689
4332.820407
4322.563997
4311.794766
4312.307587
4321.025535
4321.025535
4314.358869
4307.692202
4307.692202
4321.538356
4323.076817
4306.153741
4307.179382
4323.076817
4320.512715
4309.743484
4309.230664
4312.820407
4315.38451
4305.64092
4295.38451
4299.999895
4303.589638
4304.615279
4315.38451
4324.102458
4324.102458
4330.256304
4323.589638
4296.922972
4292.820408
4318.461433
4326.15374
4305.64092
4307.179382
4323.076817
4317.948612
4316.410151
4327.692202
4316.922971
4292.307587
4287.692203
4299.487074
4310.256305
4309.230664
4307.179382
4323.589638
4324.615279
4298.461433
4295.897331
4310.769125
4313.846048
4314.871689
4316.410151
4315.38451
4314.871689
4305.1281
4304.102459
4316.410151
4325.64092
4341.025535
4334.358868
4296.922972
4290.256305
4311.794766
4319.999894
4329.743484
4342.051176
4335.384509
4322.563997
4311.281946
4305.64092
4316.922971
4328.717843
4320.512715
4309.230664
4317.948612
4327.692202
4326.15374
4324.615279
4314.358869
4311.281946
4330.256304
4331.794766
4314.358869
4321.538356
4324.615279
4311.281946
4315.89733
4328.717843
4330.769125
4326.666561
4310.769125
4304.102459
4325.64092
4321.025535
4288.717844
4295.897331
4332.307586
4337.435791
4318.974253
4315.89733
4313.333228
4304.615279
4309.743484
4321.538356
4328.717843
4333.846048
4326.666561
4312.307587
4306.153741
4311.794766
4324.102458
4324.615279
4322.051176
4334.871689
4344.615278
4336.922971
4322.563997
4310.769125
4305.1281
4313.846048
4331.794766
4336.41015
4311.794766
4298.974254
4323.589638
4332.307586
4325.128099
4323.589638
4314.871689
4311.281946
4311.281946
4307.692202
4322.051176
4326.666561
4306.666561
4313.333228
4319.999894
4293.846049
4288.717844
4314.358869
4312.820407
4296.922972
4311.281946
4324.615279
4314.871689
4306.153741
4303.076818
4301.538356
4309.743484
4315.38451
4312.307587
4314.871689
4315.89733
4309.230664
4303.589638
4297.435792
4294.87169
4294.358869
4295.897331
4310.256305
4319.487074
4318.461433
4324.102458
4316.410151
4308.717843
4329.743484
4335.384509
4306.666561
4298.461433
4324.102458
4335.89733
4327.179381
4324.102458
4325.128099
4328.717843
4339.487073
4335.89733
4310.769125
4309.230664
4338.974253
4334.871689
4308.205023
4311.281946
4343.589637
4360.512714
4334.871689
4309.230664
4316.410151
4327.179381
4322.563997
4318.974253
4323.589638
4326.15374
4323.076817
4324.615279
4333.846048
4325.128099
4305.64092
4310.256305
4335.384509
4339.487073
4317.948612
4321.538356
4335.384509
4307.179382
4292.820408
4321.025535
4319.487074
4301.025536
4325.128099
4352.307586
4341.025535
4311.794766
4295.38451
4297.435792
4293.333228
4291.281946
4307.179382
4315.89733
4312.307587
4319.487074
4329.743484
4325.64092
4314.871689
4302.563997
4295.897331
4297.948613
4302.563997
4310.256305
4325.64092
4337.948612
4331.281945
4323.589638
4327.692202
4319.999894
4303.076818
4313.333228
4333.846048
4319.999894
4302.051177
4321.538356
4329.743484
4299.487074
4294.87169
4324.102458
4316.922971
4291.281946
4303.076818
4327.179381
4328.717843
4319.999894
4315.38451
4314.358869
4315.38451
4315.38451
4309.230664
4305.1281
4314.871689
4328.717843
4323.589638
4323.589638
4339.999894
4328.717843
4293.846049
4306.666561
4347.179381
4335.384509
4299.487074
4306.153741
4323.076817
4312.307587
4305.1281
4314.871689
4324.615279
4325.64092
4313.333228
4302.051177
4316.922971
4323.076817
4294.358869
4278.974254
4310.769125
4337.948612
4312.820407
4285.1281
4307.179382
4327.179381
4311.794766
4304.102459
4312.307587
4317.948612
4320.512715
4311.794766
4309.230664
4333.333227
4345.640919
4312.307587
4283.589639
4297.948613
4316.922971
4308.717843
4303.076818
4322.563997
4328.205022
4305.1281
4282.563998
4290.256305
4311.281946
4306.153741
4285.640921
4296.410151
4321.025535
4312.307587
4294.87169
4302.051177
4318.974253
4329.230663
4320.512715
4297.948613
4293.846049
4313.333228
4310.769125
4289.230664
4299.487074
4325.64092
4319.999894
4307.692202
4325.128099
4325.64092
4295.38451
4288.205023
4308.205023
4308.717843
4291.794767
4295.897331
4312.307587
4316.922971
4310.256305
4309.230664
4314.358869
4304.615279
4289.743485
4304.102459
4324.615279
4315.38451
4307.179382
4310.769125
4311.794766
4323.589638
4320.512715
4307.692202
4319.487074
4320.512715
4308.205023
4314.871689
4309.230664
4290.256305
4304.102459
4311.794766
4294.87169
4302.563997
4318.461433
4302.051177
4290.256305
4309.743484
4318.461433
4301.538356
4288.717844
4293.333228
4298.461433
4293.846049
4291.281946
4297.948613
4309.743484
4312.820407
4317.948612
4324.615279
4314.871689
4308.205023
4307.179382
4297.948613
4288.717844
4296.410151
4306.153741
4312.307587
4319.999894
4315.89733
4310.256305
4311.794766
4309.230664
4295.38451
4286.666562
4297.435792
4312.820407
4316.922971
4317.435792
4323.589638
4328.717843
4321.538356
4312.307587
4313.333228
4309.743484
4304.615279
4319.487074
4328.205022
4311.281946
4303.589638
4312.820407
4311.281946
4306.153741
4314.358869
4317.435792
4303.589638
4298.974254
4306.666561
4312.820407
4317.948612
4316.922971
4304.615279
4306.153741
4331.281945
4332.307586
4313.333228
4319.999894
4329.230663
4311.794766
4306.666561
4325.64092
4323.589638
4313.846048
4324.102458
4335.384509
4327.692202
4313.333228
4318.461433
4327.692202
4319.999894
4319.487074
4336.41015
4339.487073
4322.051176
4306.153741
4313.333228
4338.461432
4331.794766
4307.179382
4314.871689
4330.256304
4328.205022
4322.563997
4312.307587
4304.615279
4310.256305
4320.512715
4331.794766
4325.64092
4311.281946
4319.487074
4325.128099
4316.922971
4318.974253
4319.487074
4306.153741
4310.256305
4326.15374
4335.89733
4339.487073
4325.64092
4323.076817
4335.384509
4326.666561
4311.281946
4329.230663
4354.871688
4328.205022
4293.333228
4326.15374
4362.051175
4333.846048
4297.435792
4313.333228
4355.897329
4354.871688
4301.025536
4278.461434
4311.281946
4327.179381
4324.615279
4332.820407
4332.307586
4333.333227
4330.769125
4309.743484
4302.563997
4333.846048
4356.92297
4328.717843
4303.076818
4322.563997
4342.563996
4332.820407
4324.102458
4325.64092
4340.512714
4355.897329
4333.846048
4306.153741
4317.435792
4338.461432
4333.846048
4314.358869
4309.230664
4317.948612
4313.846048
4300.512715
4314.871689
4342.563996
4332.307586
4315.89733
4330.256304
4321.025535
4291.281946
4298.461433
4312.820407
4306.666561
4308.205023
4304.102459
4296.410151
4315.38451
4322.563997
4310.256305
4312.820407
4320.512715
4313.333228
4301.538356
4302.051177
4303.076818
4296.922972
4298.974254
4308.717843
4320.512715
4321.538356
4305.1281
4296.410151
4304.615279
4307.179382
4308.717843
4308.205023
4296.410151
4288.205023
4288.717844
4297.948613
4308.717843
4296.922972
4287.692203
4308.205023
4321.025535
4308.717843
4292.820408
4292.820408
4306.666561
4306.666561
4302.563997
4313.846048
4310.769125
4289.743485
4292.307587
4321.538356
4335.89733
4321.538356
4304.615279
4325.128099
4349.743483
4321.025535
4292.307587
4326.666561
4361.025534
4340.512714
4313.333228
4325.128099
4348.717842
4331.281945
4294.358869
4302.051177
4340.512714
4345.640919
4332.820407
4329.230663
4325.128099
4337.435791
4345.640919
4330.256304
4320.512715
4325.64092
4330.769125
4331.794766
4335.89733
4342.051176
4349.230663
4344.102458
4335.89733
4337.435791
4337.435791
4330.769125
4331.794766
4351.794765
4365.640919
4351.281945
4342.051176
4354.871688
4347.179381
4317.435792
4312.307587
4333.333227
4346.15374
4333.846048
4323.076817
4333.333227
4345.128099
4343.589637
4330.256304
4331.794766
4345.128099
4338.974253
4329.230663
4338.974253
4349.743483
4343.076817
4329.230663
4312.820407
4307.179382
4319.487074
4326.666561
4327.179381
4328.717843
4318.974253
4314.358869
4326.15374
4326.666561
4309.743484
4312.820407
4324.102458
4316.922971
4320.512715
4329.230663
4304.102459
4289.230664
4303.076818
4289.743485
4274.35887
4299.999895
4319.999894
4334.358868
4348.717842
4320.512715
4294.358869
4314.871689
4323.589638
4307.692202
4317.948612
4334.358868
4321.025535
4305.64092
4313.333228
4328.205022
4318.974253
4302.563997
4309.230664
4328.717843
4330.256304
4309.230664
4305.64092
4325.128099
4331.794766
4313.333228
4294.358869
4295.38451
4307.692202
4316.922971
4311.281946
4312.307587
4330.256304
4325.64092
4294.358869
4283.076818
4302.563997
4312.820407
4308.205023
4310.769125
4311.281946
4314.871689
4337.435791
4346.66656
4319.999894
4293.333228
4298.974254
4309.743484
4304.102459
4305.1281
4325.64092
4335.384509
4317.435792
4303.589638
4296.922972
4290.256305
4301.025536
4311.281946
4324.102458
4339.999894
4321.025535
4287.179382
4289.743485
4308.205023
4309.743484
4311.794766
4307.179382
4308.205023
4329.743484
4321.025535
4293.333228
4289.743485
4296.410151
4295.38451
4297.435792
4300.512715
4301.025536
4308.717843
4314.358869
4323.589638
4316.410151
4282.051177
4274.35887
4293.846049
4301.025536
4301.025536
4316.410151
4330.769125
4319.999894
4310.769125
4311.794766
4303.589638
4294.358869
4300.512715
4297.435792
4295.897331
4323.076817
4333.333227
4313.846048
4307.692202
4320.512715
4332.307586
4329.743484
4322.563997
4318.461433
4317.435792
4314.358869
4301.025536
4301.538356
4325.128099
4341.538355
4342.563996
4346.66656
4336.922971
4306.666561
4299.999895
4319.487074
4321.538356
4325.128099
4350.769124
4345.640919
4313.846048
4326.15374
4354.871688
4344.615278
4329.230663
4338.461432
4340.512714
4332.307586
4334.871689
4330.256304
4317.948612
4337.948612
4347.179381
4326.666561
4343.589637
4358.461432
4328.717843
4314.871689
4322.051176
4322.051176
4321.538356
4325.128099
4325.64092
4320.512715
4315.89733
4334.358868
4343.589637
4318.461433
4308.717843
4323.589638
4326.15374
4313.846048
4310.256305
4314.871689
4310.256305
4317.435792
4335.384509
4338.461432
4324.615279
4309.743484
4309.743484
4316.922971
4314.871689
4306.153741
4313.846048
4332.307586
4325.64092
4297.435792
4293.846049
4320.512715
4324.615279
4306.153741
4314.358869
4334.358868
4322.563997
4310.769125
4317.948612
4314.871689
4316.410151
4325.64092
4302.051177
4284.61528
4309.743484
4321.025535
4306.153741
4310.769125
4319.999894
4314.358869
4309.230664
4312.307587
4324.102458
4332.307586
4314.871689
4292.307587
4297.948613
4311.794766
4319.487074
4323.076817
4314.358869
4317.435792
4339.999894
4326.666561
4295.38451
4301.538356
4311.794766
4314.871689
4336.922971
4352.307586
4346.15374
4332.820407
4319.999894
4312.307587
4313.333228
4312.820407
4319.487074
4337.435791
4344.615278
4343.076817
4343.076817
4337.435791
4328.717843
4323.076817
4324.102458
4331.794766
4338.461432
4329.743484
4317.435792
4332.307586
4350.256304
4334.358868
4321.538356
4346.66656
4353.333227
4319.487074
4309.230664
4334.358868
4341.538355
4325.64092
4325.64092
4336.41015
4331.281945
4326.666561
4334.358868
4338.461432
4332.307586
4327.179381
4326.15374
4333.333227
4343.076817
4338.461432
4332.307586
4333.333227
4337.948612
4349.743483
4345.128099
4332.307586
4362.563996
4377.43579
4321.538356
4296.922972
4337.435791
4344.102458
4320.512715
4325.64092
4344.615278
4354.358868
4346.15374
4325.64092
4323.076817
4331.794766
4325.64092
4325.64092
4336.922971
4326.666561
4309.743484
4328.205022
4346.66656
4326.666561
4322.051176
4335.384509
4318.461433
4296.410151
4307.692202
4329.743484
4334.358868
4325.128099
4311.794766
4314.871689
4330.769125
4324.615279
4298.974254
4297.435792
4321.538356
4316.922971
4305.1281
4322.051176
4318.974253
4290.769126
4288.205023
4295.897331
4289.230664
4299.487074
4311.281946
4292.307587
4290.769126
4313.846048
4307.692202
4278.974254
4271.281947
4283.589639
4298.974254
4304.615279
4298.461433
4285.1281
4295.897331
4327.692202
4315.89733
4269.230665
4278.461434
4315.89733
4302.563997
4290.256305
4312.307587
4317.435792
4303.076818
4285.640921
4277.948613
4304.102459
4324.102458
4302.051177
4303.589638
4340.512714
4338.974253
4307.179382
4298.461433
4308.717843
4309.743484
4299.999895
4293.333228
4314.871689
4348.205022
4344.615278
4320.512715
4314.871689
4327.179381
4331.281945
4318.974253
4306.666561
4311.281946
4332.307586
4344.102458
4336.922971
4324.615279
4322.051176
4333.333227
4332.307586
4314.871689
4310.256305
4323.589638
4344.102458
4342.563996
4314.358869
4300.512715
4317.948612
4338.974253
4338.461432
4327.179381
4324.615279
4332.820407
4317.435792
4282.563998
4268.717844
4281.025536
4305.64092
4333.333227
4359.999893
4359.999893
4334.358868
4327.179381
4337.948612
4332.820407
4315.38451
4318.461433
4339.999894
4344.615278
4328.205022
4323.589638
4337.435791
4339.487073
4331.281945
4328.717843
4329.230663
4326.15374
4318.461433
4329.230663
4343.076817
4333.333227
4327.692202
4333.333227
4336.922971
4342.051176
4338.461432
4331.794766
4339.999894
4340.512714
4322.051176
4324.615279
4351.794765
4360.512714
4341.538355
4332.307586
4353.846047
4369.743483
4353.333227
4337.948612
4342.563996
4341.025535
4325.128099
4325.64092
4358.974252
4372.307585
4341.025535
4328.717843
4350.769124
4357.435791
4343.076817
4338.461432
4333.846048
4327.692202
4339.487073
4347.692201
4342.563996
4347.692201
4352.820406
4334.871689
4329.743484
4341.538355
4325.64092
4317.948612
4346.66656
4357.948611
4348.717842
4350.769124
4351.281945
4348.205022
4359.999893
4357.435791
4339.487073
4344.102458
4348.717842
4322.563997
4316.922971
4354.358868
4366.66656
4355.384509
4362.051175
4365.640919
4352.307586
4345.128099
4346.66656
4331.794766
4318.974253
4330.769125
4347.692201
4356.92297
4360.512714
4352.307586
4348.717842
4367.17938
4371.281944
4337.948612
4321.025535
4343.589637
4360.512714
4355.384509
4367.17938
4386.153739
4368.205021
4353.333227
4371.281944
4368.205021
4341.538355
4339.999894
4350.256304
4354.358868
4352.307586
4357.948611
4378.974252
4373.333226
4338.461432
4332.307586
4356.92297
4363.076816
4352.820406
4336.922971
4335.384509
4372.820406
4383.589636
4341.538355
4318.974253
4337.948612
4354.358868
4355.384509
4357.435791
4358.461432
4362.051175
4364.102457
4361.025534
4370.256303
4379.999893
4376.92297
4372.820406
4359.999893
4350.769124
4362.563996
4361.538355
4342.051176
4344.615278
4366.66656
4382.563995
4383.076816
4358.461432
4352.820406
4379.487072
4378.461431
4361.538355
4370.769124
4384.102457
4388.205021
4396.410149
4401.538354
4410.769123
4425.640917
4403.589636
4364.615278
4377.43579
4414.358866
4412.820405
4404.102456
4412.307584
4398.974251
4385.640918
4408.717841
4422.563994
4394.358867
4384.102457
4399.487072
4390.256303
4375.384508
4377.948611
4384.615277
4398.461431
4407.6922
4403.589636
4408.20502
4404.102456
4383.076816
4389.230662
4401.538354
4383.589636
4374.358867
4389.230662
4395.384508
4402.563995
4420.512712
4431.794763
4433.333225
4429.743481
4422.563994
4422.051174
4423.076815
4419.487071
4429.230661
4433.333225
4418.46143
4431.794763
4461.025532
4465.128096
4459.999891
4465.640916
4470.256301
4458.461429
4448.205019
4451.794763
4438.97425
4418.974251
4424.102456
4430.256302
4412.820405
4399.999892
4408.20502
4426.666558
4433.333225
4422.051174
4412.307584
4409.230661
4396.922969
4383.076816
4382.563995
4387.6922
4383.589636
4383.076816
4396.410149
4401.538354
4394.871687
4390.769123
4387.17938
4381.538354
4370.769124
4365.128098
4368.205021
4359.487073
4345.128099
4350.769124
4372.820406
4367.692201
4348.205022
4370.769124
4386.153739
4343.076817
4313.333228
4329.230663
4329.743484
4328.717843
4350.256304
4348.717842
4336.41015
4347.179381
4371.281944
4386.666559
4366.153739
4335.384509
4342.051176
4354.871688
4334.871689
4326.666561
4345.640919
4354.871688
4355.897329
4352.307586
4349.743483
4357.435791
4359.999893
4345.128099
4331.794766
4335.384509
4342.051176
4339.487073
4339.999894
4348.717842
4351.794765
4356.92297
4364.615278
4361.025534
4349.230663
4344.615278
4349.230663
4348.717842
4344.102458
4341.538355
4341.025535
4354.358868
4367.692201
4346.15374
4333.846048
4358.461432
4357.435791
4331.281945
4331.794766
4347.179381
4355.384509
4355.384509
4366.153739
4370.256303
4343.589637
4326.15374
4334.871689
4332.307586
4331.794766
4356.41015
4365.640919
4352.307586
4354.871688
4365.640919
4355.897329
4323.076817
4309.230664
4331.794766
4350.256304
4350.256304
4353.846047
4353.333227
4349.230663
4367.692201
4356.92297
4310.769125
4313.333228
4348.205022
4347.179381
4338.461432
4348.717842
4349.743483
4351.794765
4354.871688
4338.461432
4335.89733
4353.846047
4345.640919
4316.922971
4323.076817
4345.640919
4346.66656
4341.025535
4339.487073
4350.769124
4365.640919
4351.281945
4322.051176
4324.615279
4340.512714
4328.205022
4306.153741
4310.256305
4329.743484
4328.205022
4317.435792
4325.64092
4326.666561
4304.615279
4307.692202
4335.89733
4330.769125
4302.563997
4299.999895
4319.999894
4334.358868
4341.025535
4345.640919
4343.589637
4339.487073
4350.769124
4357.948611
4330.769125
4305.64092
4316.410151
4323.076817
4313.846048
4333.333227
4351.794765
4330.769125
4327.692202
4354.358868
4351.794765
4331.794766
4330.769125
4333.333227
4334.358868
4334.358868
4330.256304
4330.256304
4333.846048
4336.922971
4338.461432
4325.128099
4311.794766
4318.974253
4325.128099
4330.769125
4347.179381
4350.769124
4351.794765
4363.589637
4352.820406
4345.128099
4359.487073
4341.025535
4301.025536
4303.589638
4325.64092
4334.871689
4336.922971
4326.15374
4332.307586
4356.41015
4344.102458
4320.512715
4325.64092
4324.102458
4307.179382
4309.230664
4316.922971
4316.922971
4324.102458
4339.999894
4345.640919
4348.205022
4351.794765
4329.743484
4317.948612
4342.051176
4342.563996
4317.948612
4330.256304
4345.128099
4330.769125
4337.948612
4356.92297
4344.102458
4323.589638
4324.102458
4339.999894
4341.025535
4336.41015
4346.66656
4346.66656
4327.692202
4327.179381
4344.615278
4342.051176
4337.948612
4351.281945
4344.102458
4324.102458
4325.128099
4341.025535
4349.230663
4345.640919
4339.487073
4327.692202
4333.333227
4355.384509
4344.102458
4304.102459
4307.179382
4354.871688
4365.128098
4336.922971
4325.64092
4344.615278
4363.076816
4339.487073
4302.051177
4306.153741
4338.461432
4339.999894
4318.461433
4328.205022
4360.512714
4374.871688
4363.076816
4356.92297
4360.512714
4345.640919
4326.15374
4329.743484
4345.128099
4352.307586
4339.487073
4323.076817
4326.666561
4327.692202
4317.948612
4327.179381
4341.538355
4332.307586
4321.025535
4329.230663
4348.717842
4352.820406
4337.948612
4331.281945
4322.051176
4308.205023
4317.948612
4337.948612
4339.487073
4334.358868
4329.743484
4331.281945
4346.15374
4348.717842
4330.769125
4322.051176
4333.333227
4344.102458
4338.461432
4329.743484
4332.307586
4347.692201
4357.435791
4344.615278
4329.743484
4348.717842
4370.256303
4353.333227
4338.974253
4343.076817
4334.358868
4333.846048
4363.076816
4376.92297
4356.41015
4348.717842
4368.205021
4377.43579
4352.307586
4328.205022
4335.384509
4339.999894
4327.692202
4324.102458
4337.435791
4346.66656
4337.435791
4332.307586
4346.66656
4355.384509
4338.974253
4323.589638
4329.230663
4335.384509
4322.563997
4304.102459
4305.1281
4321.538356
4328.205022
4322.563997
4326.666561
4343.076817
4349.230663
4344.615278
4334.358868
4324.102458
4332.820407
4344.615278
4325.128099
4305.64092
4316.410151
4326.666561
4332.307586
4340.512714
4342.563996
4344.102458
4345.128099
4331.794766
4324.615279
4335.384509
4326.15374
4307.692202
4324.102458
4351.281945
4355.384509
4350.769124
4349.743483
4357.948611
4362.051175
4352.307586
4344.615278
4333.333227
4315.89733
4317.435792
4332.307586
4338.974253
4342.563996
4342.051176
4345.128099
4358.461432
4354.358868
4326.666561
4310.769125
4315.38451
4318.974253
4324.615279
4343.589637
4357.435791
4348.717842
4342.563996
4347.692201
4355.897329
4357.948611
4351.281945
4345.640919
4350.769124
4349.743483
4341.025535
4349.230663
4364.102457
4371.794765
4376.410149
4371.794765
4362.563996
4374.871688
4382.051175
4356.92297
4345.128099
4351.281945
4346.66656
4339.999894
4336.922971
4336.41015
4358.974252
4387.17938
4387.6922
4368.205021
4343.589637
4337.948612
4358.974252
4372.820406
4365.128098
4359.999893
4364.102457
4367.692201
4366.153739
4363.589637
4353.333227
4345.128099
4352.307586
4355.384509
4349.743483
4357.948611
4378.461431
4386.153739
4375.897329
4366.66656
4364.102457
4367.692201
4373.333226
4383.589636
4385.128098
4373.846047
4370.256303
4375.384508
4374.871688
4370.769124
4375.384508
4383.589636
4383.076816
4370.769124
4367.692201
4379.999893
4382.563995
4369.743483
4372.307585
4383.076816
4375.897329
4368.717842
4378.461431
4385.640918
4373.846047
4362.563996
4367.17938
4364.615278
4363.076816
4379.487072
4388.205021
4373.333226
4361.025534
4371.281944
4386.153739
4378.974252
4351.794765
4341.025535
4370.256303
4391.794764
4365.128098
4338.974253
4361.025534
4391.281944
4376.92297
4355.384509
4369.743483
4388.717841
4383.589636
4377.43579
4376.92297
4361.025534
4355.384509
4374.358867
4389.743482
4389.230662
4386.153739
4385.128098
4385.640918
4391.281944
4385.640918
4370.769124
4367.692201
4374.358867
4374.358867
4380.512713
4399.487072
4398.461431
4376.92297
4360.512714
4363.589637
4381.025534
4381.538354
4369.230662
4375.897329
4384.102457
4374.871688
4372.820406
4383.589636
4390.256303
4383.076816
4370.769124
4378.974252
4394.871687
4385.128098
4379.487072
4394.358867
4408.20502
4416.922969
4413.846046
4398.461431
4395.897328
4401.025533
4384.615277
4378.974252
4406.153738
4412.820405
4388.717841
4388.717841
4408.717841
4402.051174
4394.358867
4405.128097
4397.43579
4376.92297
4374.358867
4389.230662
4404.615277
4401.025533
4375.897329
4368.205021
4401.025533
4413.333225
4383.589636
4371.794765
4389.743482
4392.307585
4388.717841
4396.922969
4391.281944
4384.615277
4385.128098
4371.794765
4364.102457
4376.92297
4391.281944
4398.461431
4401.538354
4397.43579
4392.820405
4388.205021
4385.128098
4386.666559
4389.230662
4398.461431
4405.128097
4385.128098
4367.692201
4390.256303
4397.94861
4360.512714
4347.692201
4370.256303
4374.871688
4363.076816
4357.435791
4359.999893
4374.358867
4376.92297
4365.128098
4361.538355
4355.384509
4356.41015
4366.153739
4350.256304
4333.846048
4351.281945
4358.974252
4343.589637
4344.615278
4367.692201
4379.487072
4365.128098
4349.743483
4355.384509
4363.076816
4354.871688
4337.948612
4326.15374
4332.307586
4345.128099
4355.897329
4377.948611
4384.102457
4359.999893
4352.820406
4365.128098
4358.974252
4353.333227
4359.487073
4352.307586
4337.435791
4342.563996
4353.846047
4343.589637
4339.487073
4361.025534
4359.999893
4335.89733
4344.615278
4355.897329
4328.717843
4316.410151
4338.461432
4354.358868
4348.717842
4334.871689
4342.051176
4365.128098
4362.051175
4352.307586
4366.66656
4374.358867
4367.692201
4361.025534
4343.589637
4346.15374
4370.256303
4357.948611
4333.333227
4348.717842
4364.615278
4362.563996
4376.410149
4380.512713
4360.512714
4344.615278
4344.102458
4352.820406
4354.358868
4349.230663
4357.948611
4372.820406
4358.461432
4342.563996
4358.461432
4368.205021
4355.384509
4345.640919
4348.205022
4346.15374
4335.89733
4336.41015
4346.15374
4345.640919
4348.205022
4368.717842
4368.717842
4341.538355
4343.076817
4364.615278
4357.948611
4337.948612
4341.025535
4354.358868
4349.743483
4343.589637
4353.846047
4347.692201
4339.999894
4361.538355
4364.102457
4342.051176
4343.589637
4347.179381
4349.230663
4353.846047
4334.358868
4329.230663
4353.333227
4347.692201
4333.333227
4355.897329
4363.076816
4346.15374
4353.333227
4371.281944
4366.66656
4341.538355
4340.512714
4365.640919
4361.538355
4338.974253
4350.256304
4365.640919
4355.384509
4347.179381
4344.615278
4344.102458
4347.692201
4345.128099
4349.743483
4354.871688
4343.076817
4346.66656
4360.512714
4346.66656
4337.435791
4352.820406
4358.974252
4357.435791
4359.487073
4353.333227
4343.076817
4339.999894
4336.41015
4328.717843
4324.615279
4328.205022
4347.692201
4363.589637
4346.15374
4334.871689
4352.820406
4344.102458
4318.461433
4328.717843
4337.948612
4325.64092
4336.922971
4369.230662
4382.051175
4377.948611
4375.897329
4374.358867
4369.230662
4370.769124
4365.640919
4349.743483
4344.615278
4348.717842
4354.871688
4376.410149
4391.281944
4375.897329
4365.128098
4368.717842
4361.538355
4358.461432
4356.92297
4337.948612
4334.871689
4351.281945
4342.563996
4344.615278
4373.846047
4359.487073
4327.179381
4339.487073
4358.461432
4353.333227
4346.15374
4344.615278
4347.692201
4346.66656
4335.89733
4337.948612
4358.974252
4369.230662
4357.435791
4346.66656
4356.41015
4369.230662
4369.230662
4352.820406
4327.692202
4331.794766
4348.205022
4329.230663
4317.948612
4350.256304
4366.66656
4344.615278
4338.974253
4359.487073
4356.41015
4328.205022
4327.692202
4351.281945
4343.589637
4314.871689
4316.410151
4340.512714
4343.589637
4329.230663
4331.281945
4349.743483
4340.512714
4322.051176
4328.205022
4323.589638
4305.1281
4307.692202
4321.025535
4333.333227
4351.794765
4356.92297
4343.589637
4333.846048
4339.487073
4348.717842
4334.358868
4312.820407
4325.64092
4348.717842
4341.025535
4319.487074
4327.692202
4361.025534
4365.640919
4337.948612
4333.333227
4342.051176
4331.281945
4323.076817
4338.461432
4352.307586
4350.256304
4337.435791
4323.589638
4322.563997
4334.871689
4339.999894
4330.256304
4322.563997
4326.15374
4331.794766
4332.820407
4319.487074
4307.692202
4323.076817
4337.435791
4328.717843
4323.589638
4328.717843
4325.128099
4328.717843
4352.307586
4352.820406
4328.205022
4324.102458
4337.948612
4334.358868
4317.948612
4317.948612
4330.256304
4327.692202
4318.974253
4328.205022
4334.871689
4318.974253
4314.358869
4336.41015
4339.487073
4315.89733
4314.871689
4328.205022
4325.64092
4326.666561
4333.333227
4325.128099
4323.076817
4322.051176
4308.205023
4314.358869
4332.307586
4325.128099
4322.563997
4335.384509
4330.769125
4324.102458
4331.794766
4326.666561
4320.512715
4337.948612
4340.512714
4316.922971
4321.025535
4341.025535
4328.717843
4312.307587
4324.102458
4332.307586
4332.307586
4345.640919
4348.205022
4335.384509
4337.435791
4343.076817
4324.615279
4316.922971
4340.512714
4336.41015
4313.333228
4322.051176
4333.846048
4332.820407
4348.717842
4350.769124
4321.025535
4326.666561
4348.205022
4332.820407
4316.922971
4318.461433
4320.512715
4327.692202
4342.051176
4349.230663
4357.435791
4349.230663
4331.281945
4348.205022
4359.999893
4334.358868
4316.410151
4326.666561
4335.384509
4332.307586
4319.999894
4314.358869
4333.846048
4352.820406
4348.205022
4342.563996
4341.538355
4337.435791
4343.076817
4353.333227
4339.999894
4326.666561
4336.922971
4328.717843
4315.38451
4332.307586
4339.999894
4331.281945
4346.15374
4356.92297
4341.538355
4341.025535
4350.769124
4354.358868
4361.025534
4355.897329
4336.922971
4338.974253
4345.640919
4328.717843
4341.025535
4370.256303
4350.256304
4331.281945
4356.92297
4358.974252
4319.999894
4322.051176
4354.358868
4340.512714
4317.435792
4337.435791
4349.743483
4328.205022
4328.205022
4353.846047
4350.256304
4329.230663
4329.230663
4349.230663
4353.846047
4333.846048
4335.384509
4344.615278
4317.948612
4309.743484
4347.692201
4348.205022
4325.128099
4345.640919
4350.256304
4321.538356
4320.512715
4331.281945
4336.922971
4346.15374
4349.230663
4355.384509
4347.692201
4311.794766
4308.205023
4337.435791
4344.615278
4347.179381
4353.333227
4335.384509
4332.820407
4348.205022
4334.358868
4316.410151
4324.615279
4331.281945
4333.846048
4353.846047
4370.256303
4356.92297
4332.307586
4325.64092
4339.999894
4342.563996
4321.538356
4324.102458
4356.41015
4350.769124
4317.948612
4331.281945
4355.384509
4344.615278
4352.820406
4370.256303
4352.820406
4349.743483
4347.179381
4319.999894
4337.948612
4373.333226
4346.66656
4324.102458
4358.461432
4363.589637
4329.230663
4330.769125
4361.538355
4357.948611
4316.410151
4308.717843
4338.461432
4347.692201
4328.717843
4326.15374
4332.307586
4322.563997
4339.999894
4368.205021
4358.974252
4336.922971
4333.846048
4340.512714
4347.179381
4349.743483
4339.999894
4342.051176
4359.487073
4350.769124
4329.743484
4341.538355
4353.333227
4331.281945
4330.769125
4357.948611
4346.15374
4305.64092
4317.435792
4356.41015
4339.487073
4302.051177
4313.846048
4333.333227
4319.487074
4316.410151
4330.256304
4327.179381
4324.102458
4338.461432
4340.512714
4319.487074
4310.769125
4324.615279
4341.538355
4338.974253
4327.692202
4336.41015
4343.589637
4318.974253
4300.512715
4315.38451
4322.563997
4312.820407
4315.89733
4328.717843
4331.281945
4326.15374
4330.256304
4325.128099
4309.743484
4303.076818
4302.563997
4310.256305
4317.948612
4313.333228
4313.846048
4322.563997
4319.999894
4317.435792
4318.974253
4303.076818
4279.487075
4281.025536
4305.1281
4325.128099
4316.410151
4293.846049
4305.1281
4331.794766
4318.461433
4289.230664
4290.769126
4296.922972
4290.256305
4295.38451
4311.794766
4314.358869
4311.281946
4319.487074
4316.922971
4302.563997
4308.717843
4326.15374
4316.922971
4298.974254
4307.692202
4327.179381
4329.230663
4323.076817
4328.717843
4325.64092
4300.512715
4295.38451
4314.358869
4306.666561
4290.769126
4303.589638
4300.512715
4278.461434
4280.512716
4276.922972
4249.230665
4225.640922
4206.666564
4187.692205
4164.615283
4123.589643
4083.076823
4040.512722
3975.897339
3905.12811
3838.974265
3781.025549
3730.256319
3673.846064
3607.692219
3562.564015
3532.820426
3478.461453
3423.58966
3405.640942
3395.384532
3378.974276
3370.256328
3353.846072
3343.076841
3346.666585
3319.487098
3284.615304
3282.564022
3266.153766
3229.743511
3219.487101
3204.102486
3159.487102
3134.871718
3144.102487
3145.640949
3132.307616
3116.41018
3086.666591
3066.153771
3065.12813
3034.871721
2977.435825
2965.128133
2994.358901
2992.82044
2970.256338
2974.871722
2987.179414
2977.435825
2971.794799
2995.897363
2997.435824
2966.666594
2963.076851
2975.897363
2962.56403
