
4205.128102
4191.794769
4179.999898
4190.256308
4204.615282
4202.564
4203.07682
4201.538359
4196.922974
4207.179384
4211.281948
4195.384513
4199.487077
4217.948615
4215.384512
4212.82041
4225.128102
4215.897333
4202.564
4221.025538
4232.820409
4214.871692
4210.256307
4216.410153
4204.102461
4205.640923
4219.487076
4205.640923
4203.07682
4219.487076
4206.153743
4199.487077
4221.538358
4209.743487
4190.256308
4219.999897
4237.948614
4226.666563
4236.922973
4246.666563
4231.281948
4213.846051
4202.051179
4196.922974
4206.153743
4216.922974
4211.281948
4205.128102
4214.871692
4226.666563
4225.640922
4219.999897
4211.794769
4199.999897
4197.435795
4204.102461
4211.794769
4217.435794
4213.33323
4211.794769
4228.717845
4234.871691
4219.999897
4218.461435
4237.435794
4248.717845
4249.230665
4248.717845
4250.256306
4262.051178
4273.846049
4281.025536
4283.076818
4272.307588
4261.538357
4261.025537
4269.743485
4283.076818
4290.769126
4283.076818
4276.410152
4278.974254
4271.281947
4262.563998
4268.717844
4284.102459
4295.38451
4288.717844
4274.87169
4283.589639
4301.025536
4285.640921
4273.846049
4285.1281
4285.640921
4290.256305
4309.743484
4319.999894
4330.256304
4336.41015
4312.307587
4296.410151
4315.38451
4323.076817
4311.281946
4319.487074
4331.794766
4330.769125
4330.769125
4324.102458
4312.307587
4315.89733
4319.999894
4303.589638
4310.256305
4334.358868
4321.025535
4309.743484
4327.179381
4321.025535
4291.281946
4295.38451
4314.871689
4310.256305
4309.743484
4319.999894
4316.410151
4310.769125
4311.794766
4309.230664
4311.281946
4331.281945
4316.922971
4265.128101
4265.640921
4302.051177
4283.076818
4246.666563
4265.640921
4291.281946
4273.333229
4246.153742
4244.10246
4261.538357
4269.230665
4252.307588
4253.84605
4273.333229
4257.435793
4225.128102
4225.128102
4236.922973
4234.358871
4231.794768
4233.84605
4232.307589
4234.871691
4239.999896
4246.666563
4252.307588
4236.922973
4210.769128
4226.153743
4268.205024
4274.87169
4245.128101
4243.58964
4275.384511
4272.820408
4234.358871
4222.051179
4243.58964
4250.256306
4248.717845
4249.230665
4248.717845
4265.128101
4262.051178
4249.230665
4269.230665
4265.128101
4232.307589
4249.743486
4273.333229
4246.153742
4245.640922
4272.820408
4263.076819
4256.410152
4268.205024
4253.333229
4226.153743
4229.743486
4252.820409
4253.333229
4235.384512
4234.358871
4255.897332
4254.871691
4231.794768
4243.58964
4257.435793
4229.743486
4222.051179
4253.333229
4263.076819
4269.743485
4293.333228
4283.076818
4259.487075
4258.461434
4266.666562
4269.230665
4268.717844
4262.563998
4260.512716
4278.461434
4291.794767
4281.025536
4271.794767
4284.102459
4282.563998
4265.128101
4267.179383
4278.461434
4286.153741
4295.897331
4301.538356
4291.794767
4278.461434
4287.179382
4294.87169
4277.948613
4260.512716
4264.10246
4273.846049
4284.102459
4284.102459
4264.10246
4266.153742
4282.563998
4267.179383
4239.999896
4243.58964
4268.717844
4271.281947
4267.692203
4285.1281
4286.153741
4265.640921
4257.435793
4258.461434
4250.769127
4252.820409
4267.692203
4270.256306
4257.948614
4240.512717
4244.10246
4263.589639
4261.538357
4245.128101
4249.230665
4268.717844
4262.051178
4241.538358
4249.743486
4267.692203
4265.128101
4255.384511
4268.205024
4283.076818
4271.794767
4258.461434
4273.846049
4292.307587
4283.076818
4273.846049
4288.205023
4298.461433
4286.666562
4281.538357
4299.999895
4313.333228
4314.358869
4315.38451
4309.230664
4298.461433
4303.589638
4311.794766
4304.102459
4304.102459
4314.871689
4305.1281
4291.794767
4306.666561
4319.487074
4302.051177
4293.846049
4313.846048
4318.974253
4308.205023
4311.281946
4312.820407
4305.1281
4310.256305
4314.871689
4306.666561
4319.999894
4338.974253
4319.999894
4299.487074
4308.717843
4316.922971
4310.769125
4308.717843
4307.692202
4314.358869
4321.538356
4308.717843
4308.205023
4322.051176
4308.205023
4282.563998
4293.333228
4322.051176
4332.820407
4336.922971
4336.922971
4326.666561
4321.025535
4321.538356
4317.948612
4317.948612
4329.743484
4326.15374
4318.974253
4337.948612
4347.692201
4334.871689
4327.692202
4329.743484
4325.128099
4322.563997
4323.589638
4319.487074
4318.974253
4317.948612
4321.538356
4326.15374
4327.179381
4329.230663
4324.102458
4322.051176
4332.307586
4351.794765
4359.487073
4355.384509
4347.692201
4336.41015
4347.179381
4375.384508
4369.230662
4329.230663
4317.948612
4350.256304
4366.153739
4350.256304
4335.384509
4338.461432
4357.948611
4372.307585
4356.41015
4325.128099
4327.179381
4349.230663
4338.461432
4309.743484
4318.974253
4352.820406
4339.999894
4303.076818
4316.410151
4341.538355
4314.871689
4279.487075
4287.692203
4313.333228
4313.846048
4306.666561
4327.692202
4337.948612
4308.717843
4306.153741
4337.435791
4331.794766
4310.769125
4310.256305
4312.307587
4311.794766
4315.38451
4314.358869
4313.846048
4323.076817
4327.179381
4330.256304
4325.128099
4310.256305
4315.89733
4328.717843
4324.615279
4324.615279
4336.922971
4338.974253
4327.179381
4330.769125
4352.820406
4347.179381
4304.102459
4288.717844
4317.435792
4332.820407
4322.563997
4318.461433
4336.922971
4354.358868
4343.589637
4325.64092
4317.948612
4320.512715
4330.256304
4327.692202
4309.743484
4304.102459
4318.461433
4338.974253
4349.743483
4334.358868
4324.102458
4338.974253
4338.974253
4319.487074
4324.615279
4335.384509
4322.563997
4311.794766
4303.589638
4307.692202
4327.692202
4326.666561
4307.179382
4311.794766
4318.461433
4299.487074
4305.1281
4325.128099
4307.692202
4290.256305
4322.051176
4336.922971
4293.333228
4282.051177
4315.89733
4315.38451
4284.102459
4273.333229
4281.538357
4282.051177
4267.179383
4266.153742
4293.846049
4297.435792
4261.025537
4253.333229
4278.461434
4280.512716
4258.974255
4248.205024
4249.230665
4243.58964
4246.153742
4258.461434
4256.410152
4250.256306
4262.051178
4274.87169
4267.179383
4259.487075
4265.128101
4266.666562
4253.84605
4241.025537
4253.84605
4266.666562
4255.897332
4251.794768
4260.512716
4258.461434
4243.58964
4232.820409
4229.230666
4234.358871
4242.051178
4253.84605
4270.769126
4264.10246
4264.10246
4284.102459
4269.743485
4237.948614
4252.307588
4271.794767
4252.820409
4247.179383
4268.205024
4284.61528
4293.333228
4295.38451
4291.794767
4286.153741
4280.512716
4281.025536
4294.358869
4307.179382
4311.281946
4305.64092
4299.487074
4317.948612
4329.743484
4301.025536
4280.512716
4292.820408
4295.897331
4296.922972
4308.205023
4310.769125
4312.307587
4308.717843
4295.38451
4298.974254
4305.1281
4291.281946
4288.205023
4295.897331
4296.922972
4308.717843
4321.025535
4315.89733
4308.205023
4300.512715
4290.256305
4291.281946
4302.051177
4307.179382
4303.076818
4295.38451
4292.820408
4305.1281
4309.230664
4305.64092
4319.999894
4323.076817
4289.230664
4266.666562
4285.1281
4299.999895
4298.974254
4315.89733
4340.512714
4335.384509
4298.461433
4274.87169
4283.589639
4294.87169
4300.512715
4308.205023
4303.076818
4311.281946
4339.999894
4315.89733
4262.051178
4285.1281
4330.256304
4306.666561
4287.692203
4304.102459
4318.461433
4337.435791
4324.615279
4278.461434
4276.922972
4308.717843
4323.589638
4325.128099
4309.230664
4293.846049
4310.256305
4329.230663
4325.128099
4318.461433
4306.666561
4307.179382
4336.922971
4338.974253
4292.820408
4283.589639
4331.794766
4326.15374
4271.794767
4281.538357
4321.025535
4323.076817
4329.230663
4330.769125
4309.230664
4321.025535
4316.922971
4267.179383
4263.589639
4301.538356
4301.025536
4293.846049
4319.487074
4330.769125
4329.743484
4329.230663
4315.89733
4302.051177
4296.922972
4292.820408
4300.512715
4316.922971
4314.358869
4314.871689
4330.769125
4323.589638
4309.230664
4306.666561
4295.38451
4290.256305
4302.563997
4315.38451
4311.794766
4294.358869
4296.410151
4309.743484
4296.922972
4293.846049
4320.512715
4318.974253
4306.153741
4333.333227
4343.076817
4314.358869
4314.358869
4345.128099
4341.025535
4327.179381
4357.948611
4372.307585
4328.717843
4306.666561
4335.89733
4355.897329
4349.743483
4346.15374
4350.256304
4369.230662
4389.230662
4379.999893
4356.41015
4368.717842
4399.487072
4384.102457
4348.717842
4352.307586
4373.846047
4372.820406
4355.384509
4351.281945
4370.256303
4387.17938
4378.461431
4374.871688
4379.999893
4375.897329
4380.512713
4387.6922
4378.974252
4371.281944
4369.743483
4374.358867
4394.871687
4399.487072
4389.230662
4400.512713
4406.153738
4391.794764
4394.358867
4397.94861
4376.410149
4365.640919
4384.615277
4396.922969
4379.999893
4367.17938
4378.974252
4386.153739
4376.410149
4377.43579
4384.615277
4382.563995
4385.640918
4397.94861
4403.076815
4391.794764
4371.281944
4356.92297
4354.358868
4355.897329
4357.948611
4359.487073
4354.871688
4359.999893
4364.102457
4333.846048
4303.589638
4316.410151
4333.333227
4321.538356
4322.563997
4341.025535
4335.384509
4319.487074
4325.128099
4326.666561
4309.230664
4309.230664
4326.15374
4328.205022
4325.128099
4336.922971
4351.794765
4351.794765
4338.974253
4337.948612
4361.538355
4368.717842
4348.205022
4337.435791
4343.589637
4350.256304
4347.179381
4335.89733
4332.820407
4347.179381
4353.333227
4347.179381
4356.41015
4371.281944
4372.820406
4371.281944
4376.92297
4379.999893
4379.999893
4383.076816
4377.948611
4357.435791
4347.179381
4361.538355
4368.205021
4358.974252
4358.461432
4364.615278
4367.692201
4364.615278
4343.589637
4329.230663
4359.999893
4381.025534
4355.384509
4348.717842
4362.563996
4337.435791
4308.205023
4327.692202
4351.794765
4353.846047
4355.897329
4368.205021
4375.384508
4354.871688
4329.230663
4338.461432
4354.358868
4346.66656
4333.333227
4340.512714
4358.974252
4345.640919
4316.922971
4325.128099
4339.487073
4319.487074
4321.025535
4355.897329
4353.846047
4334.358868
4362.051175
4384.615277
4347.179381
4311.281946
4322.051176
4334.871689
4338.974253
4352.307586
4353.846047
4345.128099
4363.076816
4371.794765
4325.64092
4287.692203
4312.307587
4335.89733
4335.384509
4346.15374
4338.974253
4338.461432
4373.333226
4349.230663
4281.538357
4289.230664
4338.974253
4338.461432
4329.743484
4338.974253
4344.102458
4370.256303
4375.384508
4331.281945
4318.974253
4349.743483
4351.794765
4336.922971
4349.230663
4366.66656
4365.640919
4363.589637
4365.128098
4364.615278
4362.563996
4349.743483
4328.205022
4317.435792
4326.15374
4334.358868
4335.89733
4342.051176
4346.66656
4345.128099
4343.076817
4341.025535
4336.41015
4326.15374
4322.563997
4331.281945
4333.333227
4315.89733
4309.743484
4353.333227
4387.17938
4365.128098
4353.846047
4382.051175
4407.179379
4414.358866
4425.640917
4456.922968
4517.948607
4573.846042
4597.948606
4645.640912
4753.333217
4863.589625
4935.897315
5016.922954
5141.538336
5268.71782
5354.871664
5420.512688
5512.820378
5618.461401
5696.922938
5746.153706
5789.743448
5846.153703
5895.897292
5910.256266
5918.461394
5948.204983
5963.589598
5948.204983
5953.846008
5993.333187
5995.384469
5935.38447
5891.794728
5894.871651
5883.076779
5847.692165
5809.230627
5754.358834
5707.692168
5662.563964
5557.948582
5448.204995
5415.897303
5399.999868
5350.256279
5326.666536
5333.846023
5312.820383
5274.358845
5256.410128
5254.871666
5240.512692
5207.17936
5177.435771
5163.076797
5152.307566
5134.871669
5105.640901
5067.179363
5042.051159
5026.153723
4994.358852
4962.563981
4950.256289
4930.25629
4890.256291
4855.897317
4832.307574
4795.897319
4722.563987
4635.897323
4575.384504
4532.820402
4485.640916
4446.666558
4425.128097
4402.563995
4379.487072
4364.102457
4352.820406
4341.538355
4322.051176
4301.025536
4292.307587
4285.640921
4271.281947
4265.128101
4257.435793
4234.871691
4218.461435
4215.897333
4213.33323
4219.999897
4222.563999
4196.410154
4174.871693
4194.358872
4208.205025
4181.538359
4159.999898
4171.79477
4187.692205
4176.922975
4147.692206
4151.79477
4184.102462
4170.769129
4127.179386
4129.230668
4161.025539
4163.589642
4139.999899
4134.358873
4150.769129
4157.948616
4139.487078
4122.051181
4135.897335
4147.179386
4117.435797
4087.692208
4106.666566
4134.358873
4122.564002
4099.487079
4095.897336
4114.871694
4125.128104
4098.461438
4080.512721
4091.281951
4100.51272
4098.461438
4093.846054
4092.820413
4089.230669
4079.48708
4077.948618
4105.128105
4116.922976
4094.871695
4086.666567
4091.794772
4098.461438
4106.666566
4105.128105
4105.640925
4111.794771
4094.871695
4081.538362
4103.076823
4116.922976
4094.871695
4071.281952
4079.9999
4094.358874
4081.538362
4082.564003
4115.897335
4112.820412
4079.48708
4083.076823
4097.948618
4094.358874
4098.974259
4106.666566
4106.153746
4106.666566
4102.564002
4093.846054
4098.974259
4106.153746
4100.51272
4094.871695
4089.74349
4087.179387
4104.615284
4114.358874
4092.820413
4079.48708
4100.51272
4111.281951
4098.461438
4103.589643
4124.102463
4128.717848
4114.358874
4109.230669
4118.974258
4128.717848
4129.230668
4117.435797
4113.333233
4129.743489
4136.922976
4115.897335
4114.871694
4142.564001
4143.589642
4138.461437
4162.564001
4165.128103
4133.333232
4123.589643
4139.487078
4140.512719
4137.435796
4144.102463
4141.02554
4129.230668
4132.820412
4156.410155
4158.974257
4142.051181
4145.128104
4160.512719
4153.846052
4141.02554
4150.256309
4155.384514
4150.769129
4157.948616
4169.230667
4161.53836
4148.205027
4154.871693
4167.179385
4176.410154
4182.05118
4185.640923
4191.281949
4192.30759
4182.05118
4183.589641
4194.871692
4189.743487
4192.30759
4205.640923
4205.128102
4203.07682
4203.07682
4202.051179
4208.205025
4204.102461
4200.512718
4225.640922
4233.84605
4226.153743
4248.205024
4264.10246
4253.333229
4232.820409
4218.461435
4223.07682
4224.102461
4219.487076
4237.948614
4253.84605
4245.128101
4249.743486
4264.61528
4265.640921
4266.153742
4270.256306
4282.051177
4286.153741
4270.256306
4265.128101
4277.948613
4278.461434
4277.435793
4290.256305
4284.102459
4261.025537
4259.999896
4268.205024
4266.666562
4264.10246
4261.025537
4269.230665
4287.179382
4273.846049
4250.256306
4258.974255
4272.307588
4265.640921
4270.256306
4285.1281
4276.922972
4262.563998
4262.051178
4267.179383
4271.794767
4281.025536
4285.640921
4281.538357
4288.717844
4292.307587
4279.999895
4267.692203
4274.87169
4289.743485
4285.640921
4281.538357
4293.846049
4295.897331
4277.435793
4271.281947
4282.051177
4291.794767
4302.563997
4298.461433
4277.948613
4281.025536
4307.692202
4302.563997
4271.794767
4273.846049
4302.051177
4308.205023
4297.948613
4293.333228
4303.076818
4319.487074
4315.89733
4290.769126
4283.589639
4309.230664
4328.717843
4314.871689
4290.256305
4297.948613
4324.615279
4317.948612
4284.102459
4284.102459
4324.102458
4327.179381
4290.256305
4289.230664
4327.179381
4335.89733
4306.153741
4288.717844
4306.666561
4332.820407
4322.051176
4290.769126
4292.307587
4323.589638
4331.281945
4308.717843
4306.153741
4326.666561
4322.051176
4301.538356
4307.692202
4326.15374
4321.025535
4304.102459
4320.512715
4350.256304
4332.820407
4302.051177
4314.358869
4323.076817
4311.281946
4315.89733
4313.333228
4290.769126
4285.640921
4305.64092
4324.615279
4324.615279
4310.769125
4317.948612
4341.538355
4329.230663
4305.64092
4324.615279
4350.769124
4338.461432
4322.051176
4330.256304
4338.974253
4345.640919
4342.051176
4316.922971
4305.64092
4322.563997
4324.615279
4308.205023
4314.358869
4327.692202
4318.974253
4309.743484
4306.153741
4310.769125
4324.615279
4309.230664
4277.948613
4278.461434
4301.025536
4310.256305
4314.358869
4315.38451
4303.589638
4309.743484
4321.025535
4296.410151
4266.666562
4279.487075
4303.076818
4299.487074
4302.051177
4314.871689
4313.846048
4309.230664
4305.64092
4297.948613
4291.794767
4291.281946
4291.794767
4296.410151
4311.281946
4316.410151
4308.717843
4316.410151
4351.794765
4371.794765
4347.692201
4341.538355
4366.66656
4363.076816
4349.743483
4363.589637
4367.692201
4352.820406
4361.025534
4378.974252
4371.281944
4357.435791
4353.333227
4347.179381
4346.66656
4355.384509
4353.846047
4346.66656
4357.948611
4369.743483
4368.205021
4367.692201
4366.66656
4361.025534
4355.897329
4353.846047
4353.846047
4356.92297
4347.692201
4341.538355
4353.846047
4354.358868
4343.589637
4354.871688
4359.487073
4345.128099
4358.974252
4375.384508
4354.358868
4334.358868
4337.948612
4345.128099
4347.179381
4353.846047
4359.487073
4357.948611
4353.333227
4356.92297
4359.999893
4343.076817
4329.743484
4352.820406
4366.153739
4340.512714
4337.435791
4366.153739
4366.66656
4348.717842
4363.589637
4381.538354
4359.999893
4331.794766
4336.922971
4363.589637
4369.743483
4355.897329
4349.743483
4360.512714
4370.769124
4358.461432
4353.846047
4371.281944
4369.230662
4347.692201
4344.102458
4352.307586
4356.92297
4358.461432
4338.974253
4315.38451
4331.281945
4349.230663
4326.666561
4306.153741
4317.948612
4333.846048
4333.333227
4325.64092
4317.948612
4325.128099
4340.512714
4330.769125
4310.769125
4310.769125
4324.102458
4332.820407
4338.974253
4331.281945
4323.076817
4335.89733
4328.717843
4298.974254
4307.692202
4336.922971
4332.307586
4317.948612
4330.769125
4362.051175
4370.256303
4333.333227
4319.487074
4352.820406
4359.999893
4338.461432
4341.025535
4350.256304
4351.794765
4366.153739
4372.307585
4355.897329
4342.563996
4343.076817
4341.538355
4331.794766
4328.717843
4337.435791
4345.128099
4348.205022
4368.205021
4385.128098
4359.999893
4328.717843
4326.666561
4336.41015
4355.384509
4366.66656
4342.051176
4324.102458
4348.717842
4370.769124
4367.692201
4357.435791
4343.589637
4351.281945
4376.410149
4363.589637
4334.871689
4346.66656
4372.820406
4374.871688
4378.461431
4385.640918
4378.974252
4371.794765
4368.205021
4372.820406
4380.512713
4381.025534
4392.307585
4412.307584
4402.563995
4371.281944
4374.871688
4403.076815
4400.512713
4377.948611
4389.743482
4410.256302
4389.743482
4368.205021
4378.461431
4390.256303
4388.717841
4392.820405
4401.025533
4398.461431
4388.205021
4391.794764
4411.281943
4415.384507
4396.922969
4384.615277
4390.769123
4397.43579
4397.94861
4399.999892
4399.487072
4396.410149
4399.999892
4395.897328
4384.615277
4390.769123
4405.640918
4395.384508
4370.769124
4372.307585
4395.897328
4395.384508
4378.974252
4385.640918
4399.999892
4395.384508
4388.205021
4389.230662
4389.743482
4390.769123
4385.128098
4370.256303
4378.461431
4400.512713
4392.820405
4374.358867
4382.051175
4407.6922
4407.6922
4377.43579
4370.256303
4397.94861
4408.717841
4386.666559
4376.410149
4386.153739
4396.922969
4396.410149
4391.794764
4405.640918
4410.769123
4394.871687
4385.128098
4392.307585
4405.640918
4412.820405
4405.640918
4393.846046
4404.102456
4414.871687
4401.025533
4392.307585
4396.410149
4392.820405
4388.717841
4398.974251
4405.640918
4405.640918
4412.307584
4408.717841
4391.794764
4386.666559
4387.6922
4390.256303
4404.615277
4413.333225
4402.051174
4392.820405
4402.563995
4409.230661
4395.897328
4375.897329
4376.92297
4401.538354
4409.743482
4389.743482
4380.512713
4393.333226
4401.025533
4398.974251
4393.333226
4382.051175
4376.92297
4382.051175
4375.384508
4372.307585
4390.769123
4398.974251
4384.615277
4372.307585
4378.974252
4395.384508
4395.897328
4374.358867
4362.051175
4376.410149
4394.358867
4391.794764
4376.410149
4371.794765
4379.999893
4383.076816
4390.256303
4406.153738
4400.512713
4394.358867
4411.794764
4402.051174
4371.281944
4366.66656
4371.281944
4362.563996
4365.640919
4380.512713
4378.461431
4365.128098
4363.076816
4365.128098
4352.820406
4334.871689
4337.435791
4347.692201
4347.692201
4344.615278
4338.461432
4338.461432
4349.230663
4351.281945
4338.461432
4340.512714
4367.692201
4366.66656
4328.205022
4319.487074
4354.871688
4368.205021
4344.102458
4332.307586
4344.615278
4360.512714
4364.102457
4346.66656
4334.358868
4353.333227
4371.794765
4370.256303
4367.692201
4363.076816
4369.743483
4385.128098
4377.948611
4368.717842
4381.538354
4385.128098
4382.563995
4390.256303
4401.025533
4408.717841
4394.871687
4377.43579
4391.794764
4401.025533
4381.538354
4372.307585
4376.92297
4386.666559
4396.410149
4386.153739
4380.512713
4392.307585
4399.999892
4409.743482
4402.051174
4372.307585
4373.846047
4391.794764
4382.563995
4385.128098
4407.6922
4404.615277
4397.94861
4408.20502
4412.820405
4405.640918
4393.333226
4399.999892
4413.846046
4400.512713
4386.153739
4399.999892
4408.717841
4400.512713
4402.563995
4399.999892
4390.256303
4402.051174
4406.153738
4376.410149
4357.435791
4379.999893
4403.076815
4398.461431
4394.358867
4403.076815
4414.358866
4410.769123
4386.153739
4367.17938
4373.333226
4384.615277
4392.307585
4401.025533
4398.461431
4387.17938
4383.076816
4382.051175
4379.999893
4379.487072
4385.640918
4399.999892
4396.410149
4377.43579
4391.281944
4402.051174
4374.358867
4368.717842
4394.358867
4388.717841
4370.256303
4381.538354
4380.512713
4373.333226
4383.076816
4362.563996
4329.230663
4341.538355
4373.846047
4372.307585
4358.974252
4383.589636
4405.128097
4365.128098
4319.999894
4335.89733
4361.025534
4354.358868
4350.256304
4358.974252
4373.333226
4373.333226
4349.743483
4335.89733
4341.025535
4337.948612
4321.538356
4311.794766
4323.589638
4344.102458
4351.281945
4349.230663
4343.589637
4329.230663
4326.15374
4332.820407
4331.281945
4335.384509
4338.461432
4328.717843
4335.89733
4341.025535
4314.871689
4305.1281
4331.281945
4349.230663
4344.615278
4337.948612
4342.563996
4343.589637
4324.102458
4311.281946
4317.948612
4323.076817
4335.89733
4352.307586
4362.563996
4359.487073
4337.435791
4322.563997
4337.948612
4357.435791
4356.41015
4358.974252
4369.230662
4359.999893
4334.871689
4332.820407
4368.717842
4393.333226
4373.333226
4353.846047
4367.692201
4382.051175
4382.563995
4384.615277
4379.999893
4371.794765
4370.256303
4361.538355
4352.820406
4367.17938
4379.999893
4374.871688
4383.589636
4387.17938
4371.281944
4378.974252
4390.256303
4358.974252
4341.025535
4367.17938
4378.974252
4370.256303
4369.743483
4367.692201
4366.66656
4382.563995
4394.358867
4370.769124
4344.102458
4354.871688
4371.281944
4364.102457
4366.153739
4378.461431
4378.461431
4394.358867
4408.717841
4378.461431
4359.999893
4376.92297
4365.640919
4340.512714
4353.846047
4378.461431
4381.025534
4374.358867
4383.076816
4388.717841
4374.871688
4359.999893
4356.41015
4352.820406
4351.794765
4363.076816
4368.205021
4360.512714
4363.076816
4367.692201
4359.999893
4358.461432
4368.205021
4370.769124
4370.769124
4371.281944
4366.66656
4365.640919
4367.692201
4362.563996
4358.461432
4361.025534
4379.999893
4386.153739
4372.820406
4377.948611
4380.512713
4369.743483
4365.640919
4359.487073
4362.563996
4388.717841
4402.051174
4402.051174
4412.820405
4412.820405
4412.307584
4412.307584
4399.487072
4398.974251
4411.281943
4404.102456
4399.487072
4421.025533
4429.230661
4417.94861
4413.846046
4414.358866
4414.871687
4409.743482
4400.512713
4397.43579
4409.743482
4424.102456
4419.999892
4398.974251
4396.410149
4424.102456
4434.871686
4414.358866
4406.666559
4417.94861
4425.640917
4414.871687
4406.153738
4412.820405
4403.589636
4383.589636
4388.205021
4403.076815
4406.153738
4416.922969
4432.307584
4427.692199
4401.538354
4392.820405
4412.307584
4400.512713
4365.128098
4377.948611
4404.615277
4396.410149
4396.410149
4406.153738
4400.512713
4396.410149
4383.589636
4367.17938
4382.051175
4403.589636
4392.307585
4397.94861
4429.230661
4422.563994
4387.6922
4376.92297
4383.076816
4381.538354
4382.563995
4389.230662
4393.333226
4401.025533
4408.717841
4414.358866
4426.666558
4418.974251
4379.487072
4361.025534
4377.43579
4387.17938
4385.640918
4399.999892
4411.794764
4410.256302
4415.384507
4413.846046
4397.43579
4398.974251
4415.897328
4408.717841
4391.794764
4393.846046
4395.897328
4402.563995
4411.281943
4401.025533
4395.384508
4405.128097
4393.846046
4370.256303
4374.871688
4393.333226
4396.922969
4393.846046
4412.307584
4444.615276
4435.897327
4389.743482
4380.512713
4413.846046
4421.538353
4405.640918
4408.20502
4411.281943
4401.025533
4385.640918
4386.153739
4406.666559
4411.281943
4392.307585
4384.615277
4402.563995
4423.076815
4419.999892
4401.025533
4397.43579
4403.076815
4402.051174
4407.179379
4416.922969
4421.025533
4426.666558
4436.410148
4444.615276
4441.025532
4423.589635
4412.307584
4405.640918
4401.538354
4419.487071
4444.102455
4451.281942
4463.589634
4488.717839
4482.563993
4452.820404
4441.025532
4444.615276
4446.666558
4453.846045
4463.076814
4469.74348
4482.563993
4476.410147
4462.563993
4470.769121
4479.48707
4460.512711
4438.97425
4447.179378
4461.025532
4454.871686
4455.384506
4471.281942
4479.99989
4476.410147
4467.692198
4462.563993
4474.871685
4479.99989
4461.025532
4453.846045
4464.102455
4464.102455
4462.051173
4456.410147
4441.538353
4453.333224
4475.384506
4452.820404
4437.435789
4470.769121
4481.025531
4454.871686
4448.71784
4459.999891
4466.666557
4468.205019
4460.512711
4457.435788
4475.384506
4488.205018
4466.153737
4431.281943
4440.512712
4469.74348
4457.948609
4432.820404
4438.97425
4453.333224
4450.256301
4446.666558
4451.794763
4464.615275
4463.589634
4437.435789
4431.794763
4455.384506
4466.153737
4455.897327
4453.333224
4455.897327
4452.307583
4442.051173
4427.179379
4431.281943
4450.769122
4457.948609
4456.410147
4447.179378
4435.897327
4438.97425
4449.23066
4448.205019
4439.487071
4434.358866
4424.615276
4427.179379
4449.743481
4446.666558
4423.589635
4432.820404
4445.128096
4418.974251
4399.999892
4421.025533
4447.179378
4442.051173
4414.358866
4410.256302
4438.46143
4447.179378
4427.692199
4423.076815
4437.435789
4438.97425
4445.640917
4461.025532
4443.076814
4422.051174
4440.512712
4451.794763
4427.692199
4416.922969
4436.410148
4445.128096
4432.307584
4425.640917
4427.179379
4415.897328
4411.281943
4415.897328
4409.230661
4415.897328
4433.846045
4425.128097
4411.281943
4410.769123
4415.897328
4422.051174
4429.230661
4430.256302
4424.615276
4422.563994
4422.563994
4423.076815
4418.974251
4416.922969
4422.051174
4428.20502
4422.563994
4401.025533
4387.6922
4397.94861
4416.410148
4427.692199
4429.743481
4435.897327
4455.897327
4451.794763
4413.333225
4402.051174
4416.410148
4398.974251
4386.153739
4411.281943
4415.897328
4391.794764
4401.025533
4431.281943
4416.410148
4370.769124
4361.538355
4381.025534
4386.666559
4383.589636
4377.43579
4368.205021
4376.92297
4386.666559
4378.974252
4376.410149
4387.17938
4392.820405
4384.615277
4375.384508
4388.205021
4406.666559
4390.256303
4377.948611
4409.743482
4416.410148
4379.487072
4376.410149
4401.025533
4403.076815
4407.6922
4410.769123
4395.897328
4402.051174
4410.769123
4382.563995
4369.230662
4404.102456
4422.051174
4394.871687
4369.743483
4391.794764
4425.640917
4402.051174
4359.999893
4367.692201
4405.128097
4415.897328
4408.717841
4404.615277
4408.717841
4429.230661
4424.615276
4391.281944
4378.461431
4398.461431
4413.846046
4411.794764
4404.102456
4398.461431
4417.94861
4428.20502
4399.487072
4379.487072
4407.6922
4432.820404
4417.94861
4401.538354
4399.487072
4406.666559
4419.487071
4414.871687
4397.43579
4410.769123
4424.102456
4398.974251
4390.256303
4412.307584
4423.076815
4421.538353
4416.922969
4409.743482
4420.512712
4438.97425
4426.666558
4404.102456
4405.128097
4416.410148
4411.281943
4404.615277
4406.153738
4398.974251
4393.333226
4398.974251
4388.205021
4371.794765
4370.256303
4365.640919
4361.538355
4361.025534
4357.435791
4366.153739
4374.358867
4354.358868
4339.487073
4354.358868
4366.153739
4368.205021
4369.230662
4360.512714
4352.307586
4348.205022
4345.640919
4347.692201
4348.717842
4342.051176
4339.999894
4342.563996
4342.051176
4351.794765
4375.384508
4379.999893
4361.538355
4367.692201
4378.461431
4352.820406
4335.384509
4359.999893
4379.999893
4375.384508
4387.6922
4398.461431
4384.102457
4373.333226
4384.102457
4396.922969
4392.307585
4384.615277
4377.948611
4376.410149
4386.153739
4384.615277
4372.820406
4378.974252
4398.461431
4400.512713
4393.846046
4390.256303
4383.076816
4378.974252
4379.999893
4377.43579
4385.128098
4401.025533
4402.563995
4395.897328
4401.538354
4403.589636
4394.871687
4401.538354
4406.153738
4380.512713
4369.743483
4394.871687
4406.666559
4393.846046
4392.307585
4410.256302
4421.538353
4398.974251
4370.256303
4374.358867
4387.17938
4379.487072
4372.307585
4371.794765
4356.92297
4343.589637
4353.846047
4367.692201
4362.563996
4352.820406
4355.897329
4367.17938
4376.410149
4372.307585
4367.17938
4385.640918
4402.563995
4391.794764
4385.128098
4388.717841
4373.846047
4357.435791
4374.358867
4401.538354
4400.512713
4381.025534
4383.076816
4395.897328
4380.512713
4366.153739
4380.512713
4386.666559
4379.487072
4385.128098
4387.6922
4379.487072
4379.999893
4386.666559
4385.128098
4376.92297
4385.128098
4399.999892
4383.589636
4354.871688
4365.128098
4386.666559
4373.333226
4357.435791
4375.897329
4397.94861
4391.281944
4377.43579
4379.999893
4383.076816
4379.999893
4381.025534
4382.563995
4381.538354
4394.871687
4424.615276
4431.794763
4408.20502
4399.999892
4413.846046
4417.94861
4411.794764
4413.333225
4417.94861
4416.410148
4410.769123
4415.384507
4425.640917
4421.538353
4416.922969
4414.871687
4412.820405
4416.922969
4413.846046
4407.179379
4404.615277
4394.358867
4389.230662
4408.20502
4425.640917
4429.743481
4439.999891
4447.692199
4446.153737
4439.999891
4426.153738
4405.640918
4393.846046
4404.102456
4414.358866
4410.769123
4408.20502
4411.281943
4417.435789
4421.025533
4421.538353
4424.615276
4425.128097
4415.897328
4409.743482
4416.410148
4415.384507
4398.461431
4393.846046
4401.025533
4403.589636
4405.640918
4413.333225
4409.230661
4393.333226
4399.999892
4427.692199
4424.102456
4388.205021
4378.461431
4400.512713
4414.871687
4423.076815
4430.769122
4429.743481
4428.71784
4426.153738
4419.487071
4414.871687
4402.051174
4393.846046
4407.6922
4411.281943
4402.563995
4406.666559
4407.179379
4395.384508
4389.743482
4389.230662
4386.666559
4390.256303
4389.230662
4387.6922
4391.281944
4385.640918
4379.487072
4385.128098
4391.794764
4389.230662
4384.102457
4376.410149
4367.692201
4366.66656
4366.153739
4369.230662
4373.333226
4367.17938
4367.17938
4374.871688
4376.410149
4371.281944
4365.128098
4353.846047
4355.384509
4369.743483
4370.769124
4368.717842
4369.743483
4354.871688
4341.025535
4343.076817
4353.333227
4374.358867
4390.256303
4377.43579
4356.92297
4353.333227
4369.230662
4378.461431
4359.487073
4357.435791
4380.512713
4381.025534
4371.281944
4382.563995
4385.640918
4377.948611
4383.589636
4388.205021
4382.051175
4380.512713
4391.794764
4394.871687
4382.051175
4385.640918
4399.999892
4398.461431
4392.307585
4398.461431
4397.43579
4395.897328
4407.6922
4412.820405
4413.846046
4410.256302
4394.871687
4392.307585
4407.6922
4415.384507
4414.358866
4418.974251
4424.615276
4421.538353
4407.179379
4412.820405
4438.97425
4430.256302
4397.43579
4398.974251
4422.051174
4430.256302
4428.20502
4427.179379
4433.846045
4446.666558
4439.999891
4428.71784
4433.846045
4437.435789
4437.435789
4438.97425
4433.333225
4427.692199
4430.256302
4430.256302
4425.640917
4412.820405
4397.43579
4397.43579
4395.384508
4382.051175
4377.43579
4380.512713
4382.051175
4379.487072
4379.999893
4375.897329
4363.589637
4369.743483
4377.948611
4347.692201
4325.128099
4347.692201
4365.128098
4362.051175
4367.692201
4365.128098
4349.230663
4339.999894
4343.589637
4340.512714
4328.717843
4335.384509
4342.051176
4325.64092
4321.538356
4339.487073
4346.15374
4345.128099
4346.15374
4355.897329
4366.66656
4347.179381
4322.051176
4330.256304
4347.692201
4349.743483
4352.820406
4358.461432
4355.897329
4357.948611
4369.743483
4371.794765
4357.435791
4350.256304
4356.92297
4369.743483
4383.076816
4382.563995
4375.384508
4389.743482
4398.974251
4379.999893
4363.076816
4367.17938
4373.846047
4371.794765
4375.384508
4390.769123
4398.974251
4385.128098
4381.538354
4391.794764
4383.589636
4370.769124
4365.128098
4368.717842
4386.153739
4401.025533
4387.6922
4378.461431
4390.256303
4382.051175
4364.102457
4375.384508
4386.153739
4376.92297
4377.948611
4387.17938
4386.153739
4388.205021
4385.128098
4367.17938
4364.615278
4380.512713
4379.999893
4366.66656
4360.512714
4365.640919
4377.43579
4383.589636
4381.538354
4387.6922
4396.922969
4387.17938
4369.230662
4359.487073
4358.974252
4373.846047
4386.666559
4377.43579
4367.17938
4366.153739
4368.205021
4365.128098
4363.076816
4361.538355
4346.15374
4344.615278
4363.076816
4363.076816
4353.333227
4367.17938
4370.769124
4351.794765
4356.41015
4367.692201
4364.102457
4361.025534
4358.461432
4355.897329
4362.051175
4379.999893
4392.820405
4391.281944
4387.6922
4384.102457
4366.66656
4350.256304
4362.051175
4384.615277
4382.563995
4373.333226
4378.461431
4383.076816
4386.666559
4405.128097
4421.538353
4414.871687
4407.6922
4416.410148
4413.846046
4394.358867
4375.897329
4369.743483
4373.333226
4387.17938
4400.512713
4399.487072
4398.974251
4404.615277
4407.179379
4403.589636
4397.43579
4393.333226
4388.717841
4386.666559
4398.974251
4423.076815
4428.71784
4418.974251
4421.025533
4435.384507
4429.230661
4407.179379
4410.256302
4430.769122
4430.256302
4416.922969
4413.333225
4410.769123
4413.846046
4425.128097
4429.743481
4437.948609
4447.692199
4441.538353
4431.281943
4430.256302
4428.71784
4426.666558
4432.307584
4444.102455
4448.205019
4442.563994
4449.23066
4458.461429
4451.281942
4438.97425
4438.46143
4440.512712
4438.46143
4448.71784
4461.025532
4454.358865
4446.153737
4454.358865
4471.281942
4478.974249
4468.205019
4452.820404
4462.563993
4480.512711
4478.461429
4474.358865
4478.461429
4482.051172
4475.897326
4474.871685
4487.692198
4486.153736
4468.205019
4473.846044
4494.871685
4496.410146
4488.717839
4494.358864
4509.230659
4505.128095
4486.153736
4490.2563
4508.205018
4508.205018
4505.640915
4516.922966
4533.333222
4552.307581
4559.487068
4555.897324
4569.230657
4590.769119
4587.692196
4571.281939
4570.256298
4572.307581
4572.820401
4578.974247
4565.128093
4523.589633
4504.615274
4505.128095
