
4331.281945
4333.846048
4314.871689
4305.1281
4317.948612
4321.025535
4323.589638
4335.384509
4335.89733
4319.999894
4312.820407
4333.333227
4342.051176
4325.128099
4332.820407
4349.743483
4333.333227
4325.64092
4346.66656
4352.820406
4349.230663
4350.769124
4351.281945
4355.897329
4355.384509
4345.640919
4346.15374
4357.435791
4355.897329
4345.128099
4345.640919
4353.333227
4349.743483
4342.563996
4349.743483
4353.333227
4341.538355
4351.794765
4372.820406
4359.999893
4339.487073
4343.589637
4342.051176
4333.846048
4341.538355
4345.640919
4336.41015
4342.051176
4349.743483
4331.281945
4320.512715
4331.794766
4331.281945
4322.051176
4326.15374
4338.974253
4344.102458
4336.922971
4328.717843
4334.358868
4340.512714
4324.102458
4312.820407
4321.025535
4328.717843
4330.769125
4334.358868
4335.89733
4334.871689
4342.563996
4343.076817
4337.948612
4351.281945
4359.999893
4348.205022
4350.256304
4364.615278
4362.563996
4359.487073
4364.102457
4358.974252
4356.92297
4366.153739
4366.66656
4368.205021
4373.846047
4373.333226
4375.384508
4385.128098
4383.589636
4372.307585
4374.358867
4383.076816
4381.025534
4370.769124
4365.640919
4362.051175
4341.538355
4319.999894
4316.410151
4319.999894
4316.410151
4320.512715
4335.384509
4343.589637
4340.512714
4343.589637
4355.384509
4358.974252
4351.794765
4347.179381
4343.589637
4338.974253
4343.076817
4351.794765
4348.717842
4339.487073
4342.563996
4343.076817
4337.435791
4340.512714
4337.435791
4328.717843
4335.89733
4349.230663
4350.256304
4358.974252
4375.384508
4371.281944
4366.153739
4368.205021
4352.820406
4334.358868
4341.025535
4351.281945
4358.974252
4374.358867
4381.538354
4379.999893
4384.102457
4384.102457
4382.563995
4384.102457
4383.589636
4387.6922
4396.410149
4398.974251
4398.974251
4396.922969
4385.128098
4376.92297
4390.256303
4402.051174
4397.43579
4394.358867
4402.051174
4403.076815
4395.384508
4394.358867
4404.615277
4416.922969
4414.358866
4405.128097
4399.487072
4398.461431
4408.20502
4415.384507
4401.025533
4390.769123
4402.051174
4399.999892
4387.17938
4390.256303
4395.384508
4402.563995
4408.20502
4396.410149
4386.666559
4402.563995
4408.20502
4392.307585
4388.717841
4395.897328
4404.102456
4409.743482
4403.589636
4394.871687
4394.871687
4396.410149
4397.94861
4402.051174
4398.461431
4396.410149
4399.487072
4398.461431
4406.153738
4413.846046
4406.666559
4404.102456
4412.307584
4409.743482
4393.333226
4376.92297
4371.794765
4375.897329
4372.820406
4361.025534
4364.615278
4369.743483
4356.92297
4345.640919
4346.15374
4342.051176
4337.948612
4349.743483
4372.820406
4386.153739
4376.92297
4371.794765
4382.563995
4374.871688
4361.025534
4369.230662
4367.692201
4346.66656
4345.640919
4366.153739
4382.051175
4384.615277
4378.461431
4382.563995
4385.640918
4371.281944
4363.076816
4374.358867
4392.307585
4400.512713
4392.307585
4390.769123
4400.512713
4395.897328
4391.794764
4395.897328
4378.974252
4364.615278
4379.487072
4387.17938
4378.461431
4381.538354
4397.94861
4399.999892
4389.230662
4393.846046
4399.487072
4382.563995
4378.461431
4394.358867
4399.999892
4397.94861
4400.512713
4399.487072
4395.384508
4400.512713
4409.743482
4398.461431
4381.538354
4390.256303
4392.820405
4373.333226
4381.025534
4413.846046
4422.051174
4411.281943
4417.435789
4425.640917
4418.974251
4416.922969
4419.487071
4418.974251
4422.051174
4419.487071
4406.666559
4414.871687
4432.307584
4428.20502
4432.307584
4442.563994
4434.358866
4428.71784
4441.538353
4446.666558
4434.358866
4433.846045
4438.46143
4438.97425
4448.205019
4460.512711
4457.948609
4450.769122
4451.794763
4451.794763
4447.692199
4443.076814
4447.692199
4468.717839
4483.076813
4470.769121
4460.512711
4465.640916
4464.102455
4459.48707
4470.256301
4479.48707
4470.769121
4474.358865
4484.102454
4462.563993
4437.435789
4443.076814
4443.076814
4429.230661
4436.410148
4444.102455
4429.743481
4426.153738
4442.563994
4450.769122
4451.794763
4461.025532
4461.025532
4445.640917
4441.025532
4453.333224
4466.153737
4465.640916
4459.48707
4461.025532
4471.281942
4476.410147
4470.256301
4461.025532
4462.563993
4475.897326
4478.461429
4470.769121
4480.512711
4492.820403
4478.461429
4467.179378
4486.153736
4493.333223
4468.717839
4466.666557
4482.051172
4466.153737
4452.307583
4470.256301
4483.076813
4478.461429
4470.256301
4473.846044
4484.615275
4484.615275
4481.538352
4489.74348
4493.333223
4487.692198
4498.461428
4510.2563
4504.102454
4507.692197
4518.974248
4523.076812
4523.589633
4525.640915
4526.666556
4531.28194
4540.512709
4537.435786
4528.205017
4530.76912
4539.487068
4545.128094
4554.358863
4563.589632
4558.461427
4551.28194
4554.358863
4554.871683
4552.307581
4551.28194
4556.922965
4567.179375
4571.281939
4566.666555
4568.205016
4572.820401
4573.333222
4570.769119
4568.205016
4577.435786
4591.79476
4581.53835
4566.153734
4584.102452
4600.512708
4589.743478
4578.974247
4570.769119
4566.153734
4581.025529
4591.79476
4581.53835
4573.846042
4572.307581
4567.692196
4567.179375
4574.358863
4570.769119
4553.846042
4551.79476
4572.307581
4576.410145
4559.999888
4551.28194
4553.333222
4552.820401
4550.256299
4553.333222
4563.076811
4553.846042
4527.179376
4522.051171
4527.692197
4510.76912
4498.461428
4501.025531
4495.384505
4484.615275
4476.410147
4473.333224
4481.538352
4487.179377
4490.2563
4497.435787
4488.717839
4467.692198
4472.820403
4489.74348
4485.128095
4468.205019
4472.820403
4492.820403
4488.205018
4476.410147
4483.589634
4477.948608
4460.512711
4469.23066
4481.538352
4471.794762
4471.281942
4479.48707
4478.461429
4471.794762
4472.307583
4480.512711
4469.23066
4452.307583
4465.128096
4478.974249
4467.179378
4455.384506
4461.538352
4470.769121
4464.102455
4454.358865
4463.589634
4471.281942
4457.435788
4451.794763
4468.205019
4479.99989
4476.410147
4471.281942
4483.076813
4497.948608
4487.179377
4471.281942
4478.461429
4489.230659
4491.281941
4493.846044
4492.307582
4491.794762
4498.974249
4495.897326
4488.717839
4492.820403
4494.871685
4486.666557
4475.897326
4474.358865
4485.640916
4494.871685
4492.307582
4486.666557
4485.128095
4490.769121
4497.435787
4490.769121
4485.128095
4490.769121
4492.307582
4486.666557
4483.589634
4488.717839
4488.205018
4475.384506
4473.333224
4487.692198
4497.435787
4493.846044
4490.769121
4492.307582
4489.230659
4476.410147
4472.307583
4489.74348
4492.307582
4476.410147
4474.358865
4476.922967
4476.410147
4486.666557
4487.692198
4471.794762
4474.358865
4487.179377
4492.307582
4509.230659
4515.384505
4495.897326
4488.717839
4492.820403
4478.974249
4455.384506
4443.076814
4432.820404
4418.974251
4410.769123
4416.922969
4435.384507
4446.666558
4451.794763
4457.435788
4458.97425
4461.538352
4464.102455
4461.025532
4458.97425
4462.563993
4463.589634
4461.538352
4458.97425
4453.846045
4457.435788
4458.461429
4448.205019
4448.205019
4452.307583
4437.435789
4424.102456
4437.435789
4446.666558
4442.051173
4449.743481
4462.051173
4461.025532
4458.461429
4461.025532
4459.48707
4458.97425
4456.922968
4449.23066
4442.051173
4441.538353
4450.769122
4459.48707
4461.538352
4457.948609
4448.71784
4442.051173
4442.563994
4442.563994
4447.692199
4461.538352
4461.538352
4445.128096
4435.897327
4438.97425
4441.538353
4440.512712
4442.051173
4446.153737
4444.615276
4439.487071
4445.640917
4457.435788
4458.461429
4451.281942
4451.794763
4457.435788
4461.025532
4463.076814
4459.999891
4454.871686
4458.97425
4463.589634
4457.948609
4455.897327
4459.48707
4454.358865
4445.128096
4442.563994
4442.563994
4444.102455
4436.922968
4425.128097
4435.897327
4446.666558
4433.846045
4433.846045
4450.256301
4444.102455
4435.897327
4451.794763
4451.794763
4435.384507
4437.948609
4459.48707
4478.461429
4475.384506
4453.333224
4443.076814
4447.692199
4440.512712
4442.563994
4456.410147
4448.71784
4441.538353
4455.384506
4462.563993
4458.97425
4453.846045
4442.563994
4441.538353
4451.281942
4449.23066
4444.102455
4447.179378
4444.102455
4434.358866
4423.589635
4407.6922
4390.256303
4386.153739
4396.410149
4400.512713
4390.256303
4384.102457
4387.17938
4381.025534
4370.256303
4372.820406
4374.358867
4363.589637
4355.384509
4360.512714
4357.435791
4336.41015
4328.205022
4325.128099
4308.205023
4302.563997
4304.615279
4293.846049
4291.794767
4301.025536
4295.38451
4284.102459
4284.61528
4284.102459
4270.256306
4262.563998
4274.87169
4280.512716
4276.410152
4279.999895
4276.410152
4262.051178
4259.999896
4263.076819
4258.974255
4249.230665
4245.640922
4254.35887
4255.384511
4246.153742
4245.640922
4246.666563
4244.615281
4248.205024
4243.076819
4231.794768
4238.461435
4242.051178
4239.487076
4246.153742
4245.128101
4230.769127
4221.538358
4232.307589
4244.10246
4241.025537
4231.794768
4232.820409
4237.435794
4239.487076
4246.666563
4243.58964
4229.230666
4228.205025
4243.076819
4250.769127
4240.512717
4228.717845
4233.33323
4241.538358
4230.256307
4221.538358
4225.640922
4223.07682
4211.794769
4213.33323
4221.538358
4215.897333
4221.025538
4234.358871
4225.128102
4207.692205
4216.922974
4226.666563
4211.794769
4216.410153
4239.999896
4226.666563
4208.717846
4224.615281
4231.281948
4214.871692
4215.384512
4223.07682
4217.948615
4214.871692
4210.769128
4206.666564
4215.897333
4224.615281
4229.230666
4231.794768
4230.769127
4233.84605
4231.794768
4217.435794
4216.410153
4230.769127
4238.974255
4234.871691
4222.563999
4215.384512
4219.487076
4210.769128
4186.666564
4178.461436
4184.102462
4186.153744
4177.948616
4173.846052
4183.589641
4180.512718
4171.79477
4182.05118
4184.615282
4175.384513
4183.076821
4192.30759
4185.640923
4183.589641
4185.640923
4181.538359
4181.538359
4189.743487
4187.179385
4174.358872
4175.384513
4189.230667
4185.640923
4167.692206
4168.717847
4186.153744
4193.846051
4185.128103
4185.128103
4202.564
4207.179384
4190.256308
4181.025539
4186.153744
4184.615282
4189.230667
4198.974256
4194.871692
4191.794769
4200.512718
4203.07682
4196.922974
4201.538359
4210.256307
4209.743487
4213.846051
4223.07682
4206.153743
4183.076821
4198.461436
4218.461435
4215.897333
4211.794769
4218.461435
4230.769127
4234.358871
4226.666563
4221.538358
4226.666563
4231.794768
4232.820409
4229.230666
4225.640922
4233.33323
4240.512717
4228.205025
4216.922974
4235.384512
4243.58964
4224.102461
4221.538358
4237.435794
4233.84605
4224.102461
4227.179384
4232.307589
4232.820409
4230.769127
4233.33323
4233.33323
4236.922973
4251.794768
4251.794768
4242.051178
4242.051178
4236.410153
4233.33323
4254.871691
4259.487075
4250.769127
4264.61528
4264.10246
4241.538358
4245.128101
4264.61528
4272.307588
4262.563998
4249.230665
4261.538357
4276.410152
4256.410152
4239.999896
4267.692203
4295.38451
4275.897331
4250.256306
4255.384511
4272.820408
4287.179382
4292.820408
4280.512716
4274.87169
4286.666562
4276.922972
4257.948614
4269.230665
4285.640921
4273.846049
4245.640922
4237.948614
4249.230665
4248.717845
4230.769127
4218.461435
4223.07682
4235.897332
4249.743486
4251.281947
4236.410153
4235.897332
4251.281947
4243.58964
4228.717845
4239.999896
4254.871691
4255.384511
4254.35887
4250.256306
4248.205024
4252.307588
4249.743486
4244.10246
4252.307588
4265.128101
4267.692203
4261.025537
4259.999896
4265.128101
4266.153742
4265.640921
4269.230665
4274.87169
4272.820408
4265.640921
4266.666562
4266.153742
4259.999896
4273.846049
4285.1281
4269.230665
4265.640921
4277.948613
4270.769126
4258.974255
4263.076819
4271.281947
4282.051177
4288.717844
4286.153741
4291.794767
4294.87169
4286.666562
4281.025536
4287.692203
4308.205023
4313.846048
4289.230664
4271.794767
4286.666562
4299.999895
4287.179382
4278.974254
4292.307587
4310.256305
4313.846048
4303.589638
4296.410151
4297.948613
4307.692202
4313.846048
4308.205023
4294.358869
4293.333228
4314.358869
4318.461433
4298.974254
4296.922972
4311.794766
4313.846048
4312.307587
4314.871689
4314.358869
4311.281946
4309.230664
4310.256305
4306.153741
4301.025536
4303.076818
4311.794766
4322.563997
4325.64092
4316.410151
4308.717843
4312.307587
4309.743484
4307.179382
4310.256305
4301.538356
4292.307587
4303.076818
4315.89733
4312.820407
4304.102459
4297.948613
4295.38451
4293.846049
4289.743485
4299.487074
4318.461433
4309.230664
4290.769126
4293.333228
4289.743485
4277.948613
4274.35887
4268.717844
4260.512716
4261.538357
4273.846049
4286.153741
4286.153741
4279.999895
4286.153741
4298.461433
4303.076818
4304.615279
4302.051177
4295.897331
4295.38451
4304.102459
4304.615279
4293.333228
4291.281946
4297.435792
4300.512715
4306.153741
4310.256305
4300.512715
4294.358869
4289.743485
4279.487075
4283.076818
4294.87169
4299.487074
4311.281946
4325.128099
4309.230664
4290.769126
4303.589638
4314.871689
4306.666561
4309.743484
4321.025535
4313.333228
4296.922972
4293.333228
4300.512715
4308.205023
4313.846048
4317.948612
4322.051176
4328.717843
4331.281945
4319.999894
4309.230664
4316.410151
4328.205022
4328.717843
4325.128099
4325.64092
4328.205022
4330.256304
4322.563997
4315.38451
4317.435792
4319.999894
4318.461433
4315.89733
4310.769125
4306.153741
4311.281946
4322.563997
4330.256304
4321.538356
4308.717843
4316.922971
4325.64092
4322.051176
4326.666561
4333.846048
4334.871689
4335.384509
4328.717843
4327.692202
4350.256304
4353.846047
4339.999894
4352.307586
4354.358868
4329.743484
4326.666561
4350.256304
4360.512714
4354.358868
4348.717842
4346.15374
4344.615278
4337.948612
4339.487073
4348.717842
4354.871688
4358.461432
4356.92297
4355.897329
4366.153739
4369.230662
4354.358868
4348.205022
4350.256304
4345.640919
4349.743483
4362.051175
4363.076816
4352.820406
4345.640919
4339.487073
4324.102458
4303.589638
4293.333228
4293.846049
4298.461433
4296.410151
4281.538357
4270.769126
4281.538357
4291.794767
4287.692203
4292.307587
4307.179382
4314.358869
4317.435792
4320.512715
4317.435792
4310.256305
4307.179382
4308.717843
4312.307587
4311.794766
4305.1281
4309.230664
4327.692202
4325.128099
4298.974254
4296.410151
4313.846048
4315.89733
4310.256305
4321.025535
4330.769125
4322.051176
4308.205023
4310.769125
4322.563997
4327.179381
4326.666561
4317.948612
4309.230664
4307.179382
4310.769125
4318.974253
4327.692202
4332.820407
4331.281945
4321.538356
4314.871689
4327.179381
4347.692201
4350.769124
4337.948612
4333.846048
4340.512714
4334.871689
4335.384509
4348.205022
4346.66656
4336.41015
4341.025535
4348.205022
4338.461432
4330.769125
4349.230663
4364.615278
4345.128099
4328.717843
4352.307586
4367.692201
4348.205022
4334.358868
4344.102458
4357.435791
4358.461432
4350.256304
4344.615278
4358.974252
4365.640919
4338.974253
4327.692202
4354.871688
4374.871688
4372.307585
4367.17938
4367.692201
4380.512713
4384.102457
4363.076816
4354.358868
4366.66656
4367.692201
4360.512714
4366.153739
4374.358867
4370.769124
4366.153739
4374.871688
4391.794764
4396.410149
4386.666559
4375.897329
4369.743483
4373.333226
4379.487072
4377.948611
4373.846047
4379.999893
4393.333226
4390.769123
4375.384508
4371.281944
4383.076816
4387.17938
4377.43579
4372.820406
4371.281944
4376.410149
4385.640918
4374.358867
4349.743483
4339.487073
4332.820407
4327.179381
4326.15374
4313.333228
4305.1281
4317.948612
4332.820407
4342.051176
4339.487073
4330.256304
4342.563996
4349.743483
4324.102458
4322.051176
4351.794765
4356.41015
4346.15374
4356.92297
4361.025534
4341.025535
4328.717843
4330.256304
4319.487074
4306.666561
4311.794766
4321.538356
4329.230663
4333.846048
4330.256304
4336.922971
4343.076817
4329.230663
4326.15374
4344.615278
4342.051176
4322.563997
4315.38451
4320.512715
4329.743484
4336.41015
4343.076817
4346.15374
4335.384509
4322.563997
4321.025535
4328.205022
4338.974253
4343.076817
4338.461432
4347.692201
4351.794765
4341.538355
4351.794765
4366.66656
4355.384509
4344.102458
4356.92297
4369.230662
4363.076816
4358.974252
4363.076816
4367.17938
4371.281944
4371.281944
4363.589637
4360.512714
4363.076816
4354.871688
4352.820406
4369.230662
4374.871688
4368.205021
4373.846047
4390.769123
4398.974251
4392.307585
4381.025534
4370.769124
4371.281944
4378.461431
4381.025534
4383.076816
4390.256303
4405.640918
4417.435789
4407.6922
4399.999892
4408.717841
4404.615277
4393.846046
4402.051174
4411.794764
4407.179379
4402.563995
4405.640918
4414.871687
4410.256302
4395.384508
4404.615277
4419.999892
4405.640918
4391.281944
4390.769123
4388.205021
4396.922969
4406.666559
4393.333226
4382.563995
4390.769123
4388.205021
4376.410149
4373.333226
4374.358867
4371.794765
4362.563996
4354.358868
4357.435791
4358.974252
4345.128099
4324.615279
4313.846048
4317.948612
4311.281946
4293.846049
4293.333228
4293.846049
4285.1281
4287.179382
4300.512715
4306.666561
4310.769125
4318.974253
4320.512715
4318.461433
4325.64092
4330.769125
4313.846048
4302.563997
4308.717843
4306.153741
4310.256305
4315.89733
4306.666561
4311.794766
4316.410151
4305.64092
4316.410151
4320.512715
4292.307587
4296.922972
4324.615279
4319.999894
4326.666561
4348.205022
4346.66656
4340.512714
4332.307586
4324.615279
4331.281945
4329.743484
4314.358869
4326.15374
4346.66656
4338.461432
4346.15374
4357.435791
4337.948612
4333.846048
4345.128099
4332.307586
4331.794766
4356.41015
4352.307586
4335.89733
4345.128099
4354.358868
4345.128099
4331.281945
4327.179381
4342.563996
4357.948611
4343.589637
4322.051176
4329.230663
4349.230663
4355.384509
4356.92297
4356.92297
4357.948611
4368.205021
4369.743483
4364.102457
4367.17938
4367.17938
4355.384509
4348.205022
4357.948611
4370.769124
4365.128098
4345.640919
4342.563996
4372.307585
4384.102457
4361.538355
4352.307586
4367.692201
4377.43579
4369.743483
4361.025534
4357.435791
4358.974252
4367.17938
4379.999893
4385.640918
4383.076816
4389.230662
4388.205021
4373.333226
4369.743483
4380.512713
4384.102457
4375.384508
4373.333226
4386.666559
4398.974251
4395.897328
4389.743482
4391.794764
4387.6922
4379.487072
4393.333226
4407.6922
4378.461431
4350.769124
4365.640919
4367.17938
4345.128099
4350.256304
4364.615278
4354.871688
4349.743483
4355.897329
4368.717842
4385.640918
4387.17938
4375.897329
4371.794765
4366.66656
4358.461432
4363.076816
4365.128098
4356.92297
4352.307586
4361.025534
4375.897329
4382.563995
4385.640918
4386.153739
4368.205021
4352.820406
4364.102457
4369.743483
4357.435791
4364.615278
4384.615277
4389.230662
4381.025534
4384.102457
4392.820405
4383.589636
4372.307585
4368.717842
4364.102457
4362.563996
4359.487073
4339.487073
4330.769125
4361.025534
4384.615277
4384.102457
4383.589636
4379.999893
4387.17938
4394.871687
4374.358867
4352.307586
4365.640919
4394.871687
4402.563995
4388.205021
4378.974252
4387.6922
4392.307585
4383.589636
4376.410149
4381.538354
4403.076815
4407.179379
4378.974252
4359.999893
4365.128098
4366.66656
4362.563996
4368.205021
4374.358867
4370.769124
4376.410149
4399.487072
4389.743482
4353.846047
4347.179381
4352.820406
4345.640919
4347.179381
4355.897329
4359.999893
4370.769124
4382.051175
4388.717841
4392.307585
4371.794765
4344.102458
4342.051176
4347.692201
4339.487073
4341.025535
4352.307586
4356.92297
4370.256303
4380.512713
4374.871688
4374.871688
4374.358867
4359.999893
4349.230663
4358.974252
4366.66656
4363.589637
4354.871688
4354.871688
4375.897329
4386.666559
4368.717842
4346.15374
4334.871689
4321.025535
4306.666561
4309.230664
4303.076818
4286.666562
4303.589638
4327.692202
4315.89733
4311.794766
4336.922971
4348.205022
4338.974253
4337.948612
4344.615278
4338.974253
4324.615279
4328.717843
4339.487073
4328.717843
4328.205022
4345.640919
4342.563996
4339.999894
4355.384509
4345.128099
4319.999894
4329.743484
4352.307586
4344.102458
4330.256304
4348.717842
4368.717842
4362.051175
4354.871688
4363.589637
4371.794765
4366.66656
4353.333227
4352.820406
4365.128098
4367.692201
4355.384509
4341.538355
4333.333227
4337.948612
4349.230663
4351.281945
4355.384509
4369.230662
4372.820406
4366.66656
4363.589637
4370.256303
4376.410149
4367.692201
4361.538355
4373.846047
4384.615277
4378.461431
4382.563995
4397.43579
4393.333226
4387.6922
4398.974251
4399.999892
4377.948611
4367.17938
4382.051175
4385.640918
4367.692201
4366.153739
4386.153739
4391.281944
4388.717841
4393.846046
4396.410149
4409.743482
4420.512712
4398.461431
4389.230662
4408.20502
4388.717841
4357.435791
4374.358867
4382.051175
4356.41015
4359.487073
4390.769123
4398.461431
4391.794764
4402.051174
4408.20502
4392.820405
4375.897329
4378.461431
4386.153739
4374.358867
4363.589637
4370.769124
4379.487072
4381.025534
4379.487072
4387.17938
4403.589636
4401.538354
4377.43579
4366.153739
4364.102457
4357.435791
4369.230662
4389.230662
4398.974251
4411.794764
4421.538353
4413.333225
4392.307585
4366.66656
4353.333227
4346.15374
4318.974253
4294.358869
4305.1281
4324.615279
4323.589638
4324.102458
4342.051176
4345.128099
4332.820407
4337.948612
4341.025535
4325.64092
4321.538356
4325.128099
4312.820407
4300.512715
4306.153741
4316.410151
4319.487074
4306.666561
4296.922972
4295.897331
4293.846049
4300.512715
4313.333228
4313.333228
4310.769125
4323.589638
4338.974253
4336.922971
4324.615279
4321.025535
4332.820407
4344.615278
4343.076817
4335.384509
4342.563996
4352.307586
4346.15374
4343.076817
4351.794765
4353.333227
4349.230663
4350.256304
4348.205022
4350.769124
4360.512714
4351.281945
4342.563996
4358.974252
4372.307585
4363.076816
4359.487073
4375.897329
4386.666559
4380.512713
4373.333226
4371.794765
4362.051175
4343.589637
4338.974253
4346.66656
4350.256304
4359.999893
4375.384508
4378.974252
4374.871688
4382.563995
4397.43579
4403.076815
4400.512713
4396.410149
4393.333226
4395.384508
4401.538354
4402.051174
4396.922969
4408.20502
4426.153738
4409.743482
4383.589636
4396.922969
4416.922969
4400.512713
4381.538354
4398.974251
4419.487071
4425.128097
4430.769122
4435.384507
4430.769122
4421.538353
4422.563994
4428.71784
4427.179379
4424.615276
4429.743481
4432.820404
4423.076815
4426.153738
4445.640917
4441.538353
4417.94861
4409.230661
4403.076815
4389.743482
4390.769123
4405.128097
4411.794764
4411.794764
4408.20502
4398.461431
4393.333226
4405.128097
4407.6922
4390.256303
4388.205021
4396.922969
4384.615277
4377.43579
4386.153739
4376.92297
4355.384509
4351.281945
4344.615278
4324.102458
4313.846048
4316.922971
4312.820407
4303.076818
4303.589638
4312.820407
4323.076817
4331.281945
4337.948612
4350.256304
4355.897329
4347.179381
4340.512714
4336.922971
4328.205022
4330.256304
4351.794765
4361.025534
4349.230663
4339.999894
4343.076817
4352.820406
4364.615278
4368.717842
4362.563996
4361.025534
4371.281944
4379.999893
4370.256303
4363.589637
4383.589636
4395.897328
4383.589636
4381.025534
4397.94861
4404.615277
4392.820405
4386.666559
4395.897328
4396.410149
4388.205021
4390.256303
4395.897328
4402.563995
4420.512712
4434.358866
4438.97425
4449.743481
4457.435788
4451.281942
4438.46143
4427.692199
4431.794763
4430.256302
4416.922969
4421.538353
4442.563994
4454.871686
4460.512711
4461.025532
4451.281942
4446.666558
4445.128096
4432.307584
4425.128097
4435.897327
4450.256301
4458.461429
4469.74348
4471.794762
4465.128096
4471.794762
4474.358865
4459.48707
4460.512711
4479.99989
4477.948608
4470.256301
4482.563993
4485.128095
4476.410147
4478.974249
4493.846044
4496.922967
4479.48707
4477.948608
4490.769121
4477.948608
4464.102455
4484.102454
4493.846044
4478.974249
4488.717839
4508.205018
4503.076813
4494.871685
4492.307582
4490.2563
4499.99989
4505.128095
4496.922967
4484.102454
4477.948608
4482.051172
4491.281941
4497.435787
4490.769121
4486.153736
4490.2563
4489.230659
4479.99989
4467.179378
4448.71784
4424.615276
4414.358866
4418.974251
4430.769122
4446.666558
4444.102455
4429.230661
4426.666558
4430.256302
4430.769122
4432.307584
4433.333225
4429.230661
4429.230661
4444.102455
4464.102455
4464.615275
4452.820404
4459.48707
4465.640916
4448.205019
4435.897327
4439.487071
4443.589635
4444.615276
4435.897327
4427.179379
4439.999891
4457.435788
4463.589634
4465.128096
4452.307583
4433.333225
4434.871686
4445.128096
4437.948609
4429.743481
4428.71784
4419.999892
4409.230661
4404.102456
4408.20502
4417.94861
4421.025533
4413.846046
4405.640918
4398.974251
4394.358867
4396.922969
4397.94861
4406.666559
4418.46143
4406.153738
4397.43579
4412.307584
4413.846046
4399.487072
4405.640918
4414.871687
4410.769123
4410.769123
4412.820405
4417.94861
4426.153738
4427.692199
4434.358866
4441.025532
4438.46143
4443.076814
4445.128096
4428.71784
4424.615276
4434.871686
4429.230661
4423.076815
4426.153738
4434.358866
4449.743481
4448.71784
4430.256302
4422.563994
4426.666558
4423.589635
4423.076815
4428.71784
4432.820404
4428.71784
4426.666558
4443.589635
4459.999891
4460.512711
4458.461429
4453.333224
4442.563994
4438.97425
4441.538353
4441.025532
4444.102455
4448.205019
4448.205019
4446.153737
4442.051173
4442.051173
4443.076814
4444.102455
4449.23066
4447.179378
4439.487071
4436.922968
4425.640917
4411.281943
4398.974251
4378.974252
4364.615278
4366.153739
4361.538355
4348.205022
4346.15374
4356.92297
4370.256303
4367.17938
4357.948611
4373.846047
4390.256303
4377.948611
4363.589637
4372.307585
4377.948611
4366.153739
4361.538355
4367.17938
4370.769124
4368.717842
4362.051175
4352.820406
4354.871688
4361.025534
4356.92297
4355.384509
4358.974252
4352.307586
4350.769124
4373.846047
4382.051175
4368.717842
4370.769124
4363.589637
4347.692201
4360.512714
4366.66656
4339.487073
4332.820407
4351.794765
4345.640919
4325.128099
4325.128099
4340.512714
4344.615278
4333.846048
4340.512714
4362.051175
4361.025534
4347.692201
4357.435791
4374.871688
4371.281944
4363.076816
4370.256303
4381.025534
4383.076816
4382.563995
4382.563995
4375.384508
4375.897329
4387.6922
4387.6922
4384.615277
4395.384508
4403.076815
4399.487072
4396.410149
4397.94861
4397.43579
4389.743482
4379.999893
4377.948611
4388.717841
4404.102456
4405.128097
4395.384508
4396.410149
4397.94861
4384.615277
4375.384508
4387.17938
4407.6922
4409.230661
4392.820405
4396.922969
4416.922969
4409.230661
4378.974252
4370.769124
4392.307585
4403.589636
4389.743482
4383.589636
4404.615277
4421.025533
4406.153738
4389.743482
4409.230661
4420.512712
4389.743482
4385.640918
4421.025533
4417.94861
4386.153739
4384.615277
4395.384508
4398.974251
4411.281943
4422.051174
4407.179379
4393.846046
4399.999892
4395.897328
4376.92297
4363.076816
4339.999894
4317.948612
4327.692202
4341.538355
4329.743484
4310.769125
4304.615279
4319.999894
4331.794766
4311.281946
4301.025536
4325.64092
4338.974253
4337.948612
4339.999894
4337.435791
4341.538355
4351.794765
4353.846047
4353.333227
4341.538355
4335.384509
4347.179381
4336.922971
4318.461433
4333.846048
4339.999894
4324.615279
4334.871689
4345.128099
4338.974253
4348.205022
4354.871688
4349.743483
4339.487073
4326.15374
4324.615279
4334.358868
4334.871689
4319.999894
4321.025535
4349.230663
4353.333227
4317.948612
4304.102459
4330.256304
4336.922971
4327.692202
4330.769125
4330.256304
4331.794766
4335.384509
4331.794766
4339.999894
4351.794765
4347.179381
4344.615278
4352.820406
4345.128099
4333.333227
4339.487073
4345.128099
4338.461432
4336.41015
4347.692201
4354.358868
4342.563996
4340.512714
4359.999893
4364.102457
4350.769124
4350.769124
4354.871688
4359.999893
4370.256303
4364.615278
4344.615278
4332.820407
4328.717843
4329.230663
4338.461432
4342.051176
4347.692201
4363.589637
4361.025534
4348.717842
4348.717842
4353.333227
4350.256304
4350.769124
4362.563996
4367.692201
4353.846047
4337.948612
4349.230663
4359.487073
4343.076817
4344.102458
4366.153739
4363.589637
4356.41015
4367.692201
4364.102457
4352.820406
4361.025534
4363.589637
4352.820406
4354.358868
4359.487073
4353.846047
4354.871688
4366.153739
4362.563996
4347.179381
4352.820406
4365.640919
4354.358868
4335.384509
4332.820407
4335.384509
4327.692202
4310.256305
4293.333228
4292.820408
4305.1281
4312.307587
4308.205023
4305.1281
4317.948612
4323.076817
4308.205023
4304.615279
4321.025535
4326.15374
4324.102458
4336.922971
4343.589637
4341.538355
4339.999894
4337.435791
4346.66656
4362.051175
4355.897329
4345.128099
4356.92297
4354.871688
4331.794766
4328.717843
4334.358868
4337.435791
4339.999894
4331.281945
4326.666561
4335.89733
4332.307586
4317.435792
4319.487074
4330.769125
4321.025535
4296.410151
4294.87169
4324.615279
4332.307586
4313.333228
4328.205022
4352.820406
4339.487073
4319.999894
4324.615279
4331.281945
4325.64092
4333.333227
4353.846047
4350.769124
4336.922971
4344.102458
4344.615278
4323.076817
4312.820407
4324.615279
4343.589637
4341.538355
4322.051176
4331.794766
4346.66656
4317.948612
4302.563997
4336.922971
4358.974252
4337.948612
4321.025535
4337.435791
4355.384509
4347.692201
4327.692202
4329.743484
4349.230663
4350.769124
4338.974253
4349.230663
4362.563996
4357.948611
4350.769124
4348.717842
4351.281945
4353.846047
4348.717842
4351.281945
4364.615278
4374.358867
4373.846047
4368.205021
4367.692201
4364.615278
4363.076816
4377.43579
4384.615277
4369.230662
4371.281944
4386.153739
4377.948611
4367.692201
4370.769124
4368.717842
4364.615278
4364.102457
4370.769124
4381.025534
4373.333226
4355.384509
4352.307586
4361.025534
4364.615278
4360.512714
4349.743483
4339.487073
4333.333227
4320.512715
4308.205023
4304.615279
4315.89733
4333.846048
4337.435791
4331.794766
4335.89733
4334.358868
4315.89733
4311.794766
4328.717843
4340.512714
4337.948612
4332.307586
4327.179381
4326.666561
4333.846048
4334.871689
4328.205022
4331.281945
4338.461432
4330.256304
4322.051176
4325.64092
4324.102458
4324.615279
4335.89733
4341.025535
4329.230663
4317.435792
4330.256304
4336.922971
4310.256305
4289.743485
4307.692202
4327.692202
4320.512715
4309.230664
4311.281946
4316.922971
4324.615279
4325.128099
4317.948612
4332.820407
4352.820406
4333.846048
4316.410151
4344.102458
4362.051175
4351.281945
4352.820406
4357.435791
4351.281945
4350.769124
4353.333227
4347.692201
4341.025535
4344.102458
4355.897329
4359.999893
4347.692201
4347.692201
4360.512714
4362.051175
4365.128098
4362.563996
4344.102458
4350.769124
4365.640919
4344.615278
4330.256304
4353.333227
4369.230662
4364.102457
4362.051175
4367.17938
4363.589637
4363.589637
4376.92297
4369.230662
4347.692201
4359.999893
4375.384508
4370.256303
4387.6922
4401.025533
4375.897329
4370.256303
4385.640918
4382.051175
4378.461431
4377.948611
4369.230662
4365.640919
4359.999893
4358.974252
4373.333226
4375.897329
4366.153739
4376.92297
4391.794764
4375.897329
4358.461432
4367.17938
4364.102457
4342.051176
4348.717842
4363.076816
4342.563996
4329.230663
4334.871689
4330.256304
4332.307586
4331.794766
4319.999894
4326.666561
4340.512714
4330.769125
4327.179381
4347.692201
4355.384509
4355.897329
4352.307586
4327.692202
4324.102458
4350.769124
4347.179381
4317.948612
4322.563997
4345.128099
4334.871689
4322.563997
4339.487073
4353.846047
4347.179381
4343.589637
4354.871688
4362.051175
4367.17938
4375.897329
4369.743483
4366.66656
4373.846047
4364.102457
4344.102458
4347.692201
4363.076816
4356.92297
4347.692201
4356.92297
4370.769124
4364.102457
4353.846047
4368.717842
4380.512713
4376.410149
4373.846047
4377.43579
4380.512713
4369.743483
4349.743483
4349.743483
4363.589637
4365.128098
4363.589637
4367.17938
4370.769124
4376.92297
4393.846046
4404.615277
4379.999893
4350.256304
4354.871688
4363.076816
4352.307586
4351.794765
4364.615278
4374.871688
4384.102457
4383.076816
4378.461431
4388.717841
4393.846046
4373.846047
4361.025534
4369.743483
4377.43579
4375.897329
4376.92297
4390.769123
4401.538354
4396.410149
4394.358867
4386.153739
4364.615278
4363.076816
4383.589636
4388.717841
4383.076816
4382.563995
4376.92297
4379.487072
4394.358867
4398.974251
4391.794764
4384.615277
4380.512713
4371.281944
4365.128098
4375.384508
4387.17938
4388.205021
4388.717841
4389.743482
4380.512713
4363.589637
4354.871688
4351.281945
4335.384509
4321.025535
4330.256304
4336.922971
4325.128099
4322.051176
4330.769125
4340.512714
4345.128099
4341.538355
4348.205022
4354.358868
4343.076817
4336.41015
4335.384509
4320.512715
4320.512715
4347.692201
4349.230663
4317.435792
4312.307587
4339.487073
4347.692201
4340.512714
4341.025535
4340.512714
4333.333227
4324.102458
4318.974253
4321.538356
4332.307586
4341.025535
4342.563996
4341.538355
4341.538355
4345.128099
4348.205022
4345.128099
4337.435791
4337.948612
4341.025535
4341.025535
4347.692201
4349.230663
4341.025535
4345.640919
4354.358868
4348.205022
4346.66656
4359.999893
4359.999893
4355.384509
4359.999893
4352.307586
4342.563996
4345.640919
4345.128099
4337.948612
4338.461432
4351.281945
4363.076816
4359.487073
4351.281945
4357.435791
4357.435791
4341.025535
4337.435791
4342.563996
4338.461432
4341.538355
4350.256304
4347.692201
4339.487073
4342.051176
4353.333227
4360.512714
4355.384509
4348.205022
4356.92297
4366.153739
4359.487073
4356.92297
4365.128098
4369.743483
4368.205021
4360.512714
4350.769124
4351.794765
4370.769124
4377.43579
4355.384509
4337.948612
4338.974253
4344.102458
4352.307586
4357.435791
4344.615278
4331.281945
4338.974253
4344.615278
4334.358868
4315.89733
4308.205023
4317.948612
4317.948612
4309.230664
4310.256305
4308.717843
4294.358869
4290.256305
4301.538356
4298.974254
4279.999895
4266.153742
4263.076819
4263.076819
4265.128101
4265.128101
4258.974255
4268.717844
4282.051177
4272.307588
4255.897332
4253.333229
4258.461434
4263.589639
4259.999896
4254.871691
4261.025537
4267.692203
4262.051178
4258.974255
4261.025537
4258.974255
4252.820409
4247.692204
4251.794768
4256.410152
4258.974255
4272.820408
4278.974254
4269.230665
4262.563998
4265.128101
4268.717844
4271.281947
4270.769126
4261.538357
4261.025537
4270.769126
4262.051178
4247.179383
4253.333229
4265.640921
4269.230665
4276.922972
4284.61528
4276.922972
4274.35887
4285.640921
4295.38451
4294.358869
4293.846049
4304.615279
4317.435792
4326.15374
4330.256304
4323.589638
4315.38451
4312.820407
4308.717843
4289.743485
4266.153742
4265.640921
4271.794767