4489.23076923077
4489.74358974359
4491.28205128205
4487.17948717949
4483.58974358974
4485.64102564103
4490.76923076923
4490.76923076923
4490.25641025641
4487.69230769231
4481.53846153846
4485.12820512821
4492.82051282051
4493.33333333333
4489.74358974359
4488.20512820513
4488.71794871795
4491.28205128205
4492.82051282051
4489.23076923077
4486.66666666667
4489.23076923077
4489.23076923077
4488.71794871795
4489.74358974359
4489.23076923077
4490.25641025641
4493.84615384615
4497.4358974359
4501.53846153846
4507.17948717949
4505.12820512821
4493.84615384615
4489.74358974359
4498.97435897436
4509.74358974359
4505.12820512821
4491.79487179487
4495.89743589744
4508.20512820513
4500
4489.23076923077
4500.51282051282
4504.61538461538
4490.25641025641
4487.17948717949
4492.30769230769
4493.84615384615
4497.4358974359
4497.4358974359
4489.74358974359
4487.69230769231
4495.38461538462
4497.4358974359
4489.74358974359
4488.20512820513
4493.33333333333
4492.82051282051
4489.74358974359
4489.74358974359
4490.76923076923
4490.76923076923
4490.25641025641
4487.17948717949
4482.5641025641
4474.35897435897
4473.84615384615
4485.64102564103
4484.61538461538
4480
4486.66666666667
4483.58974358974
4474.35897435897
4482.05128205128
4492.30769230769
4488.71794871795
4489.23076923077
4491.79487179487
4490.76923076923
4490.76923076923
4489.74358974359
4489.74358974359
4489.74358974359
4489.23076923077
4489.74358974359
4489.23076923077
4488.71794871795
4490.25641025641
4489.74358974359
4488.71794871795
4490.25641025641
4486.66666666667
4483.58974358974
4491.79487179487
4494.8717948718
4488.71794871795
4492.30769230769
4490.25641025641
4476.41025641026
4482.05128205128
4495.38461538462
4488.20512820513
4484.61538461538
4493.33333333333
4487.17948717949
4472.30769230769
4477.94871794872
4488.71794871795
4479.48717948718
4476.92307692308
4489.74358974359
4485.64102564103
4476.92307692308
4485.64102564103
4493.84615384615
4490.25641025641
4488.71794871795
4488.20512820513
4487.17948717949
4488.20512820513
4488.71794871795
4481.02564102564
4473.33333333333
4481.53846153846
4491.28205128205
4486.15384615385
4485.12820512821
4490.76923076923
4487.69230769231
4484.61538461538
4489.23076923077
4491.79487179487
4488.20512820513
4486.66666666667
4489.74358974359
4491.79487179487
4493.84615384615
4490.25641025641
4485.12820512821
4488.20512820513
4490.25641025641
4486.66666666667
4488.20512820513
4492.30769230769
4489.23076923077
4487.69230769231
4492.82051282051
4495.38461538462
4487.69230769231
4480.51282051282
4485.64102564103
4491.79487179487
4484.61538461538
4476.92307692308
4480
4478.46153846154
4473.84615384615
4482.5641025641
4488.71794871795
4483.58974358974
4486.66666666667
4490.25641025641
4480
4472.30769230769
4475.89743589744
4482.05128205128
4486.15384615385
4480
4473.33333333333
4476.92307692308
4474.8717948718
4468.20512820513
4478.46153846154
4486.66666666667
4474.8717948718
4474.35897435897
4484.61538461538
4481.02564102564
4482.05128205128
4490.76923076923
4481.53846153846
4470.25641025641
4477.4358974359
4478.97435897436
4471.79487179487
4479.48717948718
4494.35897435897
4491.28205128205
4476.92307692308
4481.53846153846
4491.28205128205
4480
4471.28205128205
4484.61538461538
4492.82051282051
4481.53846153846
4472.82051282051
4475.89743589744
4485.12820512821
4483.58974358974
4475.38461538462
4474.8717948718
4480.51282051282
4481.53846153846
4478.46153846154
4477.4358974359
4477.4358974359
4478.46153846154
4474.35897435897
4471.79487179487
4474.8717948718
4475.38461538462
4477.4358974359
4480.51282051282
4480
4479.48717948718
4478.46153846154
4478.97435897436
4490.76923076923
4501.02564102564
4500
4501.02564102564
4498.46153846154
4493.84615384615
4502.5641025641
4504.61538461538
4495.38461538462
4500
4508.71794871795
4501.53846153846
4502.05128205128
4505.12820512821
4494.8717948718
4486.66666666667
4487.69230769231
4488.71794871795
4487.17948717949
4488.20512820513
4491.28205128205
4493.33333333333
4495.89743589744
4496.92307692308
4491.79487179487
4486.15384615385
4489.23076923077
4494.35897435897
4492.82051282051
4488.71794871795
4486.15384615385
4486.15384615385
4487.69230769231
4487.69230769231
4489.23076923077
4490.76923076923
4490.76923076923
4491.28205128205
4489.74358974359
4487.69230769231
4490.25641025641
4489.74358974359
4487.69230769231
4491.28205128205
4490.76923076923
4486.66666666667
4489.74358974359
4492.82051282051
4490.76923076923
4490.76923076923
4494.8717948718
4494.35897435897
4492.30769230769
4493.84615384615
4495.38461538462
4491.28205128205
4491.28205128205
4494.35897435897
4491.79487179487
4492.30769230769
4494.35897435897
4491.28205128205
4497.94871794872
4505.12820512821
4492.82051282051
4485.64102564103
4493.33333333333
4495.89743589744
4490.76923076923
4491.79487179487
4500
4509.23076923077
4506.66666666667
4496.92307692308
4494.8717948718
4499.48717948718
4503.07692307692
4503.58974358974
4505.64102564103
4508.71794871795
4509.74358974359
4503.07692307692
4492.30769230769
4489.23076923077
4494.35897435897
4495.89743589744
4493.84615384615
4491.28205128205
4493.33333333333
4497.4358974359
4495.38461538462
4498.46153846154
4502.5641025641
4497.94871794872
4496.92307692308
4504.61538461538
4505.64102564103
4503.07692307692
4510.25641025641
4512.30769230769
4505.64102564103
4501.53846153846
4504.10256410256
4505.12820512821
4502.5641025641
4504.61538461538
4506.66666666667
4504.10256410256
4501.02564102564
4505.12820512821
4503.07692307692
4491.28205128205
4495.89743589744
4508.20512820513
4499.48717948718
4486.66666666667
4490.76923076923
4494.8717948718
4491.28205128205
4490.25641025641
4490.25641025641
4492.30769230769
4490.76923076923
4488.20512820513
4495.89743589744
4504.61538461538
4506.66666666667
4505.12820512821
4497.94871794872
4491.28205128205
4493.84615384615
4495.89743589744
4488.20512820513
4493.84615384615
4504.10256410256
4495.89743589744
4488.20512820513
4494.35897435897
4495.89743589744
4489.74358974359
4490.25641025641
4491.28205128205
4491.79487179487
4494.8717948718
4492.30769230769
4488.20512820513
4489.23076923077
4492.82051282051
4494.8717948718
4494.35897435897
4489.23076923077
4487.69230769231
4491.79487179487
4492.30769230769
4489.23076923077
4486.15384615385
4486.66666666667
4488.71794871795
4485.64102564103
4476.41025641026
4472.82051282051
4484.10256410256
4496.41025641026
4492.82051282051
4485.12820512821
4488.20512820513
4486.66666666667
4479.48717948718
4485.12820512821
4490.76923076923
4483.58974358974
4476.92307692308
4475.89743589744
4480
4488.20512820513
4489.23076923077
4485.12820512821
4491.79487179487
4493.84615384615
4480
4477.94871794872
4491.28205128205
4493.33333333333
4487.17948717949
4488.20512820513
4488.20512820513
4489.23076923077
4495.89743589744
4490.25641025641
4481.02564102564
4486.66666666667
4489.74358974359
4482.5641025641
4486.15384615385
4493.84615384615
4491.28205128205
4486.66666666667
4481.53846153846
4479.48717948718
4485.12820512821
4489.74358974359
4487.69230769231
4479.48717948718
4474.8717948718
4483.07692307692
4491.79487179487
4491.79487179487
4489.74358974359
4490.25641025641
4489.23076923077
4481.02564102564
4474.8717948718
4483.58974358974
4491.79487179487
4489.23076923077
4489.74358974359
4490.76923076923
4487.69230769231
4489.74358974359
4491.28205128205
4488.20512820513
4486.15384615385
4487.69230769231
4490.25641025641
4492.30769230769
4490.25641025641
4488.71794871795
4485.64102564103
4481.02564102564
4485.64102564103
4490.25641025641
4480.51282051282
4471.79487179487
4477.4358974359
4480
4475.89743589744
4479.48717948718
4486.15384615385
4488.71794871795
4487.69230769231
4487.17948717949
4491.79487179487
4493.33333333333
4488.71794871795
4488.20512820513
4493.33333333333
4492.30769230769
4487.69230769231
4487.69230769231
4488.71794871795
4490.25641025641
4492.82051282051
4491.28205128205
4486.66666666667
4490.76923076923
4490.76923076923
4480.51282051282
4481.02564102564
4485.64102564103
4477.94871794872
4472.30769230769
4478.46153846154
4480.51282051282
4475.89743589744
4475.38461538462
4476.41025641026
4478.97435897436
4484.61538461538
4490.25641025641
4493.84615384615
4503.58974358974
4518.46153846154
4524.61538461538
4524.61538461538
4522.5641025641
4521.02564102564
4522.05128205128
4520.51282051282
4520.51282051282
4521.53846153846
4515.38461538462
4504.10256410256
4504.10256410256
4508.20512820513
4500.51282051282
4496.41025641026
4503.07692307692
4505.64102564103
4502.05128205128
4501.53846153846
4505.64102564103
4505.64102564103
4503.07692307692
4505.12820512821
4506.66666666667
4498.46153846154
4489.74358974359
4490.76923076923
4491.28205128205
4490.25641025641
4494.35897435897
4496.41025641026
4492.30769230769
4491.28205128205
4494.35897435897
4492.82051282051
4487.17948717949
4487.69230769231
4492.82051282051
4495.89743589744
4493.33333333333
4490.25641025641
4496.41025641026
4504.61538461538
4505.12820512821
4506.15384615385
4504.10256410256
4494.8717948718
4496.41025641026
4508.71794871795
4505.12820512821
4491.28205128205
4490.25641025641
4494.8717948718
4492.30769230769
4488.20512820513
4487.17948717949
4486.15384615385
4488.71794871795
4492.82051282051
4490.76923076923
4487.17948717949
4487.69230769231
4489.23076923077
4489.23076923077
4489.74358974359
4489.23076923077
4487.17948717949
4488.20512820513
4491.28205128205
4492.30769230769
4492.30769230769
4490.25641025641
4488.20512820513
4493.84615384615
4500
4493.33333333333
4487.17948717949
4493.33333333333
4495.89743589744
4492.82051282051
4492.30769230769
4491.79487179487
4496.92307692308
4505.12820512821
4502.05128205128
4489.74358974359
4491.28205128205
4504.61538461538
4504.10256410256
4494.35897435897
4494.8717948718
4497.94871794872
4489.74358974359
4492.30769230769
4503.07692307692
4498.97435897436
4490.76923076923
4483.58974358974
4479.48717948718
4486.15384615385
4491.28205128205
4486.15384615385
4486.66666666667
4491.28205128205
4487.69230769231
4486.15384615385
4490.25641025641
4490.76923076923
4490.25641025641
4492.82051282051
4493.33333333333
4489.74358974359
4490.76923076923
4492.82051282051
4491.28205128205
4491.28205128205
4491.28205128205
4490.25641025641
4491.28205128205
4491.28205128205
4489.23076923077
4490.25641025641
4492.30769230769
4493.84615384615
4495.38461538462
4492.82051282051
4490.76923076923
4494.35897435897
4495.38461538462
4495.38461538462
4495.89743589744
4480
4462.05128205128
4467.17948717949
4475.38461538462
4471.79487179487
4470.76923076923
4473.33333333333
4473.33333333333
4472.82051282051
4471.79487179487
4472.30769230769
4473.33333333333
4471.79487179487
4472.82051282051
4474.35897435897
4474.35897435897
4485.64102564103
4509.74358974359
4511.28205128205
4486.15384615385
4480
4489.74358974359
4483.07692307692
4476.41025641026
4489.23076923077
4497.4358974359
4494.35897435897
4488.20512820513
4488.20512820513
4504.10256410256
4509.23076923077
4493.33333333333
4495.38461538462
4513.84615384615
4510.76923076923
4497.94871794872
4496.41025641026
4490.25641025641
4488.71794871795
4511.79487179487
4530.76923076923
4522.5641025641
4505.64102564103
4496.41025641026
4492.30769230769
4491.28205128205
4491.79487179487
4489.23076923077
4486.15384615385
4487.69230769231
4492.82051282051
4493.84615384615
4489.74358974359
4490.25641025641
4487.69230769231
4485.12820512821
4505.12820512821
4534.8717948718
4541.53846153846
4529.74358974359
4529.74358974359
4529.74358974359
4514.35897435897
4506.66666666667
4517.94871794872
4532.30769230769
4534.8717948718
4535.89743589744
4544.10256410256
4551.79487179487
4553.84615384615
4552.30769230769
4549.23076923077
4541.02564102564
4535.38461538462
4536.92307692308
4534.35897435897
4526.15384615385
4521.53846153846
4521.02564102564
4518.97435897436
4520
4522.05128205128
4509.74358974359
4497.94871794872
4513.33333333333
4538.46153846154
4544.61538461538
4540
4540
4545.64102564103
4543.07692307692
4517.4358974359
4488.20512820513
4486.66666666667
4494.8717948718
4492.82051282051
4492.82051282051
4493.84615384615
4487.17948717949
4487.17948717949
4488.71794871795
4480.51282051282
4478.46153846154
4487.17948717949
4491.79487179487
4490.25641025641
4488.20512820513
4486.15384615385
4486.66666666667
4491.79487179487
4489.23076923077
4485.64102564103
4502.05128205128
4528.20512820513
4524.10256410256
4496.41025641026
4486.66666666667
4489.23076923077
4481.53846153846
4470.25641025641
4469.74358974359
4480.51282051282
4487.17948717949
4489.74358974359
4489.74358974359
4483.58974358974
4480.51282051282
4488.20512820513
4489.23076923077
4485.12820512821
4492.82051282051
4491.28205128205
4486.15384615385
4506.66666666667
4528.20512820513
4523.07692307692
4518.46153846154
4526.15384615385
4511.79487179487
4480.51282051282
4472.30769230769
4479.48717948718
4479.48717948718
4474.35897435897
4474.8717948718
4476.41025641026
4476.92307692308
4477.4358974359
4477.4358974359
4476.41025641026
4476.41025641026
4476.41025641026
4475.38461538462
4477.4358974359
4480
4473.33333333333
4475.38461538462
4503.07692307692
4511.28205128205
4480.51282051282
4464.10256410256
4475.89743589744
4476.92307692308
4474.35897435897
4482.05128205128
4479.48717948718
4472.30769230769
4471.79487179487
4471.79487179487
4473.84615384615
4473.33333333333
4474.8717948718
4497.4358974359
4519.48717948718
4504.61538461538
4478.46153846154
4474.35897435897
4477.4358974359
4474.35897435897
4472.82051282051
4473.84615384615
4480
4488.20512820513
4491.28205128205
4489.23076923077
4483.07692307692
4473.84615384615
4470.25641025641
4472.82051282051
4477.4358974359
4489.74358974359
4495.38461538462
4482.05128205128
4471.28205128205
4475.89743589744
4476.41025641026
4472.82051282051
4477.94871794872
4487.69230769231
4507.17948717949
4524.61538461538
4520
4503.07692307692
4487.17948717949
4475.38461538462
4472.30769230769
4474.8717948718
4473.84615384615
4473.84615384615
4477.94871794872
4480
4478.46153846154
4474.8717948718
4475.38461538462
4474.8717948718
4471.79487179487
4471.28205128205
4472.82051282051
4472.82051282051
4468.20512820513
4475.38461538462
4497.94871794872
4512.30769230769
4515.89743589744
4523.07692307692
4530.76923076923
4520
4494.8717948718
4475.38461538462
4476.41025641026
4481.53846153846
4475.89743589744
4475.38461538462
4477.94871794872
4477.94871794872
4477.94871794872
4476.41025641026
4472.82051282051
4472.30769230769
4473.33333333333
4473.33333333333
4474.35897435897
4473.33333333333
4484.61538461538
4507.69230769231
4515.38461538462
4510.25641025641
4509.74358974359
4501.02564102564
4491.28205128205
4496.92307692308
4501.02564102564
4492.82051282051
4488.71794871795
4495.38461538462
4495.38461538462
4488.71794871795
4495.38461538462
4502.5641025641
4494.35897435897
4486.66666666667
4490.76923076923
4489.74358974359
4487.17948717949
4490.25641025641
4489.74358974359
4489.23076923077
4491.79487179487
4493.33333333333
4491.79487179487
4490.76923076923
4490.25641025641
4489.74358974359
4488.71794871795
4492.82051282051
4496.41025641026
4493.84615384615
4495.38461538462
4500
4493.84615384615
4488.71794871795
4493.33333333333
4495.89743589744
4491.28205128205
4490.25641025641
4492.30769230769
4496.41025641026
4496.41025641026
4490.76923076923
4491.28205128205
4494.8717948718
4491.79487179487
4488.20512820513
4490.76923076923
4492.30769230769
4490.76923076923
4488.71794871795
4485.64102564103
4487.69230769231
4493.33333333333
4493.84615384615
4491.28205128205
4489.23076923077
4488.20512820513
4490.25641025641
4490.25641025641
4487.69230769231
4490.76923076923
4494.35897435897
4493.33333333333
4494.35897435897
4495.89743589744
4492.30769230769
4487.69230769231
4488.71794871795
4492.30769230769
4495.38461538462
4492.82051282051
4492.30769230769
4500
4500
4495.89743589744
4501.02564102564
4509.74358974359
4507.69230769231
4498.97435897436
4491.28205128205
4489.23076923077
4491.28205128205
4490.25641025641
4489.23076923077
4490.76923076923
4492.30769230769
4493.33333333333
4490.76923076923
4487.69230769231
4487.69230769231
4490.25641025641
4492.82051282051
4492.82051282051
4490.76923076923
4489.74358974359
4488.20512820513
4488.71794871795
4492.82051282051
4491.79487179487
4494.35897435897
4505.64102564103
4505.12820512821
4492.82051282051
4489.74358974359
4492.82051282051
4490.25641025641
4490.76923076923
4491.28205128205
4489.23076923077
4491.28205128205
4492.82051282051
4493.33333333333
4499.48717948718
4506.15384615385
4507.17948717949
4502.05128205128
4498.46153846154
4500
4504.10256410256
4504.10256410256
4494.35897435897
4492.30769230769
4502.5641025641
4508.71794871795
4503.58974358974
4500.51282051282
4503.58974358974
4506.66666666667
4503.58974358974
4493.33333333333
4490.25641025641
4495.38461538462
4495.38461538462
4490.25641025641
4488.20512820513
4489.23076923077
4490.76923076923
4488.20512820513
4487.17948717949
4495.89743589744
4506.15384615385
4509.74358974359
4516.41025641026
4532.82051282051
4540
4538.46153846154
4543.58974358974
4546.15384615385
4542.5641025641
4538.97435897436
4529.74358974359
4527.69230769231
4536.41025641026
4530.76923076923
4520.51282051282
4522.5641025641
4517.94871794872
4507.17948717949
4507.69230769231
4505.64102564103
4500
4501.02564102564
4503.58974358974
4503.07692307692
4503.07692307692
4503.07692307692
4504.61538461538
4506.66666666667
4500.51282051282
4489.23076923077
4487.69230769231
4493.84615384615
4495.38461538462
4491.79487179487
4487.69230769231
4487.17948717949
4490.25641025641
4490.76923076923
4487.17948717949
4484.61538461538
4488.20512820513
4492.82051282051
4491.79487179487
4487.69230769231
4487.17948717949
4488.20512820513
4490.25641025641
4491.28205128205
4490.76923076923
4490.25641025641
4491.28205128205
4492.82051282051
4493.33333333333
4492.30769230769
4491.79487179487
4492.30769230769
4491.79487179487
4492.82051282051
4494.35897435897
4491.28205128205
4490.76923076923
4492.82051282051
4493.33333333333
4492.82051282051
4490.76923076923
4489.23076923077
4489.74358974359
4492.30769230769
4492.82051282051
4493.33333333333
4491.79487179487
4489.23076923077
4489.23076923077
4492.30769230769
4493.84615384615
4491.79487179487
4489.23076923077
4490.76923076923
4492.30769230769
4489.23076923077
4487.17948717949
4489.74358974359
4492.30769230769
4493.33333333333
4493.33333333333
4490.76923076923
4488.71794871795
4488.71794871795
4488.71794871795
4488.71794871795
4489.74358974359
4489.23076923077
4488.20512820513
4487.69230769231
4487.17948717949
4486.66666666667
4489.74358974359
4487.69230769231
4477.4358974359
4478.46153846154
4490.25641025641
4491.28205128205
4485.64102564103
4485.64102564103
4488.71794871795
4489.74358974359
4485.64102564103
4482.5641025641
4487.69230769231
4489.74358974359
4489.23076923077
4491.28205128205
4484.61538461538
4472.82051282051
4477.4358974359
4490.25641025641
4493.84615384615
4492.82051282051
4493.84615384615
4492.30769230769
4490.25641025641
4488.20512820513
4487.69230769231
4490.25641025641
4491.79487179487
4489.23076923077
4488.20512820513
4488.20512820513
4488.20512820513
4489.74358974359
4491.28205128205
4489.23076923077
4490.76923076923
4495.89743589744
4498.46153846154
4500.51282051282
4505.64102564103
4501.02564102564
4490.25641025641
4491.79487179487
4502.05128205128
4506.66666666667
4498.97435897436
4495.89743589744
4504.10256410256
4502.05128205128
4490.76923076923
4491.79487179487
4496.41025641026
4491.79487179487
4492.30769230769
4493.84615384615
4493.84615384615
4495.89743589744
4491.79487179487
4489.23076923077
4492.82051282051
4494.35897435897
4493.84615384615
4493.84615384615
4491.28205128205
4488.20512820513
4487.69230769231
4489.74358974359
4492.30769230769
4490.76923076923
4487.17948717949
4487.69230769231
4489.23076923077
4487.69230769231
4487.69230769231
4489.74358974359
4490.25641025641
4493.84615384615
4491.79487179487
4478.97435897436
4477.94871794872
4490.76923076923
4494.8717948718
4491.79487179487
4491.79487179487
4489.74358974359
4493.84615384615
4506.15384615385
4509.74358974359
4507.17948717949
4507.17948717949
4506.15384615385
4506.15384615385
4508.71794871795
4508.71794871795
4508.71794871795
4509.23076923077
4509.74358974359
4507.69230769231
4503.58974358974
4505.12820512821
4510.25641025641
4510.25641025641
4505.12820512821
4503.07692307692
4502.5641025641
4504.10256410256
4506.15384615385
4506.66666666667
4506.66666666667
4504.10256410256
4497.94871794872
4492.30769230769
4496.41025641026
4505.12820512821
4507.17948717949
4504.61538461538
4506.15384615385
4507.69230769231
4505.12820512821
4504.61538461538
4505.64102564103
4504.10256410256
4503.07692307692
4504.61538461538
4505.64102564103
4504.10256410256
4501.53846153846
4502.5641025641
4505.12820512821
4505.64102564103
4509.23076923077
4510.25641025641
4497.4358974359
4492.30769230769
4503.07692307692
4506.15384615385
4505.12820512821
4506.15384615385
4496.92307692308
4493.84615384615
4505.64102564103
4508.71794871795
4500
4498.97435897436
4503.07692307692
4504.10256410256
4505.64102564103
4507.17948717949
4501.02564102564
4494.35897435897
4500.51282051282
4507.17948717949
4504.10256410256
4503.58974358974
4505.12820512821
4505.64102564103
4507.17948717949
4502.5641025641
4498.46153846154
4503.58974358974
4504.10256410256
4502.5641025641
4505.12820512821
4497.94871794872
4494.35897435897
4502.5641025641
4499.48717948718
4488.20512820513
4489.23076923077
4493.84615384615
4492.82051282051
4491.28205128205
4490.25641025641
4492.30769230769
4495.38461538462
4493.84615384615
4493.84615384615
4495.38461538462
4494.8717948718
4492.30769230769
4489.74358974359
4487.69230769231
4487.69230769231
4490.76923076923
4493.33333333333
4491.28205128205
4487.69230769231
