P8
4164.61538461538
4161.02564102564
4145.64102564103
4154.35897435897
4170.25641025641
4164.10256410256
4146.66666666667
4151.79487179487
4172.82051282051
4175.89743589744
4161.53846153846
4148.20512820513
4150.76923076923
4165.12820512821
4177.4358974359
4173.33333333333
4148.20512820513
4142.5641025641
4161.02564102564
4161.53846153846
4162.05128205128
4171.79487179487
4150.25641025641
4129.74358974359
4160
4185.64102564103
4162.5641025641
4148.71794871795
4169.74358974359
4191.28205128205
4190.25641025641
4164.61538461538
4153.33333333333
4176.41025641026
4186.66666666667
4176.92307692308
4178.97435897436
4175.89743589744
4164.10256410256
4178.46153846154
4191.79487179487
4168.71794871795
4152.30769230769
4160.51282051282
4166.15384615385
4170.76923076923
4187.17948717949
4188.71794871795
4170.76923076923
4177.94871794872
4193.84615384615
4180
4166.66666666667
4178.97435897436
4197.4358974359
4196.41025641026
4172.30769230769
4158.97435897436
4175.89743589744
4189.23076923077
4179.48717948718
4161.53846153846
4165.64102564103
4185.12820512821
4180
4164.61538461538
4165.64102564103
4157.4358974359
4140.51282051282
4157.94871794872
4187.69230769231
4180
4154.35897435897
4139.48717948718
4150.76923076923
4176.92307692308
4181.02564102564
4161.53846153846
4148.20512820513
4152.82051282051
4164.61538461538
4176.92307692308
4171.28205128205
4153.84615384615
4150.25641025641
4151.79487179487
4154.35897435897
4157.4358974359
4145.64102564103
4134.8717948718
4139.48717948718
4140
4133.84615384615
4140
4136.41025641026
4131.79487179487
4152.82051282051
4155.38461538462
4129.74358974359
4122.5641025641
4145.12820512821
4167.69230769231
4173.84615384615
4164.61538461538
4151.28205128205
4143.58974358974
4137.94871794872
4138.46153846154
4143.58974358974
4140
4133.33333333333
4128.71794871795
4137.94871794872
4163.07692307692
4169.23076923077
4152.30769230769
4146.15384615385
4162.05128205128
4174.35897435897
4165.12820512821
4150.25641025641
4144.61538461538
4140
4134.35897435897
4152.82051282051
4171.28205128205
4154.8717948718
4145.12820512821
4161.53846153846
4162.5641025641
4155.89743589744
4171.28205128205
4173.84615384615
4158.46153846154
4156.92307692308
4163.07692307692
4150.76923076923
4140.51282051282
4155.38461538462
4167.17948717949
4160
4158.46153846154
4160
4155.38461538462
4164.10256410256
4179.48717948718
4168.20512820513
4152.82051282051
4155.89743589744
4156.41025641026
4151.28205128205
4152.82051282051
4155.38461538462
4151.28205128205
4149.23076923077
4151.28205128205
4151.28205128205
4154.8717948718
4158.46153846154
4157.94871794872
4153.33333333333
4150.25641025641
4161.02564102564
4170.25641025641
4160.51282051282
4150.25641025641
4151.79487179487
4153.84615384615
4153.84615384615
4154.8717948718
4155.38461538462
4153.84615384615
4145.64102564103
4132.30769230769
4133.33333333333
4154.8717948718
4169.74358974359
4171.79487179487
4173.84615384615
4162.05128205128
4151.79487179487
4160.51282051282
4150.25641025641
4136.41025641026
4162.5641025641
4180
4152.30769230769
4131.28205128205
4137.94871794872
4158.97435897436
4174.8717948718
4162.05128205128
4143.07692307692
4152.82051282051
4174.35897435897
4169.23076923077
4151.79487179487
4155.89743589744
4162.5641025641
4143.58974358974
4128.20512820513
4150.76923076923
4172.82051282051
4164.61538461538
4151.79487179487
4154.8717948718
4159.48717948718
4155.38461538462
4156.92307692308
4150.76923076923
4132.30769230769
4136.92307692308
4160.51282051282
4151.79487179487
4133.84615384615
4152.30769230769
4167.17948717949
4168.71794871795
4182.05128205128
4189.74358974359
4184.61538461538
4178.46153846154
4169.23076923077
4163.07692307692
4173.84615384615
4187.17948717949
4189.23076923077
4174.35897435897
4163.58974358974
4164.10256410256
4170.76923076923
4193.33333333333
4198.46153846154
4166.66666666667
4152.82051282051
4179.48717948718
4180
4148.71794871795
4156.41025641026
4200.51282051282
4206.66666666667
4168.71794871795
4158.46153846154
4175.38461538462
4162.05128205128
4149.74358974359
4173.33333333333
4183.58974358974
4164.10256410256
4166.15384615385
4176.41025641026
4154.8717948718
4148.20512820513
4179.48717948718
4190.76923076923
4165.64102564103
4152.30769230769
4159.48717948718
4153.33333333333
4149.74358974359
4165.64102564103
4178.46153846154
4171.79487179487
4171.79487179487
4175.38461538462
4162.5641025641
4153.33333333333
4148.20512820513
4155.38461538462
4180
4180
4157.4358974359
4165.64102564103
4177.4358974359
4156.41025641026
4155.38461538462
4174.8717948718
4178.97435897436
4180
4176.92307692308
4164.61538461538
4154.8717948718
4150.25641025641
4156.92307692308
4166.66666666667
4161.02564102564
4156.92307692308
4170.25641025641
4178.97435897436
4184.61538461538
4192.30769230769
4173.33333333333
4162.5641025641
4184.10256410256
4187.69230769231
4182.5641025641
4199.48717948718
4216.92307692308
4204.61538461538
4176.92307692308
4163.58974358974
4176.92307692308
4185.64102564103
4186.15384615385
4193.84615384615
4178.97435897436
4166.15384615385
4186.66666666667
4183.58974358974
4169.23076923077
4178.46153846154
4164.61538461538
4150.25641025641
4175.89743589744
4192.30769230769
4194.35897435897
4193.33333333333
4173.84615384615
4168.20512820513
4187.17948717949
4190.25641025641
4181.53846153846
4168.71794871795
4158.97435897436
4164.10256410256
4154.35897435897
4150.76923076923
4181.53846153846
4187.69230769231
4170.25641025641
4176.41025641026
4184.61538461538
4165.64102564103
4146.66666666667
4159.48717948718
4186.15384615385
4174.35897435897
4150.25641025641
4163.07692307692
4175.89743589744
4166.66666666667
4167.69230769231
4170.76923076923
4167.17948717949
4172.82051282051
4178.97435897436
4163.58974358974
4143.07692307692
4151.79487179487
4172.30769230769
4170.76923076923
4156.92307692308
4155.38461538462
4168.71794871795
4170.76923076923
4153.84615384615
4150.25641025641
4166.15384615385
4171.79487179487
4160.51282051282
4156.41025641026
4165.64102564103
4170.76923076923
4172.30769230769
4178.97435897436
4161.02564102564
4132.82051282051
4160
4196.41025641026
4175.38461538462
4148.20512820513
4152.30769230769
4154.8717948718
4149.74358974359
4153.33333333333
4153.84615384615
4151.79487179487
4156.41025641026
4155.38461538462
4154.35897435897
4166.15384615385
4166.66666666667
4152.82051282051
4152.82051282051
4157.94871794872
4155.38461538462
4145.64102564103
4141.53846153846
4145.12820512821
4140.51282051282
4141.53846153846
4163.58974358974
4177.4358974359
4169.74358974359
4156.92307692308
4146.15384615385
4146.66666666667
4157.94871794872
4167.17948717949
4172.30769230769
4160
4141.02564102564
4148.71794871795
4166.15384615385
4173.33333333333
4175.38461538462
4167.69230769231
4151.28205128205
4149.23076923077
4153.84615384615
4143.07692307692
4146.66666666667
4171.79487179487
4178.97435897436
4167.69230769231
4158.46153846154
4147.17948717949
4154.35897435897
4171.28205128205
4157.94871794872
4146.15384615385
4165.12820512821
4175.89743589744
4168.20512820513
4167.17948717949
4170.76923076923
4173.33333333333
4171.79487179487
4156.92307692308
4151.28205128205
4176.92307692308
4185.64102564103
4153.84615384615
4140.51282051282
4171.28205128205
4189.74358974359
4176.41025641026
4168.20512820513
4168.20512820513
4156.92307692308
4152.82051282051
4165.12820512821
4171.79487179487
4170.25641025641
4168.71794871795
4159.48717948718
4155.89743589744
4174.35897435897
4182.05128205128
4160
4153.33333333333
4171.28205128205
4160.51282051282
4135.89743589744
4141.53846153846
4161.02564102564
4168.20512820513
4170.76923076923
4170.76923076923
4164.10256410256
4159.48717948718
4170.76923076923
4194.8717948718
4194.8717948718
4168.71794871795
4153.33333333333
4138.97435897436
4135.89743589744
4156.41025641026
4167.69230769231
4156.41025641026
4140.51282051282
4137.4358974359
4155.89743589744
4176.41025641026
4168.20512820513
4146.66666666667
4143.07692307692
4147.17948717949
4144.61538461538
4133.84615384615
4132.82051282051
4141.02564102564
4137.94871794872
4133.84615384615
4151.28205128205
4180.51282051282
4195.89743589744
4205.64102564103
4223.58974358974
4242.5641025641
4255.89743589744
4247.69230769231
4236.92307692308
4249.23076923077
4244.10256410256
4210.76923076923
4210.76923076923
4221.53846153846
4201.53846153846
4199.48717948718
4213.84615384615
4194.8717948718
4165.12820512821
4163.58974358974
4167.17948717949
4168.71794871795
4182.05128205128
4184.61538461538
4171.79487179487
4166.66666666667
4166.15384615385
4169.74358974359
4181.53846153846
4172.30769230769
4143.58974358974
4144.61538461538
4169.74358974359
4177.94871794872
4152.30769230769
4134.35897435897
4157.94871794872
4180
4154.35897435897
4126.66666666667
4148.20512820513
4172.82051282051
4157.4358974359
4144.61538461538
4168.20512820513
4177.94871794872
4154.35897435897
4149.74358974359
4170.25641025641
4175.38461538462
4156.41025641026
4153.33333333333
4168.20512820513
4164.10256410256
4148.71794871795
4149.74358974359
4154.35897435897
4149.74358974359
4152.82051282051
4154.8717948718
4153.33333333333
4152.30769230769
4141.53846153846
4132.30769230769
4136.41025641026
4141.53846153846
4130.76923076923
4133.33333333333
4154.35897435897
4148.71794871795
4131.79487179487
4146.66666666667
4165.12820512821
4157.4358974359
4144.61538461538
4143.58974358974
4145.64102564103
4154.35897435897
4168.20512820513
4167.69230769231
4147.69230769231
4148.20512820513
4168.20512820513
4155.38461538462
4136.41025641026
4152.82051282051
4161.53846153846
4153.84615384615
4163.07692307692
4166.15384615385
4150.25641025641
4149.23076923077
4160.51282051282
4152.82051282051
4146.66666666667
4166.15384615385
4167.69230769231
4140
4128.71794871795
4152.82051282051
4171.28205128205
4158.97435897436
4140.51282051282
4129.74358974359
4129.23076923077
4131.28205128205
4134.35897435897
4148.71794871795
4152.82051282051
4138.46153846154
4137.94871794872
4158.46153846154
4164.61538461538
4146.66666666667
4138.46153846154
4157.4358974359
4173.33333333333
4161.53846153846
4150.25641025641
4153.84615384615
4143.07692307692
4135.38461538462
4151.28205128205
4170.76923076923
4169.23076923077
4148.71794871795
4141.02564102564
4152.30769230769
4155.38461538462
4153.33333333333
4155.38461538462
4151.79487179487
4158.97435897436
4170.76923076923
4158.97435897436
4146.15384615385
4150.25641025641
4152.30769230769
4156.41025641026
4174.35897435897
4174.8717948718
4155.38461538462
4160.51282051282
4184.61538461538
4191.79487179487
4176.92307692308
4153.33333333333
4144.10256410256
4160.51282051282
4174.8717948718
4160.51282051282
4140.51282051282
4149.23076923077
4173.84615384615
4171.28205128205
4150.76923076923
4155.89743589744
4158.97435897436
4139.48717948718
4143.58974358974
4170.25641025641
4172.82051282051
4152.30769230769
4139.48717948718
4152.30769230769
4181.53846153846
4190.76923076923
4168.71794871795
4148.20512820513
4152.30769230769
4168.71794871795
4182.5641025641
4181.53846153846
4160.51282051282
4141.53846153846
4145.12820512821
4163.07692307692
4169.74358974359
4161.53846153846
4156.41025641026
4153.33333333333
4156.92307692308
4164.61538461538
4156.41025641026
4147.17948717949
4160.51282051282
4174.8717948718
4169.74358974359
4159.48717948718
4158.97435897436
4170.76923076923
4172.30769230769
4154.8717948718
4156.41025641026
4169.23076923077
4174.35897435897
4181.53846153846
4189.74358974359
4214.8717948718
4245.12820512821
4251.28205128205
4252.82051282051
4270.76923076923
4270.76923076923
4269.23076923077
4305.12820512821
4314.8717948718
4281.53846153846
4277.94871794872
4286.15384615385
4268.20512820513
4255.89743589744
4261.02564102564
4242.05128205128
4217.4358974359
4215.89743589744
4204.10256410256
4187.17948717949
4193.33333333333
4210.25641025641
4191.79487179487
4162.05128205128
4170.76923076923
4189.74358974359
4192.82051282051
4181.53846153846
4168.71794871795
4166.15384615385
4164.61538461538
4163.07692307692
4163.58974358974
4160
4150.76923076923
4155.89743589744
4159.48717948718
4143.58974358974
4144.10256410256
4164.61538461538
4168.71794871795
4162.5641025641
4171.28205128205
4172.30769230769
4150.25641025641
4148.71794871795
4172.30769230769
4172.82051282051
4144.10256410256
4136.41025641026
4152.82051282051
4157.4358974359
4161.02564102564
4172.30769230769
4172.30769230769
4166.15384615385
4163.07692307692
4150.76923076923
4143.58974358974
4156.41025641026
4157.4358974359
4147.17948717949
4151.28205128205
4156.92307692308
4147.69230769231
4135.89743589744
4135.38461538462
4150.76923076923
4169.23076923077
4170.25641025641
4154.8717948718
4152.82051282051
4165.12820512821
4157.94871794872
4140.51282051282
4146.66666666667
4159.48717948718
4152.82051282051
4150.76923076923
4152.82051282051
4147.17948717949
4160.51282051282
4167.17948717949
4146.66666666667
4146.66666666667
4172.30769230769
4172.30769230769
4150.25641025641
4146.15384615385
4160
4170.76923076923
4164.10256410256
4150.76923076923
4148.71794871795
4158.97435897436
4167.17948717949
4160.51282051282
4150.76923076923
4150.25641025641
4156.41025641026
4167.17948717949
4171.79487179487
4164.61538461538
4168.20512820513
4176.92307692308
4159.48717948718
4146.66666666667
4163.58974358974
4170.76923076923
4164.61538461538
4180
4183.58974358974
4149.74358974359
4128.71794871795
4154.8717948718
4185.12820512821
4174.8717948718
4147.17948717949
4147.17948717949
4166.66666666667
4169.23076923077
4165.64102564103
4173.84615384615
4176.41025641026
4162.5641025641
4160.51282051282
4169.74358974359
4158.97435897436
4150.76923076923
4163.58974358974
4155.38461538462
4134.35897435897
4155.89743589744
4176.41025641026
4162.5641025641
4152.82051282051
4154.35897435897
4166.15384615385
4176.41025641026
4161.53846153846
4155.89743589744
4169.74358974359
4156.92307692308
4149.23076923077
4172.82051282051
4176.92307692308
4168.71794871795
4167.69230769231
4153.84615384615
4155.89743589744
4174.8717948718
4170.76923076923
4161.53846153846
4169.23076923077
4172.30769230769
4170.25641025641
4163.07692307692
4160
4164.10256410256
4154.35897435897
4155.38461538462
4179.48717948718
4184.10256410256
4169.23076923077
4167.69230769231
4173.33333333333
4172.82051282051
4164.61538461538
4155.38461538462
4161.02564102564
4175.38461538462
4183.07692307692
4187.17948717949
4184.61538461538
4176.92307692308
4159.48717948718
4152.82051282051
4175.89743589744
4188.20512820513
4171.79487179487
4155.89743589744
4146.66666666667
4152.82051282051
4173.84615384615
4176.92307692308
4164.10256410256
4170.25641025641
4175.38461538462
4167.17948717949
4170.25641025641
4167.69230769231
4147.17948717949
4148.71794871795
4176.41025641026
4174.8717948718
4149.23076923077
4150.76923076923
4167.17948717949
4171.79487179487
4164.61538461538
4149.74358974359
4147.69230769231
4162.5641025641
4164.61538461538
4150.25641025641
4145.12820512821
4156.41025641026
4165.12820512821
4173.84615384615
4188.71794871795
4181.53846153846
4157.4358974359
4161.53846153846
4187.69230769231
4195.38461538462
4189.23076923077
4183.07692307692
4171.79487179487
4170.25641025641
4174.35897435897
4161.53846153846
4154.35897435897
4166.66666666667
4170.25641025641
4164.10256410256
4168.20512820513
4169.74358974359
4165.12820512821
4170.25641025641
4156.92307692308
4131.28205128205
4146.15384615385
4177.94871794872
4173.33333333333
4159.48717948718
4165.12820512821
4161.53846153846
4151.28205128205
4161.02564102564
4174.35897435897
4170.25641025641
4161.02564102564
4157.94871794872
4158.46153846154
4152.82051282051
4150.25641025641
4162.5641025641
4164.10256410256
4158.97435897436
4168.20512820513
4167.69230769231
4148.20512820513
4143.07692307692
4162.05128205128
4167.69230769231
4158.46153846154
4153.84615384615
4152.30769230769
4157.4358974359
4167.17948717949
4165.64102564103
4155.89743589744
4155.89743589744
4165.12820512821
4166.15384615385
4158.46153846154
4155.38461538462
4156.41025641026
4155.38461538462
4149.74358974359
4143.07692307692
4137.4358974359
4134.35897435897
4137.94871794872
4148.20512820513
4150.25641025641
4141.02564102564
4150.76923076923
4153.84615384615
4126.15384615385
4121.53846153846
4138.97435897436
4142.05128205128
4145.12820512821
4145.12820512821
4133.84615384615
4134.8717948718
4143.58974358974
4145.12820512821
4141.02564102564
4133.84615384615
4132.82051282051
4134.35897435897
4127.17948717949
4118.97435897436
4123.07692307692
4134.8717948718
4137.94871794872
4144.61538461538
4157.4358974359
4137.94871794872
4108.20512820513
4142.5641025641
4182.5641025641
4156.41025641026
4126.15384615385
4132.30769230769
4146.66666666667
4154.35897435897
4155.38461538462
4146.66666666667
4152.30769230769
4174.8717948718
4170.25641025641
4140
4132.82051282051
4155.89743589744
4160.51282051282
4142.5641025641
4131.79487179487
4133.33333333333
4138.46153846154
4138.46153846154
4136.41025641026
4145.12820512821
4167.69230769231
4185.64102564103
4198.97435897436
4224.10256410256
4236.41025641026
4238.46153846154
4257.4358974359
4266.15384615385
4254.35897435897
4245.12820512821
4231.28205128205
4223.07692307692
4233.33333333333
4226.15384615385
4209.23076923077
4206.66666666667
4195.89743589744
4186.66666666667
4193.33333333333
4180.51282051282
4152.30769230769
4148.71794871795
4151.79487179487
4142.05128205128
4148.20512820513
4166.66666666667
4162.5641025641
4147.69230769231
4145.12820512821
4143.58974358974
4141.02564102564
4149.23076923077
4157.94871794872
4147.69230769231
4120.51282051282
4116.41025641026
4141.02564102564
4146.66666666667
4128.20512820513
4117.94871794872
4128.20512820513
4138.97435897436
4133.84615384615
4126.66666666667
4130.76923076923
4143.58974358974
4143.07692307692
4128.20512820513
4129.23076923077
4130.76923076923
4123.07692307692
4128.20512820513
4138.97435897436
4127.17948717949
4120.51282051282
4140.51282051282
4142.5641025641
4125.12820512821
4118.97435897436
4119.48717948718
4123.07692307692
4141.02564102564
4160.51282051282
4147.17948717949
4124.61538461538
4122.5641025641
4130.76923076923
4136.41025641026
4135.38461538462
4135.38461538462
4143.07692307692
4144.61538461538
4136.92307692308
4138.46153846154
4138.97435897436
4126.15384615385
4118.97435897436
4115.89743589744
4118.46153846154
4138.97435897436
4144.61538461538
4122.5641025641
4118.97435897436
4142.5641025641
4144.10256410256
4122.5641025641
4119.48717948718
4135.89743589744
4145.12820512821
4130.76923076923
4116.41025641026
4131.79487179487
4142.5641025641
4122.05128205128
4111.28205128205
4121.53846153846
4132.82051282051
4136.92307692308
4124.61538461538
4118.46153846154
4135.89743589744
4147.69230769231
4131.28205128205
4125.12820512821
4127.69230769231
4127.69230769231
4135.38461538462
4128.20512820513
4125.12820512821
4147.69230769231
4157.4358974359
4138.46153846154
4129.23076923077
4127.17948717949
4109.74358974359
4120.51282051282
4152.30769230769
4153.84615384615
4127.17948717949
4116.41025641026
4128.71794871795
4131.79487179487
4133.84615384615
4141.02564102564
4131.28205128205
4125.12820512821
4143.58974358974
4143.07692307692
4118.97435897436
4129.23076923077
4158.97435897436
4156.41025641026
4132.30769230769
4133.33333333333
4161.53846153846
4174.35897435897
4156.92307692308
4136.92307692308
4138.97435897436
4142.5641025641
4140
4147.69230769231
4158.46153846154
4153.84615384615
4149.74358974359
4156.41025641026
4146.15384615385
4127.17948717949
4127.69230769231
4140.51282051282
4153.33333333333
4159.48717948718
4150.25641025641
4135.89743589744
4135.38461538462
4146.15384615385
4142.5641025641
4126.15384615385
4136.41025641026
4157.4358974359
4146.15384615385
4127.69230769231
4136.92307692308
4143.07692307692
4126.15384615385
4115.38461538462
4120.51282051282
4128.20512820513
4124.61538461538
4123.07692307692
4134.35897435897
4136.41025641026
4132.82051282051
4135.38461538462
4139.48717948718
4132.82051282051
4124.10256410256
4131.28205128205
4137.4358974359
4131.28205128205
4131.28205128205
4140
4147.17948717949
4151.79487179487
4147.17948717949
4136.41025641026
4137.94871794872
4133.84615384615
4129.23076923077
4152.82051282051
4164.10256410256
4142.5641025641
4130.76923076923
4139.48717948718
4139.48717948718
4132.30769230769
4137.4358974359
4155.89743589744
4163.07692307692
4147.69230769231
4126.15384615385
4128.71794871795
4152.82051282051
4154.35897435897
4132.82051282051
4125.64102564103
4126.15384615385
4125.64102564103
4135.89743589744
4144.10256410256
4143.07692307692
4142.5641025641
4142.05128205128
4138.97435897436
4141.02564102564
4145.12820512821
4140.51282051282
4134.8717948718
4142.5641025641
4140
4118.46153846154
4127.69230769231
4156.92307692308
4150.25641025641
4121.53846153846
4115.89743589744
4129.74358974359
4145.12820512821
4158.46153846154
4160.51282051282
4141.53846153846
4124.61538461538
4138.46153846154
4153.33333333333
4150.76923076923
4152.82051282051
4149.74358974359
4133.84615384615
4140
4161.53846153846
4161.53846153846
4157.94871794872
4154.35897435897
4141.53846153846
4147.17948717949
4161.02564102564
4152.30769230769
4144.10256410256
4157.94871794872
4161.53846153846
4148.71794871795
4154.35897435897
4175.38461538462
4178.97435897436
4169.74358974359
4151.79487179487
4136.92307692308
4163.07692307692
4192.82051282051
4163.07692307692
4136.92307692308
4163.07692307692
4172.82051282051
4148.71794871795
4141.53846153846
4156.92307692308
4170.76923076923
4165.12820512821
4148.71794871795
4150.76923076923
4162.05128205128
4161.53846153846
4153.33333333333
4149.23076923077
4157.4358974359
4162.5641025641
4152.82051282051
4150.25641025641
4171.79487179487
4187.69230769231
4176.41025641026
4164.61538461538
4171.28205128205
4185.64102564103
