F3
3971.79487179487
3983.07692307692
3977.4358974359
3958.97435897436
3953.84615384615
3958.97435897436
3965.64102564103
3973.33333333333
3979.48717948718
3978.97435897436
3970.76923076923
3967.17948717949
3985.64102564103
4000.51282051282
3991.28205128205
3986.66666666667
3992.30769230769
3983.58974358974
3975.89743589744
3983.58974358974
3984.61538461539
3979.48717948718
3987.17948717949
3995.38461538462
3989.74358974359
3980.51282051282
3981.53846153846
3989.23076923077
3992.82051282051
3989.23076923077
3986.66666666667
3993.33333333333
3995.89743589744
3993.84615384615
3998.46153846154
3999.48717948718
3990.25641025641
3982.5641025641
3989.74358974359
3997.4358974359
3995.38461538462
3986.66666666667
3982.05128205128
3988.20512820513
3991.79487179487
3991.28205128205
3988.71794871795
3987.69230769231
3986.15384615385
3984.61538461539
3984.61538461539
3989.74358974359
3991.79487179487
3977.94871794872
3972.30769230769
3980
3985.12820512821
3987.69230769231
3987.69230769231
3985.12820512821
3984.10256410256
3980
3969.74358974359
3968.71794871795
3971.79487179487
3970.25641025641
3972.82051282051
3976.41025641026
3978.46153846154
3980.51282051282
3977.94871794872
3974.35897435898
3975.38461538462
3977.94871794872
3977.4358974359
3974.8717948718
3974.8717948718
3972.82051282051
3972.82051282051
3981.53846153846
3985.64102564103
3975.38461538462
3970.25641025641
3976.92307692308
3979.48717948718
3974.8717948718
3973.33333333333
3973.84615384615
3973.84615384615
3972.30769230769
3971.79487179487
3971.79487179487
3971.79487179487
3973.84615384615
3975.38461538462
3975.89743589744
3982.05128205128
3993.33333333333
3993.33333333333
3977.94871794872
3972.82051282051
3984.61538461539
3993.84615384615
3988.20512820513
3977.94871794872
3975.38461538462
3980
3983.58974358974
3980
3975.38461538462
3972.30769230769
3973.33333333333
3976.92307692308
3980
3990.76923076923
3996.92307692308
3984.10256410256
3970.25641025641
3973.84615384615
3978.46153846154
3970.25641025641
3966.15384615385
3971.28205128205
3974.35897435898
3973.84615384615
3974.35897435898
3976.41025641026
3975.89743589744
3978.46153846154
3988.71794871795
3996.92307692308
3990.76923076923
3979.48717948718
3982.5641025641
3990.76923076923
3990.25641025641
3987.17948717949
3989.23076923077
3989.74358974359
3987.69230769231
3988.20512820513
3989.74358974359
3988.71794871795
3987.17948717949
3987.69230769231
3991.28205128205
3995.38461538462
3993.84615384615
3986.15384615385
3980.51282051282
3983.07692307692
3983.58974358974
3973.33333333333
3970.76923076923
3983.07692307692
3992.30769230769
3990.25641025641
3990.25641025641
3992.30769230769
3990.76923076923
3987.69230769231
3983.07692307692
3980
3985.12820512821
3988.71794871795
3980
3970.25641025641
3976.92307692308
3983.07692307692
3972.82051282051
3962.05128205128
3970.25641025641
3985.64102564103
3981.53846153846
3971.79487179487
3981.02564102564
3988.71794871795
3980
3984.61538461539
3992.82051282051
3980.51282051282
3974.8717948718
3985.64102564103
3987.17948717949
3983.07692307692
3985.12820512821
3986.15384615385
3980
3974.8717948718
3978.97435897436
3989.23076923077
3990.76923076923
3989.23076923077
3989.74358974359
3988.20512820513
3990.76923076923
3988.20512820513
3976.41025641026
3978.46153846154
3984.61538461539
3973.33333333333
3966.66666666667
3982.5641025641
3994.8717948718
3992.30769230769
3987.17948717949
3981.02564102564
3975.38461538462
3974.35897435898
3980.51282051282
3982.5641025641
3974.35897435898
3968.20512820513
3969.74358974359
3971.28205128205
3975.38461538462
3982.5641025641
3986.66666666667
3995.89743589744
4005.64102564103
4008.20512820513
4013.33333333333
4014.35897435898
4009.74358974359
4009.23076923077
4007.17948717949
4005.64102564103
4013.33333333333
4011.79487179487
4004.10256410256
4008.71794871795
4008.71794871795
4003.58974358974
4002.5641025641
3994.35897435898
3987.17948717949
3991.28205128205
3991.28205128205
3990.25641025641
4001.02564102564
4010.76923076923
4005.64102564103
3997.4358974359
3994.8717948718
3991.28205128205
3993.84615384615
4001.02564102564
3996.92307692308
3986.15384615385
3984.10256410256
3987.69230769231
3988.20512820513
3987.69230769231
3991.28205128205
4001.53846153846
4001.02564102564
3988.20512820513
3985.12820512821
3985.12820512821
3980.51282051282
3984.61538461539
3992.30769230769
3992.30769230769
3988.71794871795
3987.17948717949
3989.23076923077
3991.28205128205
3988.20512820513
3986.66666666667
3985.64102564103
3976.41025641026
3973.33333333333
3985.12820512821
3990.76923076923
3984.10256410256
3986.15384615385
3993.84615384615
3994.35897435898
3990.25641025641
3982.5641025641
3978.46153846154
3985.12820512821
3983.58974358974
3974.35897435898
3980.51282051282
3993.33333333333
3992.82051282051
3988.71794871795
3994.8717948718
3997.4358974359
3991.79487179487
3989.74358974359
3992.30769230769
3989.74358974359
3987.69230769231
3990.25641025641
3989.23076923077
3993.33333333333
3996.41025641026
3982.05128205128
3969.74358974359
3975.89743589744
3981.02564102564
3980
3984.61538461539
3984.61538461539
3980
3985.64102564103
3992.82051282051
3988.71794871795
3989.74358974359
3994.8717948718
3988.71794871795
3984.10256410256
3991.79487179487
4002.5641025641
4008.71794871795
4006.66666666667
4000
4002.5641025641
4006.15384615385
3994.8717948718
3990.25641025641
3998.97435897436
4001.53846153846
3995.89743589744
3993.33333333333
3995.38461538462
3995.38461538462
3992.30769230769
3990.76923076923
4001.02564102564
4003.07692307692
3983.07692307692
3972.82051282051
3982.5641025641
3987.17948717949
3982.05128205128
3980.51282051282
3984.10256410256
3986.66666666667
3987.69230769231
3987.69230769231
3989.74358974359
3990.25641025641
3990.76923076923
3993.33333333333
3984.10256410256
3976.92307692308
3985.12820512821
3992.82051282051
3990.25641025641
3990.76923076923
3993.33333333333
3990.76923076923
3987.17948717949
3985.12820512821
3988.20512820513
3992.82051282051
3991.79487179487
3988.20512820513
3986.15384615385
3986.66666666667
3988.71794871795
3988.20512820513
3990.25641025641
3991.28205128205
3981.02564102564
3972.82051282051
3973.84615384615
3979.48717948718
3986.66666666667
3987.69230769231
3973.33333333333
3964.10256410256
3971.79487179487
3976.41025641026
3971.28205128205
3968.20512820513
3972.82051282051
3979.48717948718
3978.97435897436
3972.30769230769
3969.23076923077
3974.35897435898
3971.79487179487
3961.53846153846
3956.41025641026
3957.4358974359
3966.15384615385
3975.89743589744
3977.94871794872
3982.05128205128
3991.28205128205
3986.66666666667
3982.05128205128
3988.71794871795
3983.07692307692
3974.8717948718
3981.53846153846
3987.17948717949
3986.15384615385
3989.74358974359
3988.71794871795
3984.10256410256
3983.58974358974
3978.46153846154
3971.79487179487
3971.79487179487
3975.89743589744
3980.51282051282
3981.53846153846
3980.51282051282
3984.10256410256
3986.66666666667
3982.5641025641
3985.12820512821
3987.17948717949
3978.46153846154
3970.25641025641
3972.30769230769
3980
3986.15384615385
3983.07692307692
3975.89743589744
3972.30769230769
3975.89743589744
3984.10256410256
3982.5641025641
3971.79487179487
3968.20512820513
3973.33333333333
3976.41025641026
3977.4358974359
3981.02564102564
3983.58974358974
3977.94871794872
3972.82051282051
3979.48717948718
3986.15384615385
3980
3974.8717948718
3975.38461538462
3971.79487179487
3968.71794871795
3975.89743589744
3982.5641025641
3976.41025641026
3970.25641025641
3971.79487179487
3971.79487179487
3971.28205128205
3973.33333333333
3974.35897435898
3975.89743589744
3983.58974358974
3988.71794871795
3985.12820512821
3980
3978.97435897436
3975.38461538462
3975.89743589744
3985.12820512821
3990.25641025641
3985.12820512821
3982.05128205128
3985.12820512821
3982.5641025641
3970.25641025641
3972.30769230769
3988.71794871795
3986.66666666667
3971.28205128205
3976.41025641026
3988.71794871795
3981.02564102564
3969.23076923077
3972.82051282051
3971.79487179487
3962.05128205128
3958.46153846154
3959.48717948718
3961.53846153846
3970.76923076923
3984.61538461539
3988.20512820513
3988.20512820513
3994.8717948718
4005.64102564103
4013.84615384615
4015.38461538462
4011.79487179487
4004.61538461539
4005.64102564103
4007.69230769231
4004.10256410256
4009.74358974359
4017.94871794872
4008.71794871795
3998.97435897436
4006.15384615385
4006.15384615385
3993.33333333333
3992.82051282051
4003.58974358974
4001.02564102564
3985.64102564103
3982.05128205128
3991.28205128205
3994.35897435898
3991.28205128205
3988.71794871795
3987.17948717949
3986.15384615385
3983.07692307692
3976.41025641026
3973.33333333333
3976.41025641026
3974.8717948718
3973.33333333333
3975.89743589744
3976.41025641026
3973.33333333333
3970.76923076923
3971.79487179487
3973.84615384615
3977.4358974359
3982.5641025641
3987.17948717949
3990.76923076923
3991.79487179487
3992.82051282051
3998.97435897436
4006.15384615385
3995.89743589744
3978.97435897436
3985.64102564103
4002.5641025641
4000
3985.12820512821
3982.5641025641
3992.30769230769
3991.28205128205
3974.8717948718
3967.69230769231
3974.35897435898
3974.35897435898
3968.20512820513
3969.23076923077
3970.25641025641
3969.74358974359
3972.82051282051
3975.38461538462
3973.33333333333
3971.28205128205
3971.28205128205
3970.25641025641
3970.25641025641
3974.8717948718
3976.41025641026
3974.35897435898
3974.8717948718
3976.92307692308
3979.48717948718
3981.02564102564
3982.5641025641
3981.53846153846
3975.89743589744
3976.92307692308
3987.17948717949
3989.74358974359
3988.71794871795
3997.4358974359
3999.48717948718
3991.28205128205
3989.74358974359
3994.8717948718
3992.82051282051
3988.20512820513
3991.79487179487
3990.25641025641
3977.4358974359
3972.30769230769
3983.07692307692
3993.33333333333
3989.74358974359
3976.92307692308
3971.79487179487
3974.35897435898
3973.33333333333
3976.41025641026
3988.20512820513
3990.25641025641
3978.46153846154
3972.30769230769
3981.53846153846
3992.30769230769
3990.76923076923
3987.17948717949
3989.74358974359
3991.28205128205
3989.74358974359
3989.74358974359
3991.28205128205
3989.74358974359
3987.69230769231
3986.66666666667
3987.69230769231
3989.23076923077
3984.61538461539
3973.84615384615
3973.84615384615
3991.28205128205
3992.30769230769
3975.38461538462
3980
3996.92307692308
3994.35897435898
3987.69230769231
3991.79487179487
3990.76923076923
3988.71794871795
3992.82051282051
3988.71794871795
3985.64102564103
4002.05128205128
4010.25641025641
3995.38461538462
3989.74358974359
3998.46153846154
3994.35897435898
3987.17948717949
3990.25641025641
3990.76923076923
3992.30769230769
3998.46153846154
3993.84615384615
3985.12820512821
3987.17948717949
3990.76923076923
3986.66666666667
3984.10256410256
3987.69230769231
3988.71794871795
3990.76923076923
3996.41025641026
3997.94871794872
3997.94871794872
4002.05128205128
4006.66666666667
4013.33333333333
4016.41025641026
4008.20512820513
4005.64102564103
4015.38461538462
4022.05128205128
4020.51282051282
4013.84615384615
4001.53846153846
3996.92307692308
4002.05128205128
4003.58974358974
4000
4000
4004.61538461539
4008.71794871795
4004.10256410256
3992.30769230769
3994.35897435898
4008.71794871795
4011.28205128205
4006.15384615385
4001.53846153846
3996.41025641026
3998.46153846154
4005.12820512821
4004.10256410256
3999.48717948718
3995.89743589744
3991.28205128205
3993.84615384615
4005.12820512821
4015.89743589744
4023.07692307692
4029.23076923077
4041.53846153846
4049.23076923077
4044.10256410256
4042.5641025641
4050.25641025641
4049.74358974359
4038.97435897436
4037.4358974359
4036.41025641026
4023.58974358974
4022.05128205128
4029.74358974359
4027.17948717949
4018.46153846154
4014.8717948718
4012.82051282051
4008.20512820513
4006.15384615385
4005.12820512821
4005.64102564103
4006.66666666667
4003.58974358974
3999.48717948718
4002.5641025641
4008.20512820513
4007.69230769231
4004.61538461539
3998.97435897436
3990.76923076923
3990.76923076923
3992.82051282051
3990.25641025641
3990.25641025641
3989.74358974359
3988.20512820513
3989.74358974359
3981.02564102564
3971.28205128205
3979.48717948718
3990.25641025641
3991.79487179487
3986.66666666667
3977.94871794872
3972.82051282051
3977.4358974359
3979.48717948718
3975.38461538462
3977.4358974359
3987.69230769231
3993.33333333333
3985.64102564103
3974.8717948718
3974.8717948718
3977.94871794872
3972.30769230769
3963.07692307692
3965.12820512821
3966.15384615385
3956.92307692308
3954.35897435898
3960
3960
3962.5641025641
3969.23076923077
3969.23076923077
3970.76923076923
3974.8717948718
3976.92307692308
3974.8717948718
3972.82051282051
3977.94871794872
3983.58974358974
3980
3972.82051282051
3970.76923076923
3972.30769230769
3971.79487179487
3972.30769230769
3977.4358974359
3980
3974.8717948718
3972.82051282051
3977.4358974359
3975.89743589744
3973.84615384615
3977.94871794872
3984.61538461539
3987.17948717949
3980
3974.35897435898
3980.51282051282
3984.10256410256
3980.51282051282
3984.10256410256
3985.64102564103
3974.35897435898
3971.79487179487
3976.92307692308
3973.84615384615
3977.4358974359
3986.15384615385
3978.46153846154
3970.76923076923
3976.41025641026
3977.4358974359
3973.33333333333
3971.79487179487
3969.74358974359
3971.79487179487
3976.92307692308
3975.89743589744
3972.82051282051
3974.35897435898
3975.38461538462
3973.33333333333
3969.74358974359
3971.28205128205
3981.02564102564
3992.82051282051
3990.25641025641
3975.38461538462
3977.94871794872
3990.25641025641
3982.05128205128
3972.30769230769
3981.02564102564
3987.69230769231
3983.58974358974
3977.4358974359
3972.82051282051
3978.46153846154
3989.23076923077
3990.25641025641
3988.20512820513
3991.28205128205
3990.76923076923
3990.25641025641
3987.69230769231
3980
3978.46153846154
3978.97435897436
3973.84615384615
3972.82051282051
3980.51282051282
3984.10256410256
3987.17948717949
3989.23076923077
3981.53846153846
3976.92307692308
3977.94871794872
3975.89743589744
3973.84615384615
3975.89743589744
3975.38461538462
3972.30769230769
3972.82051282051
3971.79487179487
3969.23076923077
3975.38461538462
3981.02564102564
3974.35897435898
3974.8717948718
3987.69230769231
3992.30769230769
3988.20512820513
3988.20512820513
3987.17948717949
3983.58974358974
3985.12820512821
3992.82051282051
3995.89743589744
3992.30769230769
3987.17948717949
3981.02564102564
3982.05128205128
3991.79487179487
3993.33333333333
3986.66666666667
3984.10256410256
3981.02564102564
3982.05128205128
3990.76923076923
3991.79487179487
3988.71794871795
3987.69230769231
3984.10256410256
3979.48717948718
3980.51282051282
3977.94871794872
3973.84615384615
3973.84615384615
3973.84615384615
3979.48717948718
3988.71794871795
3983.07692307692
3973.84615384615
3974.8717948718
3975.38461538462
3971.28205128205
3974.8717948718
3977.4358974359
3973.84615384615
3975.38461538462
3978.46153846154
3975.38461538462
3973.84615384615
3982.05128205128
3989.74358974359
3991.28205128205
3989.23076923077
3987.17948717949
3988.71794871795
3994.8717948718
4004.61538461539
4008.20512820513
3994.8717948718
3983.58974358974
3989.74358974359
3991.28205128205
3986.15384615385
3989.23076923077
3989.74358974359
3986.15384615385
3992.82051282051
3997.4358974359
3990.25641025641
3987.17948717949
3991.79487179487
3990.25641025641
3985.12820512821
3986.66666666667
3990.25641025641
3989.74358974359
3987.69230769231
3990.76923076923
3992.30769230769
3988.71794871795
3986.15384615385
3990.25641025641
3996.92307692308
3991.28205128205
3977.4358974359
3977.4358974359
3995.89743589744
4008.20512820513
3998.97435897436
3990.25641025641
3988.20512820513
3980.51282051282
3972.30769230769
3972.82051282051
3974.35897435898
3972.30769230769
3972.82051282051
3982.05128205128
3989.74358974359
3982.5641025641
3968.20512820513
3969.23076923077
3982.5641025641
3992.30769230769
3988.20512820513
3982.05128205128
3986.15384615385
3986.15384615385
3975.89743589744
3973.84615384615
3975.89743589744
3972.82051282051
3972.30769230769
3971.28205128205
3967.69230769231
3969.74358974359
3975.89743589744
3976.92307692308
3973.84615384615
3971.28205128205
3973.33333333333
3977.4358974359
3978.97435897436
3983.58974358974
3991.28205128205
3990.25641025641
3986.15384615385
3989.23076923077
3985.64102564103
3974.8717948718
3976.41025641026
3981.02564102564
3974.35897435898
3970.25641025641
3972.82051282051
3972.82051282051
3976.92307692308
3984.61538461539
3986.15384615385
3990.76923076923
3998.97435897436
3995.89743589744
3986.66666666667
3987.69230769231
3990.76923076923
3983.58974358974
3976.92307692308
3975.38461538462
3974.8717948718
3980
3988.20512820513
3992.82051282051
3987.69230769231
3981.02564102564
3981.02564102564
3981.02564102564
3981.02564102564
3981.53846153846
3974.8717948718
3965.12820512821
3969.23076923077
3975.89743589744
3970.76923076923
3973.33333333333
3985.12820512821
3987.69230769231
3986.66666666667
4000
4017.94871794872
4016.41025641026
4011.79487179487
4022.05128205128
4032.30769230769
4026.15384615385
4009.74358974359
4001.02564102564
4006.66666666667
4011.79487179487
4004.10256410256
3995.38461538462
3996.41025641026
3995.89743589744
3991.79487179487
3988.20512820513
3984.10256410256
3981.53846153846
3977.4358974359
3971.28205128205
3971.79487179487
3977.94871794872
3974.35897435898
3970.76923076923
3984.61538461539
3992.82051282051
3980
3971.28205128205
3984.10256410256
3991.79487179487
3982.05128205128
3968.71794871795
3961.53846153846
3961.02564102564
3963.58974358974
3959.48717948718
3956.92307692308
3967.69230769231
3978.97435897436
3976.41025641026
3969.23076923077
3968.71794871795
3973.33333333333
3975.38461538462
3972.82051282051
3972.30769230769
3980.51282051282
3989.23076923077
3987.17948717949
3986.15384615385
3987.17948717949
3978.46153846154
3974.35897435898
3980.51282051282
3983.58974358974
3979.48717948718
3976.92307692308
3974.8717948718
3972.30769230769
3976.92307692308
3984.10256410256
3981.02564102564
3970.76923076923
3969.74358974359
3975.89743589744
3981.53846153846
3989.74358974359
3991.79487179487
3980.51282051282
3972.82051282051
3976.41025641026
3977.4358974359
3971.79487179487
3968.20512820513
3970.25641025641
3973.84615384615
3976.41025641026
3973.84615384615
3971.79487179487
3974.8717948718
3975.89743589744
3975.38461538462
3974.8717948718
3973.33333333333
3974.8717948718
3976.92307692308
3971.79487179487
3965.64102564103
3969.23076923077
3973.33333333333
3971.28205128205
3969.74358974359
3970.76923076923
3972.30769230769
3971.28205128205
3967.69230769231
3968.71794871795
3973.84615384615
3973.33333333333
3972.82051282051
3972.30769230769
3964.61538461539
3955.38461538462
3957.4358974359
3963.07692307692
3962.05128205128
3964.61538461539
3969.23076923077
3971.28205128205
3969.74358974359
3963.58974358974
3955.89743589744
3957.4358974359
3974.35897435898
3982.05128205128
3975.38461538462
3970.25641025641
3971.28205128205
3969.74358974359
3963.58974358974
3960.51282051282
3963.58974358974
3971.79487179487
3974.35897435898
3972.30769230769
3977.94871794872
3973.84615384615
3958.46153846154
3960
3974.8717948718
3982.5641025641
3980.51282051282
3981.53846153846
3984.10256410256
3986.66666666667
3988.71794871795
3988.20512820513
3984.61538461539
3982.5641025641
3987.69230769231
3990.76923076923
3988.71794871795
3986.66666666667
3983.58974358974
3980.51282051282
3978.97435897436
3977.94871794872
3978.46153846154
3984.10256410256
3991.28205128205
3994.8717948718
3987.69230769231
3976.92307692308
3976.41025641026
3981.53846153846
3982.05128205128
3978.46153846154
3974.35897435898
3972.30769230769
3975.89743589744
3975.89743589744
3971.79487179487
3975.38461538462
3972.30769230769
3956.92307692308
3958.46153846154
3967.17948717949
3962.05128205128
3964.61538461539
3972.82051282051
3968.20512820513
3968.71794871795
3973.84615384615
3963.07692307692
3956.92307692308
3967.69230769231
3973.33333333333
3972.30769230769
3973.33333333333
3974.35897435898
3975.38461538462
3973.84615384615
3971.28205128205
3971.28205128205
3972.82051282051
3973.33333333333
3972.82051282051
3973.84615384615
3976.41025641026
3975.38461538462
3971.79487179487
3975.89743589744
3974.8717948718
3961.53846153846
3965.12820512821
3975.89743589744
3967.17948717949
3960
3966.66666666667
3968.71794871795
3967.17948717949
3965.64102564103
3966.15384615385
3972.30769230769
3967.69230769231
3957.4358974359
3957.94871794872
3958.46153846154
3961.53846153846
3973.33333333333
3977.4358974359
3973.84615384615
3976.41025641026
3976.41025641026
3973.33333333333
3975.38461538462
3975.38461538462
3971.28205128205
3971.28205128205
3976.41025641026
3974.35897435898
3960
3955.38461538462
3968.71794871795
3976.41025641026
3966.15384615385
3956.92307692308
3955.89743589744
3956.41025641026
3954.8717948718
3961.53846153846
3973.84615384615
3976.92307692308
3973.84615384615
3974.35897435898
3974.8717948718
3974.35897435898
3974.35897435898
3976.92307692308
3985.12820512821
3987.69230769231
3983.58974358974
3982.5641025641
3978.46153846154
3973.84615384615
3978.97435897436
3980
3970.76923076923
3977.94871794872
3989.74358974359
3981.02564102564
3970.76923076923
3973.84615384615
3975.38461538462
3973.33333333333
3975.38461538462
3975.38461538462
3973.33333333333
3973.33333333333
3972.82051282051
3971.79487179487
3971.79487179487
3972.82051282051
3967.17948717949
3961.02564102564
3967.17948717949
3977.94871794872
3977.4358974359
3972.82051282051
3976.41025641026
3978.46153846154
3977.4358974359
3977.4358974359
3975.38461538462
3969.74358974359
3968.20512820513
3971.79487179487
3973.33333333333
3972.82051282051
3973.84615384615
3974.35897435898
3973.33333333333
