
4197.4358974359
4200
4202.5641025641
4194.8717948718
4186.66666666667
4187.69230769231
4196.92307692308
4208.20512820513
4213.33333333333
4206.15384615385
4198.97435897436
4206.66666666667
4217.94871794872
4224.61538461538
4228.20512820513
4233.33333333333
4242.05128205128
4242.05128205128
4240
4245.64102564103
4247.17948717949
4246.66666666667
4264.10256410256
4284.61538461538
4288.71794871795
4286.15384615385
4289.23076923077
4300
4312.82051282051
4313.33333333333
4307.17948717949
4315.89743589744
4331.28205128205
4337.94871794872
4338.97435897436
4336.92307692308
4335.89743589744
4340
4346.15384615385
4342.05128205128
4332.82051282051
4335.38461538462
4343.58974358974
4341.53846153846
4331.28205128205
4332.82051282051
4336.41025641026
4334.8717948718
4338.97435897436
4338.97435897436
4334.35897435897
4336.92307692308
4341.02564102564
4330.76923076923
4315.38461538462
4311.79487179487
4321.02564102564
4330.25641025641
4324.10256410256
4309.74358974359
4309.74358974359
4312.82051282051
4301.53846153846
4291.79487179487
4294.35897435897
4295.38461538462
4292.30769230769
4296.92307692308
4306.15384615385
4306.66666666667
4298.46153846154
4292.30769230769
4298.46153846154
4311.28205128205
4312.82051282051
4301.02564102564
4292.30769230769
4295.38461538462
4298.46153846154
4297.94871794872
4295.38461538462
4291.79487179487
4292.82051282051
4295.38461538462
4290.76923076923
4282.05128205128
4275.38461538462
4268.71794871795
4253.84615384615
4244.10256410256
4243.07692307692
4238.46153846154
4230.76923076923
4230.25641025641
4234.35897435897
4233.33333333333
4229.74358974359
4230.25641025641
4231.28205128205
4224.10256410256
4215.38461538462
4217.94871794872
4222.5641025641
4220.51282051282
4216.41025641026
4213.84615384615
4212.30769230769
4207.69230769231
4202.05128205128
4198.46153846154
4197.94871794872
4197.4358974359
4193.33333333333
4190.25641025641
4196.41025641026
4203.58974358974
4195.38461538462
4182.05128205128
4184.10256410256
4185.64102564103
4171.79487179487
4163.07692307692
4166.66666666667
4168.20512820513
4167.69230769231
4169.74358974359
4169.74358974359
4168.71794871795
4168.20512820513
4168.20512820513
4164.61538461538
4155.89743589744
4151.28205128205
4158.46153846154
4167.69230769231
4168.71794871795
4162.05128205128
4156.41025641026
4155.89743589744
4154.35897435897
4156.92307692308
4168.20512820513
4173.33333333333
4167.17948717949
4164.61538461538
4167.69230769231
4162.05128205128
4154.35897435897
4150.25641025641
4151.28205128205
4160
4167.69230769231
4168.20512820513
4167.69230769231
4174.8717948718
4182.5641025641
4184.10256410256
4183.07692307692
4184.61538461538
4185.64102564103
4184.10256410256
4183.58974358974
4184.10256410256
4186.15384615385
4185.64102564103
4181.53846153846
4182.05128205128
4186.15384615385
4183.07692307692
4172.30769230769
4167.17948717949
4176.41025641026
4186.15384615385
4186.15384615385
4185.12820512821
4187.17948717949
4186.15384615385
4182.5641025641
4182.5641025641
4187.17948717949
4183.07692307692
4170.76923076923
4167.69230769231
4172.30769230769
4164.61538461538
4154.35897435897
4154.8717948718
4151.28205128205
4140
4137.4358974359
4141.53846153846
4140
4137.94871794872
4137.94871794872
4131.28205128205
4122.5641025641
4121.53846153846
4123.07692307692
4124.61538461538
4124.61538461538
4116.41025641026
4112.30769230769
4121.02564102564
4126.66666666667
4121.02564102564
4113.33333333333
4105.64102564103
4095.89743589744
4093.84615384615
4101.53846153846
4110.25641025641
4109.23076923077
4104.10256410256
4103.58974358974
4107.69230769231
4113.84615384615
4111.79487179487
4106.15384615385
4114.8717948718
4124.10256410256
4117.4358974359
4115.89743589744
4124.61538461538
4126.66666666667
4124.10256410256
4122.05128205128
4121.02564102564
4121.53846153846
4120
4117.4358974359
4121.02564102564
4122.5641025641
4120.51282051282
4120
4118.97435897436
4118.97435897436
4119.48717948718
4119.48717948718
4126.66666666667
4136.41025641026
4138.97435897436
4135.89743589744
4128.71794871795
4122.5641025641
4125.64102564103
4134.35897435897
4136.41025641026
4129.74358974359
4126.15384615385
4126.66666666667
4121.53846153846
4121.53846153846
4133.84615384615
4138.97435897436
4136.92307692308
4136.41025641026
4126.15384615385
4113.33333333333
4116.92307692308
4124.61538461538
4123.58974358974
4123.58974358974
4123.58974358974
4121.53846153846
4118.97435897436
4119.48717948718
4122.5641025641
4121.02564102564
4122.05128205128
4124.10256410256
4122.5641025641
4127.69230769231
4136.92307692308
4135.89743589744
4129.23076923077
4128.20512820513
4126.15384615385
4122.5641025641
4122.5641025641
4122.5641025641
4120
4120
4120.51282051282
4118.97435897436
4121.02564102564
4117.94871794872
4109.23076923077
4106.15384615385
4107.17948717949
4105.64102564103
4104.61538461538
4103.58974358974
4098.97435897436
4093.84615384615
4093.33333333333
4093.33333333333
4091.28205128205
4092.30769230769
4092.82051282051
4083.07692307692
4068.71794871795
4060
4057.94871794872
4066.15384615385
4071.79487179487
4067.17948717949
4068.71794871795
4074.8717948718
4075.89743589744
4075.38461538462
4078.97435897436
4076.92307692308
4068.71794871795
4066.15384615385
4066.66666666667
4062.05128205128
4058.97435897436
4061.02564102564
4056.41025641026
4051.28205128205
4052.82051282051
4051.28205128205
4049.74358974359
4053.84615384615
4052.30769230769
4049.74358974359
4056.92307692308
4063.58974358974
4057.94871794872
4051.79487179487
4055.89743589744
4063.07692307692
4066.66666666667
4060
4051.28205128205
4054.35897435898
4062.05128205128
4057.94871794872
4060.51282051282
4073.84615384615
4073.84615384615
4065.12820512821
4066.15384615385
4069.23076923077
4067.69230769231
4067.17948717949
4069.23076923077
4066.66666666667
4062.5641025641
4066.15384615385
4074.35897435898
4075.38461538462
4073.84615384615
4075.38461538462
4076.41025641026
4075.89743589744
4078.97435897436
4087.17948717949
4092.82051282051
4092.82051282051
4092.82051282051
4092.82051282051
4091.28205128205
4089.74358974359
4090.76923076923
4098.97435897436
4107.69230769231
4106.15384615385
4102.5641025641
4104.10256410256
4104.61538461538
4104.61538461538
4106.15384615385
4104.61538461538
4103.58974358974
4104.61538461538
4097.4358974359
4087.69230769231
4094.35897435898
4101.53846153846
4094.8717948718
4088.71794871795
4082.05128205128
4073.33333333333
4074.35897435898
4078.46153846154
4074.8717948718
4074.8717948718
4076.41025641026
4076.41025641026
4085.64102564103
4088.20512820513
4082.5641025641
4085.64102564103
4091.28205128205
4091.79487179487
4091.28205128205
4081.02564102564
4065.12820512821
4067.17948717949
4076.41025641026
4072.82051282051
4071.79487179487
4085.64102564103
4092.82051282051
4090.25641025641
4090.76923076923
4089.23076923077
4081.53846153846
4082.05128205128
4085.12820512821
4076.92307692308
4072.82051282051
4077.4358974359
4076.92307692308
4078.46153846154
4086.66666666667
4086.66666666667
4077.4358974359
4073.33333333333
4077.94871794872
4084.61538461539
4083.58974358974
4076.41025641026
4077.94871794872
4083.58974358974
4078.97435897436
4074.35897435898
4073.33333333333
4066.66666666667
4061.02564102564
4069.74358974359
4078.97435897436
4076.92307692308
4073.84615384615
4077.4358974359
4077.4358974359
4074.35897435898
4077.94871794872
4082.05128205128
4078.46153846154
4074.8717948718
4075.38461538462
4080
4084.10256410256
4085.12820512821
4087.69230769231
4089.74358974359
4083.58974358974
4081.02564102564
4089.23076923077
4094.8717948718
4091.79487179487
4095.38461538462
4105.64102564103
4104.61538461538
4093.33333333333
4089.74358974359
4090.25641025641
4087.17948717949
4090.25641025641
4099.48717948718
4098.46153846154
4095.38461538462
4103.58974358974
4109.23076923077
4106.66666666667
4103.58974358974
4093.84615384615
4088.20512820513
4096.92307692308
4101.02564102564
4091.79487179487
4087.69230769231
4091.28205128205
4092.30769230769
4088.71794871795
4082.05128205128
4077.94871794872
4080
4080
4074.8717948718
4073.33333333333
4081.53846153846
4090.76923076923
4091.28205128205
4090.25641025641
4097.94871794872
4108.20512820513
4112.30769230769
4112.30769230769
4108.20512820513
4105.12820512821
4107.17948717949
4108.71794871795
4105.12820512821
4104.61538461538
4107.17948717949
4106.15384615385
4101.53846153846
4095.38461538462
4091.79487179487
4090.25641025641
4088.20512820513
4089.74358974359
4092.82051282051
4086.15384615385
4078.97435897436
4086.66666666667
4092.30769230769
4086.15384615385
4085.12820512821
4090.76923076923
4090.25641025641
4086.66666666667
4085.64102564103
4087.17948717949
4087.17948717949
4083.58974358974
4084.61538461539
4091.79487179487
4090.76923076923
4082.5641025641
4081.53846153846
4084.61538461539
4089.23076923077
4092.30769230769
4091.28205128205
4091.79487179487
4098.46153846154
4106.15384615385
4105.64102564103
4104.61538461538
4108.71794871795
4109.74358974359
4106.15384615385
4107.69230769231
4115.38461538462
4115.89743589744
4108.71794871795
4109.23076923077
4115.89743589744
4112.30769230769
4103.58974358974
4109.74358974359
4120
4116.41025641026
4109.23076923077
4109.74358974359
4110.25641025641
4108.20512820513
4110.76923076923
4109.74358974359
4100
4093.33333333333
4101.02564102564
4106.15384615385
4095.38461538462
4087.17948717949
4093.84615384615
4100.51282051282
4098.97435897436
4101.02564102564
4105.64102564103
4103.58974358974
4104.10256410256
4109.23076923077
4103.58974358974
4095.38461538462
4103.07692307692
4108.71794871795
4101.02564102564
4098.46153846154
4101.53846153846
4094.8717948718
4093.84615384615
4101.53846153846
4101.53846153846
4101.53846153846
4105.64102564103
4097.4358974359
4085.64102564103
4087.69230769231
4090.76923076923
4090.76923076923
4088.20512820513
4082.05128205128
4081.02564102564
4082.05128205128
4078.97435897436
4081.02564102564
4086.66666666667
4084.61538461539
4079.48717948718
4081.53846153846
4084.61538461539
4083.07692307692
4083.58974358974
4094.35897435898
4101.53846153846
4096.41025641026
4091.79487179487
4094.35897435898
4094.8717948718
4091.28205128205
4089.23076923077
4089.74358974359
4091.28205128205
4093.33333333333
4093.33333333333
4090.76923076923
4094.35897435898
4104.10256410256
4101.53846153846
4091.28205128205
4096.92307692308
4112.30769230769
4117.4358974359
4115.89743589744
4113.84615384615
4109.23076923077
4107.69230769231
4107.69230769231
4107.69230769231
4114.35897435897
4123.58974358974
4124.61538461538
4120.51282051282
4118.97435897436
4119.48717948718
4124.61538461538
4127.17948717949
4124.61538461538
4128.71794871795
4134.35897435897
4136.92307692308
4135.89743589744
4129.23076923077
4122.5641025641
4121.53846153846
4124.10256410256
4123.58974358974
4122.5641025641
4123.07692307692
4124.10256410256
4122.05128205128
4119.48717948718
4118.97435897436
4118.97435897436
4121.02564102564
4125.12820512821
4124.61538461538
4121.02564102564
4120.51282051282
4121.02564102564
4122.05128205128
4124.61538461538
4122.05128205128
4118.46153846154
4118.97435897436
4117.4358974359
4108.71794871795
4104.61538461538
4111.79487179487
4118.97435897436
4115.38461538462
4108.20512820513
4107.69230769231
4115.89743589744
4121.02564102564
4118.97435897436
4118.46153846154
4121.53846153846
4120.51282051282
4119.48717948718
4123.07692307692
4125.12820512821
4123.58974358974
4122.5641025641
4122.5641025641
4120
4122.05128205128
4133.84615384615
4141.02564102564
4136.92307692308
4141.53846153846
4152.82051282051
4153.84615384615
4158.46153846154
4165.64102564103
4158.97435897436
4151.28205128205
4151.28205128205
4144.10256410256
4136.41025641026
4141.53846153846
4144.10256410256
4140
4136.41025641026
4135.89743589744
4137.94871794872
4138.46153846154
4137.4358974359
4134.35897435897
4130.25641025641
4134.8717948718
4136.41025641026
4124.61538461538
4123.07692307692
4136.92307692308
4141.02564102564
4136.41025641026
4137.4358974359
4133.33333333333
4123.58974358974
4124.61538461538
4134.35897435897
4137.94871794872
4128.71794871795
4121.53846153846
4123.07692307692
4124.61538461538
4122.05128205128
4122.05128205128
4124.10256410256
4124.10256410256
4123.07692307692
4123.58974358974
4120.51282051282
4118.46153846154
4120
4123.07692307692
4129.74358974359
4137.94871794872
4141.53846153846
4140
4136.92307692308
4132.30769230769
4126.66666666667
4120
4118.97435897436
4123.07692307692
4118.46153846154
4107.17948717949
4108.71794871795
4119.48717948718
4121.02564102564
4120.51282051282
4120.51282051282
4113.33333333333
4107.17948717949
4104.61538461538
4098.46153846154
4096.92307692308
4103.58974358974
4105.12820512821
4101.53846153846
4101.02564102564
4097.94871794872
4093.33333333333
4092.82051282051
4090.76923076923
4094.35897435898
4105.64102564103
4104.61538461538
4090.76923076923
4091.28205128205
4099.48717948718
4098.97435897436
4101.53846153846
4106.15384615385
4105.12820512821
4107.17948717949
4114.8717948718
4119.48717948718
4120.51282051282
4121.53846153846
4125.12820512821
4134.35897435897
4138.46153846154
4127.69230769231
4123.07692307692
4134.8717948718
4142.05128205128
4141.02564102564
4144.10256410256
4142.5641025641
4138.46153846154
4145.12820512821
4152.30769230769
4151.28205128205
4150.76923076923
4151.79487179487
4154.35897435897
4155.89743589744
4156.92307692308
4157.4358974359
4156.92307692308
4155.38461538462
4155.89743589744
4153.33333333333
4151.28205128205
4161.53846153846
4171.28205128205
4166.15384615385
4162.05128205128
4167.69230769231
4170.25641025641
4166.15384615385
4165.64102564103
4167.69230769231
4168.71794871795
4169.23076923077
4168.71794871795
4168.20512820513
4168.20512820513
4169.23076923077
4171.28205128205
4176.41025641026
4182.05128205128
4185.12820512821
4185.12820512821
4182.5641025641
4181.02564102564
4182.5641025641
4183.58974358974
4183.07692307692
4187.69230769231
4191.28205128205
4188.20512820513
4191.28205128205
4196.92307692308
4192.30769230769
4186.66666666667
4188.20512820513
4188.71794871795
4187.69230769231
4187.69230769231
4186.15384615385
4189.23076923077
4197.4358974359
4199.48717948718
4191.79487179487
4187.17948717949
4190.76923076923
4191.79487179487
4189.23076923077
4188.20512820513
4186.66666666667
4184.10256410256
4187.69230769231
4189.23076923077
4185.64102564103
4185.12820512821
4188.71794871795
4189.74358974359
4187.69230769231
4183.58974358974
4179.48717948718
4179.48717948718
4184.10256410256
4187.69230769231
4186.15384615385
4183.07692307692
4183.58974358974
4185.64102564103
4183.07692307692
4182.05128205128
4182.05128205128
4176.41025641026
4171.79487179487
4171.79487179487
4171.79487179487
4178.46153846154
4187.17948717949
4180.51282051282
4168.71794871795
4170.76923076923
4173.84615384615
4170.25641025641
4169.74358974359
4166.66666666667
4156.92307692308
4153.33333333333
4155.89743589744
4153.84615384615
4152.82051282051
4153.84615384615
4153.84615384615
4153.33333333333
4155.38461538462
4154.8717948718
4152.82051282051
4158.97435897436
4166.15384615385
4160
4151.79487179487
4158.46153846154
4171.28205128205
4170.25641025641
4156.41025641026
4146.66666666667
4152.30769230769
4154.35897435897
4142.05128205128
4138.46153846154
4150.76923076923
4156.41025641026
4153.33333333333
4152.30769230769
4151.79487179487
4146.66666666667
4139.48717948718
4141.02564102564
4145.64102564103
4140.51282051282
4140
4151.28205128205
4154.35897435897
4151.28205128205
4154.35897435897
4154.8717948718
4154.8717948718
4157.4358974359
4157.94871794872
4157.94871794872
4156.41025641026
4158.46153846154
4167.69230769231
4172.82051282051
4169.23076923077
4169.23076923077
4169.74358974359
4167.69230769231
4169.23076923077
4165.12820512821
4155.38461538462
4153.33333333333
4154.35897435897
4151.28205128205
4152.82051282051
4150.25641025641
4136.41025641026
4132.30769230769
4138.97435897436
4140.51282051282
4138.46153846154
4140
4138.97435897436
4137.4358974359
4138.46153846154
4138.97435897436
4135.89743589744
4133.84615384615
4136.41025641026
4131.28205128205
4123.58974358974
4130.25641025641
4135.38461538462
4125.64102564103
4121.02564102564
4124.10256410256
4122.5641025641
4119.48717948718
4120
4121.53846153846
4123.07692307692
4127.69230769231
4134.35897435897
4138.46153846154
4136.41025641026
4136.41025641026
4139.48717948718
4139.48717948718
4132.30769230769
4122.05128205128
4120
4122.5641025641
4120.51282051282
4117.4358974359
4124.10256410256
4133.33333333333
4132.82051282051
4127.69230769231
4132.82051282051
4140
4136.41025641026
4131.79487179487
4136.92307692308
4140.51282051282
4137.94871794872
4144.10256410256
4154.35897435897
4156.92307692308
4151.79487179487
4140.51282051282
4140
4152.82051282051
4151.79487179487
4137.94871794872
4136.41025641026
4145.12820512821
4151.28205128205
4152.82051282051
4152.82051282051
4153.84615384615
4155.89743589744
4160
4166.15384615385
4173.84615384615
4183.07692307692
4187.17948717949
4184.61538461538
4189.74358974359
4198.46153846154
4204.10256410256
4201.53846153846
4191.28205128205
4191.79487179487
4200
4193.84615384615
4184.61538461538
4186.15384615385
4185.64102564103
4182.5641025641
4183.58974358974
4176.92307692308
4168.20512820513
4166.15384615385
4169.23076923077
4168.71794871795
4161.02564102564
4153.84615384615
4154.35897435897
4157.4358974359
4155.38461538462
4152.30769230769
4150.76923076923
4152.30769230769
4148.71794871795
4140.51282051282
4137.94871794872
4137.94871794872
4136.92307692308
4136.41025641026
4134.8717948718
4133.84615384615
4137.4358974359
4140
4137.4358974359
4134.8717948718
4134.8717948718
4136.92307692308
4137.4358974359
4134.8717948718
4134.8717948718
4146.15384615385
4150.25641025641
4145.64102564103
4149.74358974359
4149.74358974359
4137.94871794872
4133.33333333333
4137.4358974359
4136.41025641026
4134.35897435897
4130.25641025641
4126.66666666667
4131.79487179487
4137.94871794872
4138.97435897436
4137.94871794872
4136.92307692308
4134.8717948718
4135.38461538462
4138.97435897436
4139.48717948718
4139.48717948718
4137.94871794872
4135.89743589744
4136.41025641026
4137.94871794872
4136.92307692308
4135.89743589744
4135.89743589744
4138.97435897436
4141.53846153846
4138.97435897436
4136.92307692308
4140.51282051282
4142.5641025641
4141.02564102564
4140.51282051282
4140
4140.51282051282
4141.02564102564
4137.94871794872
4136.92307692308
4140.51282051282
4141.02564102564
4137.4358974359
4138.97435897436
4140
4141.02564102564
4146.66666666667
4152.82051282051
4153.33333333333
4152.30769230769
4152.82051282051
4151.79487179487
4151.79487179487
4153.33333333333
4153.33333333333
4152.82051282051
4151.79487179487
4158.97435897436
4167.69230769231
4160.51282051282
4150.76923076923
4155.38461538462
4156.92307692308
4152.30769230769
4161.53846153846
4172.82051282051
4170.25641025641
4164.61538461538
4170.25641025641
4170.25641025641
4158.46153846154
4152.82051282051
4148.20512820513
4141.02564102564
4145.12820512821
4154.8717948718
4149.23076923077
4137.94871794872
4136.41025641026
4136.41025641026
4135.89743589744
4134.8717948718
4142.05128205128
4153.84615384615
4153.84615384615
4149.74358974359
4151.28205128205
4152.82051282051
4151.79487179487
4151.79487179487
4153.84615384615
4152.30769230769
4145.12820512821
4138.97435897436
4140
4138.46153846154
4133.84615384615
4134.8717948718
4138.46153846154
4140
4140.51282051282
4140.51282051282
4141.53846153846
4140.51282051282
4138.46153846154
4138.46153846154
4137.4358974359
4136.92307692308
4136.92307692308
4129.23076923077
4119.48717948718
4121.02564102564
4124.61538461538
4124.10256410256
4124.61538461538
4122.05128205128
4115.89743589744
4117.4358974359
4120.51282051282
4119.48717948718
4122.05128205128
4125.64102564103
4124.61538461538
4127.17948717949
4128.71794871795
4125.12820512821
4122.5641025641
4122.5641025641
4128.71794871795
4137.4358974359
4137.94871794872
4135.89743589744
4140
4139.48717948718
4134.35897435897
4134.35897435897
4137.4358974359
4140
4140
4138.46153846154
4138.97435897436
4141.02564102564
4140.51282051282
4140.51282051282
4140.51282051282
4136.41025641026
4136.92307692308
4139.48717948718
4137.94871794872
4135.89743589744
4139.48717948718
4142.05128205128
4141.53846153846
4139.48717948718
4135.89743589744
4143.07692307692
4150.76923076923
4144.61538461538
4137.4358974359
4136.41025641026
4141.53846153846
4149.74358974359
4146.66666666667
4140
4149.23076923077
4156.92307692308
4151.28205128205
4151.28205128205
4152.82051282051
4151.28205128205
4156.92307692308
4156.41025641026
4142.05128205128
4133.84615384615
4137.4358974359
4140.51282051282
4136.92307692308
4130.25641025641
4120.51282051282
4114.8717948718
4118.97435897436
4117.4358974359
4105.64102564103
4110.25641025641
4122.5641025641
4117.94871794872
4115.38461538462
4121.53846153846
4113.84615384615
4104.10256410256
4109.74358974359
4118.46153846154
4121.02564102564
4118.97435897436
4109.74358974359
4098.97435897436
4099.48717948718
4104.10256410256
4100
4098.97435897436
4104.61538461538
4102.5641025641
4096.92307692308
4098.46153846154
4094.35897435898
4092.30769230769
4098.46153846154
4094.8717948718
4089.23076923077
4090.76923076923
4088.71794871795
4083.58974358974
4088.71794871795
4093.33333333333
4089.23076923077
4084.61538461539
4082.05128205128
4086.15384615385
4091.79487179487
4091.28205128205
4088.71794871795
4088.20512820513
4088.20512820513
4089.74358974359
4092.82051282051
4091.79487179487
4088.20512820513
4088.20512820513
4090.25641025641
4093.84615384615
4095.38461538462
4093.84615384615
4094.8717948718
4098.97435897436
