F7
4044.10256410256
4044.61538461539
4040
4034.35897435898
4034.35897435898
4033.33333333333
4038.97435897436
4052.30769230769
4049.74358974359
4040.51282051282
4042.05128205128
4047.17948717949
4050.76923076923
4054.35897435898
4056.41025641026
4063.07692307692
4057.4358974359
4043.58974358974
4051.28205128205
4060.51282051282
4051.28205128205
4048.71794871795
4053.33333333333
4050.25641025641
4048.71794871795
4051.79487179487
4052.30769230769
4058.46153846154
4066.66666666667
4073.84615384615
4077.94871794872
4073.84615384615
4065.64102564103
4066.15384615385
4072.30769230769
4075.38461538462
4069.23076923077
4056.92307692308
4060.51282051282
4070.76923076923
4064.10256410256
4058.46153846154
4067.69230769231
4068.71794871795
4055.38461538462
4054.8717948718
4062.5641025641
4059.48717948718
4049.74358974359
4043.07692307692
4044.61538461539
4043.07692307692
4036.41025641026
4032.82051282051
4035.38461538462
4036.92307692308
4034.8717948718
4033.33333333333
4035.89743589744
4038.97435897436
4026.15384615385
4016.41025641026
4023.58974358974
4025.64102564103
4017.94871794872
4017.94871794872
4021.53846153846
4018.97435897436
4020.51282051282
4029.23076923077
4029.74358974359
4013.33333333333
4006.66666666667
4023.58974358974
4030.25641025641
4023.07692307692
4026.15384615385
4030.76923076923
4028.20512820513
4027.69230769231
4029.23076923077
4025.64102564103
4026.15384615385
4031.28205128205
4026.66666666667
4018.46153846154
4025.64102564103
4033.84615384615
4026.66666666667
4025.12820512821
4029.74358974359
4020.51282051282
4017.4358974359
4027.69230769231
4029.23076923077
4025.64102564103
4032.30769230769
4025.64102564103
4010.25641025641
4015.38461538462
4028.71794871795
4029.74358974359
4028.71794871795
4032.82051282051
4028.71794871795
4017.4358974359
4012.82051282051
4017.94871794872
4022.05128205128
4018.46153846154
4016.92307692308
4019.48717948718
4017.94871794872
4021.53846153846
4032.30769230769
4028.71794871795
4017.94871794872
4018.97435897436
4020.51282051282
4015.89743589744
4017.4358974359
4021.53846153846
4017.4358974359
4015.38461538462
4023.58974358974
4029.74358974359
4028.20512820513
4026.66666666667
4032.30769230769
4035.38461538462
4032.82051282051
4034.35897435898
4036.41025641026
4031.79487179487
4030.25641025641
4040
4045.12820512821
4038.97435897436
4030.25641025641
4028.20512820513
4040
4046.15384615385
4040
4040
4046.15384615385
4047.17948717949
4048.20512820513
4052.82051282051
4046.66666666667
4034.8717948718
4036.92307692308
4040.51282051282
4032.82051282051
4035.38461538462
4046.66666666667
4038.46153846154
4036.41025641026
4051.28205128205
4053.84615384615
4043.07692307692
4037.94871794872
4040
4042.5641025641
4041.53846153846
4045.64102564103
4052.82051282051
4048.20512820513
4043.58974358974
4048.71794871795
4046.66666666667
4038.97435897436
4045.64102564103
4058.46153846154
4055.38461538462
4043.58974358974
4050.25641025641
4064.61538461539
4057.4358974359
4044.61538461539
4048.20512820513
4060.51282051282
4062.05128205128
4053.33333333333
4049.23076923077
4049.23076923077
4053.33333333333
4057.4358974359
4045.64102564103
4033.84615384615
4042.05128205128
4046.66666666667
4039.48717948718
4040.51282051282
4049.23076923077
4050.25641025641
4046.15384615385
4047.17948717949
4054.8717948718
4055.38461538462
4041.53846153846
4032.82051282051
4039.48717948718
4052.30769230769
4054.8717948718
4044.61538461539
4044.10256410256
4053.33333333333
4049.23076923077
4040
4045.64102564103
4051.28205128205
4048.71794871795
4048.20512820513
4043.58974358974
4040.51282051282
4050.76923076923
4059.48717948718
4060.51282051282
4066.66666666667
4076.92307692308
4083.07692307692
4083.07692307692
4078.97435897436
4078.97435897436
4084.61538461539
4080
4068.71794871795
4069.23076923077
4083.58974358974
4091.79487179487
4081.02564102564
4071.79487179487
4081.53846153846
4084.61538461539
4066.66666666667
4056.41025641026
4064.10256410256
4073.33333333333
4076.92307692308
4075.38461538462
4075.89743589744
4082.5641025641
4078.97435897436
4062.5641025641
4058.46153846154
4066.15384615385
4067.17948717949
4062.05128205128
4055.38461538462
4051.79487179487
4056.41025641026
4058.97435897436
4059.48717948718
4068.20512820513
4074.8717948718
4058.97435897436
4040
4043.58974358974
4052.30769230769
4047.17948717949
4044.61538461539
4053.84615384615
4063.58974358974
4068.20512820513
4064.61538461539
4059.48717948718
4064.61538461539
4064.10256410256
4048.20512820513
4046.15384615385
4060.51282051282
4063.58974358974
4057.94871794872
4058.46153846154
4060
4058.97435897436
4062.05128205128
4064.10256410256
4060.51282051282
4057.4358974359
4060
4062.05128205128
4060
4057.94871794872
4058.97435897436
4062.05128205128
4060.51282051282
4057.4358974359
4060.51282051282
4069.23076923077
4070.25641025641
4060.51282051282
4061.53846153846
4070.25641025641
4063.58974358974
4057.94871794872
4073.33333333333
4087.17948717949
4066.66666666667
4036.41025641026
4036.92307692308
4055.89743589744
4058.46153846154
4056.92307692308
4065.12820512821
4061.02564102564
4062.05128205128
4073.84615384615
4066.15384615385
4057.4358974359
4069.74358974359
4075.89743589744
4065.12820512821
4063.58974358974
4071.79487179487
4073.33333333333
4073.84615384615
4078.46153846154
4079.48717948718
4076.92307692308
4075.38461538462
4074.8717948718
4077.4358974359
4085.12820512821
4082.05128205128
4070.25641025641
4068.20512820513
4072.30769230769
4068.71794871795
4064.61538461539
4070.25641025641
4075.89743589744
4071.79487179487
4065.12820512821
4061.02564102564
4056.41025641026
4057.4358974359
4060.51282051282
4056.92307692308
4060.51282051282
4066.66666666667
4061.02564102564
4056.41025641026
4063.58974358974
4068.20512820513
4061.02564102564
4058.46153846154
4064.10256410256
4067.69230769231
4068.20512820513
4067.69230769231
4065.64102564103
4068.71794871795
4074.8717948718
4070.76923076923
4060.51282051282
4052.82051282051
4052.82051282051
4059.48717948718
4062.5641025641
4054.8717948718
4049.74358974359
4051.79487179487
4050.25641025641
4046.15384615385
4043.58974358974
4044.10256410256
4041.53846153846
4037.4358974359
4033.33333333333
4034.35897435898
4044.10256410256
4044.61538461539
4036.92307692308
4036.92307692308
4040
4034.8717948718
4032.30769230769
4036.92307692308
4044.61538461539
4055.89743589744
4057.4358974359
4045.12820512821
4036.41025641026
4035.38461538462
4037.94871794872
4033.33333333333
4027.69230769231
4034.8717948718
4045.12820512821
4043.58974358974
4039.48717948718
4045.12820512821
4045.64102564103
4037.4358974359
4037.94871794872
4047.69230769231
4048.71794871795
4042.05128205128
4042.5641025641
4044.61538461539
4045.12820512821
4045.12820512821
4042.5641025641
4047.69230769231
4054.35897435898
4046.66666666667
4039.48717948718
4042.5641025641
4044.10256410256
4041.02564102564
4041.02564102564
4046.15384615385
4054.8717948718
4055.38461538462
4046.15384615385
4041.53846153846
4041.53846153846
4038.46153846154
4035.89743589744
4034.8717948718
4036.92307692308
4047.17948717949
4053.33333333333
4046.66666666667
4042.5641025641
4047.17948717949
4043.58974358974
4034.35897435898
4038.97435897436
4045.12820512821
4038.46153846154
4038.97435897436
4047.69230769231
4044.10256410256
4043.07692307692
4054.8717948718
4050.25641025641
4038.46153846154
4042.05128205128
4048.20512820513
4051.28205128205
4052.30769230769
4047.69230769231
4042.05128205128
4042.05128205128
4045.64102564103
4054.35897435898
4056.41025641026
4044.10256410256
4039.48717948718
4050.76923076923
4054.35897435898
4045.12820512821
4042.5641025641
4049.23076923077
4054.35897435898
4059.48717948718
4060.51282051282
4051.28205128205
4051.79487179487
4061.02564102564
4060.51282051282
4064.61538461539
4070.76923076923
4058.97435897436
4046.66666666667
4052.30769230769
4060.51282051282
4062.05128205128
4060.51282051282
4051.79487179487
4041.02564102564
4045.64102564103
4053.84615384615
4044.61538461539
4036.92307692308
4043.58974358974
4045.12820512821
4041.53846153846
4042.5641025641
4040
4040.51282051282
4049.74358974359
4054.35897435898
4057.4358974359
4060.51282051282
4059.48717948718
4067.69230769231
4084.61538461539
4091.79487179487
4089.23076923077
4088.71794871795
4092.30769230769
4088.20512820513
4076.41025641026
4074.8717948718
4084.10256410256
4080.51282051282
4065.64102564103
4065.64102564103
4070.25641025641
4063.58974358974
4055.89743589744
4059.48717948718
4059.48717948718
4053.33333333333
4055.38461538462
4062.05128205128
4063.07692307692
4066.66666666667
4069.23076923077
4062.05128205128
4057.4358974359
4058.97435897436
4062.05128205128
4063.58974358974
4055.89743589744
4052.82051282051
4058.97435897436
4059.48717948718
4061.53846153846
4068.71794871795
4067.69230769231
4061.53846153846
4062.05128205128
4069.74358974359
4077.94871794872
4072.30769230769
4065.64102564103
4077.94871794872
4092.82051282051
4086.66666666667
4071.79487179487
4064.10256410256
4062.05128205128
4063.58974358974
4071.28205128205
4078.97435897436
4071.79487179487
4057.94871794872
4049.74358974359
4045.64102564103
4046.66666666667
4051.79487179487
4049.23076923077
4042.5641025641
4045.64102564103
4051.28205128205
4043.58974358974
4036.41025641026
4043.07692307692
4047.69230769231
4038.46153846154
4031.79487179487
4038.46153846154
4049.74358974359
4053.84615384615
4046.15384615385
4045.12820512821
4051.79487179487
4051.28205128205
4053.33333333333
4061.02564102564
4060
4060
4068.20512820513
4069.23076923077
4063.58974358974
4060.51282051282
4060.51282051282
4066.15384615385
4070.25641025641
4064.61538461539
4067.69230769231
4076.92307692308
4073.84615384615
4066.15384615385
4063.58974358974
4062.05128205128
4059.48717948718
4057.4358974359
4060.51282051282
4066.66666666667
4065.12820512821
4060
4056.41025641026
4046.66666666667
4042.05128205128
4043.07692307692
4045.12820512821
4055.38461538462
4061.02564102564
4050.25641025641
4049.23076923077
4055.38461538462
4050.25641025641
4050.25641025641
4060
4063.07692307692
4055.38461538462
4044.61538461539
4050.25641025641
4065.64102564103
4066.15384615385
4051.28205128205
4040.51282051282
4037.94871794872
4041.53846153846
4048.71794871795
4047.17948717949
4043.58974358974
4051.79487179487
4054.8717948718
4046.66666666667
4049.23076923077
4063.07692307692
4065.64102564103
4059.48717948718
4058.97435897436
4060
4059.48717948718
4056.41025641026
4057.94871794872
4069.74358974359
4080.51282051282
4074.8717948718
4065.64102564103
4069.23076923077
4077.94871794872
4076.92307692308
4068.20512820513
4070.76923076923
4074.8717948718
4063.58974358974
4055.38461538462
4063.58974358974
4071.28205128205
4068.71794871795
4060.51282051282
4061.02564102564
4072.82051282051
4074.8717948718
4067.69230769231
4072.82051282051
4080
4075.89743589744
4075.38461538462
4076.92307692308
4076.41025641026
4083.58974358974
4091.79487179487
4090.76923076923
4087.69230769231
4093.33333333333
4094.35897435898
4089.23076923077
4088.20512820513
4081.02564102564
4070.25641025641
4075.38461538462
4086.15384615385
4084.10256410256
4077.94871794872
4076.92307692308
4075.38461538462
4074.8717948718
4078.97435897436
4080.51282051282
4071.79487179487
4069.74358974359
4081.02564102564
4081.02564102564
4066.66666666667
4063.07692307692
4070.25641025641
4076.41025641026
4081.53846153846
4078.97435897436
4069.74358974359
4072.30769230769
4087.17948717949
4096.41025641026
4101.53846153846
4113.84615384615
4123.58974358974
4120.51282051282
4120
4127.69230769231
4124.61538461538
4125.12820512821
4135.89743589744
4127.17948717949
4105.64102564103
4104.10256410256
4110.25641025641
4106.15384615385
4106.15384615385
4107.69230769231
4097.94871794872
4088.20512820513
4088.71794871795
4092.82051282051
4090.25641025641
4082.05128205128
4078.46153846154
4083.07692307692
4082.5641025641
4080.51282051282
4087.69230769231
4090.25641025641
4080
4073.33333333333
4074.8717948718
4073.84615384615
4073.33333333333
4076.92307692308
4077.94871794872
4069.74358974359
4061.53846153846
4064.10256410256
4074.35897435898
4076.92307692308
4066.66666666667
4070.76923076923
4093.33333333333
4097.94871794872
4077.94871794872
4070.25641025641
4077.4358974359
4073.84615384615
4067.69230769231
4072.30769230769
4080.51282051282
4081.53846153846
4073.33333333333
4066.15384615385
4068.20512820513
4071.28205128205
4068.20512820513
4059.48717948718
4047.69230769231
4050.25641025641
4063.07692307692
4064.10256410256
4056.92307692308
4060
4061.53846153846
4051.79487179487
4050.25641025641
4067.17948717949
4078.46153846154
4070.25641025641
4067.17948717949
4079.48717948718
4079.48717948718
4061.53846153846
4057.4358974359
4071.28205128205
4072.30769230769
4059.48717948718
4054.35897435898
4065.12820512821
4071.79487179487
4069.23076923077
4066.66666666667
4064.10256410256
4056.41025641026
4060
4068.20512820513
4058.97435897436
4055.38461538462
4064.10256410256
4064.10256410256
4065.64102564103
4076.41025641026
4077.4358974359
4071.79487179487
4074.35897435898
4075.89743589744
4070.76923076923
4061.53846153846
4060
4065.12820512821
4067.69230769231
4072.82051282051
4077.94871794872
4070.76923076923
4061.53846153846
4062.05128205128
4060.51282051282
4056.92307692308
4063.58974358974
4064.61538461539
4052.82051282051
4052.82051282051
4065.12820512821
4068.20512820513
4063.07692307692
4054.35897435898
4050.25641025641
4065.12820512821
4081.53846153846
4077.4358974359
4066.66666666667
4063.07692307692
4069.74358974359
4072.82051282051
4061.02564102564
4057.94871794872
4068.71794871795
4071.28205128205
4066.66666666667
4065.12820512821
4061.02564102564
4058.97435897436
4058.97435897436
4060
4067.69230769231
4068.71794871795
4061.02564102564
4058.97435897436
4055.89743589744
4048.71794871795
4047.69230769231
4051.28205128205
4050.25641025641
4049.74358974359
4058.46153846154
4065.64102564103
4062.5641025641
4058.97435897436
4057.4358974359
4046.15384615385
4043.07692307692
4051.79487179487
4049.23076923077
4040
4046.66666666667
4053.33333333333
4047.69230769231
4039.48717948718
4040.51282051282
4048.20512820513
4053.33333333333
4054.8717948718
4061.02564102564
4067.69230769231
4061.02564102564
4052.82051282051
4055.89743589744
4055.89743589744
4046.15384615385
4040.51282051282
4047.17948717949
4056.41025641026
4060
4053.33333333333
4041.53846153846
4038.46153846154
4046.15384615385
4051.28205128205
4050.76923076923
4047.69230769231
4040
4034.8717948718
4043.58974358974
4055.89743589744
4051.79487179487
4037.4358974359
4034.8717948718
4050.76923076923
4055.89743589744
4041.02564102564
4037.4358974359
4046.66666666667
4046.15384615385
4047.17948717949
4053.84615384615
4046.15384615385
4034.8717948718
4036.92307692308
4038.46153846154
4032.82051282051
4032.82051282051
4041.02564102564
4046.15384615385
4044.10256410256
4045.12820512821
4053.84615384615
4055.89743589744
4051.28205128205
4055.89743589744
4055.38461538462
4040
4037.4358974359
4054.8717948718
4060.51282051282
4049.23076923077
4049.23076923077
4054.35897435898
4051.79487179487
4049.23076923077
4047.17948717949
4040.51282051282
4036.92307692308
4045.64102564103
4054.35897435898
4053.33333333333
4049.23076923077
4050.76923076923
4055.38461538462
4047.69230769231
4037.4358974359
4038.46153846154
4047.17948717949
4050.25641025641
4043.58974358974
4037.4358974359
4042.5641025641
4048.20512820513
4045.12820512821
4043.07692307692
4048.20512820513
4052.82051282051
4052.30769230769
4045.12820512821
4042.5641025641
4049.23076923077
4056.92307692308
4056.41025641026
4051.28205128205
4053.33333333333
4050.25641025641
4037.94871794872
4036.41025641026
4043.58974358974
4046.15384615385
4040
4022.5641025641
4004.10256410256
4003.58974358974
4007.69230769231
4004.10256410256
4001.53846153846
4008.71794871795
4020
4017.94871794872
4004.10256410256
4002.05128205128
4012.82051282051
4022.5641025641
4021.02564102564
4008.20512820513
4006.15384615385
4016.92307692308
4020.51282051282
4018.97435897436
4014.35897435898
4006.66666666667
4009.74358974359
4022.05128205128
4020
4011.79487179487
4011.79487179487
4015.38461538462
4024.10256410256
4031.28205128205
4027.17948717949
4020
4017.94871794872
4024.61538461539
4028.71794871795
4022.05128205128
4021.53846153846
4027.69230769231
4025.12820512821
4020
4021.02564102564
4023.58974358974
4031.79487179487
4043.07692307692
4045.64102564103
4039.48717948718
4027.69230769231
4028.20512820513
4036.92307692308
4023.58974358974
4012.82051282051
4029.23076923077
4035.38461538462
4024.10256410256
4026.66666666667
4037.4358974359
4037.94871794872
4029.23076923077
4017.4358974359
4019.48717948718
4032.30769230769
4029.74358974359
4018.46153846154
4022.05128205128
4038.97435897436
4045.64102564103
4036.41025641026
4037.4358974359
4043.58974358974
4039.48717948718
4045.64102564103
4063.07692307692
4063.07692307692
4060
4072.30769230769
4078.46153846154
4076.41025641026
4074.35897435898
4071.79487179487
4066.15384615385
4051.28205128205
4039.48717948718
4046.15384615385
4053.33333333333
4047.69230769231
4038.97435897436
4036.41025641026
4041.53846153846
4044.10256410256
4033.84615384615
4025.64102564103
4030.76923076923
4031.28205128205
4026.15384615385
4027.69230769231
4036.41025641026
4036.92307692308
4025.64102564103
4024.10256410256
4029.74358974359
4025.12820512821
4016.41025641026
4024.10256410256
4035.89743589744
4030.76923076923
4024.10256410256
4021.02564102564
4020
4023.07692307692
4022.05128205128
4016.92307692308
4018.46153846154
4026.66666666667
4029.23076923077
4026.66666666667
4029.23076923077
4041.02564102564
4050.25641025641
4048.20512820513
4046.66666666667
4042.5641025641
4029.23076923077
4027.69230769231
4045.12820512821
4050.76923076923
4037.94871794872
4034.35897435898
4042.05128205128
4042.5641025641
4043.07692307692
4051.28205128205
4052.30769230769
4043.58974358974
4041.53846153846
4045.64102564103
4044.61538461539
4040.51282051282
4046.15384615385
4052.30769230769
4046.66666666667
4038.46153846154
4042.5641025641
4047.17948717949
4044.61538461539
4043.07692307692
4046.15384615385
4045.64102564103
4044.61538461539
4048.71794871795
4046.66666666667
4036.41025641026
4034.8717948718
4043.07692307692
4046.15384615385
4044.10256410256
4044.61538461539
4047.17948717949
4043.07692307692
4033.84615384615
4036.92307692308
4042.5641025641
4040.51282051282
4044.10256410256
4047.17948717949
4036.41025641026
4031.79487179487
4035.89743589744
4036.92307692308
4036.41025641026
4032.30769230769
4032.30769230769
4045.12820512821
4049.23076923077
4035.89743589744
4027.69230769231
4033.33333333333
4037.94871794872
4037.94871794872
4035.38461538462
4032.82051282051
4037.94871794872
4049.23076923077
4042.5641025641
4025.64102564103
4030.25641025641
4041.02564102564
4040.51282051282
4044.10256410256
4045.12820512821
4036.41025641026
4039.48717948718
4044.61538461539
4035.89743589744
4034.8717948718
4037.94871794872
4028.20512820513
4027.17948717949
4036.41025641026
4028.20512820513
4022.5641025641
4038.97435897436
4045.64102564103
4035.89743589744
4041.02564102564
4052.30769230769
4053.33333333333
4052.30769230769
4051.79487179487
4050.76923076923
4049.23076923077
4050.76923076923
4056.92307692308
4060
4057.4358974359
4058.97435897436
4058.97435897436
4050.76923076923
4047.17948717949
4053.33333333333
4051.28205128205
4044.61538461539
4052.82051282051
4062.5641025641
4054.35897435898
4043.07692307692
4042.05128205128
4043.07692307692
4041.53846153846
4042.05128205128
4043.58974358974
4044.61538461539
4043.58974358974
4044.61538461539
4047.69230769231
4041.02564102564
4030.76923076923
4033.84615384615
4044.10256410256
4044.61538461539
4045.12820512821
4049.74358974359
4051.79487179487
4053.84615384615
4048.71794871795
4040
4039.48717948718
4040
4038.46153846154
4043.58974358974
4048.71794871795
4051.79487179487
4059.48717948718
4055.38461538462
4047.17948717949
4053.84615384615
4054.35897435898
4047.17948717949
4049.23076923077
4052.82051282051
4053.33333333333
4056.92307692308
4055.38461538462
4044.10256410256
4042.05128205128
4047.69230769231
4047.17948717949
4046.15384615385
4043.07692307692
4040.51282051282
4044.10256410256
4046.66666666667
4043.58974358974
4042.05128205128
4039.48717948718
4034.35897435898
4036.92307692308
4037.4358974359
4028.71794871795
4027.17948717949
4039.48717948718
4049.74358974359
4043.58974358974
4036.92307692308
4046.15384615385
4058.46153846154
4051.28205128205
4044.10256410256
4053.84615384615
4055.89743589744
4049.74358974359
4050.25641025641
4047.17948717949
4038.97435897436
4044.10256410256
4049.74358974359
4038.97435897436
4036.41025641026
4045.64102564103
4045.64102564103
4032.82051282051
4028.71794871795
4037.94871794872
4043.58974358974
4045.12820512821
4046.66666666667
4049.23076923077
4049.74358974359
4052.30769230769
4058.46153846154
4061.02564102564
4060.51282051282
4061.02564102564
4060
4051.79487179487
4048.20512820513
4051.79487179487
4052.30769230769
4052.30769230769
4051.79487179487
4048.20512820513
4049.74358974359
4051.28205128205
4048.20512820513
4049.74358974359
4051.79487179487
4039.48717948718
4033.33333333333
4048.20512820513
4059.48717948718
4054.35897435898
4048.71794871795
4054.8717948718
4058.97435897436
4055.38461538462
4049.23076923077
4044.61538461539
4048.20512820513
4052.82051282051
4050.76923076923
4048.71794871795
4055.38461538462
4057.94871794872
4046.15384615385
4040
4044.61538461539
4043.07692307692
4035.89743589744
4031.79487179487
4035.38461538462
4049.23076923077
4056.92307692308
4046.66666666667
4043.07692307692
4055.38461538462
