O2
3972.30769230769
3972.82051282051
3974.8717948718
3974.8717948718
3973.33333333333
3973.33333333333
3975.89743589744
3983.07692307692
3988.20512820513
3981.53846153846
3971.28205128205
3970.25641025641
3977.4358974359
3981.53846153846
3985.64102564103
3988.71794871795
3979.48717948718
3974.8717948718
3983.07692307692
3979.48717948718
3971.79487179487
3978.97435897436
3982.5641025641
3975.38461538462
3975.89743589744
3980.51282051282
3986.66666666667
3989.74358974359
3985.64102564103
3991.79487179487
4003.58974358974
3999.48717948718
3989.23076923077
3988.20512820513
3992.82051282051
4003.07692307692
4007.69230769231
3996.92307692308
3987.17948717949
3993.33333333333
4001.53846153846
3998.46153846154
3993.33333333333
3988.71794871795
3980
3987.69230769231
4007.69230769231
4014.35897435898
4017.94871794872
4026.66666666667
4024.61538461539
4021.02564102564
4023.58974358974
4011.79487179487
4003.07692307692
4013.84615384615
4018.46153846154
4013.33333333333
4010.76923076923
4009.23076923077
4002.5641025641
3994.8717948718
3995.89743589744
4003.58974358974
4006.66666666667
3998.46153846154
3991.28205128205
3991.28205128205
3998.46153846154
4006.15384615385
4001.53846153846
3988.20512820513
3988.71794871795
4001.53846153846
3998.46153846154
3988.20512820513
3989.74358974359
3991.79487179487
3988.71794871795
3989.74358974359
3992.30769230769
3994.35897435898
3995.89743589744
3992.30769230769
3990.76923076923
3992.30769230769
3989.74358974359
3985.12820512821
3987.69230769231
3988.71794871795
3978.97435897436
3976.41025641026
3982.5641025641
3980
3975.38461538462
3982.05128205128
3990.76923076923
3991.28205128205
3982.05128205128
3977.4358974359
3986.66666666667
3994.8717948718
3998.97435897436
4003.07692307692
3995.89743589744
3985.12820512821
3985.64102564103
3987.69230769231
3984.10256410256
3978.46153846154
3979.48717948718
3986.66666666667
3987.69230769231
3986.15384615385
3990.25641025641
3992.30769230769
3989.23076923077
3989.74358974359
3991.28205128205
3987.69230769231
3985.64102564103
3989.74358974359
3989.23076923077
3983.58974358974
3983.58974358974
3988.20512820513
3989.23076923077
3991.28205128205
3991.28205128205
3988.20512820513
3992.30769230769
3999.48717948718
3997.4358974359
3990.76923076923
3989.74358974359
3993.33333333333
3996.92307692308
3996.92307692308
3990.76923076923
3984.10256410256
3985.12820512821
3989.23076923077
3991.79487179487
3995.89743589744
3997.94871794872
3994.8717948718
3995.89743589744
4000
3994.8717948718
3987.17948717949
3988.71794871795
3989.74358974359
3989.74358974359
3996.41025641026
4000.51282051282
3988.71794871795
3981.53846153846
3995.89743589744
4008.71794871795
4004.61538461539
4002.05128205128
4001.53846153846
3994.35897435898
3994.8717948718
4002.5641025641
4005.12820512821
4003.58974358974
3996.92307692308
3992.82051282051
3995.89743589744
3994.8717948718
3993.84615384615
3996.41025641026
3991.79487179487
3991.79487179487
4003.07692307692
4006.15384615385
4002.5641025641
4001.02564102564
3995.89743589744
4000
4004.61538461539
3995.89743589744
3990.76923076923
4000
4004.61538461539
3997.4358974359
3986.66666666667
3979.48717948718
3986.15384615385
3998.97435897436
3997.4358974359
3990.76923076923
3989.74358974359
3989.74358974359
3993.33333333333
3995.38461538462
3989.74358974359
3988.20512820513
3985.12820512821
3974.35897435898
3976.41025641026
3990.76923076923
3992.82051282051
3988.20512820513
3990.76923076923
3988.71794871795
3977.94871794872
3972.82051282051
3974.8717948718
3973.84615384615
3971.79487179487
3972.30769230769
3976.41025641026
3981.02564102564
3986.15384615385
3992.30769230769
3997.4358974359
3999.48717948718
4002.5641025641
4009.23076923077
4008.71794871795
4002.05128205128
4006.66666666667
4014.8717948718
4010.76923076923
4001.53846153846
4005.64102564103
4011.28205128205
4005.64102564103
4002.05128205128
4008.71794871795
4015.89743589744
4006.15384615385
3988.71794871795
3988.71794871795
4000.51282051282
3998.46153846154
3992.82051282051
4004.10256410256
4015.38461538462
4009.23076923077
3998.97435897436
3993.84615384615
3990.25641025641
3991.79487179487
4002.05128205128
4006.15384615385
3993.33333333333
3986.66666666667
3994.8717948718
3998.46153846154
3999.48717948718
4003.58974358974
3997.4358974359
3987.69230769231
3989.74358974359
3992.82051282051
3989.74358974359
3991.28205128205
3998.46153846154
4003.58974358974
4005.64102564103
4001.02564102564
3991.79487179487
3989.74358974359
3990.25641025641
3982.5641025641
3981.53846153846
3989.74358974359
3990.76923076923
3992.30769230769
3997.94871794872
3994.8717948718
3988.71794871795
3988.20512820513
3994.8717948718
4005.64102564103
4006.15384615385
4002.05128205128
4005.12820512821
3999.48717948718
3987.17948717949
3993.33333333333
4007.17948717949
4003.58974358974
3995.38461538462
4001.53846153846
4008.71794871795
4007.69230769231
4002.5641025641
3998.46153846154
4001.53846153846
4005.64102564103
4000
3996.41025641026
4011.79487179487
4021.53846153846
4004.61538461539
3983.58974358974
3981.02564102564
3987.17948717949
3995.38461538462
4003.58974358974
4005.64102564103
4002.05128205128
4003.07692307692
4005.12820512821
4002.5641025641
4000.51282051282
4000
4000.51282051282
4000
4000.51282051282
4003.58974358974
4005.12820512821
4006.15384615385
4008.20512820513
4004.61538461539
3997.94871794872
4000.51282051282
4004.10256410256
3993.33333333333
3991.79487179487
3998.97435897436
3993.33333333333
3988.71794871795
3997.94871794872
4000.51282051282
3996.41025641026
4002.5641025641
4009.74358974359
4006.15384615385
4000
3994.8717948718
3991.28205128205
3990.25641025641
3990.25641025641
3992.30769230769
4002.5641025641
4007.17948717949
3996.41025641026
3993.33333333333
3997.94871794872
3995.38461538462
3996.92307692308
4000
3988.71794871795
3983.07692307692
3990.76923076923
3992.30769230769
3991.28205128205
3997.94871794872
4004.61538461539
4007.17948717949
4005.12820512821
4002.5641025641
4001.02564102564
3998.46153846154
3997.4358974359
3995.38461538462
3991.79487179487
3988.71794871795
3989.74358974359
3993.84615384615
3993.84615384615
3987.17948717949
3984.61538461539
3988.20512820513
3987.69230769231
3985.64102564103
3989.74358974359
3991.28205128205
3986.66666666667
3983.07692307692
3986.66666666667
3990.25641025641
3988.20512820513
3987.69230769231
3989.74358974359
3993.84615384615
3992.82051282051
3985.12820512821
3986.15384615385
3987.69230769231
3978.97435897436
3975.38461538462
3983.07692307692
3989.23076923077
3986.15384615385
3981.53846153846
3984.61538461539
3987.17948717949
3982.05128205128
3978.46153846154
3982.5641025641
3985.64102564103
3986.66666666667
3986.15384615385
3980
3973.84615384615
3974.35897435898
3975.38461538462
3975.38461538462
3984.61538461539
3996.41025641026
3993.33333333333
3986.66666666667
3987.69230769231
3986.15384615385
3975.89743589744
3970.76923076923
3975.89743589744
3986.15384615385
3991.28205128205
3989.23076923077
3989.23076923077
3991.28205128205
3988.71794871795
3986.15384615385
3988.20512820513
3990.25641025641
3991.79487179487
3992.82051282051
3988.20512820513
3990.25641025641
4001.53846153846
3999.48717948718
3986.15384615385
3984.61538461539
3991.79487179487
3988.71794871795
3983.07692307692
3982.5641025641
3986.15384615385
3995.38461538462
4000.51282051282
3989.74358974359
3981.02564102564
3988.71794871795
3994.8717948718
3990.25641025641
3986.66666666667
3986.66666666667
3988.71794871795
3991.79487179487
3995.38461538462
4000.51282051282
4001.02564102564
3990.25641025641
3986.15384615385
3994.35897435898
3997.94871794872
3996.41025641026
3995.89743589744
3990.76923076923
3988.71794871795
3997.94871794872
4002.05128205128
4000
4002.5641025641
4004.61538461539
4003.58974358974
4007.17948717949
4009.74358974359
3996.92307692308
3984.10256410256
3986.15384615385
3990.25641025641
3989.23076923077
3991.28205128205
3992.30769230769
3986.66666666667
3987.17948717949
3992.82051282051
3990.25641025641
3981.02564102564
3977.94871794872
3982.05128205128
3983.58974358974
3977.94871794872
3971.28205128205
3974.35897435898
3987.17948717949
3996.41025641026
4002.5641025641
4015.89743589744
4027.17948717949
4035.38461538462
4042.05128205128
4046.66666666667
4050.76923076923
4051.79487179487
4050.76923076923
4047.69230769231
4038.46153846154
4035.89743589744
4039.48717948718
4031.28205128205
4017.4358974359
4020.51282051282
4023.58974358974
4011.28205128205
4001.53846153846
4004.61538461539
4004.10256410256
3994.8717948718
3993.33333333333
3996.41025641026
3995.89743589744
4000
3996.92307692308
3989.74358974359
3998.46153846154
4008.71794871795
4003.07692307692
3997.94871794872
4001.02564102564
4000
3996.41025641026
3997.94871794872
4003.07692307692
4004.10256410256
4002.5641025641
4001.02564102564
4003.07692307692
4008.71794871795
4009.23076923077
4004.10256410256
4004.61538461539
4008.20512820513
4005.12820512821
4005.64102564103
4007.69230769231
3997.94871794872
3990.25641025641
3994.35897435898
4007.17948717949
4009.23076923077
3995.89743589744
3988.20512820513
3989.74358974359
3988.20512820513
3986.15384615385
3989.23076923077
3990.76923076923
3990.25641025641
3988.20512820513
3985.64102564103
3986.15384615385
3987.69230769231
3988.71794871795
3988.20512820513
3982.5641025641
3981.53846153846
3986.66666666667
3988.20512820513
3987.69230769231
3989.74358974359
3996.41025641026
3996.41025641026
3992.30769230769
3996.41025641026
4004.10256410256
4006.15384615385
4005.64102564103
4001.02564102564
3994.35897435898
3997.94871794872
4001.53846153846
3998.46153846154
4000
4003.07692307692
4005.64102564103
4004.61538461539
3998.46153846154
3998.46153846154
4005.64102564103
4004.61538461539
3996.92307692308
3995.89743589744
3997.94871794872
3997.94871794872
3996.41025641026
3996.92307692308
4001.02564102564
3999.48717948718
3991.28205128205
3984.61538461539
3984.61538461539
3987.69230769231
3989.74358974359
3993.33333333333
3995.38461538462
3993.33333333333
3987.69230769231
3986.66666666667
3993.33333333333
4001.02564102564
3996.92307692308
3989.23076923077
3995.89743589744
4007.17948717949
4004.61538461539
3996.41025641026
3999.48717948718
4005.64102564103
3995.89743589744
3986.15384615385
3989.74358974359
3989.23076923077
3987.69230769231
3997.94871794872
3999.48717948718
3989.74358974359
3990.76923076923
4003.07692307692
4007.17948717949
3997.94871794872
3990.25641025641
3990.76923076923
3991.79487179487
3992.30769230769
3998.46153846154
4007.17948717949
4008.20512820513
4005.64102564103
4009.74358974359
4012.82051282051
4008.71794871795
4006.66666666667
4005.12820512821
4001.02564102564
4005.64102564103
4005.64102564103
3992.30769230769
3988.71794871795
3997.94871794872
4007.17948717949
4005.64102564103
3993.33333333333
3992.82051282051
4006.15384615385
4006.15384615385
3998.46153846154
3996.41025641026
3992.30769230769
3995.38461538462
3998.97435897436
3993.84615384615
3998.97435897436
4007.69230769231
4007.69230769231
4009.74358974359
4011.79487179487
4003.07692307692
3998.46153846154
4003.07692307692
4004.61538461539
4002.05128205128
3997.94871794872
3997.94871794872
3996.92307692308
3992.30769230769
3993.33333333333
3998.97435897436
3997.4358974359
3989.23076923077
3988.20512820513
3993.33333333333
3997.4358974359
3996.92307692308
3993.84615384615
3990.76923076923
3994.35897435898
4003.07692307692
4006.66666666667
4005.64102564103
4004.61538461539
4002.5641025641
4005.64102564103
4017.4358974359
4030.76923076923
4040
4046.15384615385
4048.71794871795
4050.25641025641
4057.94871794872
4060
4051.28205128205
4049.23076923077
4053.33333333333
4047.69230769231
4042.05128205128
4046.15384615385
4046.66666666667
4044.10256410256
4046.15384615385
4039.48717948718
4024.10256410256
4018.97435897436
4018.97435897436
4012.30769230769
4009.74358974359
4012.30769230769
4006.15384615385
3999.48717948718
4007.69230769231
4017.4358974359
4013.33333333333
4006.66666666667
4004.10256410256
3998.46153846154
3990.25641025641
3988.20512820513
3995.89743589744
4005.64102564103
4000.51282051282
3986.15384615385
3984.61538461539
3991.28205128205
3991.28205128205
3989.74358974359
3988.20512820513
3994.8717948718
4007.69230769231
4002.5641025641
3985.64102564103
3983.58974358974
3992.82051282051
3991.79487179487
3988.20512820513
3997.4358974359
4007.69230769231
4003.07692307692
3991.28205128205
3989.74358974359
3994.8717948718
3995.38461538462
3991.79487179487
3987.17948717949
3984.61538461539
3988.71794871795
3990.76923076923
3984.10256410256
3981.02564102564
3986.15384615385
3986.15384615385
3983.07692307692
3986.66666666667
3990.25641025641
3990.25641025641
3989.23076923077
3989.23076923077
3989.23076923077
3990.25641025641
3987.17948717949
3983.07692307692
3983.58974358974
3982.05128205128
3976.41025641026
3979.48717948718
3988.71794871795
3990.76923076923
3990.25641025641
3983.07692307692
3972.82051282051
3976.41025641026
3984.10256410256
3978.46153846154
3970.25641025641
3977.4358974359
3985.64102564103
3979.48717948718
3971.79487179487
3981.02564102564
3991.79487179487
3987.69230769231
3986.15384615385
3992.82051282051
3987.69230769231
3976.92307692308
3982.05128205128
3990.76923076923
3991.79487179487
4000
4006.66666666667
3995.38461538462
3986.15384615385
3989.74358974359
3990.76923076923
3988.20512820513
3988.71794871795
3992.82051282051
3995.89743589744
3988.71794871795
3981.02564102564
3986.66666666667
3988.71794871795
3980
3984.10256410256
3996.41025641026
3998.97435897436
3998.97435897436
3999.48717948718
3996.92307692308
3994.8717948718
3992.30769230769
3985.64102564103
3986.15384615385
3994.35897435898
3998.97435897436
3997.94871794872
3992.82051282051
3988.20512820513
3988.71794871795
3989.23076923077
3987.69230769231
3988.71794871795
3992.30769230769
3992.82051282051
3982.05128205128
3972.30769230769
3980
3990.76923076923
3985.12820512821
3982.05128205128
3994.8717948718
4003.07692307692
3998.97435897436
4000
4002.5641025641
3995.38461538462
3989.23076923077
3991.79487179487
3991.28205128205
3989.23076923077
3989.74358974359
3990.25641025641
3989.74358974359
3990.25641025641
3986.66666666667
3984.10256410256
3991.79487179487
4000.51282051282
4001.02564102564
4002.05128205128
4007.69230769231
4007.69230769231
3998.46153846154
3990.25641025641
3986.15384615385
3987.69230769231
3996.92307692308
4004.61538461539
4008.71794871795
4014.35897435898
4010.76923076923
4001.53846153846
4000.51282051282
3997.94871794872
3990.76923076923
3997.4358974359
4003.07692307692
3993.33333333333
3994.8717948718
4006.66666666667
4005.12820512821
4002.5641025641
4003.58974358974
3996.41025641026
3991.28205128205
3996.92307692308
3999.48717948718
3995.38461538462
3991.28205128205
3990.25641025641
3992.30769230769
3989.23076923077
3983.07692307692
3987.69230769231
3991.79487179487
3989.74358974359
3989.23076923077
3988.71794871795
3985.64102564103
3986.15384615385
3988.71794871795
3988.71794871795
3990.76923076923
3994.35897435898
3997.94871794872
4002.05128205128
4001.53846153846
3996.92307692308
3998.97435897436
4003.58974358974
4003.58974358974
4005.64102564103
4007.69230769231
3996.92307692308
3988.20512820513
3996.92307692308
4002.05128205128
3990.76923076923
3986.66666666667
3997.94871794872
4005.64102564103
4007.17948717949
4001.53846153846
3990.25641025641
3987.69230769231
3991.28205128205
3989.23076923077
3988.20512820513
3996.41025641026
4000
3994.35897435898
3994.8717948718
3998.46153846154
3992.82051282051
3991.28205128205
4000
4002.05128205128
3995.89743589744
3992.30769230769
3990.25641025641
3985.64102564103
3987.17948717949
3998.97435897436
4002.5641025641
3989.74358974359
3984.61538461539
3993.33333333333
3989.23076923077
3975.38461538462
3976.92307692308
3989.23076923077
3992.82051282051
3992.30769230769
3997.4358974359
3993.33333333333
3985.12820512821
3989.74358974359
3998.97435897436
3996.92307692308
3992.30769230769
3992.30769230769
3990.25641025641
3991.28205128205
3995.38461538462
3994.8717948718
3987.17948717949
3982.5641025641
3987.17948717949
3991.79487179487
3990.25641025641
3989.23076923077
3995.38461538462
3998.97435897436
3996.41025641026
3996.92307692308
3990.25641025641
3978.97435897436
3978.97435897436
3990.76923076923
3996.92307692308
3997.94871794872
4000
3997.94871794872
3998.46153846154
4000.51282051282
3992.30769230769
3984.10256410256
3987.69230769231
3992.82051282051
3986.15384615385
3982.5641025641
3987.17948717949
3988.20512820513
3985.64102564103
3988.71794871795
3994.8717948718
3990.25641025641
3986.66666666667
3994.8717948718
3996.41025641026
3987.69230769231
3989.74358974359
3998.97435897436
3998.46153846154
3996.92307692308
3999.48717948718
3999.48717948718
3998.46153846154
3994.35897435898
3988.20512820513
3986.15384615385
3993.84615384615
4003.07692307692
3997.4358974359
3988.71794871795
3992.82051282051
3996.92307692308
3995.89743589744
4002.05128205128
4007.17948717949
4006.66666666667
4017.94871794872
4038.46153846154
4043.58974358974
4037.4358974359
4044.61538461539
4056.41025641026
4052.82051282051
4044.61538461539
4048.71794871795
4047.69230769231
4036.41025641026
4030.76923076923
4036.92307692308
4037.94871794872
4027.69230769231
4018.46153846154
4017.94871794872
4023.58974358974
4020
4007.69230769231
4002.5641025641
4004.61538461539
4004.10256410256
4000.51282051282
3993.84615384615
3991.28205128205
4000
4005.64102564103
4003.07692307692
4000.51282051282
3995.38461538462
3989.23076923077
3991.79487179487
3992.30769230769
3983.58974358974
3982.5641025641
3991.79487179487
3991.28205128205
3985.64102564103
3987.17948717949
3990.25641025641
3989.74358974359
3990.76923076923
3992.30769230769
3990.25641025641
3988.71794871795
3994.35897435898
3998.46153846154
3993.84615384615
3990.25641025641
3991.79487179487
3987.69230769231
3983.58974358974
3986.15384615385
3990.25641025641
3989.23076923077
3980
3972.82051282051
3981.02564102564
3990.25641025641
3988.20512820513
3985.12820512821
3988.71794871795
3993.84615384615
3988.71794871795
3974.8717948718
3976.41025641026
3989.23076923077
3990.76923076923
3988.20512820513
3990.76923076923
3989.23076923077
3988.71794871795
3995.89743589744
3997.4358974359
3993.33333333333
3988.20512820513
3979.48717948718
3973.33333333333
3981.02564102564
3989.23076923077
3986.66666666667
3984.61538461539
3988.71794871795
3991.79487179487
3987.17948717949
3981.02564102564
3981.53846153846
3983.07692307692
3982.05128205128
3981.53846153846
3982.05128205128
3982.05128205128
3981.02564102564
3983.07692307692
3984.10256410256
3984.10256410256
3988.71794871795
3993.33333333333
3991.79487179487
3989.74358974359
3991.79487179487
3989.74358974359
3986.15384615385
3987.69230769231
3991.28205128205
3991.28205128205
3987.17948717949
3987.17948717949
3989.74358974359
3991.28205128205
3990.76923076923
3986.66666666667
3985.12820512821
3988.20512820513
3992.30769230769
3991.79487179487
3991.28205128205
3988.20512820513
3987.17948717949
3990.25641025641
3988.71794871795
3984.61538461539
3987.17948717949
3989.23076923077
3985.12820512821
3984.61538461539
3988.20512820513
3988.20512820513
3986.66666666667
3988.71794871795
3992.30769230769
3990.76923076923
3991.28205128205
4001.53846153846
4010.76923076923
4008.71794871795
4006.15384615385
4003.58974358974
3998.46153846154
4002.05128205128
4013.84615384615
4013.33333333333
4004.10256410256
4006.66666666667
4013.33333333333
4001.02564102564
3988.71794871795
3998.97435897436
4009.23076923077
4006.15384615385
4005.12820512821
4006.15384615385
4003.07692307692
3997.94871794872
3993.33333333333
3990.76923076923
3991.79487179487
3991.28205128205
3990.25641025641
3989.74358974359
3988.71794871795
3990.25641025641
3990.25641025641
3982.05128205128
3977.4358974359
3982.05128205128
3985.64102564103
3986.66666666667
3988.71794871795
3990.76923076923
3995.38461538462
4004.10256410256
4004.61538461539
3997.4358974359
3990.25641025641
3986.66666666667
3988.20512820513
3989.74358974359
3992.82051282051
3997.4358974359
3997.4358974359
4000.51282051282
4004.61538461539
3995.38461538462
3986.66666666667
3992.82051282051
3998.97435897436
3995.89743589744
3997.94871794872
4003.58974358974
3999.48717948718
3996.92307692308
4003.58974358974
4000
3991.79487179487
3995.89743589744
3996.92307692308
3988.20512820513
3988.20512820513
3992.30769230769
3995.89743589744
3999.48717948718
3993.84615384615
3987.17948717949
3989.74358974359
3991.28205128205
3987.17948717949
3985.64102564103
3987.69230769231
3989.74358974359
3995.38461538462
4002.05128205128
4005.64102564103
4004.10256410256
3995.38461538462
3991.79487179487
3997.94871794872
3996.41025641026
3988.71794871795
3990.76923076923
3993.33333333333
3988.20512820513
3986.15384615385
3990.76923076923
3991.28205128205
3988.71794871795
3993.33333333333
3999.48717948718
3995.89743589744
3989.74358974359
3988.20512820513
3992.30769230769
3995.38461538462
3994.8717948718
3991.28205128205
3991.28205128205
3996.92307692308
4002.5641025641
4009.23076923077
4011.79487179487
4009.23076923077
4007.69230769231
4009.74358974359
4007.69230769231
4001.53846153846
4002.5641025641
4006.66666666667
4002.05128205128
3990.25641025641
3991.28205128205
4007.17948717949
4013.33333333333
4004.61538461539
3993.84615384615
3988.71794871795
3993.33333333333
4001.02564102564
4003.58974358974
4002.5641025641
4001.53846153846
4002.5641025641
4003.58974358974
3998.46153846154
3989.74358974359
3990.76923076923
4002.05128205128
4001.53846153846
3993.33333333333
3997.94871794872
4008.20512820513
4000.51282051282
3988.71794871795
3995.89743589744
4000
3988.71794871795
3984.10256410256
3989.74358974359
3996.92307692308
4004.61538461539
4006.15384615385
4001.02564102564
4001.53846153846
4002.5641025641
