
4351.79487179487
4360
4361.02564102564
4360
4356.41025641026
4347.17948717949
4350.25641025641
4364.10256410256
4367.17948717949
4362.05128205128
4361.02564102564
4358.46153846154
4363.07692307692
4377.4358974359
4376.41025641026
4367.69230769231
4364.61538461538
4362.05128205128
4363.07692307692
4368.71794871795
4367.69230769231
4362.5641025641
4364.61538461538
4364.10256410256
4363.58974358974
4366.15384615385
4362.5641025641
4368.20512820513
4381.02564102564
4378.46153846154
4374.8717948718
4383.58974358974
4381.02564102564
4374.8717948718
4380
4379.48717948718
4370.25641025641
4372.30769230769
4377.4358974359
4369.74358974359
4366.15384615385
4377.4358974359
4380.51282051282
4367.17948717949
4363.58974358974
4373.84615384615
4376.92307692308
4372.30769230769
4364.10256410256
4357.4358974359
4359.48717948718
4359.48717948718
4355.89743589744
4361.53846153846
4366.15384615385
4356.92307692308
4348.20512820513
4353.33333333333
4365.12820512821
4367.69230769231
4354.35897435897
4346.66666666667
4353.33333333333
4353.33333333333
4348.71794871795
4349.23076923077
4346.15384615385
4343.58974358974
4357.4358974359
4367.17948717949
4356.41025641026
4345.64102564103
4349.23076923077
4353.33333333333
4348.20512820513
4350.76923076923
4358.46153846154
4353.33333333333
4347.69230769231
4352.82051282051
4354.8717948718
4349.23076923077
4347.69230769231
4351.28205128205
4351.79487179487
4347.17948717949
4348.71794871795
4358.46153846154
4358.97435897436
4350.25641025641
4347.17948717949
4351.79487179487
4356.41025641026
4353.84615384615
4351.28205128205
4355.89743589744
4357.94871794872
4355.38461538462
4358.46153846154
4360.51282051282
4355.89743589744
4356.41025641026
4363.07692307692
4365.64102564103
4360.51282051282
4355.89743589744
4357.4358974359
4358.46153846154
4359.48717948718
4358.46153846154
4352.30769230769
4347.69230769231
4354.35897435897
4362.05128205128
4361.53846153846
4358.46153846154
4358.46153846154
4357.94871794872
4353.33333333333
4353.33333333333
4353.33333333333
4344.61538461538
4336.41025641026
4347.17948717949
4361.53846153846
4356.41025641026
4353.33333333333
4355.38461538462
4350.76923076923
4352.30769230769
4357.4358974359
4352.30769230769
4347.69230769231
4350.76923076923
4351.79487179487
4354.8717948718
4357.94871794872
4355.89743589744
4355.89743589744
4359.48717948718
4361.02564102564
4351.79487179487
4350.76923076923
4363.58974358974
4361.02564102564
4354.8717948718
4367.17948717949
4374.35897435897
4367.69230769231
4358.46153846154
4349.23076923077
4347.17948717949
4355.38461538462
4358.97435897436
4358.97435897436
4355.38461538462
4357.94871794872
4371.79487179487
4374.35897435897
4358.46153846154
4348.71794871795
4358.97435897436
4366.15384615385
4361.02564102564
4355.89743589744
4357.94871794872
4362.05128205128
4364.10256410256
4365.12820512821
4362.5641025641
4354.35897435897
4350.25641025641
4357.4358974359
4365.64102564103
4363.58974358974
4365.64102564103
4367.69230769231
4362.05128205128
4361.53846153846
4366.66666666667
4369.74358974359
4367.17948717949
4359.48717948718
4357.4358974359
4364.10256410256
4372.82051282051
4369.23076923077
4354.8717948718
4352.30769230769
4369.23076923077
4372.82051282051
4358.46153846154
4359.48717948718
4367.17948717949
4365.64102564103
4364.61538461538
4367.69230769231
4366.66666666667
4362.5641025641
4355.89743589744
4353.33333333333
4361.02564102564
4366.15384615385
4366.66666666667
4364.61538461538
4360.51282051282
4357.94871794872
4357.94871794872
4355.38461538462
4351.79487179487
4354.35897435897
4357.94871794872
4355.89743589744
4349.74358974359
4347.69230769231
4354.35897435897
4357.4358974359
4356.41025641026
4362.5641025641
4371.79487179487
4374.35897435897
4374.8717948718
4379.48717948718
4383.58974358974
4381.53846153846
4372.82051282051
4374.8717948718
4383.58974358974
4377.94871794872
4374.35897435897
4383.07692307692
4383.58974358974
4381.02564102564
4382.05128205128
4372.30769230769
4361.53846153846
4365.12820512821
4370.25641025641
4373.33333333333
4379.48717948718
4384.10256410256
4386.15384615385
4381.02564102564
4368.71794871795
4362.05128205128
4371.28205128205
4382.05128205128
4374.35897435897
4361.53846153846
4361.02564102564
4366.15384615385
4364.61538461538
4367.69230769231
4378.97435897436
4383.58974358974
4371.79487179487
4355.38461538462
4354.8717948718
4367.69230769231
4370.25641025641
4365.64102564103
4372.30769230769
4384.10256410256
4384.61538461538
4373.84615384615
4368.20512820513
4375.38461538462
4373.84615384615
4355.38461538462
4354.8717948718
4372.82051282051
4377.94871794872
4370.25641025641
4367.69230769231
4369.23076923077
4373.33333333333
4378.46153846154
4379.48717948718
4381.53846153846
4378.97435897436
4371.28205128205
4374.8717948718
4378.97435897436
4373.84615384615
4376.41025641026
4378.46153846154
4371.79487179487
4376.92307692308
4387.69230769231
4383.58974358974
4381.02564102564
4382.05128205128
4373.33333333333
4369.23076923077
4374.8717948718
4379.48717948718
4385.12820512821
4386.66666666667
4373.33333333333
4362.05128205128
4366.66666666667
4366.66666666667
4365.12820512821
4377.4358974359
4378.46153846154
4363.58974358974
4367.69230769231
4379.48717948718
4372.30769230769
4371.79487179487
4385.12820512821
4381.02564102564
4373.84615384615
4381.02564102564
4381.53846153846
4380.51282051282
4391.28205128205
4393.33333333333
4383.58974358974
4381.53846153846
4384.10256410256
4383.07692307692
4382.05128205128
4383.07692307692
4384.10256410256
4380.51282051282
4377.4358974359
4383.58974358974
4383.58974358974
4374.8717948718
4378.97435897436
4391.79487179487
4386.66666666667
4369.23076923077
4362.5641025641
4367.69230769231
4370.76923076923
4366.15384615385
4366.66666666667
4375.38461538462
4376.92307692308
4371.28205128205
4369.74358974359
4376.41025641026
4378.97435897436
4377.94871794872
4380.51282051282
4379.48717948718
4375.89743589744
4378.97435897436
4384.61538461538
4381.02564102564
4378.46153846154
4384.61538461538
4385.12820512821
4378.46153846154
4376.41025641026
4374.8717948718
4368.20512820513
4364.10256410256
4366.15384615385
4368.71794871795
4369.74358974359
4366.66666666667
4364.10256410256
4366.66666666667
4368.71794871795
4367.69230769231
4361.53846153846
4353.84615384615
4361.02564102564
4368.71794871795
4361.53846153846
4354.8717948718
4358.97435897436
4365.12820512821
4365.12820512821
4365.64102564103
4365.12820512821
4362.5641025641
4372.82051282051
4384.61538461538
4375.89743589744
4363.07692307692
4365.64102564103
4369.23076923077
4363.58974358974
4358.97435897436
4360.51282051282
4365.64102564103
4367.17948717949
4364.10256410256
4364.61538461538
4366.15384615385
4370.25641025641
4375.89743589744
4373.33333333333
4367.17948717949
4363.58974358974
4362.5641025641
4363.58974358974
4368.20512820513
4368.71794871795
4364.61538461538
4368.71794871795
4374.35897435897
4366.15384615385
4354.35897435897
4360.51282051282
4366.66666666667
4361.53846153846
4361.53846153846
4367.17948717949
4370.76923076923
4370.25641025641
4368.20512820513
4366.15384615385
4367.17948717949
4368.71794871795
4366.66666666667
4364.61538461538
4367.17948717949
4373.84615384615
4375.38461538462
4367.17948717949
4358.97435897436
4360.51282051282
4360.51282051282
4350.76923076923
4349.74358974359
4357.4358974359
4356.92307692308
4359.48717948718
4368.71794871795
4371.28205128205
4371.28205128205
4369.74358974359
4363.07692307692
4362.5641025641
4368.20512820513
4366.15384615385
4365.64102564103
4367.69230769231
4362.5641025641
4360
4364.61538461538
4365.12820512821
4364.10256410256
4366.15384615385
4360
4353.84615384615
4357.4358974359
4356.41025641026
4354.8717948718
4358.97435897436
4357.4358974359
4359.48717948718
4370.25641025641
4370.25641025641
4364.61538461538
4370.76923076923
4370.25641025641
4366.66666666667
4376.92307692308
4378.97435897436
4366.66666666667
4368.20512820513
4375.38461538462
4372.82051282051
4371.79487179487
4370.76923076923
4365.12820512821
4367.17948717949
4374.35897435897
4373.33333333333
4366.66666666667
4364.10256410256
4368.20512820513
4368.20512820513
4359.48717948718
4354.35897435897
4357.4358974359
4362.05128205128
4369.74358974359
4380.51282051282
4382.5641025641
4379.48717948718
4380
4380
4384.10256410256
4391.28205128205
4385.64102564103
4376.41025641026
4380.51282051282
4386.66666666667
4383.07692307692
4379.48717948718
4383.58974358974
4381.53846153846
4374.35897435897
4373.84615384615
4383.58974358974
4385.64102564103
4370.76923076923
4365.64102564103
4377.94871794872
4378.46153846154
4369.74358974359
4374.8717948718
4380.51282051282
4374.8717948718
4371.79487179487
4371.28205128205
4375.89743589744
4382.5641025641
4375.89743589744
4365.64102564103
4364.61538461538
4366.15384615385
4363.58974358974
4360.51282051282
4368.20512820513
4380.51282051282
4374.8717948718
4364.10256410256
4372.82051282051
4381.02564102564
4378.46153846154
4380.51282051282
4381.53846153846
4381.53846153846
4388.20512820513
4390.76923076923
4384.61538461538
4374.35897435897
4369.74358974359
4376.41025641026
4385.64102564103
4384.10256410256
4380.51282051282
4383.07692307692
4377.94871794872
4365.64102564103
4363.07692307692
4367.69230769231
4366.66666666667
4363.58974358974
4365.64102564103
4368.71794871795
4367.69230769231
4363.07692307692
4367.17948717949
4376.41025641026
4369.23076923077
4356.41025641026
4360
4372.82051282051
4381.02564102564
4381.02564102564
4375.38461538462
4370.25641025641
4369.74358974359
4372.82051282051
4381.53846153846
4382.5641025641
4376.92307692308
4378.46153846154
4383.07692307692
4384.10256410256
4383.58974358974
4380.51282051282
4383.58974358974
4395.38461538462
4397.94871794872
4388.71794871795
4386.15384615385
4390.25641025641
4389.23076923077
4383.07692307692
4380.51282051282
4381.02564102564
4381.53846153846
4382.05128205128
4382.05128205128
4385.12820512821
4387.17948717949
4372.82051282051
4354.8717948718
4362.5641025641
4377.4358974359
4376.92307692308
4371.79487179487
4367.17948717949
4364.10256410256
4369.74358974359
4372.30769230769
4369.74358974359
4378.97435897436
4385.12820512821
4378.46153846154
4377.94871794872
4382.05128205128
4386.66666666667
4394.35897435897
4388.20512820513
4371.79487179487
4373.84615384615
4382.05128205128
4371.79487179487
4363.58974358974
4371.79487179487
4381.02564102564
4382.5641025641
4381.53846153846
4375.89743589744
4372.82051282051
4380
4385.12820512821
4382.5641025641
4380
4381.02564102564
4382.5641025641
4381.02564102564
4382.05128205128
4386.15384615385
4388.71794871795
4387.69230769231
4384.10256410256
4378.97435897436
4382.5641025641
4391.79487179487
4388.20512820513
4379.48717948718
4381.02564102564
4382.5641025641
4382.05128205128
4381.02564102564
4374.8717948718
4375.38461538462
4382.5641025641
4382.5641025641
4381.53846153846
4383.58974358974
4377.94871794872
4383.07692307692
4397.4358974359
4391.79487179487
4384.10256410256
4394.8717948718
4398.97435897436
4394.8717948718
4397.94871794872
4397.94871794872
4401.53846153846
4409.74358974359
4401.02564102564
4394.8717948718
4401.02564102564
4392.82051282051
4380
4391.79487179487
4403.07692307692
4392.82051282051
4388.71794871795
4393.84615384615
4392.82051282051
4384.10256410256
4381.53846153846
4386.66666666667
4386.66666666667
4388.20512820513
4395.89743589744
4389.23076923077
4370.76923076923
4370.25641025641
4383.07692307692
4387.17948717949
4389.74358974359
4387.17948717949
4380.51282051282
4382.05128205128
4387.17948717949
4387.17948717949
4392.82051282051
4403.07692307692
4401.53846153846
4395.38461538462
4402.5641025641
4413.84615384615
4411.28205128205
4407.17948717949
4403.58974358974
4394.8717948718
4393.33333333333
4400
4398.97435897436
4394.35897435897
4397.4358974359
4393.33333333333
4382.05128205128
4383.58974358974
4387.17948717949
4386.15384615385
4392.82051282051
4396.41025641026
4389.23076923077
4382.05128205128
4377.4358974359
4382.5641025641
4394.35897435897
4390.76923076923
4379.48717948718
4383.07692307692
4383.58974358974
4378.97435897436
4380
4380.51282051282
4378.46153846154
4377.94871794872
4380.51282051282
4382.5641025641
4379.48717948718
4368.20512820513
4365.64102564103
4377.4358974359
4386.66666666667
4380.51282051282
4372.30769230769
4376.92307692308
4383.07692307692
4377.4358974359
4369.74358974359
4373.84615384615
4383.58974358974
4385.12820512821
4376.92307692308
4374.8717948718
4380
4375.89743589744
4365.64102564103
4363.07692307692
4364.10256410256
4366.15384615385
4368.20512820513
4365.64102564103
4369.23076923077
4377.4358974359
4373.33333333333
4364.10256410256
4370.76923076923
4383.58974358974
4385.64102564103
4381.53846153846
4380.51282051282
4383.58974358974
4387.17948717949
4379.48717948718
4371.28205128205
4375.89743589744
4377.94871794872
4374.35897435897
4377.4358974359
4383.07692307692
4382.5641025641
4379.48717948718
4377.94871794872
4375.89743589744
4375.38461538462
4377.94871794872
4374.8717948718
4370.25641025641
4380.51282051282
4384.61538461538
4372.82051282051
4373.84615384615
4385.64102564103
4384.10256410256
4374.35897435897
4369.74358974359
4373.84615384615
4377.4358974359
4372.30769230769
4369.74358974359
4373.84615384615
4381.02564102564
4382.5641025641
4374.8717948718
4376.92307692308
4384.10256410256
4373.33333333333
4365.12820512821
4374.35897435897
4373.84615384615
4366.15384615385
4367.17948717949
4369.74358974359
4373.84615384615
4376.41025641026
4372.82051282051
4367.17948717949
4368.20512820513
4372.82051282051
4382.05128205128
4385.64102564103
4376.41025641026
4373.84615384615
4385.12820512821
4382.05128205128
4366.15384615385
4371.28205128205
4384.61538461538
4380
4371.79487179487
4368.20512820513
4364.61538461538
4365.64102564103
4370.76923076923
4373.84615384615
4375.89743589744
4380
4385.12820512821
4377.94871794872
4364.61538461538
4369.23076923077
4373.84615384615
4363.58974358974
4362.5641025641
4374.8717948718
4378.46153846154
4377.94871794872
4377.94871794872
4371.28205128205
4367.17948717949
4365.64102564103
4364.61538461538
4364.61538461538
4365.12820512821
4369.23076923077
4371.28205128205
4366.66666666667
4365.12820512821
4366.66666666667
4366.15384615385
4374.35897435897
4385.64102564103
4383.07692307692
4379.48717948718
4386.15384615385
4384.61538461538
4380.51282051282
4385.12820512821
4380
4370.76923076923
4377.94871794872
4387.17948717949
4384.61538461538
4381.53846153846
4380
4374.35897435897
4371.28205128205
4375.38461538462
4380
4381.02564102564
4376.92307692308
4368.20512820513
4365.64102564103
4377.94871794872
4385.64102564103
4377.94871794872
4371.28205128205
4371.79487179487
4372.82051282051
4370.76923076923
4367.17948717949
4366.15384615385
4367.69230769231
4369.23076923077
4375.38461538462
4377.94871794872
4366.15384615385
4355.89743589744
4357.4358974359
4357.4358974359
4361.02564102564
4367.17948717949
4363.07692307692
4360
4365.64102564103
4368.71794871795
4366.66666666667
4367.69230769231
4368.20512820513
4364.10256410256
4360.51282051282
4354.35897435897
4348.20512820513
4358.97435897436
4378.46153846154
4374.35897435897
4362.5641025641
4366.15384615385
4365.64102564103
4355.89743589744
4355.89743589744
4357.4358974359
4355.89743589744
4360
4366.15384615385
4367.17948717949
4365.64102564103
4366.66666666667
4364.10256410256
4356.41025641026
4353.84615384615
4354.8717948718
4357.94871794872
4363.58974358974
4364.10256410256
4358.46153846154
4357.4358974359
4358.46153846154
4356.92307692308
4360.51282051282
4365.12820512821
4365.64102564103
4365.64102564103
4357.94871794872
4351.79487179487
4365.12820512821
4377.4358974359
4370.76923076923
4363.07692307692
4363.07692307692
4357.4358974359
4350.25641025641
4350.76923076923
4352.30769230769
4359.48717948718
4366.66666666667
4366.66666666667
4367.69230769231
4370.76923076923
4368.20512820513
4363.07692307692
4365.12820512821
4371.28205128205
4373.84615384615
4370.25641025641
4367.17948717949
4367.17948717949
4367.69230769231
4372.82051282051
4373.84615384615
4366.66666666667
4364.61538461538
4365.64102564103
4368.20512820513
4372.82051282051
4371.28205128205
4365.12820512821
4364.10256410256
4366.15384615385
4366.15384615385
4369.74358974359
4372.82051282051
4376.41025641026
4378.97435897436
4376.41025641026
4374.35897435897
4369.74358974359
4365.12820512821
4368.20512820513
4375.38461538462
4375.38461538462
4373.84615384615
4372.30769230769
4366.66666666667
4363.07692307692
4366.15384615385
4376.41025641026
4386.15384615385
4386.15384615385
4382.05128205128
4376.41025641026
4366.66666666667
4367.69230769231
4375.38461538462
4369.74358974359
4365.12820512821
4372.30769230769
4375.89743589744
4370.76923076923
4372.82051282051
4382.05128205128
4380
4366.66666666667
4366.66666666667
4375.89743589744
4371.28205128205
4363.07692307692
4364.61538461538
4366.15384615385
4369.23076923077
4374.8717948718
4372.30769230769
4369.74358974359
4372.30769230769
4371.28205128205
4371.79487179487
4380.51282051282
4383.58974358974
4383.07692307692
4387.17948717949
4391.79487179487
4390.76923076923
4383.07692307692
4373.33333333333
4371.28205128205
4373.33333333333
4373.33333333333
4372.82051282051
4376.41025641026
4374.35897435897
4362.5641025641
4365.12820512821
4380
4375.89743589744
4357.94871794872
4355.89743589744
4361.02564102564
4364.10256410256
4375.38461538462
4380.51282051282
4370.76923076923
4370.76923076923
4380
4379.48717948718
4372.30769230769
4364.61538461538
4367.17948717949
4380
4375.38461538462
4356.41025641026
4356.92307692308
4372.30769230769
4376.41025641026
4368.71794871795
4362.5641025641
4365.64102564103
4368.71794871795
4366.66666666667
4369.74358974359
4374.8717948718
4373.84615384615
4375.89743589744
4379.48717948718
4378.46153846154
4378.97435897436
4376.41025641026
4365.12820512821
4365.64102564103
4382.05128205128
4384.61538461538
4371.28205128205
4372.30769230769
4380.51282051282
4375.89743589744
4368.20512820513
4375.38461538462
4380.51282051282
4375.89743589744
4374.8717948718
4374.8717948718
4373.33333333333
4377.4358974359
4384.61538461538
4381.53846153846
4372.82051282051
4372.30769230769
4378.97435897436
4383.07692307692
4377.94871794872
4378.46153846154
4382.05128205128
4374.8717948718
4371.79487179487
4381.53846153846
4382.5641025641
4366.66666666667
4363.58974358974
4377.4358974359
4387.17948717949
4381.02564102564
4371.79487179487
4372.82051282051
4372.82051282051
4366.15384615385
4362.05128205128
4368.71794871795
4381.02564102564
4385.12820512821
4374.35897435897
4366.66666666667
4372.30769230769
4372.82051282051
4368.20512820513
4366.66666666667
4368.20512820513
4375.89743589744
4382.5641025641
4376.41025641026
4366.15384615385
4360.51282051282
4361.53846153846
4364.10256410256
4361.53846153846
4360.51282051282
4363.07692307692
4367.69230769231
4372.82051282051
4367.17948717949
4353.33333333333
4356.41025641026
4372.82051282051
4380
4374.35897435897
4365.64102564103
4368.71794871795
4375.38461538462
4369.23076923077
4365.64102564103
4372.82051282051
4366.66666666667
4363.58974358974
4378.97435897436
4381.02564102564
4362.5641025641
4361.53846153846
4373.33333333333
4368.71794871795
4366.66666666667
4382.05128205128
4393.84615384615
4389.74358974359
4382.5641025641
4386.15384615385
4387.17948717949
4378.97435897436
4373.33333333333
4386.66666666667
4399.48717948718
4394.8717948718
4388.71794871795
4387.17948717949
4384.61538461538
4376.41025641026
4368.71794871795
4370.76923076923
4383.07692307692
4389.23076923077
4378.46153846154
4369.23076923077
4373.33333333333
4381.53846153846
4375.38461538462
4363.07692307692
4368.71794871795
4381.02564102564
4380.51282051282
4375.89743589744
4373.33333333333
4368.20512820513
4366.15384615385
4367.17948717949
4367.17948717949
4370.25641025641
4374.8717948718
4375.89743589744
4373.33333333333
4375.89743589744
4382.05128205128
4381.02564102564
4369.23076923077
4358.46153846154
4360
4373.33333333333
4382.05128205128
4374.8717948718
4373.33333333333
4383.58974358974
4378.46153846154
4362.5641025641
4369.74358974359
4384.10256410256
4374.8717948718
4365.64102564103
4372.82051282051
4383.07692307692
4386.15384615385
4374.35897435897
4356.92307692308
4362.5641025641
4381.02564102564
4372.30769230769
4356.92307692308
4363.07692307692
4368.20512820513
4366.15384615385
4366.66666666667
4363.07692307692
4359.48717948718
4366.66666666667
4368.71794871795
4360
4357.4358974359
4357.4358974359
4354.8717948718
4360
4365.64102564103
4365.64102564103
4364.61538461538
4368.71794871795
4370.25641025641
4364.61538461538
4365.64102564103
4373.33333333333
4372.30769230769
4366.15384615385
4366.66666666667
4367.69230769231
4364.61538461538
4365.12820512821
4366.15384615385
4362.5641025641
4367.69230769231
4377.94871794872
4377.4358974359
4361.02564102564
4350.76923076923
4356.92307692308
4364.61538461538
4369.23076923077
4371.79487179487
4368.20512820513
4366.66666666667
4375.89743589744
4379.48717948718
4373.84615384615
4375.89743589744
4383.58974358974
4384.61538461538
4377.94871794872
4368.71794871795
4365.12820512821
4370.76923076923
4375.89743589744
4370.76923076923
4367.69230769231
4372.82051282051
4376.41025641026
4370.25641025641
4368.71794871795
4374.35897435897
4367.69230769231
4360
4370.25641025641
4380.51282051282
4376.92307692308
4372.30769230769
4373.33333333333
4376.41025641026
4378.46153846154
4371.79487179487
4365.64102564103
4372.30769230769
4374.35897435897
4363.58974358974
4364.10256410256
4381.02564102564
4387.69230769231
4378.46153846154
4372.30769230769
4371.79487179487
4366.66666666667
4359.48717948718
4358.46153846154
4363.07692307692
4369.74358974359
4374.8717948718
4369.74358974359
4364.61538461538
4374.35897435897
