O1
4292.82051282051
4289.74358974359
4277.4358974359
4272.82051282051
4285.64102564103
4289.23076923077
4277.94871794872
4283.07692307692
4296.41025641026
4292.30769230769
4279.48717948718
4280.51282051282
4286.66666666667
4293.33333333333
4298.46153846154
4289.23076923077
4276.92307692308
4283.58974358974
4292.30769230769
4281.53846153846
4275.38461538462
4291.79487179487
4298.46153846154
4283.58974358974
4278.97435897436
4292.82051282051
4300
4289.74358974359
4283.58974358974
4295.89743589744
4306.15384615385
4299.48717948718
4292.82051282051
4300.51282051282
4302.05128205128
4297.4358974359
4300.51282051282
4300.51282051282
4294.35897435897
4294.8717948718
4298.97435897436
4295.38461538462
4293.33333333333
4293.33333333333
4292.30769230769
4299.48717948718
4307.17948717949
4307.17948717949
4310.25641025641
4312.82051282051
4312.30769230769
4309.74358974359
4303.58974358974
4297.4358974359
4302.05128205128
4312.82051282051
4309.23076923077
4296.41025641026
4297.4358974359
4304.61538461538
4300
4291.28205128205
4289.74358974359
4291.28205128205
4295.38461538462
4295.38461538462
4294.35897435897
4295.89743589744
4295.89743589744
4295.89743589744
4296.41025641026
4293.84615384615
4296.41025641026
4299.48717948718
4292.82051282051
4291.28205128205
4295.89743589744
4294.8717948718
4293.33333333333
4294.8717948718
4295.38461538462
4295.89743589744
4300
4303.58974358974
4298.97435897436
4295.89743589744
4297.4358974359
4288.71794871795
4278.97435897436
4289.74358974359
4298.97435897436
4293.33333333333
4291.28205128205
4294.8717948718
4294.8717948718
4294.8717948718
4296.92307692308
4293.33333333333
4284.61538461538
4286.15384615385
4295.89743589744
4296.41025641026
4291.79487179487
4294.8717948718
4297.4358974359
4293.84615384615
4290.25641025641
4291.79487179487
4292.82051282051
4287.17948717949
4288.20512820513
4293.84615384615
4292.82051282051
4292.82051282051
4292.82051282051
4286.15384615385
4285.12820512821
4295.89743589744
4300
4290.76923076923
4280
4282.5641025641
4288.71794871795
4284.61538461538
4283.07692307692
4287.69230769231
4284.10256410256
4282.05128205128
4292.82051282051
4295.89743589744
4293.33333333333
4295.38461538462
4290.25641025641
4283.58974358974
4288.20512820513
4298.97435897436
4298.46153846154
4286.66666666667
4281.02564102564
4281.53846153846
4283.07692307692
4285.64102564103
4293.84615384615
4296.41025641026
4293.84615384615
4294.35897435897
4294.8717948718
4291.79487179487
4287.69230769231
4286.15384615385
4292.30769230769
4295.38461538462
4290.25641025641
4293.33333333333
4297.4358974359
4288.20512820513
4288.20512820513
4305.12820512821
4309.74358974359
4297.94871794872
4292.82051282051
4294.8717948718
4297.4358974359
4296.92307692308
4294.8717948718
4297.4358974359
4300.51282051282
4293.33333333333
4288.20512820513
4292.30769230769
4294.35897435897
4291.28205128205
4295.38461538462
4300.51282051282
4294.8717948718
4292.30769230769
4296.92307692308
4297.94871794872
4295.89743589744
4295.38461538462
4294.35897435897
4296.41025641026
4300.51282051282
4297.4358974359
4294.35897435897
4295.38461538462
4290.25641025641
4280.51282051282
4277.94871794872
4285.64102564103
4294.35897435897
4290.76923076923
4281.53846153846
4283.07692307692
4292.82051282051
4295.38461538462
4294.8717948718
4293.33333333333
4286.66666666667
4276.41025641026
4271.79487179487
4283.07692307692
4296.92307692308
4297.4358974359
4293.33333333333
4295.89743589744
4294.35897435897
4283.07692307692
4278.46153846154
4283.07692307692
4282.05128205128
4280
4289.74358974359
4296.92307692308
4293.84615384615
4291.79487179487
4294.35897435897
4295.89743589744
4295.38461538462
4295.38461538462
4296.92307692308
4298.97435897436
4297.94871794872
4297.4358974359
4297.94871794872
4294.8717948718
4292.82051282051
4297.94871794872
4298.46153846154
4293.33333333333
4295.89743589744
4302.5641025641
4301.02564102564
4290.25641025641
4283.58974358974
4290.76923076923
4298.46153846154
4291.28205128205
4290.25641025641
4307.69230769231
4312.82051282051
4299.48717948718
4290.76923076923
4293.33333333333
4296.92307692308
4294.8717948718
4295.38461538462
4297.94871794872
4296.41025641026
4292.82051282051
4294.35897435897
4297.4358974359
4296.92307692308
4295.89743589744
4295.89743589744
4296.41025641026
4294.35897435897
4292.30769230769
4293.33333333333
4297.4358974359
4304.10256410256
4306.15384615385
4301.53846153846
4297.4358974359
4294.8717948718
4292.82051282051
4295.38461538462
4292.82051282051
4281.53846153846
4283.07692307692
4298.46153846154
4300.51282051282
4295.38461538462
4295.89743589744
4292.30769230769
4289.23076923077
4295.38461538462
4300.51282051282
4295.38461538462
4292.82051282051
4300
4303.07692307692
4296.41025641026
4294.35897435897
4297.4358974359
4296.92307692308
4304.10256410256
4311.79487179487
4301.53846153846
4291.79487179487
4296.41025641026
4300
4296.92307692308
4295.38461538462
4297.94871794872
4302.05128205128
4309.74358974359
4320.51282051282
4314.8717948718
4288.71794871795
4276.92307692308
4291.28205128205
4305.12820512821
4310.76923076923
4310.76923076923
4300.51282051282
4296.92307692308
4303.07692307692
4306.15384615385
4309.74358974359
4308.71794871795
4299.48717948718
4296.41025641026
4307.69230769231
4309.23076923077
4298.97435897436
4296.41025641026
4298.46153846154
4297.4358974359
4302.5641025641
4309.74358974359
4303.07692307692
4293.84615384615
4297.94871794872
4298.97435897436
4291.79487179487
4294.35897435897
4305.64102564103
4303.07692307692
4293.33333333333
4302.05128205128
4315.89743589744
4309.23076923077
4295.89743589744
4294.35897435897
4294.8717948718
4293.33333333333
4294.35897435897
4294.35897435897
4294.8717948718
4296.92307692308
4295.38461538462
4292.82051282051
4294.8717948718
4297.4358974359
4298.46153846154
4295.89743589744
4291.28205128205
4287.69230769231
4286.66666666667
4290.25641025641
4301.02564102564
4304.61538461538
4296.92307692308
4300
4307.17948717949
4301.53846153846
4292.82051282051
4295.89743589744
4299.48717948718
4298.97435897436
4296.41025641026
4291.28205128205
4292.82051282051
4297.94871794872
4298.97435897436
4296.92307692308
4295.38461538462
4295.89743589744
4294.35897435897
4291.28205128205
4291.79487179487
4295.89743589744
4298.46153846154
4295.89743589744
4291.28205128205
4290.25641025641
4292.82051282051
4293.84615384615
4294.35897435897
4301.02564102564
4301.53846153846
4292.82051282051
4290.76923076923
4296.41025641026
4295.38461538462
4292.30769230769
4294.35897435897
4295.89743589744
4295.89743589744
4293.33333333333
4293.84615384615
4296.41025641026
4298.46153846154
4297.94871794872
4290.76923076923
4285.64102564103
4290.76923076923
4296.92307692308
4295.89743589744
4291.79487179487
4287.69230769231
4286.66666666667
4293.33333333333
4301.53846153846
4303.58974358974
4296.92307692308
4290.76923076923
4293.84615384615
4290.76923076923
4278.46153846154
4281.53846153846
4296.92307692308
4302.05128205128
4295.38461538462
4293.33333333333
4295.89743589744
4294.8717948718
4292.30769230769
4294.8717948718
4295.38461538462
4292.30769230769
4299.48717948718
4307.69230769231
4301.02564102564
4295.38461538462
4298.46153846154
4295.38461538462
4290.76923076923
4293.33333333333
4293.84615384615
4292.82051282051
4294.8717948718
4294.8717948718
4293.33333333333
4294.35897435897
4298.46153846154
4296.92307692308
4287.17948717949
4281.53846153846
4289.23076923077
4295.38461538462
4292.30769230769
4289.74358974359
4292.30769230769
4298.97435897436
4303.07692307692
4298.46153846154
4295.38461538462
4294.8717948718
4297.4358974359
4301.02564102564
4303.58974358974
4306.15384615385
4309.74358974359
4307.17948717949
4306.15384615385
4311.28205128205
4305.12820512821
4297.4358974359
4301.02564102564
4305.64102564103
4308.71794871795
4313.33333333333
4315.38461538462
4308.20512820513
4298.97435897436
4294.8717948718
4298.97435897436
4307.17948717949
4310.76923076923
4304.61538461538
4295.38461538462
4294.8717948718
4296.92307692308
4295.38461538462
4296.41025641026
4297.4358974359
4293.84615384615
4292.30769230769
4295.38461538462
4295.38461538462
4293.84615384615
4301.02564102564
4310.76923076923
4314.35897435897
4316.41025641026
4322.05128205128
4327.69230769231
4327.69230769231
4326.66666666667
4325.64102564103
4325.12820512821
4327.69230769231
4328.20512820513
4322.5641025641
4323.07692307692
4324.10256410256
4313.84615384615
4310.25641025641
4320.51282051282
4320.51282051282
4308.20512820513
4306.66666666667
4313.33333333333
4308.20512820513
4297.94871794872
4305.12820512821
4310.25641025641
4283.07692307692
4250.25641025641
4236.41025641026
4231.28205128205
4230.76923076923
4233.33333333333
4229.74358974359
4225.12820512821
4228.71794871795
4232.82051282051
4234.35897435897
4232.82051282051
4230.25641025641
4229.74358974359
4230.25641025641
4230.25641025641
4232.30769230769
4236.41025641026
4236.41025641026
4233.33333333333
4232.30769230769
4236.41025641026
4235.89743589744
4233.84615384615
4241.53846153846
4244.61538461538
4232.30769230769
4228.20512820513
4244.61538461538
4248.20512820513
4234.35897435897
4228.71794871795
4230.76923076923
4230.76923076923
4232.82051282051
4240.51282051282
4244.10256410256
4242.5641025641
4238.97435897436
4242.5641025641
4262.05128205128
4280
4275.89743589744
4262.05128205128
4267.69230769231
4284.10256410256
4284.10256410256
4277.4358974359
4283.07692307692
4291.28205128205
4293.84615384615
4294.8717948718
4292.82051282051
4292.30769230769
4300
4304.61538461538
4302.05128205128
4304.61538461538
4305.64102564103
4297.4358974359
4293.33333333333
4300
4303.07692307692
4302.05128205128
4308.20512820513
4308.71794871795
4301.02564102564
4304.61538461538
4311.79487179487
4309.23076923077
4307.69230769231
4304.10256410256
4294.8717948718
4297.4358974359
4307.69230769231
4309.23076923077
4311.28205128205
4310.25641025641
4298.46153846154
4291.79487179487
4298.97435897436
4305.12820512821
4304.10256410256
4306.15384615385
4306.15384615385
4296.41025641026
4292.82051282051
4304.10256410256
4312.82051282051
4310.76923076923
4308.71794871795
4309.23076923077
4310.25641025641
4312.30769230769
4313.84615384615
4307.17948717949
4295.89743589744
4297.94871794872
4307.17948717949
4311.28205128205
4310.25641025641
4302.5641025641
4294.35897435897
4300.51282051282
4308.71794871795
4305.64102564103
4307.69230769231
4313.33333333333
4312.30769230769
4310.25641025641
4304.10256410256
4300
4306.66666666667
4312.82051282051
4310.25641025641
4314.35897435897
4321.53846153846
4319.48717948718
4316.92307692308
4318.46153846154
4324.61538461538
4326.66666666667
4318.46153846154
4316.92307692308
4328.20512820513
4324.61538461538
4309.74358974359
4313.33333333333
4322.05128205128
4318.97435897436
4320
4316.92307692308
4307.69230769231
4316.41025641026
4329.74358974359
4321.53846153846
4310.25641025641
4310.76923076923
4317.4358974359
4316.41025641026
4313.84615384615
4322.5641025641
4323.07692307692
4312.30769230769
4316.92307692308
4327.17948717949
4324.10256410256
4326.15384615385
4322.5641025641
4309.74358974359
4316.41025641026
4324.61538461538
4312.82051282051
4305.64102564103
4314.35897435897
4319.48717948718
4315.38461538462
4312.30769230769
4311.79487179487
4312.30769230769
4314.8717948718
4318.97435897436
4318.97435897436
4315.89743589744
4312.82051282051
4311.28205128205
4317.94871794872
4329.23076923077
4329.23076923077
4320.51282051282
4316.41025641026
4318.46153846154
4320
4326.66666666667
4336.41025641026
4333.84615384615
4329.23076923077
4336.92307692308
4346.15384615385
4345.64102564103
4342.05128205128
4340
4335.89743589744
4331.79487179487
4332.82051282051
4334.8717948718
4333.84615384615
4334.35897435897
4336.92307692308
4331.79487179487
4327.17948717949
4327.69230769231
4322.05128205128
4317.94871794872
4324.61538461538
4324.10256410256
4313.33333333333
4312.30769230769
4316.41025641026
4320
4326.15384615385
4323.07692307692
4313.33333333333
4312.30769230769
4312.82051282051
4308.20512820513
4313.33333333333
4318.97435897436
4314.8717948718
4309.74358974359
4307.69230769231
4307.17948717949
4309.23076923077
4311.79487179487
4310.25641025641
4308.20512820513
4308.20512820513
4314.35897435897
4311.28205128205
4298.46153846154
4301.02564102564
4313.84615384615
4313.84615384615
4309.23076923077
4312.82051282051
4313.33333333333
4308.71794871795
4308.71794871795
4311.28205128205
4315.89743589744
4311.79487179487
4298.97435897436
4294.35897435897
4297.94871794872
4296.92307692308
4293.33333333333
4295.89743589744
4297.94871794872
4296.92307692308
4299.48717948718
4304.10256410256
4308.71794871795
4305.64102564103
4298.46153846154
4296.92307692308
4297.4358974359
4295.89743589744
4295.89743589744
4297.4358974359
4298.46153846154
4297.94871794872
4294.8717948718
4295.38461538462
4304.61538461538
4311.28205128205
4307.69230769231
4291.79487179487
4281.02564102564
4288.20512820513
4298.97435897436
4297.94871794872
4296.41025641026
4298.46153846154
4296.41025641026
4295.38461538462
4298.46153846154
4297.4358974359
4298.46153846154
4303.58974358974
4309.23076923077
4309.23076923077
4303.07692307692
4294.35897435897
4294.35897435897
4305.12820512821
4312.30769230769
4313.84615384615
4311.28205128205
4303.58974358974
4301.53846153846
4308.71794871795
4306.66666666667
4296.41025641026
4301.02564102564
4310.25641025641
4306.15384615385
4300.51282051282
4304.10256410256
4305.12820512821
4297.4358974359
4291.79487179487
4299.48717948718
4310.25641025641
4313.33333333333
4311.79487179487
4306.15384615385
4304.61538461538
4304.61538461538
4298.97435897436
4295.89743589744
4304.61538461538
4312.30769230769
4310.76923076923
4310.25641025641
4309.23076923077
4303.58974358974
4295.89743589744
4295.38461538462
4302.05128205128
4307.69230769231
4309.23076923077
4305.12820512821
4297.4358974359
4293.33333333333
4295.89743589744
4299.48717948718
4294.8717948718
4292.30769230769
4301.53846153846
4311.28205128205
4308.20512820513
4306.66666666667
4308.71794871795
4302.5641025641
4297.94871794872
4301.02564102564
4297.94871794872
4293.33333333333
4294.8717948718
4295.89743589744
4295.89743589744
4297.94871794872
4294.8717948718
4291.28205128205
4293.84615384615
4297.4358974359
4295.38461538462
4297.94871794872
4304.10256410256
4302.05128205128
4293.33333333333
4295.89743589744
4302.05128205128
4299.48717948718
4293.84615384615
4295.38461538462
4305.64102564103
4313.33333333333
4303.07692307692
4292.30769230769
4302.5641025641
4306.15384615385
4294.35897435897
4297.94871794872
4308.20512820513
4303.58974358974
4303.58974358974
4312.82051282051
4311.79487179487
4308.20512820513
4311.28205128205
4307.69230769231
4296.92307692308
4295.38461538462
4303.07692307692
4306.15384615385
4298.97435897436
4292.30769230769
4294.35897435897
4298.97435897436
4296.92307692308
4295.38461538462
4298.46153846154
4297.94871794872
4293.84615384615
4292.82051282051
4295.89743589744
4294.8717948718
4290.25641025641
4290.76923076923
4296.41025641026
4297.4358974359
4295.89743589744
4296.41025641026
4295.38461538462
4293.33333333333
4295.89743589744
4296.92307692308
4299.48717948718
4308.71794871795
4309.74358974359
4295.89743589744
4288.71794871795
4296.41025641026
4291.79487179487
4279.48717948718
4284.61538461538
4297.94871794872
4298.46153846154
4291.79487179487
4291.79487179487
4295.89743589744
4298.46153846154
4289.74358974359
4281.53846153846
4288.20512820513
4295.38461538462
4293.33333333333
4292.30769230769
4294.8717948718
4293.33333333333
4292.30769230769
4294.35897435897
4295.89743589744
4294.8717948718
4292.30769230769
4291.79487179487
4292.82051282051
4293.33333333333
4293.84615384615
4297.94871794872
4298.46153846154
4291.28205128205
4288.20512820513
4295.89743589744
4297.4358974359
4283.07692307692
4276.41025641026
4289.23076923077
4298.97435897436
4296.41025641026
4295.38461538462
4297.4358974359
4293.33333333333
4290.25641025641
4294.35897435897
4295.89743589744
4295.89743589744
4296.92307692308
4295.38461538462
4294.8717948718
4297.4358974359
4296.92307692308
4292.82051282051
4291.79487179487
4296.92307692308
4292.82051282051
4288.71794871795
4298.46153846154
4305.12820512821
4295.89743589744
4293.33333333333
4298.97435897436
4293.33333333333
4287.17948717949
4292.82051282051
4299.48717948718
4297.94871794872
4291.79487179487
4298.46153846154
4305.64102564103
4300.51282051282
4300.51282051282
4305.64102564103
4301.02564102564
4295.38461538462
4296.92307692308
4294.35897435897
4291.28205128205
4293.33333333333
4295.38461538462
4296.41025641026
4298.97435897436
4299.48717948718
4293.84615384615
4294.8717948718
4302.05128205128
4300
4291.79487179487
4297.94871794872
4309.23076923077
4302.05128205128
4294.8717948718
4303.07692307692
4307.69230769231
4302.5641025641
4303.07692307692
4302.5641025641
4294.35897435897
4292.30769230769
4295.38461538462
4297.4358974359
4301.53846153846
4301.53846153846
4297.4358974359
4300
4305.64102564103
4309.74358974359
4310.25641025641
4310.76923076923
4318.97435897436
4326.66666666667
4324.61538461538
4320
4322.05128205128
4324.61538461538
4323.58974358974
4325.64102564103
4328.71794871795
4327.69230769231
4322.05128205128
4323.58974358974
4326.15384615385
4322.05128205128
4315.89743589744
4316.41025641026
4319.48717948718
4314.35897435897
4307.69230769231
4309.74358974359
4310.25641025641
4306.66666666667
4308.20512820513
4308.71794871795
4307.17948717949
4309.23076923077
4312.82051282051
4313.33333333333
4305.64102564103
4297.94871794872
4302.05128205128
4305.64102564103
4298.97435897436
4294.8717948718
4297.4358974359
4297.4358974359
4295.38461538462
4295.89743589744
4303.58974358974
4306.15384615385
4298.97435897436
4298.46153846154
4302.05128205128
4297.94871794872
4295.89743589744
4302.05128205128
4308.20512820513
4308.20512820513
4305.64102564103
4306.15384615385
4308.71794871795
4308.71794871795
4307.17948717949
4301.53846153846
4296.41025641026
4298.97435897436
4299.48717948718
4296.92307692308
4297.94871794872
4297.94871794872
4303.07692307692
4315.89743589744
4315.38461538462
4301.02564102564
4294.35897435897
4295.38461538462
4299.48717948718
4307.17948717949
4307.69230769231
4298.46153846154
4296.41025641026
4306.15384615385
4312.30769230769
4307.69230769231
4300
4295.38461538462
4296.41025641026
4297.4358974359
4296.41025641026
4295.89743589744
4294.8717948718
4294.8717948718
4301.53846153846
4305.12820512821
4298.97435897436
4294.35897435897
4294.35897435897
4291.79487179487
4290.76923076923
4291.79487179487
4290.25641025641
4292.30769230769
4295.89743589744
4296.92307692308
4296.92307692308
4295.89743589744
4296.92307692308
4303.58974358974
4306.66666666667
4301.02564102564
4297.4358974359
4297.94871794872
4295.89743589744
4294.35897435897
4295.89743589744
4297.94871794872
4297.94871794872
4297.94871794872
4302.05128205128
4304.61538461538
4298.97435897436
4294.8717948718
4296.41025641026
4294.35897435897
4291.79487179487
4299.48717948718
4305.64102564103
4300
4295.38461538462
4295.89743589744
4293.84615384615
4292.82051282051
4296.41025641026
4296.41025641026
4294.8717948718
4297.4358974359
4298.97435897436
4293.84615384615
4291.79487179487
4298.97435897436
4304.10256410256
4304.61538461538
4309.74358974359
4312.82051282051
4313.33333333333
4315.89743589744
4316.41025641026
4312.82051282051
4310.76923076923
4310.25641025641
4312.30769230769
4319.48717948718
4320
4313.84615384615
4310.25641025641
4310.76923076923
4311.28205128205
4313.33333333333
4315.89743589744
4313.84615384615
4314.35897435897
4317.94871794872
4314.35897435897
4310.25641025641
4312.82051282051
4310.25641025641
4306.15384615385
4310.76923076923
4305.64102564103
4295.89743589744
4304.61538461538
4312.82051282051
4303.07692307692
4295.89743589744
4300.51282051282
4298.46153846154
4294.35897435897
4300
4306.15384615385
4305.64102564103
4309.23076923077
4315.38461538462
4313.84615384615
4309.74358974359
4305.12820512821
4296.41025641026
4297.94871794872
4310.76923076923
4315.89743589744
4311.28205128205
4307.69230769231
4309.74358974359
4314.35897435897
4309.74358974359
4301.53846153846
4305.12820512821
4311.79487179487
4309.74358974359
4309.74358974359
4313.84615384615
4311.79487179487
4310.76923076923
4313.84615384615
4311.28205128205
4307.69230769231
4310.76923076923
4309.74358974359
4305.12820512821
4307.69230769231
4311.28205128205
4309.74358974359
4309.74358974359
4309.23076923077
4306.15384615385
4308.71794871795
4306.15384615385
4296.41025641026
4296.41025641026
4303.58974358974
4306.66666666667
4308.71794871795
4310.25641025641
4310.25641025641
4310.76923076923
4310.25641025641
4309.23076923077
4310.25641025641
4309.74358974359
4309.74358974359
4311.28205128205
4310.25641025641
4305.64102564103
4303.58974358974
4306.66666666667
4303.07692307692
4296.41025641026
4300.51282051282
4309.23076923077
4309.74358974359
4304.10256410256
4296.41025641026
4296.92307692308
4305.64102564103
4310.76923076923
4309.74358974359
4309.74358974359
4308.20512820513
4311.79487179487
4316.41025641026
4314.8717948718
4314.35897435897
4314.8717948718
4314.35897435897
4312.82051282051
4308.20512820513
4308.71794871795
4311.28205128205
4306.66666666667
4302.5641025641
4310.76923076923
4315.89743589744
4312.30769230769
4310.76923076923
4308.71794871795
4305.12820512821
4307.17948717949
4309.23076923077
4307.17948717949
4306.66666666667
4309.23076923077
4308.20512820513
4308.71794871795
4309.74358974359
4303.58974358974
4301.53846153846
4307.69230769231
4308.20512820513
4306.15384615385
4308.71794871795
4306.66666666667
4299.48717948718
4300.51282051282
4307.17948717949
4304.61538461538
4293.84615384615
4293.33333333333
4303.58974358974
4310.25641025641
4310.76923076923
4305.64102564103
4297.4358974359
4300.51282051282
4307.69230769231
