4475.38461538462
4475.89743589744
4472.30769230769
4472.30769230769
4485.12820512821
4498.46153846154
4504.61538461538
4512.30769230769
4521.02564102564
4530.25641025641
4538.46153846154
4535.89743589744
4531.28205128205
4537.4358974359
4543.07692307692
4539.48717948718
4535.38461538462
4527.69230769231
4517.94871794872
4516.92307692308
4520.51282051282
4517.4358974359
4508.20512820513
4503.07692307692
4505.12820512821
4503.07692307692
4502.05128205128
4505.64102564103
4501.53846153846
4492.82051282051
4493.33333333333
4495.38461538462
4491.28205128205
4487.69230769231
4490.76923076923
4491.79487179487
4483.07692307692
4473.84615384615
4471.28205128205
4472.30769230769
4473.84615384615
4480
4481.02564102564
4474.35897435897
4481.02564102564
4488.71794871795
4482.5641025641
4479.48717948718
4489.74358974359
4490.76923076923
4479.48717948718
4476.41025641026
4478.46153846154
4476.41025641026
4474.35897435897
4475.89743589744
4475.38461538462
4474.8717948718
4475.89743589744
4472.82051282051
4473.33333333333
4472.30769230769
4462.05128205128
4456.92307692308
4463.58974358974
4464.10256410256
4460.51282051282
4463.58974358974
4462.05128205128
4462.05128205128
4469.23076923077
4467.69230769231
4457.4358974359
4456.92307692308
4463.07692307692
4462.05128205128
4460.51282051282
4463.07692307692
4455.38461538462
4445.64102564103
4454.8717948718
4465.12820512821
4454.35897435897
4443.58974358974
4444.61538461538
4443.58974358974
4439.48717948718
4443.07692307692
4454.35897435897
4454.8717948718
4442.05128205128
4438.46153846154
4444.10256410256
4443.58974358974
4441.53846153846
4443.58974358974
4450.25641025641
4460
4458.97435897436
4451.28205128205
4450.76923076923
4452.30769230769
4448.20512820513
4443.58974358974
4443.07692307692
4451.28205128205
4460.51282051282
4460.51282051282
4458.46153846154
4460
4452.30769230769
4445.12820512821
4453.84615384615
4461.53846153846
4458.97435897436
4457.94871794872
4457.94871794872
4456.41025641026
4455.89743589744
4453.33333333333
4450.76923076923
4458.97435897436
4461.53846153846
4452.30769230769
4451.28205128205
4452.82051282051
4449.74358974359
4452.82051282051
4457.4358974359
4457.4358974359
4459.48717948718
4462.5641025641
4461.53846153846
4454.8717948718
4443.58974358974
4448.20512820513
4463.07692307692
4460.51282051282
4454.8717948718
4457.94871794872
4454.8717948718
4452.82051282051
4460
4462.05128205128
4458.97435897436
4458.46153846154
4462.05128205128
4460
4453.33333333333
4454.8717948718
4460.51282051282
4456.92307692308
4455.38461538462
4461.02564102564
4461.02564102564
4458.97435897436
4462.05128205128
4462.05128205128
4459.48717948718
4457.94871794872
4459.48717948718
4457.4358974359
4446.15384615385
4443.58974358974
4453.33333333333
4458.97435897436
4457.4358974359
4459.48717948718
4461.02564102564
4460
4460.51282051282
4457.4358974359
4456.41025641026
4460
4458.46153846154
4456.92307692308
4458.46153846154
4462.05128205128
4467.69230769231
4472.82051282051
4472.82051282051
4471.79487179487
4474.35897435897
4476.92307692308
4480
4475.38461538462
4463.58974358974
4458.97435897436
4458.97435897436
4463.07692307692
4470.76923076923
4474.8717948718
4473.84615384615
4473.33333333333
4466.15384615385
4459.48717948718
4468.71794871795
4476.41025641026
4467.69230769231
4462.5641025641
4472.82051282051
4472.30769230769
4464.10256410256
4469.23076923077
4472.30769230769
4462.05128205128
4458.97435897436
4464.10256410256
4459.48717948718
4461.02564102564
4474.8717948718
4472.82051282051
4462.5641025641
4466.15384615385
4470.25641025641
4460.51282051282
4459.48717948718
4470.25641025641
4474.8717948718
4472.30769230769
4471.28205128205
4474.35897435897
4474.35897435897
4472.82051282051
4475.38461538462
4476.92307692308
4475.38461538462
4475.38461538462
4473.33333333333
4462.05128205128
4460
4472.82051282051
4478.46153846154
4474.35897435897
4475.38461538462
4476.92307692308
4470.25641025641
4473.33333333333
4478.97435897436
4467.17948717949
4458.46153846154
4470.25641025641
4477.4358974359
4465.64102564103
4456.92307692308
4456.92307692308
4460
4464.10256410256
4463.07692307692
4461.02564102564
4457.94871794872
4448.71794871795
4444.10256410256
4453.84615384615
4461.53846153846
4458.97435897436
4458.97435897436
4460
4461.02564102564
4463.58974358974
4460
4456.92307692308
4459.48717948718
4459.48717948718
4457.4358974359
4461.02564102564
4460.51282051282
4453.84615384615
4455.89743589744
4460
4456.92307692308
4454.35897435897
4456.41025641026
4455.89743589744
4456.92307692308
4459.48717948718
4457.94871794872
4455.89743589744
4455.38461538462
4456.92307692308
4457.94871794872
4457.94871794872
4463.07692307692
4467.17948717949
4464.61538461538
4461.02564102564
4461.53846153846
4460
4455.89743589744
4454.35897435897
4456.92307692308
4460.51282051282
4460.51282051282
4461.02564102564
4460
4461.02564102564
4470.25641025641
4477.94871794872
4474.8717948718
4466.15384615385
4462.5641025641
4466.15384615385
4468.20512820513
4462.5641025641
4458.46153846154
4460.51282051282
4458.46153846154
4460
4471.28205128205
4476.41025641026
4472.82051282051
4472.82051282051
4473.84615384615
4471.28205128205
4470.76923076923
4471.28205128205
4470.25641025641
4473.33333333333
4476.92307692308
4470.25641025641
4459.48717948718
4461.02564102564
4472.82051282051
4475.38461538462
4466.15384615385
4458.97435897436
4464.10256410256
4474.8717948718
4473.84615384615
4464.10256410256
4462.05128205128
4463.58974358974
4458.46153846154
4455.38461538462
4457.4358974359
4458.97435897436
4458.97435897436
4458.97435897436
4457.94871794872
4455.38461538462
4457.4358974359
4461.02564102564
4458.46153846154
4455.89743589744
4460
4461.02564102564
4458.46153846154
4457.4358974359
4457.4358974359
4465.12820512821
4471.79487179487
4470.76923076923
4471.28205128205
4473.33333333333
4470.25641025641
4471.28205128205
4471.79487179487
4466.15384615385
4468.71794871795
4473.84615384615
4473.33333333333
4473.33333333333
4473.84615384615
4476.41025641026
4487.69230769231
4499.48717948718
4504.10256410256
4512.30769230769
4523.58974358974
4522.5641025641
4508.71794871795
4501.53846153846
4507.17948717949
4506.66666666667
4495.38461538462
4487.69230769231
4491.79487179487
4492.30769230769
4485.64102564103
4486.15384615385
4491.79487179487
4485.12820512821
4472.82051282051
4469.23076923077
4473.33333333333
4476.41025641026
4475.38461538462
4473.33333333333
4473.33333333333
4467.17948717949
4452.82051282051
4441.02564102564
4435.89743589744
4437.4358974359
4438.97435897436
4434.8717948718
4436.41025641026
4444.10256410256
4446.66666666667
4443.58974358974
4444.61538461538
4444.10256410256
4443.58974358974
4443.07692307692
4436.92307692308
4434.35897435897
4439.48717948718
4445.12820512821
4441.02564102564
4430.25641025641
4424.10256410256
4429.74358974359
4430.76923076923
4427.69230769231
4436.92307692308
4443.58974358974
4433.84615384615
4425.64102564103
4425.12820512821
4424.10256410256
4431.28205128205
4441.02564102564
4432.82051282051
4424.10256410256
4442.5641025641
4471.79487179487
4482.5641025641
4480
4477.94871794872
4465.64102564103
4435.89743589744
4423.58974358974
4436.41025641026
4440.51282051282
4435.38461538462
4438.46153846154
4444.61538461538
4442.5641025641
4441.02564102564
4443.07692307692
4444.61538461538
4447.69230769231
4446.66666666667
4438.97435897436
4440.51282051282
4458.46153846154
4460
4450.76923076923
4464.10256410256
4478.97435897436
4473.33333333333
4469.23076923077
4474.8717948718
4475.89743589744
4476.41025641026
4476.92307692308
4476.92307692308
4477.94871794872
4474.35897435897
4471.79487179487
4475.89743589744
4477.94871794872
4476.92307692308
4478.97435897436
4481.53846153846
4476.92307692308
4471.79487179487
4472.30769230769
4476.41025641026
4477.94871794872
4475.38461538462
4473.33333333333
4475.38461538462
4478.46153846154
4475.38461538462
4467.17948717949
4466.15384615385
4473.33333333333
4477.4358974359
4475.89743589744
4474.8717948718
4476.41025641026
4476.92307692308
4468.71794871795
4463.07692307692
4470.76923076923
4474.8717948718
4471.28205128205
4473.33333333333
4477.94871794872
4473.33333333333
4468.71794871795
4469.74358974359
4471.28205128205
4472.30769230769
4476.41025641026
4476.41025641026
4476.92307692308
4474.35897435897
4462.5641025641
4464.10256410256
4476.41025641026
4466.66666666667
4443.07692307692
4439.48717948718
4445.12820512821
4444.10256410256
4445.64102564103
4448.20512820513
4448.71794871795
4444.61538461538
4445.12820512821
4455.38461538462
4458.46153846154
4450.76923076923
4445.64102564103
4442.5641025641
4445.64102564103
4457.94871794872
4458.97435897436
4446.15384615385
4440
4448.71794871795
4456.92307692308
4450.76923076923
4439.48717948718
4444.10256410256
4459.48717948718
4466.66666666667
4460
4444.61538461538
4450.76923076923
4477.94871794872
4475.89743589744
4450.76923076923
4442.5641025641
4447.17948717949
4447.17948717949
4451.28205128205
4457.94871794872
4458.97435897436
4456.92307692308
4449.74358974359
4451.28205128205
4457.4358974359
4455.38461538462
4469.74358974359
4492.82051282051
4481.53846153846
4448.71794871795
4444.61538461538
4456.41025641026
4456.92307692308
4454.8717948718
4453.84615384615
4448.71794871795
4442.05128205128
4447.69230769231
4457.94871794872
4457.94871794872
4452.30769230769
4458.46153846154
4478.46153846154
4491.28205128205
4496.41025641026
4501.02564102564
4488.20512820513
4463.07692307692
4447.69230769231
4442.5641025641
4446.66666666667
4458.97435897436
4462.5641025641
4456.41025641026
4449.23076923077
4444.10256410256
4445.12820512821
4447.69230769231
4444.61538461538
4453.33333333333
4476.41025641026
4489.74358974359
4488.71794871795
4489.23076923077
4491.28205128205
4489.74358974359
4488.20512820513
4485.12820512821
4477.94871794872
4476.92307692308
4479.48717948718
4475.89743589744
4471.79487179487
4471.79487179487
4473.84615384615
4476.41025641026
4474.8717948718
4481.53846153846
4489.74358974359
4482.5641025641
4480.51282051282
4491.28205128205
4485.12820512821
4469.23076923077
4478.97435897436
4491.28205128205
4481.53846153846
4471.28205128205
4480.51282051282
4489.74358974359
4478.97435897436
4474.35897435897
4488.20512820513
4490.25641025641
4476.92307692308
4476.41025641026
4480.51282051282
4475.38461538462
4474.8717948718
4478.97435897436
4477.94871794872
4477.94871794872
4478.46153846154
4475.38461538462
4482.5641025641
4491.79487179487
4483.07692307692
4471.79487179487
4474.35897435897
4476.41025641026
4472.82051282051
4476.41025641026
4479.48717948718
4475.38461538462
4478.97435897436
4487.69230769231
4491.28205128205
4488.20512820513
4481.02564102564
4476.92307692308
4479.48717948718
4476.41025641026
4467.17948717949
4469.74358974359
4477.4358974359
4478.97435897436
4478.46153846154
4475.38461538462
4471.79487179487
4471.79487179487
4473.33333333333
4472.82051282051
4474.8717948718
4477.94871794872
4476.92307692308
4476.41025641026
4469.23076923077
4462.5641025641
4467.69230769231
4474.35897435897
4474.35897435897
4470.25641025641
4464.10256410256
4461.02564102564
4464.61538461538
4469.74358974359
4473.84615384615
4470.25641025641
4462.5641025641
4467.69230769231
4474.35897435897
4471.28205128205
4471.79487179487
4476.41025641026
4476.41025641026
4475.38461538462
4473.84615384615
4473.33333333333
4474.8717948718
4477.4358974359
4478.46153846154
4476.41025641026
4477.4358974359
4471.79487179487
4461.53846153846
4466.66666666667
4475.89743589744
4473.33333333333
4470.25641025641
4474.35897435897
4471.28205128205
4470.25641025641
4473.33333333333
4471.28205128205
4471.28205128205
4478.97435897436
4477.4358974359
4463.07692307692
4461.53846153846
4472.30769230769
4476.92307692308
4474.8717948718
4472.82051282051
4470.76923076923
4474.35897435897
4472.82051282051
4462.05128205128
4463.58974358974
4472.30769230769
4474.8717948718
4472.30769230769
4466.66666666667
4458.97435897436
4462.05128205128
4471.28205128205
4465.12820512821
4456.92307692308
4466.15384615385
4474.8717948718
4465.64102564103
4457.94871794872
4461.02564102564
4461.02564102564
4458.97435897436
4456.41025641026
4460.51282051282
4470.25641025641
4470.25641025641
4460.51282051282
4459.48717948718
4467.17948717949
4465.64102564103
4458.97435897436
4457.4358974359
4463.58974358974
4474.35897435897
4476.41025641026
4459.48717948718
4439.48717948718
4440
4445.12820512821
4443.58974358974
4444.10256410256
4447.17948717949
4446.66666666667
4446.66666666667
4447.17948717949
4439.48717948718
4434.35897435897
4444.61538461538
4448.71794871795
4438.46153846154
4443.58974358974
4461.02564102564
4458.46153846154
4447.17948717949
4454.35897435897
4458.97435897436
4453.84615384615
4473.84615384615
4497.4358974359
4476.92307692308
4454.35897435897
4467.17948717949
4478.46153846154
4480
4489.74358974359
4494.8717948718
4495.38461538462
4504.61538461538
4513.33333333333
4504.10256410256
4489.23076923077
4495.89743589744
4513.33333333333
4517.94871794872
4508.20512820513
4489.23076923077
4468.20512820513
4458.97435897436
4456.41025641026
4454.8717948718
4457.94871794872
4455.38461538462
4447.17948717949
4444.61538461538
4450.25641025641
4458.46153846154
4462.5641025641
4458.97435897436
4448.20512820513
4444.10256410256
4445.64102564103
4438.97435897436
4442.5641025641
4464.10256410256
4466.66666666667
4447.17948717949
4443.07692307692
4449.23076923077
4447.69230769231
4446.66666666667
4443.07692307692
4448.20512820513
4475.38461538462
4483.58974358974
4456.92307692308
4440.51282051282
4446.15384615385
4446.66666666667
4447.69230769231
4454.35897435897
4456.92307692308
4458.97435897436
4457.4358974359
4459.48717948718
4479.48717948718
4495.38461538462
4494.8717948718
4490.25641025641
4478.46153846154
4459.48717948718
4447.17948717949
4442.5641025641
4441.02564102564
4443.58974358974
4444.61538461538
4445.64102564103
4448.20512820513
4447.17948717949
4447.17948717949
4447.69230769231
4444.61538461538
4443.58974358974
4452.82051282051
4460.51282051282
4460
4457.4358974359
4453.84615384615
4451.28205128205
4450.25641025641
4452.82051282051
4456.41025641026
4457.4358974359
4462.5641025641
4483.58974358974
4506.15384615385
4511.79487179487
4503.07692307692
4481.53846153846
4461.02564102564
4456.92307692308
4460.51282051282
4461.02564102564
4459.48717948718
4455.89743589744
4453.33333333333
4454.8717948718
4460.51282051282
4463.07692307692
4460
4458.46153846154
4460
4458.46153846154
4457.94871794872
4461.02564102564
4461.02564102564
4458.46153846154
4458.46153846154
4456.41025641026
4469.23076923077
4489.23076923077
4481.53846153846
4467.17948717949
4480
4494.8717948718
4490.25641025641
4487.17948717949
4490.76923076923
4491.28205128205
4493.33333333333
4489.23076923077
4482.5641025641
4484.10256410256
4490.25641025641
4489.74358974359
4485.64102564103
4489.74358974359
4489.23076923077
4481.02564102564
4484.10256410256
4492.82051282051
4494.8717948718
4490.25641025641
4481.53846153846
4475.89743589744
4476.41025641026
4475.89743589744
4478.97435897436
4490.25641025641
4492.30769230769
4488.71794871795
4490.25641025641
4491.28205128205
4486.15384615385
4478.46153846154
4478.97435897436
4488.71794871795
4490.76923076923
4489.23076923077
4489.74358974359
4482.05128205128
4472.30769230769
4474.35897435897
4482.05128205128
4488.20512820513
4490.25641025641
4487.69230769231
4488.71794871795
4490.25641025641
4482.5641025641
4476.92307692308
4477.94871794872
4476.92307692308
4469.74358974359
4469.23076923077
4473.84615384615
4471.79487179487
4468.71794871795
4474.35897435897
4479.48717948718
4474.8717948718
4473.84615384615
4478.46153846154
4475.89743589744
4472.30769230769
4474.35897435897
4475.38461538462
4475.89743589744
4478.97435897436
4477.4358974359
4472.30769230769
4470.76923076923
4471.79487179487
4471.79487179487
4474.35897435897
4471.28205128205
4460.51282051282
4461.53846153846
4472.82051282051
4475.38461538462
4471.28205128205
4472.30769230769
4474.8717948718
4477.94871794872
4478.46153846154
4476.41025641026
4475.89743589744
4474.8717948718
4473.33333333333
4474.8717948718
4476.41025641026
4473.84615384615
4471.79487179487
4476.92307692308
4485.12820512821
4493.33333333333
4502.5641025641
4511.28205128205
4518.97435897436
4523.58974358974
4525.64102564103
4528.20512820513
4528.71794871795
4525.12820512821
4523.58974358974
4519.48717948718
4510.76923076923
4508.71794871795
4509.23076923077
4505.64102564103
4497.94871794872
4489.74358974359
4488.71794871795
4495.89743589744
4494.8717948718
4489.23076923077
4491.79487179487
4494.35897435897
4491.28205128205
4489.23076923077
4490.25641025641
4490.76923076923
4491.28205128205
4485.64102564103
4480
4487.17948717949
4488.20512820513
4476.92307692308
4472.30769230769
4475.89743589744
4477.4358974359
4476.92307692308
4472.82051282051
4473.84615384615
4487.17948717949
4492.30769230769
4482.05128205128
4472.30769230769
4476.41025641026
4488.71794871795
4490.25641025641
4480
4474.35897435897
4476.41025641026
4475.38461538462
4474.35897435897
4476.92307692308
4476.92307692308
4478.97435897436
4481.02564102564
4472.30769230769
4469.23076923077
4477.4358974359
4479.48717948718
4481.02564102564
4483.07692307692
4477.4358974359
4474.35897435897
4478.97435897436
4477.94871794872
4478.46153846154
4481.53846153846
4475.89743589744
4472.82051282051
4474.35897435897
4474.8717948718
4473.84615384615
4473.84615384615
4483.07692307692
4491.28205128205
4484.61538461538
4475.38461538462
4478.97435897436
4481.53846153846
4476.92307692308
4474.8717948718
4475.89743589744
4475.38461538462
4474.8717948718
4474.8717948718
4475.38461538462
4472.82051282051
4474.35897435897
4486.15384615385
4488.20512820513
4477.94871794872
4472.30769230769
4474.35897435897
4475.89743589744
4477.4358974359
4480.51282051282
4477.94871794872
4472.82051282051
4473.33333333333
4480.51282051282
4479.48717948718
4471.28205128205
4473.33333333333
4476.41025641026
4475.38461538462
4476.41025641026
4478.46153846154
4477.94871794872
4477.94871794872
4476.41025641026
4476.92307692308
4485.12820512821
4483.07692307692
4477.94871794872
4486.66666666667
4486.15384615385
4473.84615384615
4472.82051282051
4480
4480.51282051282
4478.97435897436
4477.4358974359
4476.41025641026
4474.35897435897
4479.48717948718
4491.28205128205
4487.69230769231
4474.8717948718
4473.84615384615
4477.4358974359
4483.07692307692
4489.23076923077
4483.07692307692
4474.35897435897
4474.35897435897
4479.48717948718
4481.02564102564
4478.46153846154
4482.05128205128
4486.66666666667
4482.05128205128
4483.58974358974
4489.74358974359
4485.64102564103
4484.61538461538
4490.25641025641
4481.02564102564
4472.82051282051
4483.07692307692
4491.28205128205
4483.58974358974
4472.82051282051
4470.76923076923
4472.82051282051
4475.89743589744
4478.46153846154
4477.4358974359
4475.38461538462
4473.84615384615
4472.82051282051
4473.33333333333
4475.89743589744
4477.4358974359
4474.8717948718
4470.76923076923
4471.79487179487
4476.92307692308
4479.48717948718
4478.46153846154
4474.35897435897
4472.82051282051
4474.35897435897
4474.35897435897
4475.38461538462
4476.92307692308
4473.33333333333
4470.25641025641
4473.33333333333
4475.89743589744
4475.38461538462
4472.30769230769
4471.28205128205
4476.41025641026
4472.82051282051
4459.48717948718
4455.38461538462
4460
4458.97435897436
4459.48717948718
4469.23076923077
4475.89743589744
4475.89743589744
4474.35897435897
4473.33333333333
4474.8717948718
4476.41025641026
4476.41025641026
4474.8717948718
4474.35897435897
4473.33333333333
4474.35897435897
4477.4358974359
4476.92307692308
4474.8717948718
4474.8717948718
4474.35897435897
4473.84615384615
4473.84615384615
4475.89743589744
4476.41025641026
4472.82051282051
4473.84615384615
4474.35897435897
4463.07692307692
4461.02564102564
4472.30769230769
4473.84615384615
4468.71794871795
4473.33333333333
4476.92307692308
4472.30769230769
4474.8717948718
4485.12820512821
4491.79487179487
4491.28205128205
4495.89743589744
4504.10256410256
4508.71794871795
4515.89743589744
4525.12820512821
4524.61538461538
4522.5641025641
4520.51282051282
4510.76923076923
4504.61538461538
4504.61538461538
4497.94871794872
4487.69230769231
4486.66666666667
4487.69230769231
4480
4472.30769230769
4473.84615384615
4480
4480.51282051282
4476.92307692308
4474.35897435897
4472.82051282051
4471.28205128205
4472.82051282051
4476.41025641026
4470.25641025641
4457.94871794872
4457.94871794872
4463.58974358974
4458.46153846154
4461.02564102564
4472.30769230769
4468.20512820513
4459.48717948718
4461.53846153846
4462.05128205128
4458.46153846154
4460.51282051282
4463.58974358974
4462.5641025641
4461.02564102564
4460.51282051282
4462.5641025641
4457.94871794872
4441.53846153846
4428.20512820513
4424.61538461538
4424.61538461538
4426.66666666667
4428.71794871795
4427.17948717949
4427.17948717949
4429.74358974359
4429.74358974359
4428.71794871795
4429.23076923077
4427.69230769231
4428.20512820513
4430.76923076923
4427.17948717949
4428.71794871795
4440.51282051282
4435.89743589744
4429.74358974359
4451.79487179487
4462.5641025641
4440
4424.10256410256
4427.17948717949
4427.17948717949
4431.28205128205
4438.97435897436
4442.5641025641
4456.41025641026
4477.94871794872
4489.23076923077
4474.35897435897
4449.23076923077
4440
4439.48717948718
4432.82051282051
4426.66666666667
4430.25641025641
4430.76923076923
4428.20512820513
4433.33333333333
4442.05128205128
4440
4430.25641025641
4427.69230769231
4428.71794871795
4428.20512820513
4433.33333333333
4435.89743589744
4438.97435897436
4464.10256410256
4486.66666666667
4470.25641025641
4443.58974358974
4443.07692307692
4447.69230769231
4446.66666666667
4448.20512820513
4443.07692307692
4436.41025641026
4445.12820512821
4453.33333333333
4444.61538461538
