P8
4179.48717948718
4169.74358974359
4154.35897435897
4146.15384615385
4165.12820512821
4207.17948717949
4224.10256410256
4217.4358974359
4231.28205128205
4253.33333333333
4249.23076923077
4244.10256410256
4270.76923076923
4289.23076923077
4268.71794871795
4256.41025641026
4271.79487179487
4252.82051282051
4211.28205128205
4225.12820512821
4247.17948717949
4206.66666666667
4172.30769230769
4204.61538461538
4217.94871794872
4175.38461538462
4154.8717948718
4168.20512820513
4163.58974358974
4143.58974358974
4146.66666666667
4157.4358974359
4144.10256410256
4129.74358974359
4132.30769230769
4141.53846153846
4139.48717948718
4127.69230769231
4117.4358974359
4120.51282051282
4120.51282051282
4114.8717948718
4138.46153846154
4146.15384615385
4126.15384615385
4137.94871794872
4148.71794871795
4132.82051282051
4127.17948717949
4124.61538461538
4121.53846153846
4134.8717948718
4133.33333333333
4116.92307692308
4133.33333333333
4163.07692307692
4156.92307692308
4130.25641025641
4114.35897435897
4125.64102564103
4143.07692307692
4133.33333333333
4104.10256410256
4099.48717948718
4120.51282051282
4127.17948717949
4121.53846153846
4120
4111.28205128205
4100.51282051282
4110.76923076923
4128.20512820513
4114.8717948718
4094.35897435898
4101.02564102564
4109.23076923077
4108.20512820513
4117.4358974359
4120.51282051282
4106.66666666667
4095.38461538462
4084.10256410256
4086.66666666667
4107.69230769231
4104.61538461538
4079.48717948718
4078.46153846154
4090.25641025641
4089.74358974359
4097.94871794872
4110.76923076923
4103.07692307692
4092.30769230769
4096.41025641026
4100.51282051282
4098.97435897436
4103.07692307692
4108.20512820513
4118.46153846154
4138.46153846154
4138.46153846154
4112.30769230769
4102.5641025641
4107.17948717949
4105.64102564103
4115.38461538462
4127.69230769231
4131.28205128205
4140.51282051282
4134.35897435897
4111.79487179487
4120.51282051282
4135.89743589744
4130.25641025641
4131.28205128205
4134.35897435897
4118.46153846154
4113.33333333333
4133.84615384615
4148.20512820513
4143.58974358974
4127.69230769231
4117.94871794872
4127.17948717949
4137.4358974359
4133.33333333333
4130.25641025641
4137.94871794872
4132.82051282051
4124.61538461538
4132.82051282051
4143.07692307692
4141.53846153846
4140
4138.97435897436
4132.30769230769
4122.05128205128
4120
4136.41025641026
4147.17948717949
4133.33333333333
4125.12820512821
4125.64102564103
4117.4358974359
4129.74358974359
4165.64102564103
4164.61538461538
4126.66666666667
4121.53846153846
4139.48717948718
4140
4140.51282051282
4129.74358974359
4109.23076923077
4127.17948717949
4158.97435897436
4152.30769230769
4129.74358974359
4133.33333333333
4150.76923076923
4159.48717948718
4155.38461538462
4141.53846153846
4125.12820512821
4121.02564102564
4136.92307692308
4144.10256410256
4136.41025641026
4135.38461538462
4134.35897435897
4129.23076923077
4133.84615384615
4143.58974358974
4141.53846153846
4138.97435897436
4141.02564102564
4132.30769230769
4141.02564102564
4166.66666666667
4159.48717948718
4140
4147.69230769231
4156.92307692308
4161.02564102564
4177.94871794872
4175.38461538462
4150.25641025641
4143.58974358974
4154.35897435897
4156.41025641026
4141.53846153846
4149.74358974359
4183.58974358974
4178.97435897436
4149.74358974359
4148.20512820513
4158.46153846154
4153.84615384615
4153.33333333333
4158.97435897436
4153.84615384615
4146.15384615385
4155.38461538462
4167.17948717949
4158.97435897436
4149.74358974359
4152.30769230769
4152.30769230769
4158.46153846154
4170.25641025641
4164.61538461538
4152.30769230769
4152.30769230769
4154.8717948718
4155.38461538462
4151.79487179487
4149.74358974359
4163.07692307692
4172.30769230769
4163.07692307692
4158.97435897436
4172.82051282051
4182.5641025641
4176.92307692308
4172.82051282051
4172.82051282051
4156.41025641026
4143.58974358974
4162.05128205128
4169.74358974359
4148.20512820513
4149.74358974359
4170.76923076923
4171.28205128205
4165.64102564103
4167.69230769231
4170.76923076923
4173.33333333333
4166.15384615385
4153.33333333333
4149.23076923077
4160
4172.30769230769
4159.48717948718
4140.51282051282
4151.79487179487
4174.35897435897
4173.84615384615
4165.12820512821
4161.53846153846
4146.66666666667
4130.25641025641
4147.69230769231
4168.71794871795
4159.48717948718
4146.66666666667
4151.79487179487
4158.46153846154
4170.76923076923
4174.8717948718
4151.28205128205
4138.46153846154
4138.97435897436
4135.89743589744
4149.74358974359
4169.74358974359
4161.53846153846
4135.89743589744
4135.89743589744
4160.51282051282
4166.15384615385
4143.58974358974
4140.51282051282
4169.23076923077
4176.41025641026
4152.30769230769
4137.94871794872
4149.74358974359
4167.17948717949
4171.79487179487
4170.25641025641
4163.58974358974
4146.66666666667
4150.76923076923
4185.64102564103
4195.38461538462
4169.74358974359
4155.89743589744
4145.64102564103
4141.02564102564
4161.02564102564
4177.94871794872
4170.25641025641
4150.25641025641
4142.05128205128
4165.64102564103
4195.89743589744
4190.76923076923
4166.66666666667
4162.5641025641
4173.33333333333
4174.35897435897
4164.61538461538
4161.02564102564
4160.51282051282
4153.84615384615
4151.79487179487
4151.79487179487
4164.10256410256
4182.5641025641
4177.4358974359
4161.02564102564
4152.82051282051
4151.28205128205
4160
4170.25641025641
4170.25641025641
4165.12820512821
4154.8717948718
4144.10256410256
4164.61538461538
4190.25641025641
4169.74358974359
4147.69230769231
4170.76923076923
4186.66666666667
4160
4146.66666666667
4169.74358974359
4189.23076923077
4182.5641025641
4151.28205128205
4134.35897435897
4162.5641025641
4180.51282051282
4160
4145.64102564103
4156.41025641026
4151.28205128205
4138.46153846154
4147.69230769231
4147.17948717949
4139.48717948718
4148.20512820513
4154.8717948718
4157.94871794872
4168.20512820513
4154.8717948718
4138.97435897436
4167.17948717949
4178.97435897436
4163.07692307692
4177.4358974359
4184.10256410256
4161.02564102564
4164.61538461538
4182.05128205128
4171.79487179487
4162.5641025641
4173.84615384615
4180
4188.71794871795
4207.17948717949
4217.94871794872
4235.89743589744
4268.71794871795
4278.46153846154
4262.5641025641
4264.61538461538
4271.28205128205
4258.46153846154
4251.28205128205
4247.17948717949
4237.4358974359
4231.28205128205
4227.17948717949
4207.69230769231
4194.35897435897
4207.69230769231
4215.38461538462
4206.66666666667
4187.17948717949
4163.58974358974
4160
4182.5641025641
4192.82051282051
4173.84615384615
4167.17948717949
4171.28205128205
4166.66666666667
4165.64102564103
4169.74358974359
4168.20512820513
4165.12820512821
4166.15384615385
4167.17948717949
4169.74358974359
4167.69230769231
4161.53846153846
4159.48717948718
4162.05128205128
4156.41025641026
4146.15384615385
4158.97435897436
4179.48717948718
4168.20512820513
4144.61538461538
4144.10256410256
4159.48717948718
4168.71794871795
4155.38461538462
4129.23076923077
4129.23076923077
4142.05128205128
4134.8717948718
4137.94871794872
4156.92307692308
4153.84615384615
4136.92307692308
4143.07692307692
4155.38461538462
4144.61538461538
4130.25641025641
4128.71794871795
4137.4358974359
4157.94871794872
4167.17948717949
4148.71794871795
4129.74358974359
4136.92307692308
4154.35897435897
4152.82051282051
4149.74358974359
4161.02564102564
4154.35897435897
4136.92307692308
4146.66666666667
4162.05128205128
4152.30769230769
4137.4358974359
4138.97435897436
4152.82051282051
4160
4148.71794871795
4143.58974358974
4156.92307692308
4160.51282051282
4150.25641025641
4149.74358974359
4156.41025641026
4143.58974358974
4130.76923076923
4151.79487179487
4172.30769230769
4161.53846153846
4155.89743589744
4171.79487179487
4177.94871794872
4162.05128205128
4151.28205128205
4153.33333333333
4152.30769230769
4143.07692307692
4145.64102564103
4158.46153846154
4146.15384615385
4132.82051282051
4150.25641025641
4157.4358974359
4138.46153846154
4136.41025641026
4155.38461538462
4168.20512820513
4174.8717948718
4161.53846153846
4132.82051282051
4139.48717948718
4161.02564102564
4157.4358974359
4151.28205128205
4155.38461538462
4155.38461538462
4158.97435897436
4163.58974358974
4150.25641025641
4135.38461538462
4133.84615384615
4140
4150.76923076923
4166.15384615385
4171.79487179487
4158.46153846154
4150.76923076923
4148.20512820513
4143.58974358974
4153.84615384615
4162.05128205128
4147.69230769231
4140
4152.82051282051
4152.82051282051
4143.07692307692
4141.53846153846
4151.79487179487
4167.69230769231
4163.07692307692
4142.5641025641
4143.07692307692
4153.84615384615
4153.33333333333
4156.92307692308
4167.17948717949
4163.58974358974
4154.8717948718
4153.33333333333
4153.33333333333
4152.82051282051
4152.30769230769
4151.28205128205
4156.41025641026
4162.05128205128
4152.30769230769
4137.4358974359
4137.4358974359
4139.48717948718
4138.46153846154
4158.97435897436
4174.8717948718
4165.12820512821
4159.48717948718
4158.46153846154
4148.71794871795
4147.17948717949
4154.35897435897
4156.92307692308
4156.92307692308
4147.17948717949
4142.05128205128
4163.58974358974
4182.05128205128
4161.53846153846
4131.79487179487
4140.51282051282
4170.76923076923
4168.71794871795
4138.46153846154
4127.17948717949
4152.30769230769
4171.28205128205
4163.07692307692
4150.25641025641
4144.10256410256
4141.02564102564
4148.20512820513
4157.94871794872
4149.74358974359
4141.02564102564
4148.20512820513
4160.51282051282
4167.17948717949
4162.05128205128
4156.92307692308
4151.28205128205
4153.33333333333
4174.35897435897
4168.20512820513
4131.28205128205
4138.97435897436
4176.92307692308
4166.66666666667
4137.4358974359
4129.23076923077
4140.51282051282
4168.71794871795
4172.82051282051
4141.02564102564
4128.71794871795
4147.17948717949
4153.33333333333
4141.53846153846
4134.35897435897
4143.07692307692
4154.35897435897
4158.97435897436
4154.8717948718
4140
4133.84615384615
4147.69230769231
4163.58974358974
4165.64102564103
4155.89743589744
4151.79487179487
4150.25641025641
4141.53846153846
4131.79487179487
4136.41025641026
4149.74358974359
4158.97435897436
4159.48717948718
4153.33333333333
4153.33333333333
4156.41025641026
4145.64102564103
4137.4358974359
4150.25641025641
4158.97435897436
4152.82051282051
4150.76923076923
4150.25641025641
4147.69230769231
4152.82051282051
4155.89743589744
4148.20512820513
4150.76923076923
4167.69230769231
4176.92307692308
4160
4136.41025641026
4136.92307692308
4151.28205128205
4165.64102564103
4170.25641025641
4154.8717948718
4135.89743589744
4139.48717948718
4150.76923076923
4156.41025641026
4165.64102564103
4163.07692307692
4137.94871794872
4131.28205128205
4161.02564102564
4170.76923076923
4149.23076923077
4155.89743589744
4174.35897435897
4163.58974358974
4159.48717948718
4173.84615384615
4165.64102564103
4155.89743589744
4168.71794871795
4176.92307692308
4168.20512820513
4156.41025641026
4155.89743589744
4157.4358974359
4141.53846153846
4128.20512820513
4144.61538461538
4169.74358974359
4167.69230769231
4149.23076923077
4148.20512820513
4164.10256410256
4159.48717948718
4134.8717948718
4135.38461538462
4153.33333333333
4153.33333333333
4149.23076923077
4153.33333333333
4151.28205128205
4143.58974358974
4133.33333333333
4137.94871794872
4152.30769230769
4145.64102564103
4135.89743589744
4148.71794871795
4167.17948717949
4166.15384615385
4158.46153846154
4155.38461538462
4156.92307692308
4158.46153846154
4153.84615384615
4154.35897435897
4163.58974358974
4183.58974358974
4184.10256410256
4157.4358974359
4155.89743589744
4170.76923076923
4158.46153846154
4144.61538461538
4155.38461538462
4151.79487179487
4135.89743589744
4149.74358974359
4173.33333333333
4170.25641025641
4156.41025641026
4152.82051282051
4152.30769230769
4154.8717948718
4154.35897435897
4151.79487179487
4164.10256410256
4175.38461538462
4162.05128205128
4149.74358974359
4155.89743589744
4154.35897435897
4151.79487179487
4166.66666666667
4172.30769230769
4155.38461538462
4150.25641025641
4154.35897435897
4141.02564102564
4146.66666666667
4182.5641025641
4186.66666666667
4156.92307692308
4153.33333333333
4171.28205128205
4171.28205128205
4156.92307692308
4149.23076923077
4159.48717948718
4167.69230769231
4166.66666666667
4171.28205128205
4161.02564102564
4146.66666666667
4164.61538461538
4174.35897435897
4150.76923076923
4151.79487179487
4172.82051282051
4161.53846153846
4146.66666666667
4159.48717948718
4169.23076923077
4171.79487179487
4180
4182.05128205128
4174.35897435897
4166.15384615385
4156.41025641026
4158.97435897436
4184.10256410256
4191.79487179487
4170.25641025641
4163.07692307692
4170.25641025641
4168.20512820513
4167.17948717949
4163.07692307692
4157.4358974359
4176.92307692308
4195.89743589744
4176.41025641026
4165.64102564103
4192.82051282051
4208.20512820513
4198.46153846154
4196.41025641026
4198.46153846154
4190.25641025641
4190.25641025641
4210.25641025641
4217.94871794872
4218.97435897436
4250.76923076923
4277.94871794872
4273.84615384615
4282.05128205128
4308.71794871795
4312.30769230769
4295.89743589744
4282.05128205128
4270.25641025641
4270.76923076923
4258.97435897436
4218.46153846154
4199.48717948718
4217.94871794872
4219.48717948718
4198.46153846154
4194.35897435897
4193.84615384615
4183.07692307692
4183.07692307692
4185.12820512821
4175.38461538462
4167.69230769231
4168.71794871795
4168.71794871795
4170.25641025641
4174.35897435897
4160.51282051282
4138.97435897436
4140
4152.82051282051
4164.10256410256
4167.17948717949
4158.97435897436
4157.4358974359
4165.64102564103
4171.28205128205
4173.33333333333
4165.64102564103
4164.61538461538
4179.48717948718
4180.51282051282
4167.17948717949
4165.12820512821
4178.46153846154
4184.10256410256
4177.4358974359
4177.94871794872
4176.41025641026
4171.28205128205
4182.5641025641
4182.5641025641
4149.23076923077
4149.23076923077
4176.41025641026
4170.76923076923
4166.66666666667
4173.33333333333
4155.89743589744
4143.07692307692
4162.5641025641
4177.94871794872
4171.79487179487
4165.64102564103
4172.82051282051
4178.97435897436
4163.07692307692
4153.84615384615
4167.69230769231
4173.33333333333
4173.84615384615
4181.02564102564
4177.4358974359
4170.76923076923
4168.20512820513
4159.48717948718
4166.15384615385
4191.28205128205
4189.74358974359
4170.76923076923
4163.58974358974
4169.23076923077
4171.28205128205
4157.4358974359
4153.33333333333
4169.23076923077
4178.46153846154
4180
4186.66666666667
4176.92307692308
4150.25641025641
4149.74358974359
4169.74358974359
4178.97435897436
4171.79487179487
4155.89743589744
4148.71794871795
4154.35897435897
4160.51282051282
4162.5641025641
4166.15384615385
4176.41025641026
4185.12820512821
4177.4358974359
4169.74358974359
4172.82051282051
4159.48717948718
4146.66666666667
4164.61538461538
4174.8717948718
4165.64102564103
4174.35897435897
4191.79487179487
4185.64102564103
4169.74358974359
4168.71794871795
4169.23076923077
4171.79487179487
4181.02564102564
4175.38461538462
4163.58974358974
4170.76923076923
4171.28205128205
4157.94871794872
4164.10256410256
4180.51282051282
4181.02564102564
4168.20512820513
4156.41025641026
4165.64102564103
4185.12820512821
4181.53846153846
4169.23076923077
4166.66666666667
4168.71794871795
4176.41025641026
4182.05128205128
4185.12820512821
4200.51282051282
4197.4358974359
4174.35897435897
4174.8717948718
4187.17948717949
4184.61538461538
4185.64102564103
4183.58974358974
4173.33333333333
4169.74358974359
4167.17948717949
4170.25641025641
4182.5641025641
4191.79487179487
4183.58974358974
4179.48717948718
4192.82051282051
4195.89743589744
4182.5641025641
4180.51282051282
4190.76923076923
4178.97435897436
4162.05128205128
4174.8717948718
4181.53846153846
4174.8717948718
4183.07692307692
4191.28205128205
4187.17948717949
4197.94871794872
4201.53846153846
4175.38461538462
4162.05128205128
4175.89743589744
4188.71794871795
4189.23076923077
4178.97435897436
4183.58974358974
4192.30769230769
4170.76923076923
4163.07692307692
4182.5641025641
4183.07692307692
4175.38461538462
4174.8717948718
4173.84615384615
4178.46153846154
4173.33333333333
4151.79487179487
4162.05128205128
4193.33333333333
4190.76923076923
4178.97435897436
4183.58974358974
4189.23076923077
4186.15384615385
4186.15384615385
4186.15384615385
4175.38461538462
4171.79487179487
4187.69230769231
4202.05128205128
4207.17948717949
4222.5641025641
4241.53846153846
4256.92307692308
4273.84615384615
4284.10256410256
4296.41025641026
4309.23076923077
4306.15384615385
4298.46153846154
4292.30769230769
4270.25641025641
4250.76923076923
4248.20512820513
4237.94871794872
4226.15384615385
4235.38461538462
4235.89743589744
4212.30769230769
4188.20512820513
4187.69230769231
4197.94871794872
4200.51282051282
4202.05128205128
4200
4184.61538461538
4173.33333333333
4182.5641025641
4198.97435897436
4194.8717948718
4172.82051282051
4163.07692307692
4168.71794871795
4169.74358974359
4168.20512820513
4170.25641025641
4172.82051282051
4167.69230769231
4156.41025641026
4166.15384615385
4189.74358974359
4187.69230769231
4179.48717948718
4188.71794871795
4182.5641025641
4170.76923076923
4180.51282051282
4185.12820512821
4187.69230769231
4189.74358974359
4174.8717948718
4167.17948717949
4186.15384615385
4192.30769230769
4175.89743589744
4164.61538461538
4167.17948717949
4180
4190.25641025641
4182.5641025641
4171.28205128205
4162.5641025641
4164.61538461538
4186.66666666667
4188.71794871795
4158.97435897436
4155.38461538462
4180.51282051282
4185.64102564103
4175.38461538462
4158.46153846154
4138.97435897436
4150.76923076923
4181.53846153846
4185.64102564103
4182.05128205128
4185.64102564103
4178.97435897436
4171.28205128205
4171.28205128205
4168.71794871795
4170.25641025641
4168.71794871795
4151.79487179487
4154.8717948718
4178.97435897436
4179.48717948718
4162.05128205128
4156.41025641026
4156.41025641026
4158.97435897436
4167.69230769231
4172.82051282051
4171.28205128205
4163.58974358974
4153.33333333333
4154.8717948718
4169.74358974359
4174.35897435897
4159.48717948718
4155.89743589744
4170.25641025641
4173.84615384615
4167.69230769231
4166.15384615385
4167.69230769231
4173.33333333333
4175.38461538462
4168.20512820513
4170.76923076923
4173.84615384615
4167.69230769231
4177.94871794872
4185.12820512821
4176.41025641026
4177.94871794872
4182.5641025641
4184.61538461538
4186.15384615385
4173.33333333333
4168.20512820513
4192.30769230769
4197.4358974359
4171.28205128205
4160
4175.38461538462
4181.02564102564
4171.79487179487
4181.02564102564
4189.23076923077
4165.12820512821
4152.82051282051
4179.48717948718
4195.89743589744
4173.33333333333
4152.82051282051
4165.64102564103
4194.35897435897
4193.33333333333
4167.17948717949
4166.66666666667
4187.17948717949
4192.82051282051
4181.02564102564
4174.35897435897
4184.61538461538
4194.35897435897
4184.10256410256
4162.5641025641
4164.61538461538
4180.51282051282
4175.38461538462
4169.74358974359
4171.79487179487
4156.41025641026
4147.69230769231
4169.74358974359
4176.41025641026
4158.46153846154
4151.79487179487
4149.74358974359
4153.84615384615
4169.23076923077
4166.66666666667
4147.69230769231
4147.69230769231
4163.58974358974
4156.41025641026
4148.20512820513
4168.20512820513
4180.51282051282
4170.76923076923
4166.15384615385
4160.51282051282
4149.23076923077
4156.41025641026
4162.5641025641
4154.8717948718
4151.79487179487
4158.97435897436
4167.69230769231
4171.28205128205
4173.33333333333
4170.25641025641
4158.97435897436
4150.76923076923
4147.17948717949
4153.33333333333
4168.20512820513
4156.41025641026
4136.41025641026
4152.82051282051
4166.15384615385
4156.41025641026
4159.48717948718
4172.30769230769
4176.92307692308
4173.84615384615
4169.74358974359
4169.74358974359
4171.28205128205
4176.92307692308
4182.5641025641
4173.84615384615
4164.10256410256
4176.92307692308
4177.4358974359
4157.94871794872
4162.5641025641
4187.69230769231
4189.74358974359
4169.74358974359
4165.64102564103
4167.69230769231
4163.58974358974
4175.89743589744
4179.48717948718
4154.35897435897
4148.20512820513
4172.30769230769
4173.84615384615
4161.53846153846
4174.35897435897
4204.61538461538
4219.48717948718
4213.84615384615
4221.02564102564
4249.23076923077
4251.28205128205
4248.20512820513
4279.48717948718
4296.92307692308
4283.07692307692
4273.84615384615
4260.51282051282
4243.58974358974
4247.69230769231
4240.51282051282
4206.66666666667
4191.28205128205
4201.53846153846
4206.66666666667
4191.79487179487
4184.10256410256
4186.15384615385
4174.8717948718
4166.66666666667
4171.79487179487
4169.23076923077
4164.61538461538
4172.82051282051
4166.15384615385
4150.25641025641
4152.82051282051
4156.41025641026
4152.82051282051
4153.84615384615
4151.79487179487
4149.74358974359
4163.58974358974
4166.66666666667
4149.23076923077
4144.10256410256
4155.38461538462
4166.15384615385
4167.17948717949
4158.46153846154
4154.35897435897
4154.8717948718
4144.10256410256
4133.84615384615
4140.51282051282
4152.30769230769
4157.4358974359
4155.89743589744
4150.25641025641
4136.41025641026
4132.30769230769
4160
4175.89743589744
4150.76923076923
4136.41025641026
4149.74358974359
4156.92307692308
4154.35897435897
4154.35897435897
4154.35897435897
4157.4358974359
4158.46153846154
4150.25641025641
4152.30769230769
4162.05128205128
4156.92307692308
4147.69230769231
4151.28205128205
4151.28205128205
4133.33333333333
4131.28205128205
4157.4358974359
4165.12820512821
4150.76923076923
4150.76923076923
4157.4358974359
4161.53846153846
4171.28205128205
4176.41025641026
4172.30769230769
4165.12820512821
4151.79487179487
4147.17948717949
4155.38461538462
4155.89743589744
4151.79487179487
4151.79487179487
4162.5641025641
4174.35897435897
4163.58974358974
4148.20512820513
4157.94871794872
4169.74358974359
4168.71794871795
4166.66666666667
4153.33333333333
4150.25641025641
4178.97435897436
4195.38461538462
4177.4358974359
4163.58974358974
4170.76923076923
4176.92307692308
4174.35897435897
4170.76923076923
4166.66666666667
4163.07692307692
4168.71794871795
