F3
3971.79487179487
3975.89743589744
3973.33333333333
3976.92307692308
3986.15384615385
3992.82051282051
4002.05128205128
4013.84615384615
4026.15384615385
4035.89743589744
4034.8717948718
4029.23076923077
4030.25641025641
4031.28205128205
4029.23076923077
4030.25641025641
4022.5641025641
4012.82051282051
4014.35897435898
4010.25641025641
3995.38461538462
3993.33333333333
4001.02564102564
3994.35897435898
3991.79487179487
3998.46153846154
3994.35897435898
3991.79487179487
3998.46153846154
3995.89743589744
3985.12820512821
3980
3983.58974358974
3989.74358974359
3986.66666666667
3972.30769230769
3967.17948717949
3971.79487179487
3974.35897435898
3971.28205128205
3970.25641025641
3975.89743589744
3981.53846153846
3982.5641025641
3979.48717948718
3976.92307692308
3976.41025641026
3977.4358974359
3974.8717948718
3972.82051282051
3975.38461538462
3969.74358974359
3958.97435897436
3957.4358974359
3960
3962.05128205128
3964.10256410256
3967.69230769231
3970.76923076923
3967.69230769231
3957.94871794872
3955.89743589744
3957.4358974359
3949.23076923077
3947.69230769231
3957.94871794872
3961.02564102564
3960
3955.38461538462
3945.64102564103
3947.17948717949
3960
3960
3955.89743589744
3961.02564102564
3960
3957.94871794872
3962.5641025641
3958.97435897436
3960.51282051282
3976.92307692308
3977.4358974359
3955.89743589744
3947.69230769231
3952.82051282051
3947.17948717949
3943.07692307692
3952.30769230769
3958.46153846154
3958.46153846154
3955.38461538462
3947.17948717949
3940.51282051282
3948.71794871795
3960
3956.41025641026
3952.82051282051
3964.61538461539
3977.94871794872
3973.33333333333
3960.51282051282
3960.51282051282
3957.94871794872
3945.64102564103
3944.10256410256
3956.41025641026
3968.71794871795
3974.35897435898
3972.82051282051
3967.17948717949
3968.20512820513
3972.82051282051
3976.92307692308
3978.97435897436
3969.74358974359
3956.92307692308
3956.92307692308
3967.17948717949
3965.12820512821
3957.4358974359
3964.10256410256
3978.97435897436
3974.35897435898
3956.92307692308
3957.94871794872
3972.30769230769
3975.89743589744
3971.28205128205
3969.74358974359
3971.28205128205
3971.79487179487
3968.71794871795
3958.46153846154
3957.4358974359
3969.74358974359
3972.82051282051
3961.53846153846
3952.82051282051
3954.8717948718
3962.05128205128
3965.12820512821
3961.53846153846
3957.4358974359
3964.61538461539
3975.38461538462
3977.4358974359
3974.35897435898
3974.35897435898
3972.82051282051
3966.66666666667
3968.20512820513
3976.41025641026
3974.35897435898
3969.74358974359
3972.82051282051
3967.17948717949
3958.97435897436
3967.17948717949
3970.25641025641
3961.02564102564
3965.64102564103
3977.4358974359
3974.8717948718
3969.23076923077
3970.76923076923
3972.30769230769
3970.76923076923
3969.74358974359
3973.33333333333
3969.23076923077
3962.5641025641
3963.07692307692
3964.61538461539
3967.69230769231
3971.28205128205
3969.23076923077
3974.35897435898
3989.23076923077
3991.79487179487
3987.17948717949
3990.76923076923
3989.23076923077
3992.82051282051
3998.97435897436
3994.35897435898
3989.23076923077
3983.58974358974
3975.38461538462
3978.46153846154
3990.76923076923
3996.41025641026
4003.58974358974
4006.66666666667
3995.38461538462
3986.66666666667
3989.23076923077
3996.92307692308
4000
3990.76923076923
3982.5641025641
3983.07692307692
3987.17948717949
3988.20512820513
3988.20512820513
3993.84615384615
3997.94871794872
3992.82051282051
3988.20512820513
3989.74358974359
3989.23076923077
3996.92307692308
4006.15384615385
3995.38461538462
3986.15384615385
3991.79487179487
3991.28205128205
3984.61538461539
3986.15384615385
3989.23076923077
3987.69230769231
3986.15384615385
3986.15384615385
3987.69230769231
3989.74358974359
3992.30769230769
3986.66666666667
3974.8717948718
3970.25641025641
3973.84615384615
3974.35897435898
3971.28205128205
3975.38461538462
3984.10256410256
3988.71794871795
3992.30769230769
3990.25641025641
3978.46153846154
3971.79487179487
3975.38461538462
3972.82051282051
3972.82051282051
3985.64102564103
3986.15384615385
3971.79487179487
3971.79487179487
3978.97435897436
3975.38461538462
3974.35897435898
3987.69230769231
3997.4358974359
3985.64102564103
3971.28205128205
3974.8717948718
3982.5641025641
3984.61538461539
3982.05128205128
3975.89743589744
3972.82051282051
3979.48717948718
3985.12820512821
3982.5641025641
3977.4358974359
3973.84615384615
3971.28205128205
3970.25641025641
3975.38461538462
3971.79487179487
3960.51282051282
3963.07692307692
3970.76923076923
3970.76923076923
3976.41025641026
3984.61538461539
3983.07692307692
3986.15384615385
3989.23076923077
3982.5641025641
3983.07692307692
3983.58974358974
3972.30769230769
3972.30769230769
3986.15384615385
3986.15384615385
3982.5641025641
3991.28205128205
3990.76923076923
3980
3973.33333333333
3972.30769230769
3973.84615384615
3976.41025641026
3975.38461538462
3971.79487179487
3972.82051282051
3979.48717948718
3988.20512820513
3994.35897435898
3991.79487179487
3988.71794871795
3996.41025641026
3995.38461538462
3980
3976.41025641026
3989.74358974359
3991.79487179487
3983.07692307692
3981.53846153846
3991.79487179487
4000
3995.89743589744
3986.66666666667
3988.20512820513
3998.46153846154
4001.02564102564
3995.38461538462
3996.92307692308
4001.02564102564
3991.28205128205
3987.17948717949
4000
3994.8717948718
3975.38461538462
3982.05128205128
3997.94871794872
3989.23076923077
3978.46153846154
3985.12820512821
3995.38461538462
3990.25641025641
3974.35897435898
3975.89743589744
3990.76923076923
3986.15384615385
3974.35897435898
3976.41025641026
3977.94871794872
3975.38461538462
3983.58974358974
3987.17948717949
3977.4358974359
3977.4358974359
3988.20512820513
3990.76923076923
3988.71794871795
3990.25641025641
3982.5641025641
3974.8717948718
3985.12820512821
3989.74358974359
3987.69230769231
4000
4006.66666666667
3995.89743589744
3991.79487179487
4000.51282051282
3998.46153846154
3989.74358974359
3992.82051282051
4004.10256410256
4007.17948717949
4002.05128205128
4005.64102564103
4013.84615384615
4020.51282051282
4034.8717948718
4046.66666666667
4045.12820512821
4037.4358974359
4032.30769230769
4028.20512820513
4028.71794871795
4026.66666666667
4018.46153846154
4016.92307692308
4020.51282051282
4017.94871794872
4018.46153846154
4025.12820512821
4025.64102564103
4021.02564102564
4014.8717948718
4000.51282051282
3992.30769230769
3999.48717948718
4003.58974358974
4004.61538461539
4004.10256410256
3993.84615384615
3987.17948717949
3990.25641025641
3989.23076923077
3983.58974358974
3989.23076923077
3998.97435897436
3998.46153846154
3989.23076923077
3991.79487179487
4006.15384615385
4001.02564102564
3986.66666666667
3986.66666666667
3989.74358974359
3986.15384615385
3985.64102564103
3989.74358974359
3987.69230769231
3984.61538461539
3987.17948717949
3986.15384615385
3976.41025641026
3970.76923076923
3974.8717948718
3970.76923076923
3957.94871794872
3958.46153846154
3968.20512820513
3963.58974358974
3956.92307692308
3955.89743589744
3948.71794871795
3945.64102564103
3955.89743589744
3966.66666666667
3974.35897435898
3979.48717948718
3977.4358974359
3975.38461538462
3973.33333333333
3970.76923076923
3974.35897435898
3977.4358974359
3975.38461538462
3973.33333333333
3971.79487179487
3973.33333333333
3978.97435897436
3981.02564102564
3975.89743589744
3970.76923076923
3972.30769230769
3975.89743589744
3974.8717948718
3971.79487179487
3975.38461538462
3988.71794871795
3992.30769230769
3981.02564102564
3975.89743589744
3982.05128205128
3984.10256410256
3976.92307692308
3972.30769230769
3978.97435897436
3988.20512820513
3989.74358974359
3992.30769230769
3998.46153846154
3991.79487179487
3975.38461538462
3972.30769230769
3984.10256410256
3992.30769230769
3987.69230769231
3982.05128205128
3983.58974358974
3985.12820512821
3985.64102564103
3987.69230769231
3989.23076923077
3994.8717948718
4004.61538461539
4007.17948717949
3997.4358974359
3989.23076923077
3987.69230769231
3986.66666666667
3987.17948717949
3993.84615384615
3998.97435897436
3992.82051282051
3984.61538461539
3987.17948717949
3989.23076923077
3980.51282051282
3975.38461538462
3979.48717948718
3985.64102564103
3987.17948717949
3990.25641025641
3989.23076923077
3977.94871794872
3973.33333333333
3978.97435897436
3980
3973.33333333333
3970.76923076923
3975.38461538462
3980
3977.94871794872
3970.25641025641
3970.76923076923
3978.97435897436
3988.20512820513
3988.71794871795
3980
3979.48717948718
3983.07692307692
3982.5641025641
3987.17948717949
3994.35897435898
3988.20512820513
3986.66666666667
3995.89743589744
3996.41025641026
3988.71794871795
3980
3980.51282051282
3984.61538461539
3980
3973.84615384615
3975.38461538462
3976.92307692308
3972.82051282051
3974.35897435898
3975.89743589744
3973.84615384615
3975.38461538462
3984.10256410256
3991.79487179487
3988.71794871795
3985.64102564103
3985.64102564103
3979.48717948718
3975.89743589744
3980.51282051282
3980.51282051282
3972.82051282051
3970.25641025641
3973.84615384615
3972.82051282051
3974.35897435898
3985.12820512821
3985.64102564103
3976.41025641026
3976.41025641026
3977.4358974359
3972.82051282051
3973.84615384615
3974.35897435898
3968.71794871795
3971.28205128205
3975.89743589744
3975.38461538462
3975.89743589744
3975.89743589744
3975.38461538462
3978.97435897436
3984.10256410256
3984.10256410256
3981.02564102564
3981.53846153846
3985.64102564103
3982.05128205128
3977.4358974359
3981.53846153846
3982.05128205128
3973.33333333333
3971.28205128205
3976.41025641026
3974.8717948718
3972.82051282051
3973.84615384615
3975.38461538462
3975.89743589744
3973.84615384615
3976.92307692308
3981.02564102564
3976.41025641026
3971.79487179487
3975.89743589744
3978.97435897436
3976.41025641026
3974.8717948718
3974.35897435898
3975.38461538462
3977.4358974359
3971.28205128205
3962.05128205128
3962.05128205128
3964.61538461539
3961.53846153846
3956.92307692308
3956.41025641026
3955.89743589744
3958.46153846154
3968.71794871795
3982.5641025641
3990.76923076923
3991.28205128205
3990.25641025641
3988.71794871795
3991.28205128205
3989.23076923077
3977.4358974359
3976.41025641026
3986.66666666667
3986.66666666667
3983.07692307692
3989.74358974359
3990.76923076923
3985.64102564103
3990.76923076923
3989.74358974359
3977.4358974359
3970.76923076923
3973.84615384615
3977.94871794872
3986.66666666667
3991.79487179487
3981.02564102564
3971.28205128205
3977.94871794872
3986.66666666667
3987.17948717949
3984.61538461539
3980.51282051282
3977.4358974359
3981.02564102564
3983.58974358974
3979.48717948718
3983.58974358974
3988.71794871795
3978.46153846154
3974.35897435898
3983.58974358974
3984.61538461539
3980.51282051282
3985.64102564103
3989.23076923077
3987.69230769231
3983.07692307692
3974.35897435898
3970.76923076923
3973.33333333333
3975.38461538462
3975.89743589744
3975.89743589744
3978.46153846154
3980.51282051282
3973.84615384615
3974.8717948718
3991.79487179487
3996.41025641026
3980.51282051282
3971.79487179487
3974.35897435898
3972.30769230769
3970.76923076923
3973.84615384615
3975.38461538462
3976.41025641026
3971.79487179487
3965.12820512821
3970.25641025641
3976.41025641026
3969.74358974359
3970.25641025641
3987.69230769231
3990.25641025641
3977.94871794872
3982.05128205128
3991.79487179487
3983.07692307692
3970.25641025641
3974.8717948718
3984.61538461539
3989.74358974359
3992.30769230769
3989.74358974359
3989.74358974359
3997.4358974359
3998.97435897436
3993.84615384615
3986.66666666667
3978.97435897436
3978.97435897436
3988.20512820513
3992.82051282051
3985.64102564103
3986.15384615385
3992.82051282051
3988.20512820513
3979.48717948718
3983.58974358974
3993.33333333333
3992.30769230769
3987.17948717949
3986.66666666667
3987.69230769231
3991.79487179487
3996.41025641026
3995.89743589744
3988.20512820513
3984.61538461539
3992.82051282051
3995.89743589744
3987.69230769231
3980.51282051282
3980.51282051282
3980
3981.53846153846
3988.71794871795
3992.30769230769
3990.25641025641
3989.23076923077
3990.25641025641
3990.25641025641
3990.25641025641
3989.23076923077
3987.69230769231
3988.71794871795
3981.53846153846
3971.79487179487
3979.48717948718
3987.17948717949
3977.4358974359
3971.79487179487
3977.4358974359
3973.33333333333
3972.82051282051
3985.12820512821
3984.61538461539
3971.79487179487
3971.79487179487
3984.10256410256
3989.74358974359
3986.15384615385
3984.10256410256
3985.64102564103
3989.23076923077
3992.82051282051
3992.30769230769
3988.20512820513
3994.8717948718
3998.97435897436
3983.07692307692
3967.69230769231
3970.25641025641
3981.53846153846
3992.82051282051
3996.92307692308
3988.20512820513
3984.61538461539
3994.35897435898
3996.92307692308
3992.30769230769
3996.41025641026
4004.61538461539
4003.58974358974
4002.05128205128
4006.15384615385
4003.58974358974
4004.10256410256
4017.4358974359
4034.35897435898
4044.61538461539
4046.66666666667
4047.17948717949
4046.15384615385
4041.02564102564
4036.41025641026
4032.30769230769
4022.5641025641
4017.94871794872
4021.53846153846
4011.28205128205
3993.84615384615
3989.23076923077
3990.76923076923
3993.84615384615
4001.02564102564
3997.94871794872
3988.71794871795
3988.71794871795
3990.25641025641
3991.79487179487
3997.94871794872
4002.5641025641
4003.07692307692
4000
3990.25641025641
3983.07692307692
3985.64102564103
3980.51282051282
3972.30769230769
3971.28205128205
3973.33333333333
3981.53846153846
3990.76923076923
3988.71794871795
3982.5641025641
3986.15384615385
3989.23076923077
3988.20512820513
3990.76923076923
3988.71794871795
3984.61538461539
3986.15384615385
3990.76923076923
3990.25641025641
3987.17948717949
3986.66666666667
3989.74358974359
3992.30769230769
3992.30769230769
3990.25641025641
3982.05128205128
3975.38461538462
3978.97435897436
3991.28205128205
3998.46153846154
3988.71794871795
3972.30769230769
3967.69230769231
3977.4358974359
3984.10256410256
3978.46153846154
3973.84615384615
3982.05128205128
3989.23076923077
3989.23076923077
3990.76923076923
3983.58974358974
3974.8717948718
3980.51282051282
3987.17948717949
3986.66666666667
3988.71794871795
3989.74358974359
3987.17948717949
3989.74358974359
3988.20512820513
3976.92307692308
3974.8717948718
3982.5641025641
3979.48717948718
3971.28205128205
3972.82051282051
3976.92307692308
3979.48717948718
3989.74358974359
3992.30769230769
3982.05128205128
3983.58974358974
3990.25641025641
3982.5641025641
3973.33333333333
3976.41025641026
3981.53846153846
3980.51282051282
3977.4358974359
3973.33333333333
3972.82051282051
3972.82051282051
3977.94871794872
3996.92307692308
4004.10256410256
3984.61538461539
3972.82051282051
3982.5641025641
3982.5641025641
3974.35897435898
3981.53846153846
3991.28205128205
3984.10256410256
3973.33333333333
3972.30769230769
3974.8717948718
3978.46153846154
3982.5641025641
3987.69230769231
3984.61538461539
3975.89743589744
3983.07692307692
3991.79487179487
3980.51282051282
3972.30769230769
3987.17948717949
3994.8717948718
3987.69230769231
3987.17948717949
3991.28205128205
3990.76923076923
3986.66666666667
3989.23076923077
3992.82051282051
3980.51282051282
3966.15384615385
3972.82051282051
3985.12820512821
3978.46153846154
3973.33333333333
3983.58974358974
3993.84615384615
3988.20512820513
3974.8717948718
3973.33333333333
3979.48717948718
3974.8717948718
3970.25641025641
3984.10256410256
3988.71794871795
3973.84615384615
3969.23076923077
3975.89743589744
3974.8717948718
3973.33333333333
3984.10256410256
3994.35897435898
3985.64102564103
3971.28205128205
3973.84615384615
3983.58974358974
3981.53846153846
3971.28205128205
3965.64102564103
3969.23076923077
3972.30769230769
3970.25641025641
3971.28205128205
3974.35897435898
3972.30769230769
3969.74358974359
3973.33333333333
3975.89743589744
3974.35897435898
3974.35897435898
3970.76923076923
3967.17948717949
3971.28205128205
3976.41025641026
3973.84615384615
3970.76923076923
3972.30769230769
3975.89743589744
3976.41025641026
3966.15384615385
3957.4358974359
3958.46153846154
3961.53846153846
3964.10256410256
3966.15384615385
3970.76923076923
3980
3983.58974358974
3975.38461538462
3972.82051282051
3976.92307692308
3973.33333333333
3973.84615384615
3974.8717948718
3963.58974358974
3960.51282051282
3973.84615384615
3984.61538461539
3988.20512820513
3990.25641025641
3991.28205128205
3998.97435897436
4012.30769230769
4015.38461538462
4012.30769230769
4012.82051282051
4014.8717948718
4013.84615384615
4011.79487179487
4008.20512820513
4005.64102564103
4002.05128205128
3993.33333333333
3988.20512820513
3991.28205128205
3988.20512820513
3985.12820512821
3992.30769230769
3986.66666666667
3972.82051282051
3980.51282051282
3993.84615384615
3990.25641025641
3981.02564102564
3978.46153846154
3974.35897435898
3972.30769230769
3972.82051282051
3972.30769230769
3973.33333333333
3968.71794871795
3960.51282051282
3962.5641025641
3969.74358974359
3967.17948717949
3965.12820512821
3971.28205128205
3975.89743589744
3972.82051282051
3966.15384615385
3963.58974358974
3968.20512820513
3971.79487179487
3973.84615384615
3973.84615384615
3973.84615384615
3974.8717948718
3972.82051282051
3972.82051282051
3975.38461538462
3969.74358974359
3966.15384615385
3971.28205128205
3969.74358974359
3964.10256410256
3967.17948717949
3970.25641025641
3969.74358974359
3972.82051282051
3975.38461538462
3975.38461538462
3974.8717948718
3973.33333333333
3973.33333333333
3972.82051282051
3974.8717948718
3975.38461538462
3967.17948717949
3961.02564102564
3966.15384615385
3973.33333333333
3974.8717948718
3975.38461538462
3977.4358974359
3977.4358974359
3974.8717948718
3975.89743589744
3973.84615384615
3962.05128205128
3962.05128205128
3973.84615384615
3967.17948717949
3953.33333333333
3956.41025641026
3961.53846153846
3961.53846153846
3972.82051282051
3984.10256410256
3980.51282051282
3971.79487179487
3963.07692307692
3957.4358974359
3964.61538461539
3974.8717948718
3971.79487179487
3961.02564102564
3955.89743589744
3963.07692307692
3974.8717948718
3976.41025641026
3968.71794871795
3967.17948717949
3971.79487179487
3976.92307692308
3980
3978.46153846154
3972.30769230769
3969.74358974359
3980.51282051282
3988.20512820513
3977.94871794872
3970.76923076923
3984.10256410256
3990.76923076923
3980
3971.79487179487
3972.82051282051
3981.53846153846
3992.30769230769
3989.74358974359
3975.89743589744
3972.30769230769
3980.51282051282
3988.71794871795
3992.82051282051
3985.12820512821
3975.89743589744
3971.79487179487
3973.33333333333
3983.58974358974
3986.66666666667
3974.35897435898
3970.25641025641
3977.4358974359
3977.94871794872
3978.97435897436
3979.48717948718
3974.35897435898
3981.02564102564
3992.30769230769
3990.76923076923
3985.64102564103
3988.20512820513
3990.25641025641
3989.74358974359
3988.20512820513
3983.58974358974
3980
3987.69230769231
3989.74358974359
3974.8717948718
3969.23076923077
3977.94871794872
3977.94871794872
3975.38461538462
3980.51282051282
3978.46153846154
3973.84615384615
3974.8717948718
3969.74358974359
3970.25641025641
3986.15384615385
3986.66666666667
3973.33333333333
3976.41025641026
3985.64102564103
3987.17948717949
3986.15384615385
3986.66666666667
3985.12820512821
3980.51282051282
3979.48717948718
3986.66666666667
3988.71794871795
3983.58974358974
3983.58974358974
3983.58974358974
3978.46153846154
3977.4358974359
3981.53846153846
3982.5641025641
3979.48717948718
3973.33333333333
3970.76923076923
3976.92307692308
3980.51282051282
3974.35897435898
3970.76923076923
3976.92307692308
3984.10256410256
3988.71794871795
3989.23076923077
3986.66666666667
3989.74358974359
3987.17948717949
3978.97435897436
3984.61538461539
3990.25641025641
3978.46153846154
3972.30769230769
3987.17948717949
3996.41025641026
3981.53846153846
3968.71794871795
3975.89743589744
3984.61538461539
3982.5641025641
3981.02564102564
3986.66666666667
3987.17948717949
3981.02564102564
3971.28205128205
3971.28205128205
3984.10256410256
3987.17948717949
3973.84615384615
3969.74358974359
3982.05128205128
3990.25641025641
3986.15384615385
3985.64102564103
3998.97435897436
4012.30769230769
4014.35897435898
4012.30769230769
4018.46153846154
4027.69230769231
4030.76923076923
4029.74358974359
4028.20512820513
4023.58974358974
4013.33333333333
4005.64102564103
4004.61538461539
4004.61538461539
3998.97435897436
3989.74358974359
3986.15384615385
3986.15384615385
3987.69230769231
3986.66666666667
3982.5641025641
3980
3975.89743589744
3977.94871794872
3985.64102564103
3987.17948717949
3986.66666666667
3988.71794871795
3982.5641025641
3972.82051282051
3972.82051282051
3972.82051282051
3972.82051282051
3975.89743589744
3975.38461538462
3975.38461538462
3975.89743589744
3971.79487179487
3970.76923076923
3973.33333333333
3971.79487179487
3973.84615384615
3974.8717948718
3963.07692307692
3959.48717948718
3973.84615384615
3977.4358974359
3969.74358974359
3971.79487179487
3978.46153846154
3973.84615384615
3965.12820512821
3971.79487179487
3976.92307692308
3960.51282051282
3954.35897435898
3966.66666666667
3963.58974358974
3954.8717948718
3960.51282051282
3968.20512820513
3972.82051282051
3977.94871794872
3976.41025641026
3971.79487179487
3972.82051282051
3975.38461538462
3974.35897435898
3974.35897435898
3971.79487179487
3961.53846153846
3955.38461538462
3960.51282051282
3958.97435897436
3956.92307692308
3969.74358974359
3975.38461538462
3967.17948717949
3971.28205128205
3981.53846153846
3976.92307692308
3972.82051282051
3977.4358974359
3976.41025641026
3971.79487179487
3970.25641025641
3971.28205128205
3974.35897435898
3973.84615384615
3970.25641025641
3970.76923076923
3972.82051282051
3971.79487179487
3973.33333333333
3973.84615384615
3969.23076923077
3967.69230769231
3975.38461538462
3975.89743589744
3962.5641025641
3962.05128205128
3978.46153846154
3985.12820512821
3980
3981.02564102564
3986.66666666667
3984.10256410256
3973.84615384615
3971.79487179487
3984.10256410256
3985.12820512821
3972.82051282051
