
4137.4358974359
4140.51282051282
4148.71794871795
4156.92307692308
4156.41025641026
4153.33333333333
4158.97435897436
4166.66666666667
4172.82051282051
4175.89743589744
4178.97435897436
4178.97435897436
4173.33333333333
4170.76923076923
4174.35897435897
4176.92307692308
4170.25641025641
4167.69230769231
4170.25641025641
4154.35897435897
4141.02564102564
4146.66666666667
4147.69230769231
4135.89743589744
4133.33333333333
4138.46153846154
4136.41025641026
4133.84615384615
4134.35897435897
4130.76923076923
4122.5641025641
4120.51282051282
4124.10256410256
4122.5641025641
4123.07692307692
4121.02564102564
4107.17948717949
4104.61538461538
4116.41025641026
4120
4118.46153846154
4123.58974358974
4122.05128205128
4121.02564102564
4129.23076923077
4130.25641025641
4123.58974358974
4120.51282051282
4121.02564102564
4123.07692307692
4121.53846153846
4113.84615384615
4112.30769230769
4119.48717948718
4119.48717948718
4111.79487179487
4109.74358974359
4116.41025641026
4124.10256410256
4125.12820512821
4121.53846153846
4117.94871794872
4117.94871794872
4117.4358974359
4115.89743589744
4118.97435897436
4122.5641025641
4118.97435897436
4110.76923076923
4107.17948717949
4114.35897435897
4119.48717948718
4111.28205128205
4104.61538461538
4110.25641025641
4114.35897435897
4118.97435897436
4125.12820512821
4116.92307692308
4111.79487179487
4121.02564102564
4125.12820512821
4115.38461538462
4107.17948717949
4106.66666666667
4108.71794871795
4108.20512820513
4104.10256410256
4106.15384615385
4105.64102564103
4092.30769230769
4088.20512820513
4098.46153846154
4102.05128205128
4098.46153846154
4100
4104.10256410256
4108.20512820513
4109.74358974359
4107.17948717949
4106.66666666667
4109.23076923077
4107.17948717949
4104.61538461538
4106.15384615385
4107.17948717949
4106.66666666667
4107.69230769231
4109.23076923077
4104.61538461538
4095.38461538462
4092.30769230769
4093.84615384615
4095.89743589744
4103.07692307692
4104.10256410256
4097.94871794872
4098.46153846154
4096.41025641026
4088.20512820513
4096.41025641026
4108.20512820513
4097.4358974359
4085.12820512821
4095.38461538462
4105.12820512821
4100
4098.97435897436
4107.69230769231
4107.17948717949
4099.48717948718
4102.5641025641
4106.15384615385
4102.5641025641
4102.05128205128
4106.15384615385
4101.53846153846
4094.35897435898
4100.51282051282
4106.15384615385
4099.48717948718
4096.92307692308
4103.58974358974
4106.66666666667
4108.20512820513
4110.25641025641
4108.20512820513
4107.17948717949
4109.74358974359
4113.84615384615
4114.8717948718
4118.97435897436
4128.20512820513
4130.25641025641
4123.58974358974
4118.97435897436
4121.02564102564
4124.61538461538
4124.61538461538
4118.97435897436
4117.4358974359
4132.30769230769
4136.92307692308
4125.64102564103
4124.10256410256
4129.23076923077
4123.07692307692
4116.92307692308
4120.51282051282
4120.51282051282
4121.02564102564
4125.12820512821
4122.5641025641
4117.94871794872
4118.97435897436
4120.51282051282
4119.48717948718
4126.15384615385
4135.89743589744
4138.46153846154
4137.94871794872
4138.46153846154
4146.15384615385
4153.33333333333
4145.64102564103
4134.8717948718
4137.4358974359
4138.97435897436
4135.38461538462
4143.07692307692
4153.33333333333
4153.33333333333
4147.69230769231
4142.05128205128
4138.46153846154
4136.92307692308
4138.46153846154
4140.51282051282
4137.94871794872
4135.38461538462
4136.92307692308
4137.94871794872
4135.38461538462
4134.8717948718
4135.38461538462
4134.8717948718
4135.38461538462
4138.97435897436
4138.46153846154
4135.38461538462
4135.89743589744
4132.82051282051
4127.69230769231
4132.30769230769
4139.48717948718
4137.4358974359
4134.8717948718
4135.89743589744
4136.92307692308
4138.46153846154
4137.4358974359
4135.38461538462
4136.92307692308
4140
4142.05128205128
4140.51282051282
4142.5641025641
4152.30769230769
4152.30769230769
4144.10256410256
4145.64102564103
4152.30769230769
4159.48717948718
4171.79487179487
4170.76923076923
4157.4358974359
4160
4164.10256410256
4154.35897435897
4156.41025641026
4168.71794871795
4171.28205128205
4168.20512820513
4167.17948717949
4166.15384615385
4167.17948717949
4168.20512820513
4166.66666666667
4167.17948717949
4169.23076923077
4167.69230769231
4165.12820512821
4166.66666666667
4169.23076923077
4170.25641025641
4170.25641025641
4167.69230769231
4167.17948717949
4166.15384615385
4158.97435897436
4152.30769230769
4155.38461538462
4158.46153846154
4154.35897435897
4152.82051282051
4155.38461538462
4151.79487179487
4149.23076923077
4154.8717948718
4149.74358974359
4141.02564102564
4147.69230769231
4154.8717948718
4150.76923076923
4149.74358974359
4155.38461538462
4155.38461538462
4154.8717948718
4161.02564102564
4161.02564102564
4152.82051282051
4157.4358974359
4166.66666666667
4159.48717948718
4152.82051282051
4156.92307692308
4157.4358974359
4154.35897435897
4152.30769230769
4150.25641025641
4152.30769230769
4155.89743589744
4151.28205128205
4147.17948717949
4156.92307692308
4166.15384615385
4165.64102564103
4161.53846153846
4162.5641025641
4168.71794871795
4165.64102564103
4151.79487179487
4146.15384615385
4155.38461538462
4159.48717948718
4153.33333333333
4150.76923076923
4153.84615384615
4157.94871794872
4154.35897435897
4151.79487179487
4153.33333333333
4153.84615384615
4153.84615384615
4152.82051282051
4151.28205128205
4152.30769230769
4151.28205128205
4152.82051282051
4161.02564102564
4160.51282051282
4149.74358974359
4149.23076923077
4155.89743589744
4154.8717948718
4153.33333333333
4154.8717948718
4154.35897435897
4154.35897435897
4154.8717948718
4153.33333333333
4154.8717948718
4158.46153846154
4157.4358974359
4154.35897435897
4154.35897435897
4155.38461538462
4156.92307692308
4158.97435897436
4154.8717948718
4156.41025641026
4165.64102564103
4168.71794871795
4168.71794871795
4166.66666666667
4160
4160.51282051282
4171.28205128205
4171.28205128205
4164.61538461538
4170.25641025641
4179.48717948718
4182.05128205128
4176.92307692308
4179.48717948718
4182.5641025641
4171.79487179487
4169.74358974359
4184.61538461538
4187.17948717949
4181.53846153846
4192.82051282051
4204.10256410256
4208.20512820513
4216.41025641026
4220
4218.46153846154
4222.5641025641
4219.48717948718
4205.12820512821
4199.48717948718
4201.02564102564
4201.02564102564
4196.92307692308
4189.23076923077
4182.5641025641
4185.64102564103
4189.23076923077
4185.12820512821
4184.61538461538
4183.07692307692
4172.82051282051
4166.15384615385
4169.23076923077
4171.28205128205
4169.74358974359
4170.25641025641
4168.20512820513
4165.12820512821
4163.58974358974
4164.10256410256
4167.17948717949
4168.71794871795
4167.69230769231
4168.71794871795
4168.71794871795
4164.61538461538
4167.69230769231
4169.74358974359
4160
4152.30769230769
4155.89743589744
4158.46153846154
4153.84615384615
4151.79487179487
4155.89743589744
4157.94871794872
4155.89743589744
4154.35897435897
4152.82051282051
4152.82051282051
4150.25641025641
4140.51282051282
4133.33333333333
4138.46153846154
4143.07692307692
4139.48717948718
4137.94871794872
4141.02564102564
4140.51282051282
4141.02564102564
4147.69230769231
4153.33333333333
4153.84615384615
4154.35897435897
4154.8717948718
4152.30769230769
4150.76923076923
4151.28205128205
4151.79487179487
4153.84615384615
4155.89743589744
4151.28205128205
4144.61538461538
4148.20512820513
4154.8717948718
4154.35897435897
4151.79487179487
4152.30769230769
4152.30769230769
4151.79487179487
4150.76923076923
4150.25641025641
4153.33333333333
4155.89743589744
4154.8717948718
4152.82051282051
4154.35897435897
4156.41025641026
4153.84615384615
4153.33333333333
4154.35897435897
4151.79487179487
4150.76923076923
4159.48717948718
4169.23076923077
4170.25641025641
4167.17948717949
4161.02564102564
4153.84615384615
4157.4358974359
4168.71794871795
4169.23076923077
4158.97435897436
4153.33333333333
4153.84615384615
4153.84615384615
4150.76923076923
4149.23076923077
4157.94871794872
4170.76923076923
4172.82051282051
4167.69230769231
4168.71794871795
4172.82051282051
4170.25641025641
4168.20512820513
4176.41025641026
4183.07692307692
4175.89743589744
4169.74358974359
4171.79487179487
4171.28205128205
4167.69230769231
4167.17948717949
4168.71794871795
4169.23076923077
4169.74358974359
4170.76923076923
4170.25641025641
4167.17948717949
4167.69230769231
4170.76923076923
4170.76923076923
4168.71794871795
4168.20512820513
4166.66666666667
4168.20512820513
4169.74358974359
4161.02564102564
4150.76923076923
4158.46153846154
4172.30769230769
4166.66666666667
4156.92307692308
4164.10256410256
4170.76923076923
4167.17948717949
4166.66666666667
4169.74358974359
4165.12820512821
4163.07692307692
4171.28205128205
4170.76923076923
4158.97435897436
4158.46153846154
4169.23076923077
4167.17948717949
4154.8717948718
4151.28205128205
4154.8717948718
4156.41025641026
4153.84615384615
4151.79487179487
4154.8717948718
4158.97435897436
4156.92307692308
4157.94871794872
4166.66666666667
4170.25641025641
4166.15384615385
4165.64102564103
4168.20512820513
4167.17948717949
4166.66666666667
4167.69230769231
4162.5641025641
4153.84615384615
4150.25641025641
4153.84615384615
4160.51282051282
4167.69230769231
4171.79487179487
4168.71794871795
4160
4155.89743589744
4165.64102564103
4168.71794871795
4155.89743589744
4152.30769230769
4164.10256410256
4170.76923076923
4169.23076923077
4166.66666666667
4166.15384615385
4169.23076923077
4168.20512820513
4165.12820512821
4167.17948717949
4164.10256410256
4155.89743589744
4153.33333333333
4156.41025641026
4160
4167.17948717949
4168.71794871795
4159.48717948718
4152.82051282051
4152.30769230769
4151.28205128205
4150.25641025641
4153.33333333333
4153.33333333333
4145.12820512821
4138.97435897436
4140
4141.53846153846
4143.07692307692
4149.23076923077
4153.84615384615
4153.33333333333
4153.84615384615
4150.25641025641
4144.61538461538
4149.23076923077
4153.84615384615
4144.61538461538
4137.94871794872
4140.51282051282
4140.51282051282
4138.97435897436
4138.97435897436
4137.94871794872
4136.41025641026
4141.53846153846
4149.74358974359
4153.33333333333
4153.84615384615
4154.8717948718
4153.84615384615
4152.30769230769
4153.84615384615
4152.82051282051
4149.23076923077
4149.74358974359
4153.33333333333
4150.76923076923
4141.02564102564
4135.89743589744
4141.53846153846
4149.23076923077
4153.84615384615
4152.82051282051
4149.74358974359
4150.25641025641
4153.33333333333
4153.84615384615
4155.38461538462
4157.4358974359
4156.41025641026
4152.30769230769
4152.30769230769
4154.35897435897
4149.23076923077
4143.58974358974
4141.02564102564
4137.94871794872
4141.53846153846
4151.79487179487
4155.89743589744
4155.89743589744
4156.92307692308
4154.35897435897
4152.82051282051
4156.92307692308
4157.4358974359
4157.94871794872
4160
4156.92307692308
4154.35897435897
4154.35897435897
4152.30769230769
4152.82051282051
4155.89743589744
4155.38461538462
4153.33333333333
4153.84615384615
4152.30769230769
4150.76923076923
4150.76923076923
4151.28205128205
4153.33333333333
4154.8717948718
4153.33333333333
4145.64102564103
4141.53846153846
4147.69230769231
4154.8717948718
4153.33333333333
4151.79487179487
4155.89743589744
4151.28205128205
4140.51282051282
4138.97435897436
4141.02564102564
4136.92307692308
4140.51282051282
4154.8717948718
4152.82051282051
4140.51282051282
4146.66666666667
4156.92307692308
4152.82051282051
4148.71794871795
4152.82051282051
4153.84615384615
4151.79487179487
4150.76923076923
4151.28205128205
4153.33333333333
4154.35897435897
4153.84615384615
4155.38461538462
4150.76923076923
4139.48717948718
4137.4358974359
4148.20512820513
4155.38461538462
4149.23076923077
4140
4137.94871794872
4140
4141.02564102564
4144.10256410256
4150.76923076923
4155.89743589744
4151.28205128205
4143.07692307692
4145.64102564103
4154.35897435897
4152.82051282051
4150.25641025641
4151.79487179487
4150.25641025641
4150.76923076923
4153.33333333333
4151.79487179487
4149.74358974359
4149.23076923077
4150.25641025641
4152.82051282051
4154.8717948718
4151.79487179487
4150.25641025641
4154.8717948718
4158.46153846154
4156.41025641026
4155.38461538462
4155.89743589744
4153.33333333333
4153.84615384615
4151.28205128205
4144.61538461538
4148.20512820513
4154.35897435897
4150.76923076923
4150.25641025641
4154.8717948718
4151.79487179487
4148.71794871795
4153.33333333333
4157.4358974359
4156.41025641026
4153.84615384615
4152.30769230769
4156.92307692308
4164.10256410256
4161.53846153846
4158.97435897436
4168.20512820513
4175.38461538462
4171.79487179487
4166.66666666667
4168.20512820513
4171.28205128205
4166.15384615385
4154.35897435897
4154.8717948718
4165.12820512821
4170.76923076923
4169.74358974359
4160
4154.8717948718
4164.10256410256
4169.74358974359
4165.64102564103
4168.71794871795
4173.84615384615
4170.76923076923
4169.74358974359
4171.28205128205
4172.82051282051
4176.41025641026
4184.61538461538
4194.8717948718
4201.02564102564
4209.23076923077
4213.84615384615
4209.23076923077
4203.07692307692
4201.53846153846
4202.05128205128
4197.4358974359
4191.28205128205
4186.15384615385
4179.48717948718
4171.28205128205
4168.71794871795
4168.71794871795
4166.15384615385
4168.20512820513
4169.74358974359
4166.66666666667
4169.74358974359
4172.30769230769
4167.17948717949
4170.25641025641
4183.07692307692
4185.12820512821
4175.38461538462
4167.69230769231
4167.17948717949
4169.23076923077
4163.58974358974
4153.33333333333
4150.76923076923
4157.4358974359
4165.64102564103
4169.74358974359
4167.69230769231
4165.64102564103
4167.69230769231
4168.71794871795
4170.25641025641
4171.79487179487
4171.79487179487
4169.23076923077
4165.64102564103
4170.76923076923
4177.94871794872
4174.35897435897
4168.20512820513
4169.23076923077
4170.25641025641
4169.74358974359
4170.25641025641
4167.17948717949
4164.61538461538
4167.17948717949
4171.79487179487
4172.30769230769
4169.23076923077
4166.15384615385
4165.12820512821
4166.15384615385
4169.23076923077
4169.23076923077
4167.17948717949
4169.74358974359
4171.79487179487
4173.84615384615
4178.97435897436
4173.84615384615
4169.23076923077
4179.48717948718
4185.64102564103
4180.51282051282
4183.07692307692
4183.07692307692
4174.35897435897
4178.97435897436
4187.69230769231
4181.53846153846
4171.28205128205
4170.76923076923
4172.82051282051
4169.23076923077
4165.64102564103
4167.17948717949
4169.74358974359
4169.23076923077
4166.66666666667
4163.58974358974
4166.15384615385
4168.71794871795
4160
4150.76923076923
4156.41025641026
4166.66666666667
4170.25641025641
4166.15384615385
4158.97435897436
4155.89743589744
4158.46153846154
4169.23076923077
4180.51282051282
4176.92307692308
4159.48717948718
4149.74358974359
4160
4169.23076923077
4160
4154.8717948718
4167.69230769231
4169.23076923077
4157.94871794872
4156.41025641026
4157.94871794872
4159.48717948718
4165.64102564103
4173.33333333333
4169.23076923077
4156.41025641026
4158.97435897436
4169.23076923077
4159.48717948718
4147.69230769231
4158.97435897436
4162.5641025641
4154.8717948718
4162.5641025641
4172.30769230769
4166.15384615385
4161.53846153846
4166.15384615385
4163.58974358974
4154.8717948718
4154.35897435897
4156.41025641026
4154.8717948718
4155.89743589744
4164.10256410256
4169.74358974359
4168.71794871795
4165.12820512821
4164.61538461538
4167.69230769231
4166.15384615385
4158.46153846154
4157.4358974359
4168.20512820513
4170.25641025641
4157.94871794872
4149.74358974359
4157.4358974359
4168.71794871795
4169.74358974359
4168.71794871795
4174.35897435897
4173.33333333333
4165.12820512821
4166.15384615385
4173.33333333333
4172.82051282051
4167.17948717949
4166.15384615385
4169.23076923077
4170.25641025641
4168.71794871795
4169.23076923077
4171.79487179487
4171.28205128205
4169.23076923077
4170.25641025641
4173.33333333333
4174.35897435897
4169.74358974359
4166.66666666667
4169.23076923077
4171.79487179487
4170.25641025641
4169.23076923077
4170.76923076923
4171.28205128205
4172.82051282051
4173.33333333333
4171.28205128205
4168.71794871795
4167.69230769231
4167.69230769231
4165.12820512821
4165.64102564103
4171.28205128205
4171.28205128205
4174.35897435897
4181.53846153846
4178.46153846154
4169.23076923077
4168.20512820513
4169.74358974359
4165.12820512821
4165.12820512821
4167.17948717949
4168.20512820513
4176.41025641026
4186.15384615385
4186.15384615385
4187.69230769231
4200
4204.61538461538
4200.51282051282
4206.66666666667
4213.33333333333
4206.15384615385
4197.94871794872
4200.51282051282
4200
4190.25641025641
4186.66666666667
4187.17948717949
4186.15384615385
4182.5641025641
4171.79487179487
4168.71794871795
4175.38461538462
4172.82051282051
4166.66666666667
4171.28205128205
4173.84615384615
4172.82051282051
4173.84615384615
4170.76923076923
4167.17948717949
4169.23076923077
4169.74358974359
4168.20512820513
4168.20512820513
4168.20512820513
4169.23076923077
4168.20512820513
4165.64102564103
4166.15384615385
4168.71794871795
4170.76923076923
4168.71794871795
4165.64102564103
4166.66666666667
4169.74358974359
4168.20512820513
4168.20512820513
4173.33333333333
4175.38461538462
4175.89743589744
4171.28205128205
4167.69230769231
4178.97435897436
4183.07692307692
4169.74358974359
4166.66666666667
4172.82051282051
4171.28205128205
4172.82051282051
4177.94871794872
4171.79487179487
4169.74358974359
4177.4358974359
4176.92307692308
4172.30769230769
4173.84615384615
4175.38461538462
4178.46153846154
4182.05128205128
4174.35897435897
4165.12820512821
4168.71794871795
4171.28205128205
4169.23076923077
4169.23076923077
4169.23076923077
4177.94871794872
4185.64102564103
4182.5641025641
4181.02564102564
4183.58974358974
4184.61538461538
4181.53846153846
4176.92307692308
4173.84615384615
4174.35897435897
4171.79487179487
4167.17948717949
4166.15384615385
4167.17948717949
4171.28205128205
4172.82051282051
4171.28205128205
4169.74358974359
4159.48717948718
4150.25641025641
4158.97435897436
4171.28205128205
4169.74358974359
4161.02564102564
4158.46153846154
4165.64102564103
4171.79487179487
4163.58974358974
4154.8717948718
4156.92307692308
4155.38461538462
4155.38461538462
4164.61538461538
4172.82051282051
4167.17948717949
4155.38461538462
4158.46153846154
4171.28205128205
4171.28205128205
4163.07692307692
4166.66666666667
4170.76923076923
4163.07692307692
4159.48717948718
4164.61538461538
4171.28205128205
4173.84615384615
4170.76923076923
4164.10256410256
4166.66666666667
4173.33333333333
4172.30769230769
4173.33333333333
4177.4358974359
4172.82051282051
4166.66666666667
4169.74358974359
4172.82051282051
4170.76923076923
4168.20512820513
4169.23076923077
4172.82051282051
4172.30769230769
4168.20512820513
4167.17948717949
4176.41025641026
4185.12820512821
4185.64102564103
4185.12820512821
4185.64102564103
4184.10256410256
4184.10256410256
4185.64102564103
4182.5641025641
4180.51282051282
4183.07692307692
4186.66666666667
4187.69230769231
4185.64102564103
4184.61538461538
4185.64102564103
4184.10256410256
4182.05128205128
4182.05128205128
4183.58974358974
4185.12820512821
4186.15384615385
4184.61538461538
4183.07692307692
4185.12820512821
4189.23076923077
4189.23076923077
4184.10256410256
4183.58974358974
4186.66666666667
4186.66666666667
4185.64102564103
4186.66666666667
4184.10256410256
4183.07692307692
4193.84615384615
4201.53846153846
4192.82051282051
4189.23076923077
4197.4358974359
4196.92307692308
4187.17948717949
4183.58974358974
4186.15384615385
4186.66666666667
4184.10256410256
4181.02564102564
4182.05128205128
4183.07692307692
4181.02564102564
4181.53846153846
4185.12820512821
4185.64102564103
4184.61538461538
4185.64102564103
4185.64102564103
4184.61538461538
4184.10256410256
4182.5641025641
4183.07692307692
4184.10256410256
4181.53846153846
4181.02564102564
4185.64102564103
4186.15384615385
4179.48717948718
4170.25641025641
4169.23076923077
4177.94871794872
4180
4172.82051282051
4171.79487179487
4175.38461538462
4171.79487179487
4170.76923076923
4178.97435897436
4184.10256410256
4181.02564102564
4171.79487179487
4169.23076923077
4175.89743589744
4183.58974358974
4182.05128205128
4181.02564102564
4191.28205128205
4202.05128205128
4203.07692307692
4202.05128205128
4208.71794871795
4217.4358974359
4219.48717948718
4217.94871794872
4218.97435897436
4217.4358974359
4214.8717948718
4216.41025641026
4211.28205128205
4203.07692307692
4203.07692307692
4201.53846153846
4195.38461538462
4195.89743589744
4197.4358974359
4190.76923076923
4187.17948717949
4189.23076923077
4188.71794871795
4187.69230769231
4186.66666666667
4184.61538461538
4185.12820512821
4186.15384615385
4186.15384615385
4183.07692307692
4174.35897435897
4172.30769230769
4176.92307692308
4171.79487179487
4168.71794871795
4180
4181.02564102564
4168.71794871795
4166.66666666667
4170.25641025641
4167.69230769231
4168.71794871795
4169.74358974359
4165.12820512821
4164.61538461538
4169.74358974359
4169.74358974359
4166.15384615385
4168.71794871795
4176.41025641026
4170.25641025641
4155.38461538462
4157.94871794872
4172.30769230769
4167.17948717949
4155.38461538462
4156.41025641026
4157.94871794872
4160
4165.12820512821
4167.69230769231
4165.64102564103
4161.53846153846
4154.35897435897
4151.28205128205
4161.53846153846
4169.74358974359
4167.17948717949
4158.97435897436
4156.41025641026
4156.92307692308
4154.8717948718
4153.84615384615
4153.33333333333
4152.30769230769
4151.28205128205
4160
4168.71794871795
4162.5641025641
4153.33333333333
4155.89743589744
4161.53846153846
4161.02564102564
4158.46153846154
4153.84615384615
4153.84615384615
4161.02564102564
4161.53846153846
4152.82051282051
4151.28205128205
4160.51282051282
4161.02564102564
4153.33333333333
4153.33333333333
4157.4358974359
4155.38461538462
4152.30769230769
4152.30769230769
4150.25641025641
4148.71794871795
4153.33333333333
4157.4358974359
4158.46153846154
4156.41025641026
4154.35897435897
4157.4358974359
4158.97435897436
4154.8717948718
4152.30769230769
4155.89743589744
4158.46153846154
4156.41025641026
