F7
4040.51282051282
4045.64102564103
4042.5641025641
4044.10256410256
4054.8717948718
4070.76923076923
4087.17948717949
4096.92307692308
4109.74358974359
4125.12820512821
4122.5641025641
4110.25641025641
4115.89743589744
4124.61538461538
4122.05128205128
4117.94871794872
4106.66666666667
4093.33333333333
4087.69230769231
4086.15384615385
4087.69230769231
4090.25641025641
4080.51282051282
4070.76923076923
4073.33333333333
4076.41025641026
4076.41025641026
4079.48717948718
4083.07692307692
4075.38461538462
4062.5641025641
4065.64102564103
4076.92307692308
4073.84615384615
4060
4055.38461538462
4060
4058.97435897436
4053.33333333333
4058.46153846154
4058.97435897436
4048.20512820513
4054.35897435898
4069.23076923077
4067.69230769231
4062.5641025641
4068.20512820513
4068.71794871795
4063.07692307692
4060
4060
4060.51282051282
4058.46153846154
4057.4358974359
4058.97435897436
4062.5641025641
4064.10256410256
4058.97435897436
4049.23076923077
4046.15384615385
4047.17948717949
4043.07692307692
4036.41025641026
4033.84615384615
4045.12820512821
4053.84615384615
4042.05128205128
4031.79487179487
4040.51282051282
4046.66666666667
4045.64102564103
4051.28205128205
4050.76923076923
4047.17948717949
4053.84615384615
4060.51282051282
4064.61538461539
4062.05128205128
4050.25641025641
4048.20512820513
4055.89743589744
4053.33333333333
4047.69230769231
4049.74358974359
4048.20512820513
4045.12820512821
4047.17948717949
4053.84615384615
4056.92307692308
4054.35897435898
4053.33333333333
4058.46153846154
4061.53846153846
4052.30769230769
4043.58974358974
4057.94871794872
4078.46153846154
4076.41025641026
4070.25641025641
4077.94871794872
4081.02564102564
4072.82051282051
4067.69230769231
4066.15384615385
4064.10256410256
4072.30769230769
4086.66666666667
4090.25641025641
4090.76923076923
4097.4358974359
4097.4358974359
4090.76923076923
4087.17948717949
4083.07692307692
4083.07692307692
4090.76923076923
4091.79487179487
4093.84615384615
4099.48717948718
4108.71794871795
4116.92307692308
4113.84615384615
4107.17948717949
4107.17948717949
4110.25641025641
4106.66666666667
4101.02564102564
4101.02564102564
4106.15384615385
4109.74358974359
4104.61538461538
4102.5641025641
4105.64102564103
4102.05128205128
4095.38461538462
4092.82051282051
4094.35897435898
4098.97435897436
4101.02564102564
4094.35897435898
4096.92307692308
4108.20512820513
4107.69230769231
4101.53846153846
4105.12820512821
4105.12820512821
4101.02564102564
4098.46153846154
4090.25641025641
4090.76923076923
4106.15384615385
4111.79487179487
4095.38461538462
4084.10256410256
4089.74358974359
4092.82051282051
4090.25641025641
4091.79487179487
4092.30769230769
4091.28205128205
4099.48717948718
4107.69230769231
4102.05128205128
4093.33333333333
4089.74358974359
4086.15384615385
4079.48717948718
4081.02564102564
4088.20512820513
4087.69230769231
4081.53846153846
4079.48717948718
4084.10256410256
4081.53846153846
4075.89743589744
4079.48717948718
4088.71794871795
4096.41025641026
4094.8717948718
4088.71794871795
4090.76923076923
4097.94871794872
4096.41025641026
4094.8717948718
4105.64102564103
4111.79487179487
4104.61538461538
4089.74358974359
4086.15384615385
4101.53846153846
4105.12820512821
4089.74358974359
4092.30769230769
4106.15384615385
4098.46153846154
4084.10256410256
4082.5641025641
4080.51282051282
4080
4088.20512820513
4089.74358974359
4077.94871794872
4070.25641025641
4078.46153846154
4090.25641025641
4094.8717948718
4095.38461538462
4089.23076923077
4076.92307692308
4080.51282051282
4092.82051282051
4087.17948717949
4082.5641025641
4098.97435897436
4106.66666666667
4095.38461538462
4090.25641025641
4092.30769230769
4089.74358974359
4087.69230769231
4089.23076923077
4092.82051282051
4096.41025641026
4093.84615384615
4091.79487179487
4098.46153846154
4092.82051282051
4073.84615384615
4073.84615384615
4082.5641025641
4073.84615384615
4071.28205128205
4089.23076923077
4094.8717948718
4081.02564102564
4072.30769230769
4074.8717948718
4075.89743589744
4078.46153846154
4076.41025641026
4067.69230769231
4067.69230769231
4073.33333333333
4068.71794871795
4062.5641025641
4063.58974358974
4068.20512820513
4075.38461538462
4075.38461538462
4065.12820512821
4061.02564102564
4061.53846153846
4060
4058.46153846154
4060
4061.53846153846
4061.02564102564
4062.05128205128
4062.05128205128
4058.46153846154
4057.94871794872
4063.07692307692
4064.10256410256
4059.48717948718
4060
4060
4053.84615384615
4048.71794871795
4048.71794871795
4053.84615384615
4055.89743589744
4051.79487179487
4053.33333333333
4061.02564102564
4061.53846153846
4059.48717948718
4057.94871794872
4049.74358974359
4052.82051282051
4067.69230769231
4066.66666666667
4051.28205128205
4047.69230769231
4060
4068.20512820513
4060
4053.84615384615
4060
4060
4055.89743589744
4057.94871794872
4055.38461538462
4048.20512820513
4049.74358974359
4052.30769230769
4057.94871794872
4071.79487179487
4077.4358974359
4069.74358974359
4062.05128205128
4058.97435897436
4057.94871794872
4057.94871794872
4054.8717948718
4045.64102564103
4041.02564102564
4055.38461538462
4073.84615384615
4074.35897435898
4065.12820512821
4065.12820512821
4075.89743589744
4081.02564102564
4076.41025641026
4078.46153846154
4073.33333333333
4058.46153846154
4062.05128205128
4076.41025641026
4064.61538461539
4046.15384615385
4051.79487179487
4063.07692307692
4061.53846153846
4055.38461538462
4057.94871794872
4062.5641025641
4054.8717948718
4049.74358974359
4057.94871794872
4062.05128205128
4054.8717948718
4050.76923076923
4051.79487179487
4051.28205128205
4056.41025641026
4061.02564102564
4054.35897435898
4050.25641025641
4055.38461538462
4062.5641025641
4066.66666666667
4064.61538461539
4060
4058.97435897436
4054.35897435898
4047.69230769231
4051.28205128205
4058.46153846154
4061.02564102564
4058.97435897436
4058.46153846154
4071.28205128205
4077.4358974359
4067.69230769231
4064.10256410256
4065.12820512821
4063.07692307692
4069.23076923077
4071.79487179487
4064.61538461539
4070.76923076923
4081.02564102564
4083.58974358974
4091.28205128205
4098.46153846154
4093.33333333333
4086.15384615385
4081.02564102564
4076.92307692308
4078.46153846154
4074.8717948718
4070.25641025641
4075.38461538462
4073.33333333333
4062.5641025641
4062.05128205128
4065.64102564103
4059.48717948718
4055.89743589744
4059.48717948718
4061.02564102564
4062.05128205128
4058.46153846154
4049.74358974359
4053.33333333333
4063.07692307692
4059.48717948718
4053.84615384615
4050.25641025641
4038.97435897436
4034.8717948718
4043.07692307692
4048.71794871795
4050.25641025641
4052.30769230769
4049.74358974359
4048.71794871795
4053.84615384615
4048.71794871795
4038.46153846154
4041.02564102564
4048.20512820513
4045.12820512821
4037.94871794872
4038.97435897436
4044.10256410256
4049.23076923077
4047.17948717949
4042.05128205128
4036.92307692308
4029.23076923077
4029.23076923077
4027.69230769231
4020.51282051282
4028.20512820513
4034.8717948718
4024.61538461539
4020.51282051282
4030.76923076923
4033.84615384615
4033.33333333333
4035.89743589744
4034.35897435898
4037.4358974359
4042.05128205128
4036.41025641026
4031.79487179487
4039.48717948718
4047.17948717949
4045.64102564103
4042.05128205128
4042.05128205128
4049.74358974359
4055.38461538462
4052.82051282051
4052.30769230769
4049.23076923077
4034.35897435898
4027.69230769231
4043.58974358974
4054.8717948718
4045.12820512821
4040.51282051282
4051.79487179487
4056.41025641026
4050.25641025641
4050.25641025641
4053.33333333333
4044.61538461539
4040.51282051282
4050.25641025641
4055.89743589744
4057.4358974359
4060.51282051282
4063.07692307692
4058.97435897436
4053.84615384615
4055.38461538462
4057.94871794872
4054.35897435898
4048.71794871795
4049.74358974359
4054.35897435898
4052.82051282051
4039.48717948718
4032.30769230769
4041.53846153846
4047.17948717949
4051.28205128205
4058.46153846154
4049.74358974359
4035.89743589744
4041.53846153846
4050.25641025641
4041.53846153846
4034.8717948718
4044.61538461539
4055.38461538462
4052.82051282051
4049.23076923077
4051.28205128205
4045.64102564103
4035.38461538462
4031.79487179487
4034.35897435898
4041.53846153846
4044.10256410256
4035.38461538462
4034.35897435898
4043.58974358974
4043.07692307692
4034.8717948718
4030.76923076923
4029.74358974359
4038.46153846154
4051.79487179487
4046.15384615385
4031.79487179487
4033.84615384615
4046.66666666667
4055.38461538462
4053.33333333333
4044.61538461539
4045.64102564103
4055.89743589744
4052.82051282051
4049.23076923077
4065.12820512821
4072.30769230769
4060
4061.02564102564
4074.8717948718
4075.38461538462
4066.15384615385
4061.53846153846
4057.4358974359
4051.79487179487
4051.28205128205
4050.76923076923
4051.28205128205
4056.92307692308
4063.07692307692
4065.12820512821
4060.51282051282
4052.82051282051
4051.28205128205
4058.46153846154
4062.5641025641
4057.94871794872
4047.17948717949
4042.5641025641
4051.28205128205
4065.12820512821
4073.33333333333
4070.76923076923
4061.02564102564
4058.97435897436
4065.64102564103
4069.74358974359
4068.71794871795
4060
4057.94871794872
4069.23076923077
4064.10256410256
4047.69230769231
4052.82051282051
4061.53846153846
4053.33333333333
4050.25641025641
4055.38461538462
4058.46153846154
4066.15384615385
4066.66666666667
4060.51282051282
4061.53846153846
4062.5641025641
4058.46153846154
4057.4358974359
4058.46153846154
4056.41025641026
4056.41025641026
4056.92307692308
4058.97435897436
4068.20512820513
4073.33333333333
4068.20512820513
4065.12820512821
4068.20512820513
4066.15384615385
4059.48717948718
4056.41025641026
4060
4070.25641025641
4074.35897435898
4063.07692307692
4049.74358974359
4053.84615384615
4062.5641025641
4061.02564102564
4062.5641025641
4071.28205128205
4070.76923076923
4057.94871794872
4047.17948717949
4051.28205128205
4061.02564102564
4053.84615384615
4041.02564102564
4053.84615384615
4065.64102564103
4049.23076923077
4033.84615384615
4041.53846153846
4052.30769230769
4058.46153846154
4058.97435897436
4055.89743589744
4057.4358974359
4062.05128205128
4064.61538461539
4065.12820512821
4056.92307692308
4046.15384615385
4051.28205128205
4053.84615384615
4041.53846153846
4045.12820512821
4061.02564102564
4063.58974358974
4061.02564102564
4055.89743589744
4046.66666666667
4048.71794871795
4060
4060
4058.46153846154
4060.51282051282
4053.84615384615
4048.71794871795
4054.8717948718
4060
4054.8717948718
4045.64102564103
4042.05128205128
4048.20512820513
4058.46153846154
4060.51282051282
4053.33333333333
4050.25641025641
4053.33333333333
4063.07692307692
4064.10256410256
4051.79487179487
4051.28205128205
4058.97435897436
4053.84615384615
4052.82051282051
4062.5641025641
4060.51282051282
4050.76923076923
4052.82051282051
4054.35897435898
4051.79487179487
4051.28205128205
4050.25641025641
4051.79487179487
4051.79487179487
4040.51282051282
4031.79487179487
4041.53846153846
4050.76923076923
4039.48717948718
4032.30769230769
4041.02564102564
4043.58974358974
4034.8717948718
4031.79487179487
4041.02564102564
4045.64102564103
4039.48717948718
4034.8717948718
4034.35897435898
4029.23076923077
4023.07692307692
4028.20512820513
4041.02564102564
4049.74358974359
4046.15384615385
4043.58974358974
4056.41025641026
4060.51282051282
4043.58974358974
4033.84615384615
4045.64102564103
4060
4058.97435897436
4050.25641025641
4054.8717948718
4065.64102564103
4065.12820512821
4062.5641025641
4061.02564102564
4052.82051282051
4048.20512820513
4052.30769230769
4053.84615384615
4048.71794871795
4045.64102564103
4051.28205128205
4053.84615384615
4044.61538461539
4045.64102564103
4056.92307692308
4058.97435897436
4056.92307692308
4059.48717948718
4058.46153846154
4057.94871794872
4062.5641025641
4056.92307692308
4050.76923076923
4051.79487179487
4050.25641025641
4054.35897435898
4062.05128205128
4055.38461538462
4048.71794871795
4056.92307692308
4057.4358974359
4048.20512820513
4053.33333333333
4063.07692307692
4063.07692307692
4062.5641025641
4069.23076923077
4070.76923076923
4062.05128205128
4059.48717948718
4063.07692307692
4063.07692307692
4060
4051.28205128205
4045.12820512821
4049.23076923077
4052.30769230769
4054.35897435898
4058.97435897436
4055.89743589744
4052.30769230769
4060.51282051282
4064.10256410256
4057.4358974359
4051.79487179487
4056.92307692308
4068.20512820513
4069.74358974359
4069.74358974359
4075.38461538462
4078.46153846154
4074.35897435898
4066.66666666667
4066.15384615385
4071.28205128205
4063.07692307692
4050.25641025641
4055.38461538462
4057.4358974359
4047.69230769231
4052.30769230769
4061.02564102564
4058.97435897436
4062.05128205128
4063.58974358974
4060.51282051282
4069.74358974359
4077.4358974359
4073.84615384615
4074.35897435898
4077.4358974359
4079.48717948718
4082.5641025641
4083.07692307692
4088.71794871795
4101.53846153846
4108.20512820513
4107.69230769231
4106.15384615385
4105.12820512821
4106.66666666667
4105.12820512821
4099.48717948718
4094.8717948718
4087.69230769231
4081.02564102564
4078.46153846154
4069.23076923077
4057.94871794872
4056.41025641026
4058.97435897436
4056.41025641026
4054.8717948718
4058.46153846154
4058.97435897436
4051.28205128205
4047.69230769231
4056.41025641026
4062.5641025641
4063.07692307692
4063.58974358974
4052.82051282051
4042.05128205128
4048.71794871795
4053.84615384615
4050.25641025641
4049.23076923077
4045.64102564103
4047.69230769231
4059.48717948718
4057.94871794872
4053.33333333333
4061.02564102564
4057.94871794872
4048.71794871795
4050.25641025641
4052.82051282051
4055.38461538462
4055.89743589744
4041.02564102564
4032.30769230769
4049.23076923077
4065.12820512821
4061.02564102564
4050.25641025641
4044.61538461539
4050.25641025641
4060.51282051282
4054.8717948718
4045.12820512821
4050.76923076923
4049.74358974359
4035.89743589744
4029.74358974359
4034.8717948718
4035.38461538462
4032.30769230769
4038.46153846154
4048.20512820513
4051.79487179487
4054.8717948718
4057.94871794872
4048.20512820513
4032.82051282051
4032.82051282051
4045.12820512821
4050.25641025641
4042.5641025641
4034.35897435898
4043.07692307692
4051.79487179487
4043.07692307692
4036.92307692308
4045.64102564103
4050.25641025641
4036.92307692308
4025.12820512821
4034.8717948718
4047.69230769231
4041.53846153846
4030.25641025641
4034.35897435898
4036.41025641026
4035.89743589744
4044.61538461539
4046.15384615385
4034.35897435898
4033.84615384615
4048.20512820513
4051.28205128205
4039.48717948718
4029.23076923077
4026.66666666667
4027.69230769231
4029.74358974359
4037.94871794872
4046.15384615385
4046.15384615385
4044.10256410256
4044.10256410256
4038.97435897436
4033.84615384615
4034.35897435898
4037.4358974359
4036.41025641026
4029.74358974359
4026.66666666667
4031.28205128205
4036.41025641026
4042.05128205128
4043.07692307692
4037.94871794872
4034.8717948718
4035.89743589744
4030.25641025641
4026.15384615385
4030.76923076923
4040
4044.61538461539
4036.92307692308
4031.28205128205
4039.48717948718
4046.66666666667
4045.12820512821
4040.51282051282
4036.92307692308
4033.84615384615
4029.74358974359
4027.17948717949
4027.69230769231
4027.17948717949
4030.76923076923
4042.5641025641
4046.15384615385
4038.46153846154
4034.8717948718
4035.38461538462
4036.41025641026
4032.82051282051
4031.28205128205
4036.92307692308
4034.8717948718
4024.10256410256
4024.10256410256
4035.89743589744
4042.5641025641
4043.07692307692
4046.15384615385
4050.76923076923
4052.82051282051
4052.30769230769
4051.79487179487
4053.33333333333
4058.46153846154
4060
4048.20512820513
4038.46153846154
4038.97435897436
4041.02564102564
4043.07692307692
4048.20512820513
4051.79487179487
4050.25641025641
4051.79487179487
4065.12820512821
4073.84615384615
4061.53846153846
4049.74358974359
4050.76923076923
4052.82051282051
4054.8717948718
4057.94871794872
4054.35897435898
4048.20512820513
4053.84615384615
4056.92307692308
4052.82051282051
4050.25641025641
4048.71794871795
4052.82051282051
4062.05128205128
4064.61538461539
4060
4056.41025641026
4058.46153846154
4070.76923076923
4077.4358974359
4065.12820512821
4058.46153846154
4062.05128205128
4061.53846153846
4061.53846153846
4066.66666666667
4075.89743589744
4087.17948717949
4090.76923076923
4092.30769230769
4102.5641025641
4107.69230769231
4104.10256410256
4110.25641025641
4119.48717948718
4124.10256410256
4123.07692307692
4116.41025641026
4117.4358974359
4118.97435897436
4108.71794871795
4102.05128205128
4103.58974358974
4096.41025641026
4089.23076923077
4093.33333333333
4090.76923076923
4088.71794871795
4092.82051282051
4086.66666666667
4075.89743589744
4077.94871794872
4086.15384615385
4082.05128205128
4072.82051282051
4074.8717948718
4079.48717948718
4072.30769230769
4062.05128205128
4062.05128205128
4062.5641025641
4059.48717948718
4059.48717948718
4059.48717948718
4057.4358974359
4060.51282051282
4063.58974358974
4059.48717948718
4055.89743589744
4064.10256410256
4074.35897435898
4075.38461538462
4073.33333333333
4073.33333333333
4072.30769230769
4071.28205128205
4077.4358974359
4084.61538461539
4081.53846153846
4068.20512820513
4059.48717948718
4073.33333333333
4087.17948717949
4075.38461538462
4066.15384615385
4075.89743589744
4081.53846153846
4073.33333333333
4071.28205128205
4077.4358974359
4076.92307692308
4074.8717948718
4077.4358974359
4074.35897435898
4065.12820512821
4067.69230769231
4077.94871794872
4074.8717948718
4065.64102564103
4063.58974358974
4068.20512820513
4072.82051282051
4074.8717948718
4074.35897435898
4078.97435897436
4087.17948717949
4088.71794871795
4079.48717948718
4071.28205128205
4076.41025641026
4085.64102564103
4077.94871794872
4062.5641025641
4066.66666666667
4078.97435897436
4076.41025641026
4072.82051282051
4076.92307692308
4075.38461538462
4069.74358974359
4070.25641025641
4073.84615384615
4077.4358974359
4072.30769230769
4060.51282051282
4062.5641025641
4072.30769230769
4068.71794871795
4061.53846153846
4063.07692307692
4060.51282051282
4056.92307692308
4060.51282051282
4060.51282051282
4062.05128205128
4067.17948717949
4067.69230769231
4069.74358974359
4073.84615384615
4075.38461538462
4075.38461538462
4075.38461538462
4068.71794871795
4065.64102564103
4075.89743589744
4078.46153846154
4066.66666666667
4065.12820512821
4078.97435897436
4077.94871794872
4064.10256410256
4065.64102564103
4073.33333333333
4072.82051282051
4072.30769230769
4070.76923076923
4069.74358974359
4073.84615384615
4077.4358974359
4073.33333333333
4067.69230769231
4065.12820512821
4068.71794871795
4073.84615384615
4076.41025641026
4076.41025641026
4070.25641025641
4070.25641025641
4080
4077.4358974359
4067.17948717949
4074.8717948718
4088.20512820513
4078.46153846154
4065.12820512821
4070.25641025641
4081.02564102564
4080.51282051282
4070.25641025641
4062.5641025641
4061.53846153846
4064.10256410256
4065.64102564103
4061.53846153846
4057.4358974359
4060.51282051282
4068.20512820513
4069.74358974359
4065.64102564103
4065.12820512821
4069.23076923077
4074.35897435898
4078.97435897436
4078.46153846154
4072.30769230769
4067.17948717949
4067.17948717949
4072.30769230769
4075.89743589744
4077.4358974359
4075.89743589744
4070.76923076923
4064.10256410256
4067.17948717949
4074.8717948718
4070.25641025641
4063.07692307692
4064.61538461539
4071.28205128205
4072.30769230769
4066.15384615385
4064.10256410256
4068.71794871795
4068.71794871795
4064.10256410256
4065.64102564103
4067.17948717949
4062.05128205128
4059.48717948718
4063.07692307692
4063.58974358974
4066.66666666667
4068.71794871795
4056.92307692308
4055.38461538462
4071.28205128205
4074.8717948718
4064.10256410256
4056.92307692308
4059.48717948718
4072.30769230769
4077.94871794872
4062.05128205128
4057.94871794872
4071.28205128205
4064.10256410256
4046.15384615385
4055.38461538462
4074.35897435898
4072.30769230769
4063.07692307692
4064.61538461539
4068.71794871795
4064.61538461539
4055.38461538462
4052.82051282051
4061.53846153846
4070.25641025641
4072.30769230769
4073.84615384615
4071.79487179487
4072.30769230769
4086.15384615385
4095.89743589744
4096.41025641026
4100.51282051282
4108.20512820513
4108.71794871795
4098.97435897436
4094.35897435898
4101.53846153846
4108.71794871795
4097.94871794872
4082.05128205128
4077.94871794872
4081.02564102564
4077.94871794872
4063.07692307692
4056.92307692308
4066.66666666667
4070.25641025641
4058.97435897436
4047.17948717949
4050.25641025641
4062.05128205128
4067.69230769231
4059.48717948718
4048.71794871795
4051.79487179487
4060.51282051282
4055.89743589744
4047.69230769231
4043.58974358974
4037.94871794872
4037.94871794872
4048.20512820513
4057.94871794872
4060
4055.38461538462
4044.10256410256
4035.89743589744
4038.46153846154
4052.30769230769
4061.53846153846
4056.41025641026
4050.25641025641
4051.79487179487
4050.76923076923
4046.66666666667
4044.61538461539
4040
4037.94871794872
4035.89743589744
4028.71794871795
4029.74358974359
4037.94871794872
4036.92307692308
4034.8717948718
4035.89743589744
4031.28205128205
4026.66666666667
4027.69230769231
4032.82051282051
4043.07692307692
4043.58974358974
4035.38461538462
4039.48717948718
4047.69230769231
4045.64102564103
4044.10256410256
4044.10256410256
4039.48717948718
4030.25641025641
4021.02564102564
4023.07692307692
4037.94871794872
4045.64102564103
4041.53846153846
4040.51282051282
4047.17948717949
4048.20512820513
4046.66666666667
4051.79487179487
4058.46153846154
4054.35897435898
4045.64102564103
4044.61538461539
4045.64102564103
4044.61538461539
4043.58974358974
4043.07692307692
4044.10256410256
4045.12820512821
4042.05128205128
4032.30769230769
4033.84615384615
4044.61538461539
4045.64102564103
4042.5641025641
4039.48717948718
4036.41025641026
4038.46153846154
4046.15384615385
4053.33333333333
4054.35897435898
4054.35897435898
4060.51282051282
4064.10256410256
4057.94871794872
4056.41025641026
4061.53846153846
4058.46153846154
4051.28205128205
4048.71794871795
