O2
4000
3997.94871794872
3993.33333333333
4000
4012.30769230769
4017.4358974359
4021.02564102564
4032.30769230769
4038.97435897436
4038.46153846154
4035.89743589744
4033.33333333333
4038.46153846154
4045.12820512821
4044.10256410256
4042.5641025641
4040
4028.20512820513
4020
4018.97435897436
4016.92307692308
4010.25641025641
4005.64102564103
4003.58974358974
3996.41025641026
3988.71794871795
3988.20512820513
3990.25641025641
3988.20512820513
3987.69230769231
3987.69230769231
3983.07692307692
3980
3977.4358974359
3973.33333333333
3974.8717948718
3973.33333333333
3961.53846153846
3960.51282051282
3972.82051282051
3968.71794871795
3955.38461538462
3961.02564102564
3975.89743589744
3978.97435897436
3976.92307692308
3976.41025641026
3977.4358974359
3977.94871794872
3972.82051282051
3969.74358974359
3974.35897435898
3971.28205128205
3967.69230769231
3983.07692307692
3992.82051282051
3982.5641025641
3973.33333333333
3971.28205128205
3972.82051282051
3973.33333333333
3965.12820512821
3953.33333333333
3953.33333333333
3969.74358974359
3975.89743589744
3957.94871794872
3948.71794871795
3956.92307692308
3958.46153846154
3958.97435897436
3964.61538461539
3958.46153846154
3957.94871794872
3967.17948717949
3966.66666666667
3968.71794871795
3972.30769230769
3963.58974358974
3959.48717948718
3967.69230769231
3973.33333333333
3970.25641025641
3972.82051282051
3973.33333333333
3962.5641025641
3956.41025641026
3967.17948717949
3979.48717948718
3975.38461538462
3970.76923076923
3975.89743589744
3979.48717948718
3973.33333333333
3967.17948717949
3977.4358974359
3992.82051282051
3989.23076923077
3982.05128205128
3990.76923076923
3996.41025641026
3989.23076923077
3985.12820512821
3984.61538461539
3983.58974358974
3986.15384615385
3989.74358974359
3993.84615384615
3997.4358974359
3993.84615384615
3990.25641025641
3989.74358974359
3988.20512820513
3988.71794871795
3989.23076923077
3986.15384615385
3990.25641025641
4000
4004.10256410256
4004.10256410256
4004.10256410256
4002.5641025641
4002.05128205128
4002.5641025641
4008.20512820513
4014.35897435898
4017.4358974359
4015.89743589744
4010.76923076923
4009.23076923077
4012.82051282051
4014.35897435898
4009.74358974359
4005.12820512821
4003.58974358974
4004.10256410256
4003.58974358974
4000
4005.64102564103
4015.89743589744
4013.33333333333
4003.58974358974
4003.58974358974
4005.12820512821
4001.53846153846
4006.15384615385
4011.28205128205
4006.15384615385
4000.51282051282
4001.53846153846
4007.69230769231
4011.79487179487
4007.69230769231
3996.92307692308
3996.92307692308
4007.69230769231
4005.12820512821
3988.71794871795
3990.25641025641
4007.17948717949
4010.25641025641
4005.12820512821
4003.58974358974
4003.07692307692
4001.53846153846
3997.4358974359
3990.25641025641
3988.20512820513
3988.71794871795
3986.66666666667
3986.15384615385
3986.66666666667
3987.17948717949
3989.23076923077
3990.25641025641
3994.35897435898
4000
4003.58974358974
4004.10256410256
4005.64102564103
4006.15384615385
4004.10256410256
4007.69230769231
4014.35897435898
4016.92307692308
4017.94871794872
4014.8717948718
4003.58974358974
4001.02564102564
4015.89743589744
4022.5641025641
4015.38461538462
4015.38461538462
4015.89743589744
4009.23076923077
4008.71794871795
4013.84615384615
4015.38461538462
4011.28205128205
4006.66666666667
4006.66666666667
4008.20512820513
4005.64102564103
4003.07692307692
4006.66666666667
4011.79487179487
4015.38461538462
4015.38461538462
4012.30769230769
4015.38461538462
4019.48717948718
4009.74358974359
4004.61538461539
4015.89743589744
4018.46153846154
4006.66666666667
4000.51282051282
4005.64102564103
4015.38461538462
4022.5641025641
4018.97435897436
4018.97435897436
4025.64102564103
4027.17948717949
4020.51282051282
4007.69230769231
3997.94871794872
4000.51282051282
4010.25641025641
4006.15384615385
3989.23076923077
3993.84615384615
4019.48717948718
4026.66666666667
4010.76923076923
4005.64102564103
4006.66666666667
4007.17948717949
4012.30769230769
4011.28205128205
4005.12820512821
4003.58974358974
3997.4358974359
3986.15384615385
3989.74358974359
4005.64102564103
4015.38461538462
4011.79487179487
4004.10256410256
4002.5641025641
3999.48717948718
3990.25641025641
3985.64102564103
3988.71794871795
3991.28205128205
3991.28205128205
3988.20512820513
3991.28205128205
4002.05128205128
4003.07692307692
3992.82051282051
3989.23076923077
3990.76923076923
3989.74358974359
3995.38461538462
4001.02564102564
3992.30769230769
3985.64102564103
3989.74358974359
3991.28205128205
3987.69230769231
3988.71794871795
3991.28205128205
3989.23076923077
3988.20512820513
3993.84615384615
4003.58974358974
4006.15384615385
3999.48717948718
3996.92307692308
4003.07692307692
4006.66666666667
3999.48717948718
3995.89743589744
4004.61538461539
4011.28205128205
4007.17948717949
4002.05128205128
4003.58974358974
4005.64102564103
4004.10256410256
4001.02564102564
4002.05128205128
4004.61538461539
4002.05128205128
4002.05128205128
4012.30769230769
4017.4358974359
4009.74358974359
4001.02564102564
4001.53846153846
4004.10256410256
4004.61538461539
4004.61538461539
4000.51282051282
3997.4358974359
3996.41025641026
3997.4358974359
4001.53846153846
4004.10256410256
4003.58974358974
4005.12820512821
4012.82051282051
4008.71794871795
3994.35897435898
3989.23076923077
3998.46153846154
3997.94871794872
3989.23076923077
3993.84615384615
3997.94871794872
3989.23076923077
3988.20512820513
3997.94871794872
3999.48717948718
3992.82051282051
3990.25641025641
3989.23076923077
3990.25641025641
3998.46153846154
4006.15384615385
4001.53846153846
3995.89743589744
3997.4358974359
3997.4358974359
3996.41025641026
3993.84615384615
3989.23076923077
3986.66666666667
3986.66666666667
3991.79487179487
3997.4358974359
3994.35897435898
3987.17948717949
3990.76923076923
4002.5641025641
4003.07692307692
3987.17948717949
3988.20512820513
4009.23076923077
4010.76923076923
4002.05128205128
4008.20512820513
4010.76923076923
4004.61538461539
4004.10256410256
4006.66666666667
4009.74358974359
4016.92307692308
4020.51282051282
4023.07692307692
4028.20512820513
4031.79487179487
4036.92307692308
4048.20512820513
4059.48717948718
4060
4051.28205128205
4046.15384615385
4051.28205128205
4050.76923076923
4040
4032.82051282051
4029.74358974359
4023.07692307692
4016.92307692308
4018.97435897436
4024.10256410256
4018.97435897436
4007.17948717949
4007.69230769231
4008.20512820513
3993.84615384615
3984.10256410256
3989.74358974359
3997.94871794872
4005.64102564103
4006.66666666667
3996.92307692308
3988.20512820513
3986.66666666667
3986.66666666667
3987.17948717949
3991.79487179487
3998.97435897436
4003.07692307692
3997.94871794872
3989.23076923077
3988.71794871795
3990.25641025641
3990.25641025641
3989.23076923077
3986.66666666667
3986.15384615385
3990.76923076923
3991.79487179487
3985.64102564103
3988.71794871795
3992.30769230769
3980.51282051282
3969.23076923077
3971.28205128205
3970.76923076923
3966.66666666667
3970.76923076923
3975.89743589744
3973.84615384615
3970.76923076923
3973.33333333333
3975.89743589744
3973.84615384615
3974.8717948718
3975.38461538462
3972.82051282051
3977.94871794872
3983.58974358974
3974.8717948718
3968.20512820513
3977.94871794872
3986.15384615385
3986.15384615385
3984.61538461539
3984.61538461539
3988.20512820513
3991.79487179487
3992.82051282051
3995.89743589744
3996.92307692308
3983.07692307692
3973.33333333333
3985.12820512821
3995.38461538462
3988.20512820513
3985.64102564103
3992.30769230769
3992.30769230769
3990.25641025641
3988.71794871795
3989.74358974359
3995.38461538462
3994.35897435898
3985.64102564103
3987.69230769231
4000.51282051282
4006.66666666667
4007.17948717949
4005.12820512821
3998.46153846154
3998.97435897436
4002.05128205128
3994.8717948718
3988.20512820513
3989.74358974359
3982.5641025641
3974.35897435898
3974.35897435898
3976.41025641026
3982.5641025641
3992.82051282051
3990.25641025641
3980
3986.15384615385
3998.97435897436
3996.41025641026
3987.17948717949
3982.5641025641
3980
3984.10256410256
3997.4358974359
4003.58974358974
4003.07692307692
4003.07692307692
3996.92307692308
3992.30769230769
3997.4358974359
4000.51282051282
3996.92307692308
3994.35897435898
3995.89743589744
3996.41025641026
3998.46153846154
4002.5641025641
4001.02564102564
3994.35897435898
3992.30769230769
3996.92307692308
3996.92307692308
3992.82051282051
3987.69230769231
3989.23076923077
4002.05128205128
4007.17948717949
3993.84615384615
3991.28205128205
4005.64102564103
4009.23076923077
4001.02564102564
4001.02564102564
4007.69230769231
4007.17948717949
3997.94871794872
3995.38461538462
4004.61538461539
4008.71794871795
4003.07692307692
3997.4358974359
3995.38461538462
3993.33333333333
3991.28205128205
3989.23076923077
3991.79487179487
3995.89743589744
3992.30769230769
3988.20512820513
3990.25641025641
3994.35897435898
3994.35897435898
3996.92307692308
4005.64102564103
4005.64102564103
3994.35897435898
3988.20512820513
3994.8717948718
4002.5641025641
4000.51282051282
3990.76923076923
3986.15384615385
3994.35897435898
4005.12820512821
4009.74358974359
4007.69230769231
3998.46153846154
3995.89743589744
3997.94871794872
3994.35897435898
3989.74358974359
3988.71794871795
3991.79487179487
3999.48717948718
4004.61538461539
4002.05128205128
3998.97435897436
3998.97435897436
4002.05128205128
4005.64102564103
3999.48717948718
3995.38461538462
4002.5641025641
4000.51282051282
3987.17948717949
3988.71794871795
4002.05128205128
4006.15384615385
4004.61538461539
4007.69230769231
4007.69230769231
3998.97435897436
3997.4358974359
4004.61538461539
4004.61538461539
4002.5641025641
4003.07692307692
4000.51282051282
4004.10256410256
4007.69230769231
3993.84615384615
3982.5641025641
3996.41025641026
4006.66666666667
3995.89743589744
3987.69230769231
3991.28205128205
3990.76923076923
3987.17948717949
3987.69230769231
3982.5641025641
3980.51282051282
3991.79487179487
3993.84615384615
3989.74358974359
3993.33333333333
3996.92307692308
3991.28205128205
3983.58974358974
3985.12820512821
3996.41025641026
4004.10256410256
4003.58974358974
4003.58974358974
4001.02564102564
3998.46153846154
4001.53846153846
3996.92307692308
3989.23076923077
3990.76923076923
3992.30769230769
3987.69230769231
3990.76923076923
3996.92307692308
3994.8717948718
3990.25641025641
3986.66666666667
3986.66666666667
3996.41025641026
4006.15384615385
4002.05128205128
3994.8717948718
4000.51282051282
4007.17948717949
3998.46153846154
3988.71794871795
3993.33333333333
3995.38461538462
3986.15384615385
3981.53846153846
3987.69230769231
3993.84615384615
3996.92307692308
3998.46153846154
3997.94871794872
3994.8717948718
3999.48717948718
4004.61538461539
3995.89743589744
3995.89743589744
4006.15384615385
3997.4358974359
3986.15384615385
3996.92307692308
4007.17948717949
4004.10256410256
4001.53846153846
4000.51282051282
3997.4358974359
3998.97435897436
4003.07692307692
4000
3991.28205128205
3985.12820512821
3986.66666666667
3996.92307692308
4008.20512820513
4004.10256410256
3987.69230769231
3983.07692307692
3987.69230769231
3981.02564102564
3970.76923076923
3976.41025641026
3991.79487179487
3992.82051282051
3976.92307692308
3971.28205128205
3981.02564102564
3980
3973.33333333333
3985.64102564103
3995.89743589744
3989.74358974359
3992.82051282051
3998.97435897436
3995.89743589744
4001.02564102564
4001.02564102564
3991.28205128205
3997.94871794872
4009.23076923077
4004.61538461539
4003.07692307692
4009.23076923077
4006.15384615385
4008.20512820513
4014.35897435898
4010.76923076923
4002.5641025641
3998.46153846154
4002.5641025641
4004.10256410256
3994.35897435898
3988.71794871795
3998.97435897436
4007.69230769231
4005.12820512821
4004.61538461539
4005.64102564103
3999.48717948718
3996.41025641026
4003.07692307692
4006.66666666667
4004.61538461539
4001.53846153846
3997.94871794872
3991.79487179487
3990.25641025641
4000
4007.69230769231
3997.94871794872
3987.17948717949
3990.25641025641
3992.30769230769
3986.66666666667
3989.74358974359
3999.48717948718
3998.46153846154
3990.25641025641
3994.35897435898
4004.61538461539
4003.07692307692
3994.8717948718
3989.23076923077
3991.28205128205
3996.41025641026
3992.30769230769
3987.17948717949
3989.23076923077
3988.20512820513
3986.66666666667
3992.82051282051
3994.8717948718
3985.64102564103
3982.5641025641
3990.25641025641
3991.28205128205
3992.30769230769
3999.48717948718
3994.35897435898
3988.71794871795
4006.15384615385
4016.92307692308
4007.17948717949
4003.58974358974
4007.69230769231
4007.69230769231
4007.17948717949
4000.51282051282
3991.28205128205
3990.76923076923
3988.71794871795
3988.71794871795
4001.02564102564
4007.17948717949
4000
4002.5641025641
4007.69230769231
4001.02564102564
4003.07692307692
4017.4358974359
4022.5641025641
4012.82051282051
4009.23076923077
4020.51282051282
4029.23076923077
4031.28205128205
4033.33333333333
4036.92307692308
4047.69230769231
4062.05128205128
4063.58974358974
4055.38461538462
4055.89743589744
4059.48717948718
4055.38461538462
4043.07692307692
4033.84615384615
4038.97435897436
4037.94871794872
4021.53846153846
4015.89743589744
4020
4012.30769230769
4003.07692307692
4004.61538461539
4007.17948717949
4003.58974358974
3996.41025641026
3994.8717948718
4003.07692307692
4006.66666666667
4000.51282051282
3999.48717948718
3999.48717948718
3994.8717948718
3990.76923076923
3983.58974358974
3981.02564102564
3987.69230769231
3991.28205128205
3988.71794871795
3988.20512820513
3988.20512820513
3991.28205128205
3997.94871794872
3997.94871794872
3998.46153846154
4004.10256410256
4003.07692307692
4002.5641025641
4004.61538461539
3997.94871794872
3996.92307692308
4006.15384615385
4006.66666666667
4002.05128205128
4002.5641025641
4002.05128205128
4003.58974358974
4002.05128205128
3991.79487179487
3988.71794871795
3992.30769230769
3990.76923076923
3991.79487179487
3987.69230769231
3975.89743589744
3978.97435897436
3990.25641025641
3991.79487179487
3996.41025641026
4005.64102564103
4005.64102564103
4007.17948717949
4005.12820512821
3988.71794871795
3984.10256410256
4000
4009.23076923077
4004.10256410256
3997.4358974359
3998.97435897436
4003.58974358974
3998.46153846154
3994.35897435898
3997.4358974359
3995.38461538462
3990.25641025641
3989.74358974359
3989.23076923077
3991.79487179487
3991.79487179487
3982.05128205128
3985.12820512821
3996.92307692308
4001.02564102564
4002.5641025641
3998.97435897436
3987.17948717949
3987.69230769231
4000
3998.46153846154
3989.74358974359
3985.12820512821
3981.02564102564
3983.07692307692
3989.23076923077
3991.28205128205
3996.92307692308
4009.74358974359
4006.15384615385
3995.38461538462
3995.38461538462
3996.41025641026
3989.23076923077
3989.74358974359
3997.94871794872
3994.35897435898
3989.23076923077
3999.48717948718
4007.17948717949
3996.92307692308
3991.28205128205
3998.46153846154
4000
3993.84615384615
3991.28205128205
3992.30769230769
3987.17948717949
3984.61538461539
3995.38461538462
4001.53846153846
3990.25641025641
3989.23076923077
3999.48717948718
3995.38461538462
3988.20512820513
3990.76923076923
3986.66666666667
3980.51282051282
3986.66666666667
3989.74358974359
3983.58974358974
3981.53846153846
3985.64102564103
3992.82051282051
4005.12820512821
4007.17948717949
3992.82051282051
3985.64102564103
3991.28205128205
3992.30769230769
3990.76923076923
3990.25641025641
3986.15384615385
3984.10256410256
3992.30769230769
3997.94871794872
3991.28205128205
3991.28205128205
4002.05128205128
4001.53846153846
3988.71794871795
3988.71794871795
3996.92307692308
3994.8717948718
3989.74358974359
3989.23076923077
3986.66666666667
3982.05128205128
3984.10256410256
3994.8717948718
4003.58974358974
4000.51282051282
3995.38461538462
4008.71794871795
4016.92307692308
4000
3987.69230769231
3997.4358974359
4002.5641025641
3995.89743589744
3994.35897435898
3993.84615384615
3993.33333333333
3995.38461538462
3997.94871794872
3998.46153846154
3994.35897435898
3988.20512820513
3986.15384615385
3995.89743589744
4003.07692307692
3997.94871794872
3988.71794871795
3985.64102564103
3995.89743589744
4007.17948717949
4002.05128205128
3987.69230769231
3986.15384615385
3996.92307692308
3997.4358974359
3989.74358974359
3990.76923076923
4003.58974358974
4013.84615384615
4018.97435897436
4025.64102564103
4032.30769230769
4037.94871794872
4048.20512820513
4060
4061.53846153846
4061.02564102564
4068.20512820513
4069.74358974359
4062.05128205128
4058.46153846154
4056.41025641026
4047.17948717949
4039.48717948718
4035.38461538462
4030.76923076923
4025.64102564103
4016.92307692308
4011.79487179487
4012.82051282051
4008.20512820513
4002.05128205128
4005.12820512821
4010.76923076923
4003.58974358974
3993.84615384615
4000
4006.66666666667
3994.35897435898
3986.15384615385
3998.46153846154
4003.07692307692
3993.84615384615
3988.71794871795
3988.20512820513
3988.20512820513
3990.76923076923
3989.23076923077
3983.07692307692
3984.10256410256
3994.8717948718
4003.58974358974
4003.07692307692
4004.10256410256
4006.15384615385
4002.5641025641
4004.10256410256
4010.25641025641
4010.76923076923
4005.12820512821
3994.35897435898
3988.71794871795
3999.48717948718
4009.23076923077
4004.10256410256
4007.69230769231
4017.4358974359
4010.76923076923
4001.53846153846
4003.58974358974
4005.12820512821
4001.02564102564
4002.05128205128
4006.66666666667
4007.17948717949
4003.58974358974
4001.53846153846
4003.58974358974
4004.10256410256
4003.58974358974
4003.07692307692
3996.41025641026
3991.28205128205
3995.89743589744
4003.58974358974
4010.76923076923
4020.51282051282
4022.5641025641
4011.28205128205
4001.53846153846
4006.15384615385
4014.8717948718
4008.20512820513
3997.94871794872
4004.10256410256
4010.76923076923
4003.07692307692
3996.92307692308
4003.07692307692
4008.71794871795
4005.64102564103
3997.94871794872
3998.97435897436
4005.12820512821
3999.48717948718
3992.30769230769
3997.94871794872
4000
3992.30769230769
3996.92307692308
4004.61538461539
3996.92307692308
3988.71794871795
3990.25641025641
3993.33333333333
4000
4006.66666666667
4003.07692307692
3995.89743589744
3996.92307692308
3998.46153846154
3996.92307692308
3998.97435897436
4003.58974358974
4006.15384615385
4005.12820512821
4003.07692307692
4002.5641025641
4006.15384615385
4011.79487179487
4012.30769230769
4006.66666666667
4004.61538461539
4004.10256410256
4002.5641025641
4007.69230769231
4009.74358974359
4001.53846153846
4000
4007.17948717949
4007.17948717949
4002.5641025641
4005.64102564103
4007.69230769231
4005.12820512821
4008.71794871795
4012.30769230769
4007.69230769231
4003.58974358974
4006.66666666667
4005.12820512821
4001.02564102564
4006.66666666667
4015.38461538462
4012.30769230769
4009.23076923077
4012.30769230769
4009.74358974359
4006.66666666667
4011.28205128205
4011.28205128205
4004.10256410256
4007.17948717949
4005.64102564103
3989.74358974359
3985.64102564103
3997.4358974359
4004.10256410256
4002.5641025641
4004.10256410256
3998.97435897436
3986.66666666667
3990.76923076923
4007.17948717949
4007.69230769231
3995.89743589744
3994.8717948718
4002.05128205128
4003.58974358974
4001.53846153846
4002.05128205128
4003.07692307692
4002.5641025641
4002.05128205128
4002.5641025641
4002.05128205128
4002.5641025641
4004.61538461539
4011.28205128205
4014.8717948718
4008.20512820513
4006.66666666667
4010.25641025641
4008.71794871795
4004.10256410256
4001.53846153846
3997.94871794872
3997.4358974359
4007.69230769231
4009.74358974359
3993.33333333333
3986.66666666667
4004.61538461539
4009.74358974359
3990.25641025641
3991.79487179487
4010.25641025641
4007.69230769231
4000
4006.15384615385
4011.28205128205
4009.74358974359
4008.71794871795
4009.23076923077
4004.10256410256
3995.89743589744
3991.79487179487
3992.30769230769
4000
4006.66666666667
4001.53846153846
3994.35897435898
4001.02564102564
4007.69230769231
3996.41025641026
3992.30769230769
4000.51282051282
4004.10256410256
4003.07692307692
4011.79487179487
4016.41025641026
4005.64102564103
4009.23076923077
4030.76923076923
4041.02564102564
4042.05128205128
4046.66666666667
4046.15384615385
4041.02564102564
4041.02564102564
4043.07692307692
4045.12820512821
4046.15384615385
4040.51282051282
4036.41025641026
4035.89743589744
4031.28205128205
4022.5641025641
4011.79487179487
4005.12820512821
4006.66666666667
4006.66666666667
4004.10256410256
4004.61538461539
4004.10256410256
4003.58974358974
4004.61538461539
3997.94871794872
3988.71794871795
3989.23076923077
3992.30769230769
3986.66666666667
3982.05128205128
3982.5641025641
3983.07692307692
3987.17948717949
3989.23076923077
3992.82051282051
4000.51282051282
3998.97435897436
3988.71794871795
3987.17948717949
3992.30769230769
3992.82051282051
3996.92307692308
3999.48717948718
3993.33333333333
3989.74358974359
3991.28205128205
3990.76923076923
3987.17948717949
3989.23076923077
3992.30769230769
3978.46153846154
3969.74358974359
3986.66666666667
3997.94871794872
3986.15384615385
3984.10256410256
3994.35897435898
3993.33333333333
3988.71794871795
3990.25641025641
3988.20512820513
3986.66666666667
3995.38461538462
3996.92307692308
3989.23076923077
3991.28205128205
3996.92307692308
3995.89743589744
3993.84615384615
3990.25641025641
3982.05128205128
3975.89743589744
3972.30769230769
3970.25641025641
3975.38461538462
3984.61538461539
3989.23076923077
3986.66666666667
3984.10256410256
3988.20512820513
3990.25641025641
3989.23076923077
3990.25641025641
3989.74358974359
3989.74358974359
3991.28205128205
3984.10256410256
3978.97435897436
3990.76923076923
3994.35897435898
3977.94871794872
3977.94871794872
3990.25641025641
3983.58974358974
3971.79487179487
3977.94871794872
3992.30769230769
3989.23076923077
3976.92307692308
3978.97435897436
3990.25641025641
3995.89743589744
3995.89743589744
3990.25641025641
3988.20512820513
3997.94871794872
3997.94871794872
3978.97435897436
3975.89743589744
3986.66666666667
3986.66666666667
3981.02564102564
