
4357.94871794872
4358.97435897436
4357.4358974359
4358.46153846154
4361.53846153846
4367.17948717949
4374.8717948718
4382.5641025641
4388.20512820513
4389.23076923077
4387.69230769231
4388.20512820513
4395.38461538462
4396.92307692308
4388.20512820513
4380
4376.41025641026
4373.84615384615
4366.66666666667
4361.53846153846
4370.76923076923
4373.84615384615
4362.05128205128
4359.48717948718
4368.71794871795
4369.23076923077
4362.05128205128
4364.10256410256
4368.71794871795
4362.05128205128
4355.38461538462
4363.07692307692
4370.76923076923
4368.20512820513
4365.64102564103
4359.48717948718
4348.20512820513
4348.71794871795
4354.35897435897
4355.89743589744
4361.02564102564
4359.48717948718
4349.74358974359
4354.35897435897
4369.74358974359
4375.38461538462
4367.69230769231
4356.41025641026
4348.71794871795
4348.71794871795
4351.79487179487
4349.74358974359
4343.07692307692
4340.51282051282
4351.28205128205
4361.53846153846
4354.8717948718
4348.20512820513
4352.30769230769
4351.28205128205
4342.5641025641
4338.46153846154
4339.48717948718
4336.41025641026
4344.10256410256
4352.30769230769
4337.4358974359
4325.64102564103
4335.89743589744
4342.5641025641
4338.46153846154
4340.51282051282
4343.58974358974
4345.12820512821
4349.23076923077
4350.25641025641
4348.20512820513
4343.07692307692
4338.46153846154
4346.15384615385
4353.84615384615
4350.76923076923
4348.20512820513
4347.69230769231
4337.4358974359
4332.30769230769
4343.58974358974
4351.79487179487
4349.74358974359
4351.28205128205
4350.25641025641
4343.07692307692
4338.97435897436
4336.41025641026
4338.46153846154
4349.74358974359
4357.4358974359
4350.76923076923
4343.07692307692
4346.66666666667
4348.20512820513
4344.61538461538
4337.4358974359
4329.74358974359
4333.84615384615
4349.74358974359
4356.41025641026
4357.94871794872
4366.66666666667
4364.61538461538
4356.41025641026
4355.89743589744
4358.46153846154
4356.92307692308
4350.76923076923
4343.58974358974
4345.64102564103
4355.89743589744
4362.5641025641
4362.5641025641
4356.41025641026
4354.35897435897
4358.46153846154
4358.97435897436
4358.46153846154
4356.92307692308
4356.92307692308
4361.53846153846
4362.5641025641
4356.92307692308
4352.82051282051
4354.8717948718
4357.94871794872
4358.97435897436
4359.48717948718
4358.46153846154
4352.82051282051
4348.71794871795
4353.84615384615
4360
4360.51282051282
4360.51282051282
4358.97435897436
4354.8717948718
4358.97435897436
4366.66666666667
4367.69230769231
4361.02564102564
4355.38461538462
4358.46153846154
4365.12820512821
4362.5641025641
4352.30769230769
4347.17948717949
4352.82051282051
4356.92307692308
4357.4358974359
4360.51282051282
4362.5641025641
4357.4358974359
4356.41025641026
4364.61538461538
4368.71794871795
4359.48717948718
4348.71794871795
4352.30769230769
4358.46153846154
4357.4358974359
4363.58974358974
4370.25641025641
4364.61538461538
4351.79487179487
4349.74358974359
4360
4365.12820512821
4358.46153846154
4355.89743589744
4366.66666666667
4374.35897435897
4370.76923076923
4365.64102564103
4364.10256410256
4370.25641025641
4377.4358974359
4375.38461538462
4372.30769230769
4375.38461538462
4371.79487179487
4369.23076923077
4378.46153846154
4380.51282051282
4373.84615384615
4374.35897435897
4376.41025641026
4373.33333333333
4371.79487179487
4373.33333333333
4372.30769230769
4367.69230769231
4364.61538461538
4366.15384615385
4367.17948717949
4366.66666666667
4365.12820512821
4369.74358974359
4381.53846153846
4386.15384615385
4373.84615384615
4363.07692307692
4369.74358974359
4373.84615384615
4364.10256410256
4365.64102564103
4378.46153846154
4379.48717948718
4370.76923076923
4360.51282051282
4357.4358974359
4363.58974358974
4361.53846153846
4356.41025641026
4367.69230769231
4376.92307692308
4368.20512820513
4365.12820512821
4367.17948717949
4361.02564102564
4355.38461538462
4355.38461538462
4358.46153846154
4364.10256410256
4367.69230769231
4366.66666666667
4366.66666666667
4366.66666666667
4364.61538461538
4363.58974358974
4363.58974358974
4366.15384615385
4363.07692307692
4355.89743589744
4361.53846153846
4371.79487179487
4364.61538461538
4355.38461538462
4361.02564102564
4368.20512820513
4366.66666666667
4361.02564102564
4357.94871794872
4358.46153846154
4357.4358974359
4355.89743589744
4358.97435897436
4362.05128205128
4358.97435897436
4353.33333333333
4355.38461538462
4364.61538461538
4367.69230769231
4364.10256410256
4361.53846153846
4358.97435897436
4356.92307692308
4364.10256410256
4367.69230769231
4357.4358974359
4346.15384615385
4350.25641025641
4363.58974358974
4368.20512820513
4366.15384615385
4365.12820512821
4366.66666666667
4369.74358974359
4368.20512820513
4361.02564102564
4360
4367.69230769231
4369.74358974359
4365.12820512821
4367.17948717949
4369.23076923077
4366.15384615385
4367.17948717949
4372.82051282051
4374.35897435897
4368.71794871795
4362.5641025641
4364.61538461538
4372.82051282051
4368.20512820513
4354.8717948718
4355.38461538462
4364.61538461538
4370.25641025641
4377.94871794872
4386.15384615385
4381.02564102564
4368.71794871795
4364.61538461538
4366.15384615385
4371.79487179487
4373.33333333333
4361.02564102564
4354.35897435897
4368.71794871795
4377.94871794872
4372.82051282051
4370.76923076923
4371.79487179487
4373.84615384615
4380.51282051282
4381.02564102564
4374.8717948718
4367.69230769231
4366.66666666667
4369.23076923077
4369.74358974359
4365.64102564103
4364.61538461538
4368.20512820513
4361.02564102564
4347.69230769231
4349.74358974359
4367.17948717949
4370.76923076923
4357.4358974359
4355.38461538462
4366.15384615385
4367.69230769231
4357.94871794872
4360.51282051282
4368.71794871795
4361.53846153846
4354.35897435897
4362.5641025641
4368.20512820513
4360.51282051282
4356.92307692308
4359.48717948718
4360
4357.94871794872
4357.4358974359
4359.48717948718
4357.4358974359
4348.71794871795
4346.15384615385
4358.46153846154
4364.61538461538
4361.02564102564
4363.07692307692
4372.30769230769
4373.84615384615
4370.76923076923
4372.30769230769
4373.33333333333
4370.76923076923
4368.71794871795
4364.10256410256
4364.10256410256
4376.92307692308
4384.61538461538
4380.51282051282
4381.02564102564
4386.15384615385
4385.12820512821
4382.05128205128
4382.05128205128
4381.53846153846
4381.53846153846
4377.94871794872
4376.92307692308
4386.15384615385
4387.69230769231
4370.76923076923
4370.76923076923
4386.66666666667
4380
4371.79487179487
4383.07692307692
4377.4358974359
4362.05128205128
4364.61538461538
4365.12820512821
4362.05128205128
4366.15384615385
4366.15384615385
4368.20512820513
4367.17948717949
4348.71794871795
4342.5641025641
4358.46153846154
4359.48717948718
4354.35897435897
4363.58974358974
4367.17948717949
4367.69230769231
4373.84615384615
4368.20512820513
4358.46153846154
4362.5641025641
4367.69230769231
4365.64102564103
4364.10256410256
4359.48717948718
4355.89743589744
4362.5641025641
4368.20512820513
4361.53846153846
4356.92307692308
4359.48717948718
4354.35897435897
4340.51282051282
4342.05128205128
4356.92307692308
4355.89743589744
4345.12820512821
4346.66666666667
4353.84615384615
4351.79487179487
4348.20512820513
4351.79487179487
4357.4358974359
4361.53846153846
4356.41025641026
4348.20512820513
4352.82051282051
4364.61538461538
4367.17948717949
4362.05128205128
4356.41025641026
4355.89743589744
4364.10256410256
4367.17948717949
4365.12820512821
4367.69230769231
4361.53846153846
4346.15384615385
4347.69230769231
4363.58974358974
4368.71794871795
4364.10256410256
4364.10256410256
4368.71794871795
4372.82051282051
4370.25641025641
4364.61538461538
4365.64102564103
4367.69230769231
4359.48717948718
4354.35897435897
4362.5641025641
4371.79487179487
4371.28205128205
4362.5641025641
4359.48717948718
4359.48717948718
4352.30769230769
4350.76923076923
4360
4362.05128205128
4356.41025641026
4359.48717948718
4359.48717948718
4350.76923076923
4353.84615384615
4363.58974358974
4364.10256410256
4368.71794871795
4375.89743589744
4369.23076923077
4360.51282051282
4366.66666666667
4368.20512820513
4358.46153846154
4357.4358974359
4364.61538461538
4371.79487179487
4373.84615384615
4369.23076923077
4367.17948717949
4365.12820512821
4353.33333333333
4346.66666666667
4361.53846153846
4372.30769230769
4363.07692307692
4357.4358974359
4359.48717948718
4355.89743589744
4352.82051282051
4356.92307692308
4353.33333333333
4350.76923076923
4356.92307692308
4359.48717948718
4357.4358974359
4354.35897435897
4351.28205128205
4361.53846153846
4372.82051282051
4361.53846153846
4349.23076923077
4358.97435897436
4367.69230769231
4360
4353.84615384615
4362.05128205128
4368.71794871795
4361.53846153846
4358.46153846154
4371.79487179487
4374.35897435897
4360
4354.35897435897
4359.48717948718
4361.53846153846
4356.41025641026
4347.69230769231
4354.35897435897
4366.66666666667
4363.07692307692
4355.38461538462
4351.79487179487
4348.71794871795
4356.92307692308
4368.20512820513
4364.61538461538
4358.97435897436
4355.89743589744
4348.20512820513
4350.76923076923
4362.5641025641
4368.20512820513
4369.23076923077
4366.66666666667
4360
4355.89743589744
4357.94871794872
4360
4357.94871794872
4356.92307692308
4358.97435897436
4354.8717948718
4341.53846153846
4340.51282051282
4352.82051282051
4347.69230769231
4338.46153846154
4349.23076923077
4361.02564102564
4361.53846153846
4363.07692307692
4365.12820512821
4356.41025641026
4346.66666666667
4354.35897435897
4366.66666666667
4362.5641025641
4352.82051282051
4354.8717948718
4358.46153846154
4359.48717948718
4363.58974358974
4366.15384615385
4366.15384615385
4366.66666666667
4367.17948717949
4361.02564102564
4353.84615384615
4350.25641025641
4348.20512820513
4349.23076923077
4353.33333333333
4352.30769230769
4346.15384615385
4340.51282051282
4341.53846153846
4346.66666666667
4345.64102564103
4343.58974358974
4351.28205128205
4354.8717948718
4337.94871794872
4326.15384615385
4334.8717948718
4336.92307692308
4334.35897435897
4342.5641025641
4342.05128205128
4326.15384615385
4323.07692307692
4329.23076923077
4333.33333333333
4343.07692307692
4348.20512820513
4342.05128205128
4344.10256410256
4351.28205128205
4352.30769230769
4350.25641025641
4344.61538461538
4337.94871794872
4342.05128205128
4339.48717948718
4327.17948717949
4335.89743589744
4353.33333333333
4353.33333333333
4348.71794871795
4348.71794871795
4343.58974358974
4338.46153846154
4339.48717948718
4344.61538461538
4350.76923076923
4352.82051282051
4350.76923076923
4344.10256410256
4343.07692307692
4349.23076923077
4348.20512820513
4339.48717948718
4341.02564102564
4349.23076923077
4351.28205128205
4350.76923076923
4349.74358974359
4350.25641025641
4351.79487179487
4351.28205128205
4347.17948717949
4348.20512820513
4352.30769230769
4344.61538461538
4340
4348.71794871795
4353.33333333333
4348.20512820513
4344.61538461538
4347.17948717949
4348.71794871795
4345.64102564103
4346.66666666667
4350.76923076923
4352.30769230769
4349.74358974359
4342.05128205128
4338.97435897436
4352.30769230769
4363.07692307692
4353.84615384615
4348.20512820513
4349.74358974359
4345.12820512821
4341.02564102564
4340
4342.5641025641
4352.30769230769
4357.4358974359
4343.58974358974
4332.30769230769
4341.02564102564
4345.64102564103
4340
4345.12820512821
4355.89743589744
4349.74358974359
4342.5641025641
4350.25641025641
4352.30769230769
4343.07692307692
4341.02564102564
4347.17948717949
4353.84615384615
4354.8717948718
4352.30769230769
4358.46153846154
4368.71794871795
4368.71794871795
4366.15384615385
4363.58974358974
4353.33333333333
4346.15384615385
4351.28205128205
4358.46153846154
4360
4353.33333333333
4352.30769230769
4357.94871794872
4355.89743589744
4351.28205128205
4353.33333333333
4361.53846153846
4368.71794871795
4362.05128205128
4349.74358974359
4351.79487179487
4361.53846153846
4358.46153846154
4350.76923076923
4349.23076923077
4351.28205128205
4360.51282051282
4363.58974358974
4353.33333333333
4348.71794871795
4355.38461538462
4357.4358974359
4353.84615384615
4357.94871794872
4361.53846153846
4358.46153846154
4360.51282051282
4368.20512820513
4367.69230769231
4357.4358974359
4354.35897435897
4362.5641025641
4368.71794871795
4361.02564102564
4350.25641025641
4348.71794871795
4350.76923076923
4351.79487179487
4356.41025641026
4360.51282051282
4352.82051282051
4350.25641025641
4359.48717948718
4361.53846153846
4354.35897435897
4351.79487179487
4358.97435897436
4365.64102564103
4367.17948717949
4366.15384615385
4366.66666666667
4371.79487179487
4375.38461538462
4373.84615384615
4370.76923076923
4368.20512820513
4358.46153846154
4354.35897435897
4362.5641025641
4359.48717948718
4352.30769230769
4363.58974358974
4369.74358974359
4357.94871794872
4357.4358974359
4367.69230769231
4367.17948717949
4368.71794871795
4374.35897435897
4369.74358974359
4362.5641025641
4368.20512820513
4376.41025641026
4373.33333333333
4367.69230769231
4370.76923076923
4377.94871794872
4376.92307692308
4374.35897435897
4373.33333333333
4372.30769230769
4375.89743589744
4376.92307692308
4370.25641025641
4366.15384615385
4368.71794871795
4367.69230769231
4367.17948717949
4367.17948717949
4358.46153846154
4353.33333333333
4361.53846153846
4362.05128205128
4355.89743589744
4359.48717948718
4362.5641025641
4357.4358974359
4357.94871794872
4358.46153846154
4355.89743589744
4359.48717948718
4361.53846153846
4357.4358974359
4357.4358974359
4358.97435897436
4355.89743589744
4357.94871794872
4360
4350.25641025641
4348.20512820513
4361.53846153846
4369.23076923077
4363.07692307692
4358.97435897436
4361.02564102564
4357.94871794872
4354.35897435897
4361.02564102564
4369.23076923077
4362.05128205128
4347.69230769231
4354.35897435897
4369.23076923077
4367.17948717949
4357.94871794872
4358.97435897436
4365.12820512821
4366.66666666667
4363.07692307692
4357.4358974359
4354.35897435897
4354.35897435897
4357.4358974359
4356.41025641026
4350.25641025641
4351.79487179487
4358.46153846154
4355.89743589744
4358.46153846154
4370.25641025641
4366.15384615385
4356.41025641026
4366.15384615385
4372.82051282051
4358.46153846154
4351.79487179487
4365.12820512821
4370.25641025641
4362.05128205128
4351.79487179487
4352.30769230769
4365.64102564103
4370.25641025641
4365.64102564103
4365.64102564103
4362.5641025641
4355.89743589744
4360.51282051282
4368.20512820513
4366.66666666667
4365.64102564103
4364.10256410256
4364.61538461538
4367.69230769231
4366.15384615385
4369.74358974359
4374.35897435897
4366.15384615385
4358.46153846154
4366.66666666667
4369.23076923077
4357.4358974359
4353.33333333333
4357.4358974359
4355.89743589744
4355.38461538462
4363.07692307692
4370.25641025641
4367.17948717949
4361.02564102564
4358.97435897436
4357.4358974359
4358.97435897436
4362.5641025641
4362.5641025641
4357.4358974359
4350.76923076923
4352.30769230769
4357.94871794872
4357.94871794872
4358.46153846154
4364.61538461538
4362.5641025641
4355.89743589744
4357.4358974359
4353.84615384615
4351.28205128205
4361.53846153846
4369.74358974359
4367.17948717949
4365.12820512821
4364.10256410256
4365.12820512821
4367.69230769231
4362.05128205128
4359.48717948718
4366.66666666667
4366.66666666667
4359.48717948718
4357.4358974359
4353.84615384615
4354.35897435897
4367.17948717949
4374.8717948718
4374.8717948718
4369.23076923077
4358.46153846154
4354.35897435897
4365.64102564103
4368.20512820513
4356.92307692308
4356.92307692308
4364.61538461538
4364.61538461538
4361.53846153846
4364.61538461538
4366.66666666667
4363.58974358974
4366.66666666667
4371.28205128205
4368.20512820513
4365.64102564103
4372.82051282051
4374.8717948718
4367.17948717949
4364.61538461538
4361.02564102564
4349.23076923077
4346.15384615385
4361.53846153846
4368.20512820513
4359.48717948718
4359.48717948718
4363.07692307692
4359.48717948718
4365.12820512821
4376.92307692308
4371.28205128205
4361.02564102564
4364.61538461538
4367.69230769231
4364.61538461538
4364.61538461538
4371.28205128205
4370.76923076923
4366.15384615385
4368.71794871795
4370.76923076923
4366.66666666667
4362.05128205128
4365.64102564103
4373.33333333333
4370.76923076923
4358.97435897436
4358.46153846154
4371.28205128205
4375.89743589744
4372.82051282051
4367.69230769231
4360.51282051282
4356.41025641026
4355.38461538462
4356.41025641026
4360
4366.66666666667
4374.35897435897
4380.51282051282
4381.53846153846
4380.51282051282
4380.51282051282
4381.53846153846
4384.61538461538
4392.30769230769
4397.94871794872
4389.23076923077
4378.97435897436
4389.23076923077
4401.02564102564
4393.84615384615
4382.5641025641
4385.12820512821
4383.58974358974
4369.23076923077
4366.66666666667
4379.48717948718
4389.23076923077
4385.64102564103
4376.41025641026
4372.30769230769
4372.82051282051
4371.79487179487
4373.33333333333
4379.48717948718
4377.94871794872
4368.71794871795
4368.20512820513
4372.82051282051
4367.17948717949
4355.38461538462
4359.48717948718
4375.89743589744
4373.84615384615
4364.61538461538
4367.69230769231
4363.07692307692
4354.8717948718
4366.66666666667
4380
4376.92307692308
4369.74358974359
4365.12820512821
4365.64102564103
4379.48717948718
4386.15384615385
4377.4358974359
4372.82051282051
4374.35897435897
4373.33333333333
4373.33333333333
4373.33333333333
4372.30769230769
4372.30769230769
4373.33333333333
4374.8717948718
4374.8717948718
4370.25641025641
4372.82051282051
4382.5641025641
4377.4358974359
4368.71794871795
4378.46153846154
4385.12820512821
4375.89743589744
4373.33333333333
4375.89743589744
4370.76923076923
4369.74358974359
4374.35897435897
4374.35897435897
4373.33333333333
4374.35897435897
4373.33333333333
4377.4358974359
4383.07692307692
4385.12820512821
4383.58974358974
4376.92307692308
4373.33333333333
4381.02564102564
4382.5641025641
4368.20512820513
4365.64102564103
4375.89743589744
4374.8717948718
4368.20512820513
4372.82051282051
4378.97435897436
4371.28205128205
4362.5641025641
4366.66666666667
4374.8717948718
4372.30769230769
4364.61538461538
4363.07692307692
4365.12820512821
4364.61538461538
4368.71794871795
4376.92307692308
4371.79487179487
4362.05128205128
4365.64102564103
4368.71794871795
4366.66666666667
4372.30769230769
4375.89743589744
4371.28205128205
4374.8717948718
4376.92307692308
4374.35897435897
4378.97435897436
4375.89743589744
4369.74358974359
4376.92307692308
4382.05128205128
4373.33333333333
4372.30769230769
4377.4358974359
4366.15384615385
4358.97435897436
4365.12820512821
4367.69230769231
4366.66666666667
4371.79487179487
4373.84615384615
4372.30769230769
4374.35897435897
4369.74358974359
4363.07692307692
4364.61538461538
4364.61538461538
4369.23076923077
4375.38461538462
4368.20512820513
4365.64102564103
4374.35897435897
4369.23076923077
4365.64102564103
4377.94871794872
4379.48717948718
4369.74358974359
4372.30769230769
4376.41025641026
4370.76923076923
4370.25641025641
4374.8717948718
4374.35897435897
4365.64102564103
4361.53846153846
4366.15384615385
4366.15384615385
4358.46153846154
4354.35897435897
4360.51282051282
4370.25641025641
4367.17948717949
4356.41025641026
4356.41025641026
4364.10256410256
4364.61538461538
4364.10256410256
4371.28205128205
4372.30769230769
4367.17948717949
4366.66666666667
4366.15384615385
4369.23076923077
4377.94871794872
4383.07692307692
4376.92307692308
4366.66666666667
4364.61538461538
4371.79487179487
4375.89743589744
4369.74358974359
4365.12820512821
4370.76923076923
4380
4377.94871794872
4369.74358974359
4370.76923076923
4371.79487179487
4365.64102564103
4366.66666666667
4375.89743589744
4375.38461538462
4368.71794871795
4366.15384615385
4364.10256410256
4367.69230769231
4376.41025641026
4370.76923076923
4358.46153846154
4367.17948717949
4380
4373.33333333333
4363.58974358974
4366.66666666667
4374.35897435897
4377.94871794872
4374.8717948718
4363.58974358974
4357.4358974359
4367.69230769231
4372.82051282051
4362.5641025641
4366.66666666667
4380
4376.92307692308
4368.71794871795
4368.71794871795
4366.66666666667
4358.97435897436
4354.35897435897
4355.38461538462
4355.38461538462
4355.38461538462
4367.17948717949
4375.89743589744
4367.69230769231
4364.61538461538
4374.8717948718
4382.5641025641
4383.58974358974
4381.02564102564
4380.51282051282
4381.53846153846
4379.48717948718
4382.05128205128
4384.61538461538
4378.97435897436
4371.28205128205
4369.74358974359
4369.23076923077
4367.17948717949
4367.69230769231
4364.61538461538
4358.97435897436
4360
4366.15384615385
4367.17948717949
4355.38461538462
4349.23076923077
4358.46153846154
4368.20512820513
4368.71794871795
4364.61538461538
4366.15384615385
4367.69230769231
4360.51282051282
4354.35897435897
4356.92307692308
4357.4358974359
4352.82051282051
4357.4358974359
4367.17948717949
4367.69230769231
4361.02564102564
4355.89743589744
4354.8717948718
4358.97435897436
4366.66666666667
4374.35897435897
4374.35897435897
4367.17948717949
4363.58974358974
4366.15384615385
4367.69230769231
4361.53846153846
4356.92307692308
4360
4357.4358974359
4352.82051282051
4362.05128205128
4366.15384615385
4357.4358974359
4355.38461538462
4354.35897435897
4349.23076923077
4354.35897435897
4360.51282051282
4355.89743589744
4354.35897435897
4354.35897435897
4356.41025641026
4361.53846153846
4361.02564102564
4359.48717948718
4365.64102564103
4366.66666666667
4358.46153846154
4351.79487179487
4348.71794871795
4346.66666666667
4352.30769230769
4358.97435897436
4358.46153846154
4355.89743589744
4357.4358974359
4358.46153846154
4360
4364.10256410256
4364.61538461538
4365.64102564103
4367.69230769231
4367.69230769231
4364.10256410256
4360.51282051282
4356.92307692308
4355.89743589744
4358.46153846154
4357.94871794872
4352.30769230769
4347.17948717949
4352.82051282051
4364.10256410256
4366.15384615385
4360.51282051282
4351.28205128205
4348.71794871795
4354.35897435897
4359.48717948718
4361.02564102564
4363.58974358974
4368.20512820513
4365.64102564103
4362.05128205128
4363.07692307692
4367.69230769231
4367.69230769231
4360.51282051282
4355.89743589744
4355.89743589744
