4565.12820512821
4543.07692307692
4520.51282051282
4516.41025641026
4520.51282051282
4520
4516.41025641026
4519.48717948718
4523.58974358974
4522.5641025641
4520
4517.94871794872
4517.4358974359
4532.82051282051
4557.4358974359
4568.71794871795
4567.17948717949
4552.30769230769
4517.94871794872
4497.94871794872
4512.82051282051
4524.10256410256
4518.46153846154
4516.41025641026
4520
4525.12820512821
4527.69230769231
4525.64102564103
4525.12820512821
4524.61538461538
4521.02564102564
4527.17948717949
4540.51282051282
4539.48717948718
4527.69230769231
4523.07692307692
4524.10256410256
4522.05128205128
4518.97435897436
4523.58974358974
4524.61538461538
4517.94871794872
4515.38461538462
4521.02564102564
4522.5641025641
4518.97435897436
4523.58974358974
4537.4358974359
4540.51282051282
4529.23076923077
4523.58974358974
4524.61538461538
4522.05128205128
4521.02564102564
4522.5641025641
4520.51282051282
4511.79487179487
4507.17948717949
4508.20512820513
4506.66666666667
4502.5641025641
4506.15384615385
4511.28205128205
4510.25641025641
4510.76923076923
4511.79487179487
4510.25641025641
4516.41025641026
4529.74358974359
4525.64102564103
4505.12820512821
4496.41025641026
4504.10256410256
4506.15384615385
4500
4517.94871794872
4550.76923076923
4557.4358974359
4543.58974358974
4531.28205128205
4512.30769230769
4497.4358974359
4503.07692307692
4506.15384615385
4498.46153846154
4491.79487179487
4490.25641025641
4499.48717948718
4504.61538461538
4497.4358974359
4491.28205128205
4492.30769230769
4498.46153846154
4506.15384615385
4509.23076923077
4503.58974358974
4498.97435897436
4511.28205128205
4529.74358974359
4524.10256410256
4504.10256410256
4503.58974358974
4508.71794871795
4504.10256410256
4510.76923076923
4528.71794871795
4529.23076923077
4510.25641025641
4498.46153846154
4502.5641025641
4507.17948717949
4501.53846153846
4503.07692307692
4517.94871794872
4516.41025641026
4489.74358974359
4483.58974358974
4505.64102564103
4512.30769230769
4510.25641025641
4528.71794871795
4549.23076923077
4549.23076923077
4526.66666666667
4505.12820512821
4504.61538461538
4512.30769230769
4507.69230769231
4501.53846153846
4505.12820512821
4502.05128205128
4494.35897435897
4495.38461538462
4502.05128205128
4504.61538461538
4504.10256410256
4504.10256410256
4504.10256410256
4505.64102564103
4505.64102564103
4502.5641025641
4506.15384615385
4508.20512820513
4496.41025641026
4503.58974358974
4535.38461538462
4537.94871794872
4515.89743589744
4529.74358974359
4551.79487179487
4530.76923076923
4498.46153846154
4491.79487179487
4496.41025641026
4501.02564102564
4521.02564102564
4544.61538461538
4530.76923076923
4496.41025641026
4493.33333333333
4506.15384615385
4504.61538461538
4504.10256410256
4507.17948717949
4504.10256410256
4504.10256410256
4507.17948717949
4506.66666666667
4505.64102564103
4506.15384615385
4503.07692307692
4508.71794871795
4531.79487179487
4543.07692307692
4520.51282051282
4501.53846153846
4516.92307692308
4533.33333333333
4521.02564102564
4504.10256410256
4505.64102564103
4510.25641025641
4504.10256410256
4502.05128205128
4504.61538461538
4506.15384615385
4510.76923076923
4520
4539.48717948718
4555.38461538462
4542.5641025641
4519.48717948718
4517.4358974359
4525.12820512821
4521.53846153846
4514.8717948718
4523.07692307692
4541.02564102564
4542.5641025641
4526.66666666667
4520.51282051282
4531.79487179487
4538.97435897436
4529.74358974359
4521.02564102564
4523.07692307692
4520
4518.46153846154
4518.97435897436
4507.69230769231
4514.35897435897
4553.33333333333
4570.76923076923
4546.15384615385
4521.53846153846
4513.84615384615
4507.17948717949
4500
4507.69230769231
4525.12820512821
4524.10256410256
4518.97435897436
4534.35897435897
4546.15384615385
4536.92307692308
4530.25641025641
4534.35897435897
4536.92307692308
4541.53846153846
4549.74358974359
4552.82051282051
4557.4358974359
4578.46153846154
4600.51282051282
4590.76923076923
4569.23076923077
4567.69230769231
4573.33333333333
4575.38461538462
4582.05128205128
4595.38461538462
4603.07692307692
4594.8717948718
4580
4573.84615384615
4580
4603.58974358974
4625.64102564103
4613.33333333333
4593.33333333333
4597.4358974359
4608.71794871795
4617.4358974359
4618.46153846154
4620.51282051282
4637.94871794872
4645.12820512821
4628.71794871795
4624.10256410256
4638.46153846154
4644.10256410256
4634.35897435897
4643.58974358974
4670.76923076923
4669.23076923077
4644.10256410256
4646.15384615385
4658.46153846154
4651.28205128205
4648.71794871795
4660
4662.05128205128
4656.41025641026
4653.84615384615
4660
4677.94871794872
4701.02564102564
4708.71794871795
4695.38461538462
4677.94871794872
4669.74358974359
4663.58974358974
4662.05128205128
4676.41025641026
4689.23076923077
4680
4666.15384615385
4662.05128205128
4660
4663.07692307692
4660
4646.66666666667
4647.17948717949
4656.41025641026
4647.69230769231
4642.05128205128
4656.92307692308
4661.02564102564
4642.5641025641
4629.74358974359
4632.82051282051
4633.84615384615
4644.61538461538
4677.4358974359
4693.33333333333
4676.92307692308
4661.02564102564
4657.4358974359
4658.46153846154
4664.61538461539
4666.66666666667
4661.02564102564
4661.02564102564
4662.5641025641
4653.84615384615
4648.20512820513
4648.71794871795
4647.69230769231
4647.17948717949
4643.58974358974
4630.25641025641
4631.28205128205
4661.02564102564
4681.53846153846
4666.15384615385
4636.41025641026
4615.89743589744
4617.4358974359
4633.84615384615
4629.23076923077
4614.8717948718
4616.41025641026
4612.82051282051
4598.97435897436
4599.48717948718
4606.15384615385
4601.02564102564
4595.89743589744
4604.10256410256
4616.92307692308
4615.38461538462
4609.23076923077
4614.8717948718
4618.46153846154
4617.4358974359
4618.97435897436
4610.76923076923
4596.92307692308
4596.92307692308
4602.5641025641
4601.53846153846
4596.41025641026
4605.64102564103
4627.69230769231
4628.71794871795
4610.25641025641
4590.25641025641
4575.89743589744
4596.92307692308
4631.79487179487
4631.79487179487
4611.79487179487
4611.28205128205
4626.66666666667
4631.28205128205
4618.46153846154
4608.20512820513
4615.38461538462
4617.4358974359
4615.38461538462
4609.23076923077
4605.12820512821
4634.8717948718
4663.58974358974
4664.61538461539
4658.46153846154
4631.28205128205
4598.46153846154
4601.53846153846
4610.76923076923
4605.64102564103
4617.4358974359
4618.46153846154
4595.89743589744
4593.33333333333
4601.53846153846
4596.41025641026
4603.07692307692
4615.89743589744
4613.33333333333
4612.82051282051
4622.5641025641
4621.53846153846
4605.64102564103
4596.41025641026
4610.25641025641
4618.97435897436
4601.02564102564
4602.05128205128
4618.46153846154
4605.12820512821
4601.02564102564
4618.46153846154
4627.17948717949
4636.41025641026
4633.33333333333
4601.53846153846
4583.58974358974
4587.69230769231
4586.15384615385
4585.64102564103
4584.10256410256
4581.53846153846
4583.07692307692
4580.51282051282
4585.64102564103
4592.82051282051
4590.25641025641
4588.71794871795
4596.92307692308
4614.35897435897
4620
4594.35897435897
4568.71794871795
4566.15384615385
4560.51282051282
4556.92307692308
4572.82051282051
4573.84615384615
4560
4566.66666666667
4572.30769230769
4562.05128205128
4564.10256410256
4577.4358974359
4582.5641025641
4587.17948717949
4588.20512820513
4570.76923076923
4564.10256410256
4573.33333333333
4550.76923076923
4542.05128205128
4594.35897435897
4614.35897435897
4570.25641025641
4554.8717948718
4581.02564102564
4574.8717948718
4553.84615384615
4562.5641025641
4569.74358974359
4571.28205128205
4586.15384615385
4589.74358974359
4567.17948717949
4557.94871794872
4567.69230769231
4565.12820512821
4568.20512820513
4581.02564102564
4588.71794871795
4597.4358974359
4601.02564102564
4607.17948717949
4615.38461538462
4611.79487179487
4597.4358974359
4586.66666666667
4583.07692307692
4582.5641025641
4578.97435897436
4565.64102564103
4562.5641025641
4587.17948717949
4612.30769230769
4615.38461538462
4599.48717948718
4591.79487179487
4609.23076923077
4624.61538461538
4605.64102564103
4566.66666666667
4554.8717948718
4568.20512820513
4570.76923076923
4568.71794871795
4566.66666666667
4554.8717948718
4551.79487179487
4568.71794871795
4572.82051282051
4566.15384615385
4568.20512820513
4561.53846153846
4554.35897435897
4556.92307692308
4551.79487179487
4554.35897435897
4567.69230769231
4552.82051282051
4531.79487179487
4546.15384615385
4556.92307692308
4547.17948717949
4560
4584.10256410256
4591.28205128205
4597.94871794872
4603.58974358974
4597.4358974359
4600
4601.53846153846
4575.89743589744
4547.17948717949
4544.61538461538
4555.38461538462
4557.4358974359
4543.58974358974
4531.79487179487
4542.05128205128
4554.35897435897
4543.58974358974
4521.02564102564
4509.74358974359
4519.48717948718
4527.69230769231
4515.89743589744
4507.17948717949
4520.51282051282
4526.15384615385
4509.74358974359
4505.64102564103
4520
4527.17948717949
4520.51282051282
4517.94871794872
4522.5641025641
4523.58974358974
4528.71794871795
4540
4548.71794871795
4554.35897435897
4550.25641025641
4523.07692307692
4505.12820512821
4520.51282051282
4528.71794871795
4508.20512820513
4497.94871794872
4509.23076923077
4510.25641025641
4502.5641025641
4502.05128205128
4504.61538461538
4505.12820512821
4506.15384615385
4513.84615384615
4522.05128205128
4520.51282051282
4518.97435897436
4529.74358974359
4546.15384615385
4555.89743589744
4555.89743589744
4556.41025641026
4552.82051282051
4529.74358974359
4505.64102564103
4501.53846153846
4506.66666666667
4508.20512820513
4508.20512820513
4505.64102564103
4502.05128205128
4505.12820512821
4515.89743589744
4521.02564102564
4513.33333333333
4500.51282051282
4498.97435897436
4511.79487179487
4523.58974358974
4521.02564102564
4515.38461538462
4511.28205128205
4497.94871794872
4504.61538461538
4524.61538461538
4509.74358974359
4494.8717948718
4514.35897435897
4520.51282051282
4500.51282051282
4501.53846153846
4512.30769230769
4507.17948717949
4503.07692307692
4505.12820512821
4507.69230769231
4505.12820512821
4498.97435897436
4501.53846153846
4509.23076923077
4501.53846153846
4484.61538461538
4485.64102564103
4504.61538461538
4521.02564102564
4530.25641025641
4541.53846153846
4544.10256410256
4534.8717948718
4542.5641025641
4543.07692307692
4508.20512820513
4492.30769230769
4506.66666666667
4501.02564102564
4489.23076923077
4498.97435897436
4507.17948717949
4506.66666666667
4505.64102564103
4504.61538461538
4509.23076923077
4510.76923076923
4504.10256410256
4503.07692307692
4509.23076923077
4504.61538461538
4495.38461538462
4496.92307692308
4497.4358974359
4497.94871794872
4503.58974358974
4500.51282051282
4486.15384615385
4483.07692307692
4489.23076923077
4486.15384615385
4484.61538461538
4499.48717948718
4521.53846153846
4522.5641025641
4508.71794871795
4506.15384615385
4511.28205128205
4509.23076923077
4504.10256410256
4505.12820512821
4498.46153846154
4482.5641025641
4476.92307692308
4478.46153846154
4473.33333333333
4475.89743589744
4480.51282051282
4466.15384615385
4460
4473.33333333333
4475.89743589744
4464.10256410256
4456.92307692308
4461.53846153846
4472.82051282051
4476.92307692308
4469.74358974359
4479.48717948718
4504.61538461538
4513.84615384615
4506.66666666667
4506.66666666667
4508.20512820513
4488.71794871795
4465.12820512821
4463.07692307692
4472.30769230769
4475.89743589744
4469.74358974359
4464.10256410256
4469.23076923077
4476.92307692308
4473.33333333333
4457.4358974359
4454.35897435897
4468.71794871795
4469.74358974359
4458.46153846154
4462.05128205128
4464.61538461538
4448.71794871795
4453.84615384615
4477.94871794872
4482.05128205128
4475.38461538462
4471.28205128205
4461.02564102564
4458.46153846154
4471.79487179487
4471.28205128205
4462.5641025641
4470.25641025641
4470.25641025641
4455.89743589744
4458.97435897436
4475.38461538462
4470.25641025641
4457.4358974359
4463.58974358974
4476.92307692308
4470.76923076923
4461.02564102564
4458.97435897436
4452.82051282051
4466.15384615385
4494.8717948718
4487.69230769231
4456.92307692308
4454.35897435897
4472.82051282051
4472.82051282051
4457.94871794872
4454.35897435897
4463.58974358974
4463.07692307692
4463.07692307692
4484.10256410256
4498.46153846154
4490.76923076923
4477.94871794872
4464.10256410256
4457.94871794872
4460.51282051282
4461.02564102564
4464.10256410256
4474.35897435897
4471.79487179487
4467.69230769231
4487.17948717949
4509.74358974359
4515.89743589744
4515.38461538462
4510.76923076923
4504.61538461538
4512.82051282051
4522.05128205128
4511.79487179487
4502.05128205128
4503.58974358974
4506.15384615385
4505.12820512821
4497.94871794872
4493.84615384615
4503.58974358974
4502.5641025641
4491.79487179487
4502.5641025641
4512.30769230769
4491.28205128205
4470.25641025641
4471.28205128205
4477.94871794872
4469.23076923077
4455.89743589744
4463.07692307692
4479.48717948718
4482.05128205128
4475.89743589744
4473.33333333333
4473.84615384615
4476.41025641026
4475.89743589744
4468.20512820513
4459.48717948718
4456.92307692308
4460
4465.64102564103
4470.25641025641
4476.41025641026
4480
4475.89743589744
4467.17948717949
4462.05128205128
4460.51282051282
4454.35897435897
4457.4358974359
4467.17948717949
4466.66666666667
4461.53846153846
4461.02564102564
4465.12820512821
4474.8717948718
4479.48717948718
4466.15384615385
4453.33333333333
4456.41025641026
4462.5641025641
4458.97435897436
4463.58974358974
4490.25641025641
4498.46153846154
4468.71794871795
4452.82051282051
4462.5641025641
4461.02564102564
4455.89743589744
4458.46153846154
4451.79487179487
4462.05128205128
4499.48717948718
4509.74358974359
4492.30769230769
4495.89743589744
4514.8717948718
4514.35897435897
4504.10256410256
4511.28205128205
4522.5641025641
4514.35897435897
4502.05128205128
4507.69230769231
4514.35897435897
4507.69230769231
4498.97435897436
4493.84615384615
4489.74358974359
4477.4358974359
4478.97435897436
4509.23076923077
4531.79487179487
4525.12820512821
4521.02564102564
4524.61538461538
4510.76923076923
4489.23076923077
4473.84615384615
4468.20512820513
4472.30769230769
4476.41025641026
4472.82051282051
4469.74358974359
4474.35897435897
4478.46153846154
4480
4479.48717948718
4478.46153846154
4478.97435897436
4475.89743589744
4474.35897435897
4477.4358974359
4478.97435897436
4483.07692307692
4499.48717948718
4505.64102564103
4492.82051282051
4486.66666666667
4492.30769230769
4493.33333333333
4490.25641025641
4487.17948717949
4480
4478.97435897436
4481.02564102564
4472.82051282051
4474.8717948718
4492.82051282051
4491.28205128205
4472.82051282051
4477.4358974359
4501.53846153846
4518.97435897436
4520
4497.4358974359
4468.71794871795
4456.92307692308
4464.61538461538
4475.38461538462
4474.35897435897
4470.25641025641
4472.30769230769
4470.76923076923
4461.53846153846
4460
4464.10256410256
4465.12820512821
4463.58974358974
4458.97435897436
4458.46153846154
4469.74358974359
4478.97435897436
4477.4358974359
4469.74358974359
4471.79487179487
4497.4358974359
4525.64102564103
4530.76923076923
4519.48717948718
4498.46153846154
4468.71794871795
4455.38461538462
4459.48717948718
4463.07692307692
4469.23076923077
4474.8717948718
4475.38461538462
4475.89743589744
4470.76923076923
4461.53846153846
4460.51282051282
4462.5641025641
4466.15384615385
4474.35897435897
4471.28205128205
4456.41025641026
4458.46153846154
4478.97435897436
4503.58974358974
4518.97435897436
4520
4508.71794871795
4489.74358974359
4471.79487179487
4468.20512820513
4480.51282051282
4490.25641025641
4488.71794871795
4486.66666666667
4488.71794871795
4487.17948717949
4481.53846153846
4477.94871794872
4477.94871794872
4481.53846153846
4486.15384615385
4488.20512820513
4490.25641025641
4488.71794871795
4486.66666666667
4507.17948717949
4528.71794871795
4514.8717948718
4490.76923076923
4488.71794871795
4491.28205128205
4479.48717948718
4470.76923076923
4477.94871794872
4487.69230769231
4487.17948717949
4486.15384615385
4489.74358974359
4486.66666666667
4496.41025641026
4518.46153846154
4515.89743589744
4487.17948717949
4471.28205128205
4484.10256410256
4504.10256410256
4518.46153846154
4522.5641025641
4524.61538461538
4521.02564102564
4512.30769230769
4515.38461538462
4525.12820512821
4522.05128205128
4510.25641025641
4509.74358974359
4509.74358974359
4502.05128205128
4502.5641025641
4505.64102564103
4501.53846153846
4502.05128205128
4508.20512820513
4506.66666666667
4507.69230769231
4518.97435897436
4521.02564102564
4510.25641025641
4504.10256410256
4509.23076923077
4511.28205128205
4506.66666666667
4505.64102564103
4512.82051282051
4518.97435897436
4524.10256410256
4528.20512820513
4524.61538461538
4521.02564102564
4518.46153846154
4509.74358974359
4505.12820512821
4510.76923076923
4509.74358974359
4504.10256410256
4507.69230769231
4510.25641025641
4506.66666666667
4504.10256410256
4503.07692307692
4503.58974358974
4507.69230769231
4510.76923076923
4509.23076923077
4508.71794871795
4508.20512820513
4500.51282051282
4501.53846153846
4520
4529.74358974359
4515.38461538462
4509.74358974359
4520.51282051282
4522.05128205128
4517.94871794872
4515.38461538462
4507.17948717949
4507.17948717949
4520.51282051282
4524.10256410256
4520
4520
4520
4522.05128205128
4523.07692307692
4513.33333333333
4507.17948717949
4510.76923076923
4507.17948717949
4503.58974358974
4515.38461538462
4526.15384615385
4524.61538461538
4520.51282051282
4520
4518.46153846154
4516.92307692308
4518.97435897436
4515.89743589744
4508.71794871795
4512.30769230769
4530.76923076923
4540.51282051282
4529.23076923077
4520
4521.02564102564
4520
4516.92307692308
4519.48717948718
4525.64102564103
4533.33333333333
4545.64102564103
4554.8717948718
4557.4358974359
4560.51282051282
4566.15384615385
4563.58974358974
4554.35897435897
4555.38461538462
4556.41025641026
4547.69230769231
4537.4358974359
4526.66666666667
4526.15384615385
4532.30769230769
4529.23076923077
4520.51282051282
4521.53846153846
4533.33333333333
4537.4358974359
4531.28205128205
4521.53846153846
4513.84615384615
4511.28205128205
4517.4358974359
4524.61538461538
4522.05128205128
4521.53846153846
4521.53846153846
4520
4522.05128205128
4514.35897435897
4501.02564102564
4499.48717948718
4507.17948717949
4508.20512820513
4505.64102564103
4508.20512820513
4508.20512820513
4508.20512820513
4506.15384615385
4498.97435897436
4490.25641025641
4489.23076923077
4499.48717948718
4511.79487179487
4508.71794871795
4489.23076923077
4486.66666666667
4506.66666666667
4506.66666666667
4491.28205128205
4496.41025641026
4510.25641025641
4510.25641025641
4507.17948717949
4507.69230769231
4503.07692307692
4504.10256410256
4507.69230769231
4496.41025641026
4492.30769230769
4503.58974358974
4503.07692307692
4491.28205128205
4493.33333333333
4503.58974358974
4505.64102564103
4507.17948717949
4503.07692307692
4494.8717948718
4492.30769230769
4491.28205128205
4491.28205128205
4492.82051282051
4492.30769230769
4493.33333333333
4503.58974358974
4505.12820512821
4493.84615384615
4486.66666666667
4492.82051282051
4506.15384615385
4506.66666666667
4492.30769230769
4490.76923076923
4505.64102564103
4505.12820512821
4489.74358974359
4491.28205128205
4503.58974358974
4506.66666666667
4506.66666666667
4506.15384615385
4496.92307692308
4489.23076923077
4489.74358974359
4488.71794871795
4486.15384615385
4487.69230769231
4488.71794871795
4490.25641025641
4501.02564102564
4509.74358974359
4508.20512820513
4511.79487179487
4524.61538461538
4523.07692307692
4510.76923076923
4506.66666666667
4497.4358974359
4489.23076923077
4502.05128205128
4506.66666666667
4492.30769230769
4495.89743589744
4512.30769230769
4511.28205128205
4506.15384615385
4505.64102564103
4504.10256410256
4506.15384615385
4506.15384615385
4502.5641025641
4504.61538461538
4510.76923076923
4511.28205128205
4505.64102564103
4503.58974358974
4508.20512820513
4509.23076923077
4502.5641025641
4506.66666666667
4520.51282051282
4517.4358974359
4504.61538461538
4502.5641025641
4505.12820512821
4504.61538461538
4507.17948717949
4509.23076923077
4507.69230769231
4506.15384615385
4504.61538461538
4505.64102564103
4503.07692307692
4492.30769230769
4489.74358974359
4500
4506.66666666667
4504.61538461538
4503.58974358974
4503.07692307692
4503.07692307692
4506.15384615385
4508.20512820513
4505.64102564103
4502.5641025641
4505.12820512821
4511.28205128205
4512.82051282051
4508.71794871795
4508.20512820513
4507.17948717949
4500
4498.46153846154
4507.69230769231
4510.25641025641
4503.07692307692
4500.51282051282
4503.07692307692
4503.07692307692
4503.58974358974
4506.15384615385
4507.17948717949
4505.12820512821
4506.66666666667
4504.61538461538
4495.38461538462
4494.8717948718
4504.10256410256
4505.12820512821
4502.5641025641
4502.5641025641
4508.71794871795
4515.89743589744
4508.71794871795
4491.79487179487
4491.79487179487
4503.07692307692
4507.69230769231
4505.12820512821
4498.46153846154
4492.82051282051
4493.33333333333
4496.92307692308
4504.10256410256
4506.66666666667
4500
4491.79487179487
4492.30769230769
4501.02564102564
4509.23076923077
4502.5641025641
4497.4358974359
4502.5641025641
4501.02564102564
4491.28205128205
4490.25641025641
4504.10256410256
4522.5641025641
4522.5641025641
4508.20512820513
4499.48717948718
4497.94871794872
4497.94871794872
4503.07692307692
4505.64102564103
4503.58974358974
4503.07692307692
4503.07692307692
4505.64102564103
4509.23076923077
4509.23076923077
4507.69230769231
4504.10256410256
4503.07692307692
4506.66666666667
4511.28205128205
4508.71794871795
4498.46153846154
4491.79487179487
4492.82051282051
4497.4358974359
4501.53846153846
4506.66666666667
4507.17948717949
4504.61538461538
4505.64102564103
4500.51282051282
4493.33333333333
4493.33333333333
4493.84615384615
4492.30769230769
4500.51282051282
4507.17948717949
