P8
4151.28205128205
4202.05128205128
4205.12820512821
4177.94871794872
4176.92307692308
4173.84615384615
4157.94871794872
4176.41025641026
4206.15384615385
4195.38461538462
4177.94871794872
4186.66666666667
4178.97435897436
4161.02564102564
4182.05128205128
4190.25641025641
4172.30769230769
4179.48717948718
4189.23076923077
4171.28205128205
4143.58974358974
4161.02564102564
4205.64102564103
4193.33333333333
4154.8717948718
4178.46153846154
4213.33333333333
4193.33333333333
4168.20512820513
4164.10256410256
4190.25641025641
4230.76923076923
4214.35897435897
4162.05128205128
4164.10256410256
4206.15384615385
4218.46153846154
4195.38461538462
4173.84615384615
4179.48717948718
4172.30769230769
4154.8717948718
4176.92307692308
4207.17948717949
4188.71794871795
4149.23076923077
4153.33333333333
4186.15384615385
4212.30769230769
4209.74358974359
4186.66666666667
4185.12820512821
4195.89743589744
4196.41025641026
4178.46153846154
4181.02564102564
4210.76923076923
4186.15384615385
4138.97435897436
4157.94871794872
4200
4193.84615384615
4163.07692307692
4145.64102564103
4170.25641025641
4214.35897435897
4195.89743589744
4157.4358974359
4179.48717948718
4196.41025641026
4176.92307692308
4172.30769230769
4191.79487179487
4188.20512820513
4137.94871794872
4126.66666666667
4185.12820512821
4204.61538461538
4166.15384615385
4157.4358974359
4174.8717948718
4154.8717948718
4128.20512820513
4153.84615384615
4194.8717948718
4180.51282051282
4144.10256410256
4152.82051282051
4160.51282051282
4147.69230769231
4165.64102564103
4175.38461538462
4157.94871794872
4168.20512820513
4185.64102564103
4160.51282051282
4135.38461538462
4152.30769230769
4184.10256410256
4187.17948717949
4155.38461538462
4135.89743589744
4150.76923076923
4171.79487179487
4187.69230769231
4198.46153846154
4180
4151.28205128205
4159.48717948718
4190.76923076923
4187.17948717949
4165.64102564103
4159.48717948718
4163.58974358974
4180.51282051282
4168.71794871795
4140.51282051282
4171.79487179487
4202.05128205128
4163.07692307692
4151.79487179487
4188.71794871795
4190.25641025641
4159.48717948718
4136.41025641026
4171.79487179487
4235.89743589744
4224.10256410256
4150.76923076923
4129.23076923077
4167.69230769231
4201.53846153846
4201.53846153846
4181.53846153846
4167.17948717949
4162.05128205128
4181.53846153846
4212.30769230769
4194.8717948718
4148.20512820513
4146.66666666667
4166.66666666667
4172.82051282051
4187.17948717949
4169.23076923077
4131.79487179487
4178.97435897436
4237.4358974359
4192.30769230769
4166.66666666667
4210.25641025641
4196.92307692308
4138.97435897436
4150.76923076923
4194.8717948718
4189.23076923077
4168.71794871795
4149.74358974359
4134.8717948718
4160
4191.79487179487
4173.33333333333
4155.38461538462
4152.30769230769
4134.8717948718
4171.28205128205
4222.5641025641
4198.97435897436
4162.5641025641
4168.71794871795
4181.02564102564
4184.10256410256
4176.41025641026
4161.02564102564
4164.10256410256
4174.35897435897
4186.66666666667
4211.79487179487
4206.66666666667
4168.71794871795
4166.66666666667
4175.89743589744
4142.5641025641
4137.4358974359
4198.97435897436
4211.28205128205
4151.79487179487
4151.79487179487
4195.89743589744
4211.28205128205
4213.84615384615
4207.17948717949
4190.25641025641
4178.46153846154
4175.38461538462
4175.89743589744
4174.35897435897
4165.64102564103
4166.66666666667
4170.76923076923
4174.8717948718
4198.97435897436
4202.5641025641
4171.28205128205
4148.20512820513
4142.5641025641
4150.25641025641
4166.15384615385
4174.35897435897
4161.02564102564
4153.84615384615
4173.33333333333
4163.58974358974
4113.84615384615
4120
4170.25641025641
4149.23076923077
4106.15384615385
4123.07692307692
4140.51282051282
4142.05128205128
4139.48717948718
4108.20512820513
4095.38461538462
4132.30769230769
4132.82051282051
4093.84615384615
4107.17948717949
4128.71794871795
4117.4358974359
4113.84615384615
4118.46153846154
4135.38461538462
4172.82051282051
4142.05128205128
4082.5641025641
4132.82051282051
4213.84615384615
4200
4161.53846153846
4178.46153846154
4183.58974358974
4147.69230769231
4142.5641025641
4167.69230769231
4170.25641025641
4144.10256410256
4145.12820512821
4158.97435897436
4148.20512820513
4129.74358974359
4150.76923076923
4187.69230769231
4176.41025641026
4172.82051282051
4228.20512820513
4250.76923076923
4213.84615384615
4213.84615384615
4221.53846153846
4174.8717948718
4181.53846153846
4262.5641025641
4272.30769230769
4226.66666666667
4226.66666666667
4227.69230769231
4221.53846153846
4247.17948717949
4249.74358974359
4223.07692307692
4227.69230769231
4233.33333333333
4218.97435897436
4214.8717948718
4216.92307692308
4220
4216.92307692308
4202.5641025641
4223.58974358974
4274.35897435897
4274.8717948718
4247.69230769231
4276.92307692308
4303.07692307692
4272.82051282051
4251.79487179487
4252.30769230769
4245.64102564103
4247.17948717949
4256.41025641026
4246.66666666667
4239.48717948718
4252.30769230769
4244.10256410256
4208.20512820513
4215.89743589744
4262.5641025641
4261.53846153846
4243.07692307692
4271.28205128205
4290.76923076923
4274.8717948718
4277.94871794872
4293.33333333333
4306.66666666667
4330.25641025641
4343.07692307692
4348.71794871795
4362.5641025641
4374.35897435897
4376.41025641026
4371.79487179487
4373.33333333333
4375.89743589744
4357.94871794872
4357.4358974359
4384.10256410256
4365.64102564103
4330.76923076923
4353.33333333333
4382.5641025641
4338.97435897436
4281.53846153846
4301.02564102564
4347.17948717949
4328.71794871795
4308.20512820513
4349.23076923077
4358.97435897436
4330.76923076923
4308.20512820513
4267.69230769231
4268.20512820513
4305.12820512821
4293.33333333333
4278.97435897436
4301.53846153846
4302.05128205128
4300
4314.8717948718
4304.10256410256
4289.74358974359
4296.41025641026
4309.74358974359
4322.5641025641
4308.20512820513
4277.94871794872
4269.23076923077
4263.58974358974
4251.79487179487
4271.79487179487
4297.4358974359
4271.79487179487
4255.89743589744
4304.61538461538
4319.48717948718
4233.84615384615
4196.41025641026
4296.41025641026
4376.92307692308
4335.38461538462
4299.48717948718
4317.4358974359
4263.58974358974
4215.38461538462
4296.41025641026
4358.97435897436
4318.46153846154
4292.82051282051
4292.82051282051
4275.89743589744
4276.41025641026
4272.82051282051
4265.64102564103
4284.10256410256
4260
4228.20512820513
4249.23076923077
4254.35897435897
4267.17948717949
4322.05128205128
4305.64102564103
4250.76923076923
4260
4258.46153846154
4222.5641025641
4240.51282051282
4257.4358974359
4246.15384615385
4252.82051282051
4266.66666666667
4276.92307692308
4267.17948717949
4238.97435897436
4237.4358974359
4261.02564102564
4265.12820512821
4242.05128205128
4217.4358974359
4206.15384615385
4194.35897435897
4168.71794871795
4167.17948717949
4192.82051282051
4206.66666666667
4215.89743589744
4218.97435897436
4190.25641025641
4171.28205128205
4195.38461538462
4194.8717948718
4160.51282051282
4164.10256410256
4183.58974358974
4163.58974358974
4156.92307692308
4200
4206.15384615385
4165.64102564103
4172.82051282051
4196.92307692308
4170.25641025641
4147.17948717949
4150.76923076923
4158.97435897436
4201.02564102564
4234.35897435897
4178.97435897436
4131.79487179487
4193.84615384615
4233.84615384615
4157.4358974359
4123.58974358974
4201.02564102564
4212.82051282051
4148.20512820513
4182.5641025641
4253.84615384615
4222.05128205128
4183.07692307692
4181.53846153846
4172.82051282051
4203.07692307692
4245.12820512821
4215.38461538462
4190.25641025641
4239.48717948718
4258.97435897436
4215.38461538462
4189.74358974359
4202.5641025641
4215.89743589744
4211.28205128205
4197.4358974359
4185.12820512821
4182.5641025641
4200.51282051282
4228.71794871795
4225.64102564103
4216.92307692308
4252.82051282051
4280
4278.97435897436
4306.15384615385
4327.69230769231
4282.05128205128
4246.15384615385
4269.74358974359
4294.8717948718
4285.64102564103
4232.82051282051
4191.79487179487
4211.28205128205
4235.38461538462
4214.8717948718
4183.58974358974
4167.69230769231
4168.71794871795
4201.53846153846
4215.38461538462
4187.69230769231
4164.61538461538
4149.74358974359
4151.79487179487
4189.23076923077
4220
4183.07692307692
4143.07692307692
4176.41025641026
4211.79487179487
4185.12820512821
4161.53846153846
4166.66666666667
4156.92307692308
4156.41025641026
4158.97435897436
4135.38461538462
4153.84615384615
4196.41025641026
4166.15384615385
4126.15384615385
4150.76923076923
4173.33333333333
4183.58974358974
4200.51282051282
4192.30769230769
4169.74358974359
4160.51282051282
4184.10256410256
4200
4178.97435897436
4174.8717948718
4206.15384615385
4204.10256410256
4162.5641025641
4143.07692307692
4157.94871794872
4182.5641025641
4187.17948717949
4189.74358974359
4215.38461538462
4204.10256410256
4165.64102564103
4148.71794871795
4150.76923076923
4163.58974358974
4155.38461538462
4133.84615384615
4151.28205128205
4187.69230769231
4170.76923076923
4137.4358974359
4145.12820512821
4158.46153846154
4165.64102564103
4166.66666666667
4171.79487179487
4190.25641025641
4194.8717948718
4175.89743589744
4147.17948717949
4143.07692307692
4149.23076923077
4148.71794871795
4158.97435897436
4172.82051282051
4152.30769230769
4114.35897435897
4124.61538461538
4162.05128205128
4180.51282051282
4166.66666666667
4127.69230769231
4113.84615384615
4136.41025641026
4158.46153846154
4154.35897435897
4141.53846153846
4150.25641025641
4180
4177.4358974359
4133.33333333333
4128.71794871795
4177.94871794872
4178.97435897436
4119.48717948718
4113.84615384615
4158.46153846154
4167.69230769231
4158.46153846154
4168.71794871795
4177.94871794872
4154.35897435897
4130.76923076923
4145.12820512821
4174.35897435897
4177.94871794872
4145.64102564103
4114.8717948718
4146.15384615385
4224.10256410256
4230.25641025641
4161.02564102564
4139.48717948718
4158.97435897436
4153.33333333333
4148.20512820513
4154.8717948718
4135.89743589744
4139.48717948718
4191.79487179487
4195.38461538462
4156.92307692308
4149.74358974359
4148.71794871795
4135.89743589744
4144.10256410256
4157.94871794872
4158.46153846154
4140.51282051282
4134.35897435897
4155.89743589744
4141.02564102564
4111.79487179487
4143.07692307692
4182.5641025641
4189.74358974359
4188.20512820513
4158.46153846154
4129.23076923077
4142.5641025641
4169.23076923077
4187.69230769231
4167.17948717949
4122.5641025641
4153.33333333333
4202.05128205128
4161.02564102564
4150.25641025641
4198.46153846154
4193.33333333333
4169.74358974359
4181.53846153846
4188.20512820513
4188.71794871795
4175.38461538462
4126.66666666667
4149.74358974359
4231.79487179487
4228.71794871795
4187.69230769231
4168.20512820513
4160
4190.25641025641
4227.69230769231
4195.38461538462
4162.5641025641
4173.33333333333
4153.84615384615
4136.41025641026
4159.48717948718
4180.51282051282
4159.48717948718
4123.58974358974
4136.92307692308
4171.79487179487
4174.8717948718
4167.69230769231
4167.17948717949
4136.92307692308
4113.84615384615
4152.30769230769
4200.51282051282
4188.20512820513
4142.05128205128
4155.38461538462
4169.23076923077
4126.66666666667
4130.25641025641
4182.5641025641
4184.10256410256
4141.53846153846
4125.64102564103
4127.69230769231
4122.5641025641
4147.17948717949
4183.58974358974
4184.10256410256
4147.69230769231
4126.66666666667
4139.48717948718
4164.10256410256
4172.30769230769
4152.30769230769
4155.89743589744
4149.74358974359
4111.28205128205
4121.53846153846
4176.41025641026
4200.51282051282
4168.20512820513
4136.41025641026
4149.74358974359
4176.41025641026
4170.76923076923
4138.46153846154
4134.8717948718
4159.48717948718
4144.61538461538
4113.33333333333
4119.48717948718
4130.25641025641
4124.61538461538
4166.66666666667
4220
4174.8717948718
4121.02564102564
4160.51282051282
4201.02564102564
4153.33333333333
4101.02564102564
4130.76923076923
4158.97435897436
4157.94871794872
4169.23076923077
4163.58974358974
4134.35897435897
4129.23076923077
4136.92307692308
4134.35897435897
4155.38461538462
4185.64102564103
4178.97435897436
4163.58974358974
4165.12820512821
4176.41025641026
4172.82051282051
4146.66666666667
4129.23076923077
4149.23076923077
4193.84615384615
4204.10256410256
4173.84615384615
4162.5641025641
4168.71794871795
4167.69230769231
4188.71794871795
4224.61538461538
4218.97435897436
4198.46153846154
4191.79487179487
4170.25641025641
4144.61538461538
4154.35897435897
4166.66666666667
4162.5641025641
4181.02564102564
4193.84615384615
4184.10256410256
4201.02564102564
4227.69230769231
4202.5641025641
4150.25641025641
4140
4184.61538461538
4229.74358974359
4211.28205128205
4167.17948717949
4174.35897435897
4197.4358974359
4201.02564102564
4204.61538461538
4164.61538461538
4120
4168.71794871795
4217.94871794872
4188.71794871795
4182.05128205128
4193.33333333333
4168.71794871795
4164.10256410256
4173.33333333333
4170.76923076923
4180.51282051282
4187.17948717949
4169.74358974359
4162.05128205128
4185.12820512821
4193.33333333333
4170.25641025641
4163.07692307692
4176.92307692308
4149.74358974359
4105.64102564103
4121.02564102564
4160.51282051282
4171.79487179487
4157.94871794872
4136.41025641026
4144.61538461538
4170.25641025641
4163.58974358974
4151.79487179487
4146.66666666667
4105.64102564103
4083.07692307692
4149.23076923077
4183.58974358974
4137.94871794872
4137.4358974359
4156.92307692308
4134.35897435897
4133.84615384615
4165.64102564103
4155.38461538462
4130.25641025641
4137.94871794872
4148.71794871795
4172.82051282051
4191.79487179487
4159.48717948718
4128.71794871795
4155.38461538462
4161.02564102564
4116.92307692308
4121.53846153846
4150.25641025641
4131.79487179487
4124.10256410256
4165.64102564103
4201.53846153846
4203.07692307692
4202.05128205128
4218.46153846154
4245.64102564103
4247.17948717949
4255.38461538462
4269.74358974359
4230.25641025641
4216.92307692308
4273.33333333333
4273.33333333333
4216.41025641026
4217.4358974359
4216.92307692308
4165.12820512821
4149.74358974359
4147.69230769231
4141.02564102564
4193.84615384615
4227.17948717949
4156.41025641026
4114.35897435897
4184.10256410256
4218.46153846154
4156.41025641026
4125.12820512821
4165.12820512821
4170.25641025641
4117.94871794872
4114.8717948718
4168.20512820513
4185.12820512821
4157.4358974359
4148.71794871795
4160
4145.64102564103
4137.4358974359
4150.25641025641
4124.10256410256
4096.92307692308
4149.23076923077
4212.82051282051
4212.30769230769
4169.74358974359
4132.30769230769
4165.64102564103
4236.92307692308
4223.07692307692
4153.33333333333
4143.58974358974
4170.76923076923
4141.53846153846
4108.20512820513
4153.33333333333
4202.05128205128
4176.41025641026
4157.4358974359
4182.5641025641
4170.25641025641
4141.02564102564
4157.4358974359
4157.94871794872
4129.23076923077
4152.30769230769
4197.94871794872
4170.25641025641
4136.41025641026
4170.76923076923
4201.02564102564
4183.07692307692
4160.51282051282
4146.66666666667
4137.4358974359
4167.69230769231
4193.84615384615
4149.23076923077
4109.74358974359
4132.30769230769
4150.25641025641
4161.53846153846
4184.61538461538
4158.46153846154
4148.20512820513
4202.5641025641
4215.38461538462
4165.12820512821
4137.94871794872
4136.92307692308
4140.51282051282
4171.28205128205
4179.48717948718
4137.4358974359
4133.33333333333
4198.46153846154
4222.5641025641
4170.76923076923
4167.17948717949
4194.35897435897
4161.53846153846
4136.41025641026
4168.71794871795
4176.92307692308
4154.8717948718
4168.71794871795
4181.02564102564
4183.58974358974
4202.05128205128
4184.61538461538
4136.41025641026
4137.4358974359
4195.38461538462
4200
4167.69230769231
4211.28205128205
4275.89743589744
4246.66666666667
4182.5641025641
4176.92307692308
4193.33333333333
4217.94871794872
4239.48717948718
4205.64102564103
4176.92307692308
4208.71794871795
4227.17948717949
4194.8717948718
4165.12820512821
4161.02564102564
4176.41025641026
4222.5641025641
4247.69230769231
4201.02564102564
4171.28205128205
4194.8717948718
4201.53846153846
4175.38461538462
4192.82051282051
4233.33333333333
4195.89743589744
4150.76923076923
4193.84615384615
4234.8717948718
4201.53846153846
4197.94871794872
4204.10256410256
4147.69230769231
4152.30769230769
4221.02564102564
4227.69230769231
4188.20512820513
4186.15384615385
4191.28205128205
4179.48717948718
4192.82051282051
4202.5641025641
4184.10256410256
4183.07692307692
4209.74358974359
4191.28205128205
4157.4358974359
4175.38461538462
4186.15384615385
4160
4141.53846153846
4151.79487179487
4168.71794871795
4176.92307692308
4191.28205128205
4210.76923076923
4198.46153846154
4165.12820512821
4167.69230769231
4189.74358974359
4173.84615384615
4138.97435897436
4163.58974358974
4211.79487179487
4181.53846153846
4155.89743589744
4225.12820512821
4255.38461538462
4194.35897435897
4167.17948717949
4189.23076923077
4193.33333333333
4176.92307692308
4162.05128205128
4168.71794871795
4195.89743589744
4200.51282051282
4186.15384615385
4178.97435897436
4175.89743589744
4190.25641025641
4207.69230769231
4194.8717948718
4171.28205128205
4175.38461538462
4171.28205128205
4148.71794871795
4166.66666666667
4213.33333333333
4233.33333333333
4211.79487179487
4187.17948717949
4184.61538461538
4181.02564102564
4162.05128205128
4161.53846153846
4191.79487179487
4182.5641025641
4153.33333333333
4188.20512820513
4235.89743589744
4219.48717948718
4174.35897435897
4164.10256410256
4177.4358974359
4166.66666666667
4155.38461538462
4171.28205128205
4152.82051282051
4129.74358974359
4187.69230769231
4244.61538461538
4225.12820512821
4194.35897435897
4178.97435897436
4165.12820512821
4163.58974358974
4172.30769230769
4200
4217.94871794872
4200.51282051282
4196.41025641026
4209.74358974359
4202.05128205128
4183.58974358974
4182.5641025641
4196.41025641026
4217.94871794872
4237.4358974359
4261.02564102564
4264.10256410256
4249.23076923077
4268.20512820513
4308.20512820513
4318.46153846154
4294.35897435897
4264.10256410256
4255.89743589744
4261.53846153846
4260.51282051282
4251.79487179487
4221.02564102564
4193.84615384615
4202.05128205128
4207.69230769231
4198.46153846154
4210.76923076923
4231.28205128205
4236.41025641026
4228.20512820513
4194.35897435897
4177.94871794872
4190.76923076923
4175.89743589744
4158.97435897436
4182.05128205128
4199.48717948718
4183.58974358974
4185.12820512821
4207.17948717949
4190.25641025641
4150.76923076923
4160.51282051282
4197.4358974359
4190.76923076923
4163.07692307692
4163.58974358974
4174.8717948718
4176.92307692308
4157.94871794872
4136.41025641026
4161.02564102564
4187.69230769231
4170.76923076923
4161.53846153846
4169.74358974359
4170.76923076923
4192.30769230769
4210.25641025641
4185.12820512821
4160.51282051282
4167.69230769231
4180.51282051282
4190.25641025641
4185.12820512821
4167.69230769231
4175.38461538462
4186.15384615385
4161.53846153846
4145.64102564103
4168.71794871795
4169.23076923077
4150.76923076923
4158.97435897436
4164.61538461538
4151.28205128205
4150.25641025641
4163.58974358974
4179.48717948718
4200
4198.46153846154
4171.28205128205
4149.74358974359
4134.8717948718
4131.28205128205
4164.61538461538
4183.58974358974
4150.76923076923
4146.66666666667
4178.46153846154
4166.66666666667
4145.12820512821
4163.07692307692
4176.41025641026
4163.07692307692
4152.30769230769
4151.28205128205
4155.89743589744
4152.30769230769
4158.97435897436
4179.48717948718
4176.92307692308
4168.20512820513
4170.76923076923
4169.74358974359
4178.97435897436
4185.12820512821
4162.05128205128
4144.61538461538
4150.25641025641
4161.02564102564
4181.02564102564
4192.82051282051
4182.5641025641
4182.5641025641
4208.20512820513
4231.28205128205
4207.69230769231
4166.66666666667
4176.92307692308
4190.76923076923
4175.38461538462
4171.28205128205
4181.02564102564
4191.79487179487
4198.46153846154
4204.10256410256
4198.46153846154
4173.84615384615
4164.10256410256
4208.71794871795
4228.20512820513
4163.58974358974
4153.84615384615
4223.07692307692
4231.28205128205
4195.89743589744
4194.35897435897
4185.64102564103
4186.66666666667
4232.82051282051
4234.35897435897
4179.48717948718
4167.69230769231
4188.20512820513
4194.35897435897
4200.51282051282
4205.12820512821
4200.51282051282
4198.97435897436
4206.66666666667
4202.5641025641
4184.10256410256
4184.10256410256
4186.15384615385
4171.79487179487
4171.28205128205
4205.64102564103
4229.23076923077
4193.84615384615
4165.64102564103
4197.94871794872
4230.25641025641
4210.25641025641
4178.46153846154
4180
4209.74358974359
4231.28205128205
4191.28205128205
4149.23076923077
4190.76923076923
4253.33333333333
4247.17948717949
4209.23076923077
4199.48717948718
4198.46153846154
4188.20512820513
4177.4358974359
4183.07692307692
4204.61538461538
4199.48717948718
4175.38461538462
4192.82051282051
4234.8717948718
4237.94871794872
4217.94871794872
4203.07692307692
4185.64102564103
4184.61538461538
4196.92307692308
4200.51282051282
4204.10256410256
4210.76923076923
4204.61538461538
4195.38461538462
4208.71794871795
4205.64102564103
4178.97435897436
4198.46153846154
4238.46153846154
4211.28205128205
4173.84615384615
4195.38461538462
4205.12820512821
4178.46153846154
4181.02564102564
4205.64102564103
4217.4358974359
4215.89743589744
4204.61538461538
4204.61538461538
4193.33333333333
4154.8717948718
4164.10256410256
4219.48717948718
4228.71794871795
4190.76923076923
4192.30769230769
4226.66666666667
4235.38461538462
4228.71794871795
4230.25641025641
4226.66666666667
4195.89743589744
4180
4194.8717948718
4204.61538461538
4199.48717948718
4167.17948717949
4148.71794871795
4196.41025641026
4247.69230769231
4234.35897435897
4192.30769230769
4174.8717948718
4197.4358974359
4241.02564102564
4237.94871794872
4183.07692307692
4164.10256410256
4184.10256410256
4186.15384615385
4190.76923076923
4220
4233.84615384615
4214.35897435897
4203.58974358974
4206.66666666667
4188.71794871795
4177.4358974359
4199.48717948718
4218.46153846154
4205.64102564103
4168.20512820513
4160.51282051282
