F3
3939.48717948718
3939.48717948718
3937.94871794872
3936.92307692308
3939.48717948718
3943.58974358974
3946.15384615385
3945.64102564103
3944.10256410256
3945.12820512821
3941.53846153846
3928.71794871795
3929.23076923077
3945.64102564103
3940.51282051282
3920.51282051282
3920.51282051282
3928.71794871795
3926.15384615385
3926.15384615385
3928.71794871795
3928.20512820513
3929.74358974359
3936.41025641026
3954.35897435898
3962.05128205128
3944.10256410256
3944.61538461539
3965.64102564103
3956.92307692308
3939.48717948718
3952.82051282051
3967.17948717949
3954.8717948718
3941.02564102564
3952.82051282051
3960.51282051282
3945.64102564103
3936.92307692308
3940.51282051282
3942.05128205128
3949.23076923077
3951.79487179487
3936.92307692308
3932.30769230769
3952.82051282051
3966.66666666667
3953.33333333333
3930.25641025641
3938.46153846154
3972.82051282051
3970.76923076923
3941.02564102564
3934.35897435898
3948.20512820513
3954.35897435898
3951.79487179487
3943.58974358974
3932.82051282051
3935.38461538462
3944.10256410256
3940
3932.30769230769
3940
3945.12820512821
3930.25641025641
3933.33333333333
3957.94871794872
3960
3938.46153846154
3928.20512820513
3932.30769230769
3930.76923076923
3925.64102564103
3931.28205128205
3935.38461538462
3927.69230769231
3927.17948717949
3925.64102564103
3914.8717948718
3926.66666666667
3946.15384615385
3938.46153846154
3923.58974358974
3924.61538461539
3924.61538461539
3921.02564102564
3923.07692307692
3927.69230769231
3930.76923076923
3928.20512820513
3929.23076923077
3936.92307692308
3943.07692307692
3940
3930.25641025641
3926.15384615385
3930.25641025641
3927.69230769231
3922.05128205128
3929.74358974359
3926.15384615385
3910.76923076923
3917.4358974359
3932.30769230769
3931.28205128205
3934.35897435898
3943.07692307692
3934.35897435898
3929.74358974359
3945.12820512821
3947.69230769231
3932.30769230769
3925.12820512821
3926.66666666667
3924.61538461539
3925.64102564103
3927.17948717949
3924.10256410256
3927.69230769231
3940
3945.64102564103
3941.53846153846
3943.58974358974
3950.25641025641
3946.66666666667
3942.05128205128
3945.64102564103
3945.12820512821
3941.02564102564
3943.58974358974
3939.48717948718
3927.69230769231
3930.76923076923
3943.07692307692
3947.69230769231
3943.58974358974
3943.07692307692
3942.5641025641
3933.33333333333
3928.71794871795
3937.4358974359
3946.66666666667
3948.71794871795
3957.4358974359
3963.58974358974
3956.92307692308
3962.5641025641
3974.8717948718
3962.05128205128
3939.48717948718
3937.94871794872
3944.61538461539
3942.05128205128
3941.53846153846
3943.58974358974
3944.61538461539
3943.58974358974
3943.07692307692
3945.12820512821
3934.35897435898
3925.64102564103
3939.48717948718
3953.33333333333
3955.38461538462
3960
3953.84615384615
3943.58974358974
3952.30769230769
3961.53846153846
3961.02564102564
3957.94871794872
3946.66666666667
3938.97435897436
3947.69230769231
3950.25641025641
3943.58974358974
3941.02564102564
3932.82051282051
3928.71794871795
3941.02564102564
3947.17948717949
3940
3941.02564102564
3940
3923.58974358974
3930.76923076923
3952.30769230769
3946.66666666667
3933.84615384615
3938.97435897436
3934.8717948718
3929.23076923077
3947.17948717949
3947.69230769231
3927.17948717949
3940
3964.10256410256
3950.25641025641
3926.66666666667
3924.61538461539
3936.92307692308
3950.25641025641
3947.17948717949
3929.74358974359
3924.61538461539
3930.25641025641
3929.74358974359
3925.12820512821
3928.20512820513
3932.82051282051
3914.8717948718
3887.17948717949
3886.15384615385
3898.46153846154
3897.4358974359
3892.82051282051
3892.30769230769
3893.84615384615
3898.97435897436
3896.92307692308
3890.76923076923
3890.25641025641
3895.38461538462
3897.4358974359
3889.23076923077
3890.25641025641
3905.12820512821
3903.07692307692
3892.82051282051
3898.97435897436
3911.28205128205
3912.82051282051
3910.25641025641
3908.71794871795
3913.84615384615
3916.92307692308
3911.28205128205
3917.94871794872
3924.10256410256
3912.30769230769
3908.71794871795
3917.4358974359
3910.25641025641
3890.76923076923
3889.23076923077
3901.53846153846
3908.71794871795
3909.74358974359
3915.38461538462
3926.66666666667
3935.89743589744
3943.07692307692
3951.79487179487
3955.38461538462
3960
3960
3952.30769230769
3947.69230769231
3945.12820512821
3946.15384615385
3951.28205128205
3957.94871794872
3957.4358974359
3949.74358974359
3942.05128205128
3943.07692307692
3947.17948717949
3940.51282051282
3937.4358974359
3942.5641025641
3945.64102564103
3940
3942.5641025641
3962.5641025641
3975.89743589744
3978.97435897436
3981.53846153846
3987.69230769231
4005.12820512821
4031.28205128205
4042.5641025641
4042.5641025641
4053.84615384615
4066.66666666667
4064.10256410256
4053.33333333333
4052.82051282051
4060.51282051282
4063.58974358974
4058.46153846154
4051.28205128205
4051.79487179487
4062.5641025641
4073.33333333333
4076.92307692308
4072.82051282051
4060
4056.92307692308
4067.69230769231
4077.94871794872
4083.07692307692
4086.66666666667
4095.89743589744
4103.07692307692
4103.07692307692
4112.30769230769
4120.51282051282
4116.41025641026
4121.02564102564
4131.79487179487
4128.71794871795
4132.30769230769
4148.71794871795
4145.12820512821
4123.07692307692
4115.38461538462
4125.12820512821
4128.71794871795
4122.05128205128
4119.48717948718
4105.64102564103
4091.28205128205
4100.51282051282
4097.94871794872
4077.4358974359
4087.17948717949
4111.79487179487
4105.12820512821
4091.79487179487
4094.35897435898
4090.76923076923
4084.61538461539
4082.05128205128
4080.51282051282
4084.61538461539
4087.69230769231
4095.38461538462
4107.17948717949
4098.97435897436
4082.05128205128
4084.10256410256
4096.41025641026
4093.33333333333
4073.33333333333
4056.92307692308
4065.12820512821
4077.4358974359
4083.07692307692
4097.94871794872
4098.46153846154
4080.51282051282
4078.97435897436
4083.07692307692
4079.48717948718
4082.5641025641
4078.46153846154
4067.17948717949
4082.05128205128
4094.8717948718
4080.51282051282
4069.74358974359
4077.4358974359
4080
4077.4358974359
4085.64102564103
4086.15384615385
4080
4078.46153846154
4076.92307692308
4076.41025641026
4077.94871794872
4066.66666666667
4046.15384615385
4050.76923076923
4063.58974358974
4059.48717948718
4056.92307692308
4061.53846153846
4061.53846153846
4054.8717948718
4049.23076923077
4043.58974358974
4037.4358974359
4034.35897435898
4033.33333333333
4033.33333333333
4035.38461538462
4048.20512820513
4064.10256410256
4062.5641025641
4045.12820512821
4035.38461538462
4041.53846153846
4049.23076923077
4047.69230769231
4042.5641025641
4040
4032.82051282051
4019.48717948718
4013.33333333333
4018.97435897436
4030.76923076923
4043.58974358974
4032.82051282051
4007.17948717949
4007.17948717949
4014.8717948718
4001.53846153846
3999.48717948718
4015.38461538462
4011.79487179487
3994.8717948718
3998.46153846154
4012.82051282051
4016.41025641026
4007.69230769231
4003.07692307692
4013.84615384615
4023.07692307692
4011.79487179487
3992.82051282051
3990.25641025641
3989.74358974359
3980
3986.15384615385
3989.74358974359
3967.17948717949
3951.28205128205
3964.61538461539
3981.53846153846
3991.28205128205
4002.5641025641
4006.66666666667
4005.12820512821
4004.10256410256
4000.51282051282
3988.71794871795
3981.02564102564
3988.20512820513
3997.4358974359
4004.61538461539
4001.53846153846
3997.94871794872
4001.53846153846
3998.97435897436
3999.48717948718
4009.23076923077
4003.07692307692
3985.64102564103
3992.30769230769
4004.61538461539
4005.64102564103
4002.05128205128
3990.76923076923
3989.74358974359
3997.94871794872
4008.20512820513
4020.51282051282
4031.79487179487
4040.51282051282
4045.12820512821
4049.74358974359
4052.82051282051
4053.84615384615
4051.79487179487
4053.84615384615
4052.30769230769
4042.05128205128
4032.82051282051
4025.12820512821
4024.10256410256
4028.20512820513
4020.51282051282
4013.84615384615
4028.20512820513
4028.71794871795
4008.20512820513
4009.74358974359
4020.51282051282
4008.20512820513
3996.41025641026
4001.53846153846
4005.64102564103
4000.51282051282
3988.71794871795
3981.02564102564
3984.10256410256
3988.71794871795
3991.28205128205
3991.79487179487
3991.79487179487
4004.10256410256
4022.05128205128
4021.02564102564
4000
3985.64102564103
3999.48717948718
4014.8717948718
4011.79487179487
4006.15384615385
3995.38461538462
3988.20512820513
4005.12820512821
4001.53846153846
3967.69230769231
3974.8717948718
3996.41025641026
3982.05128205128
3980
3995.89743589744
3992.82051282051
3987.69230769231
3987.69230769231
3986.66666666667
3996.92307692308
3996.41025641026
3975.89743589744
3972.82051282051
3974.8717948718
3963.58974358974
3955.89743589744
3949.23076923077
3937.4358974359
3944.61538461539
3957.94871794872
3947.17948717949
3940.51282051282
3960
3963.58974358974
3943.07692307692
3944.61538461539
3966.66666666667
3966.66666666667
3959.48717948718
3974.35897435898
3978.97435897436
3953.33333333333
3936.92307692308
3949.23076923077
3963.07692307692
3954.35897435898
3940.51282051282
3942.05128205128
3953.33333333333
3963.07692307692
3960
3944.61538461539
3937.94871794872
3942.05128205128
3941.02564102564
3935.38461538462
3938.97435897436
3943.07692307692
3934.35897435898
3935.38461538462
3954.35897435898
3962.05128205128
3954.8717948718
3951.79487179487
3943.58974358974
3935.89743589744
3941.53846153846
3945.64102564103
3945.12820512821
3944.10256410256
3946.15384615385
3953.84615384615
3953.84615384615
3936.92307692308
3924.10256410256
3933.84615384615
3941.02564102564
3937.94871794872
3944.10256410256
3950.76923076923
3947.69230769231
3944.61538461539
3940.51282051282
3942.05128205128
3959.48717948718
3958.46153846154
3941.53846153846
3948.20512820513
3962.5641025641
3952.82051282051
3931.28205128205
3929.74358974359
3949.74358974359
3955.38461538462
3937.4358974359
3934.35897435898
3948.20512820513
3940
3928.20512820513
3937.94871794872
3945.12820512821
3939.48717948718
3938.46153846154
3946.15384615385
3946.15384615385
3941.02564102564
3942.5641025641
3942.5641025641
3937.4358974359
3941.02564102564
3943.58974358974
3930.25641025641
3928.71794871795
3948.20512820513
3952.30769230769
3943.07692307692
3941.53846153846
3939.48717948718
3944.10256410256
3951.28205128205
3938.97435897436
3927.69230769231
3940.51282051282
3955.38461538462
3954.35897435898
3960
3971.28205128205
3974.8717948718
3976.41025641026
3971.79487179487
3960.51282051282
3952.30769230769
3957.4358974359
3958.97435897436
3946.66666666667
3937.94871794872
3946.15384615385
3951.28205128205
3943.58974358974
3945.64102564103
3943.07692307692
3922.5641025641
3920
3941.53846153846
3947.69230769231
3936.41025641026
3936.41025641026
3946.66666666667
3942.05128205128
3925.64102564103
3931.79487179487
3944.61538461539
3926.15384615385
3910.25641025641
3923.58974358974
3935.38461538462
3929.74358974359
3917.4358974359
3913.33333333333
3916.41025641026
3914.8717948718
3911.28205128205
3914.35897435898
3915.38461538462
3904.10256410256
3894.8717948718
3900.51282051282
3912.82051282051
3911.79487179487
3906.66666666667
3914.8717948718
3909.74358974359
3893.84615384615
3896.92307692308
3912.30769230769
3912.30769230769
3897.4358974359
3894.8717948718
3904.61538461539
3913.33333333333
3921.53846153846
3921.53846153846
3911.79487179487
3905.64102564103
3909.74358974359
3909.74358974359
3910.25641025641
3911.28205128205
3904.61538461539
3908.71794871795
3917.4358974359
3910.76923076923
3909.23076923077
3918.97435897436
3907.69230769231
3889.23076923077
3894.35897435898
3901.02564102564
3895.38461538462
3895.38461538462
3895.89743589744
3894.35897435898
3907.69230769231
3921.02564102564
3913.33333333333
3906.66666666667
3909.74358974359
3900
3889.23076923077
3889.74358974359
3888.20512820513
3889.23076923077
3894.35897435898
3895.38461538462
3895.89743589744
3897.94871794872
3892.30769230769
3888.20512820513
3897.4358974359
3907.17948717949
3901.02564102564
3881.02564102564
3876.41025641026
3898.97435897436
3915.38461538462
3902.5641025641
3887.17948717949
3891.28205128205
3897.94871794872
3896.92307692308
3902.05128205128
3911.79487179487
3913.33333333333
3911.79487179487
3908.20512820513
3898.97435897436
3896.41025641026
3890.25641025641
3877.94871794872
3881.53846153846
3894.8717948718
3893.33333333333
3888.71794871795
3892.82051282051
3890.76923076923
3890.76923076923
3893.84615384615
3886.15384615385
3881.02564102564
3892.30769230769
3903.58974358974
3893.33333333333
3884.61538461539
3891.28205128205
3896.92307692308
3893.33333333333
3888.71794871795
3895.38461538462
3898.97435897436
3897.4358974359
3903.07692307692
3906.66666666667
3896.92307692308
3889.23076923077
3893.33333333333
3893.84615384615
3889.74358974359
3890.76923076923
3893.33333333333
3898.46153846154
3916.92307692308
3938.46153846154
3932.82051282051
3914.35897435898
3909.74358974359
3910.25641025641
3907.17948717949
3911.28205128205
3913.33333333333
3909.74358974359
3917.4358974359
3926.66666666667
3926.15384615385
3925.12820512821
3920
3912.30769230769
3912.30769230769
3909.74358974359
3898.97435897436
3892.30769230769
3888.20512820513
3899.48717948718
3923.07692307692
3918.46153846154
3891.79487179487
3889.23076923077
3906.15384615385
3904.61538461539
3888.20512820513
3884.61538461539
3884.61538461539
3877.4358974359
3886.66666666667
3909.74358974359
3913.33333333333
3894.35897435898
3874.35897435898
3869.74358974359
3874.35897435898
3877.94871794872
3882.5641025641
3885.12820512821
3875.89743589744
3875.38461538462
3890.25641025641
3900.51282051282
3918.46153846154
3936.41025641026
3932.82051282051
3930.25641025641
3945.12820512821
3948.20512820513
3934.8717948718
3928.20512820513
3918.97435897436
3912.82051282051
3923.58974358974
3927.69230769231
3914.35897435898
3908.20512820513
3911.28205128205
3909.23076923077
3908.20512820513
3904.10256410256
3890.76923076923
3890.76923076923
3907.69230769231
3905.12820512821
3895.89743589744
3913.84615384615
3933.33333333333
3922.05128205128
3900
3896.41025641026
3896.41025641026
3892.82051282051
3898.97435897436
3911.28205128205
3914.35897435898
3911.28205128205
3913.33333333333
3918.97435897436
3924.61538461539
3926.66666666667
3925.64102564103
3927.69230769231
3927.69230769231
3928.71794871795
3931.79487179487
3926.66666666667
3925.12820512821
3936.41025641026
3945.64102564103
3943.07692307692
3938.46153846154
3942.5641025641
3944.61538461539
3929.74358974359
3917.4358974359
3932.82051282051
3947.69230769231
3933.84615384615
3918.46153846154
3922.05128205128
3926.66666666667
3923.58974358974
3926.15384615385
3929.74358974359
3929.23076923077
3926.66666666667
3921.53846153846
3925.12820512821
3933.33333333333
3931.28205128205
3927.69230769231
3929.23076923077
3926.15384615385
3930.25641025641
3943.58974358974
3938.97435897436
3926.66666666667
3922.5641025641
3923.58974358974
3932.82051282051
3936.92307692308
3929.74358974359
3931.28205128205
3941.02564102564
3945.12820512821
3944.10256410256
3931.28205128205
3918.46153846154
3932.30769230769
3945.12820512821
3930.76923076923
3919.48717948718
3930.76923076923
3944.61538461539
3949.23076923077
3944.61538461539
3931.79487179487
3924.61538461539
3928.20512820513
3926.15384615385
3926.66666666667
3939.48717948718
3940
3928.20512820513
3928.20512820513
3927.17948717949
3922.5641025641
3925.12820512821
3930.76923076923
3925.12820512821
3913.33333333333
3915.38461538462
3932.30769230769
3944.10256410256
3945.64102564103
3941.02564102564
3930.76923076923
3934.8717948718
3954.35897435898
3956.41025641026
3953.33333333333
3960
3949.74358974359
3935.38461538462
3952.30769230769
3965.12820512821
3947.17948717949
3940
3955.89743589744
3961.02564102564
3948.71794871795
3944.61538461539
3952.82051282051
3954.35897435898
3941.53846153846
3930.25641025641
3924.10256410256
3924.61538461539
3940
3943.07692307692
3927.69230769231
3928.71794871795
3943.07692307692
3943.58974358974
3938.97435897436
3939.48717948718
3939.48717948718
3941.53846153846
3934.35897435898
3922.5641025641
3932.30769230769
3945.64102564103
3940
3940
3951.79487179487
3948.20512820513
3937.94871794872
3942.05128205128
3940.51282051282
3926.66666666667
3923.07692307692
3928.20512820513
3924.10256410256
3918.97435897436
3923.07692307692
3923.58974358974
3917.94871794872
3918.97435897436
3925.12820512821
3930.25641025641
3927.69230769231
3923.07692307692
3932.82051282051
3943.58974358974
3931.79487179487
3917.94871794872
3929.74358974359
3946.66666666667
3942.5641025641
3940
3956.41025641026
3961.53846153846
3942.05128205128
3933.33333333333
3942.5641025641
3948.71794871795
3940.51282051282
3930.25641025641
3936.41025641026
3938.46153846154
3924.10256410256
3918.46153846154
3928.71794871795
3938.97435897436
3943.58974358974
3942.05128205128
3937.94871794872
3942.05128205128
3945.12820512821
3942.05128205128
3939.48717948718
3938.97435897436
3944.61538461539
3947.17948717949
3943.07692307692
3943.58974358974
3946.66666666667
3942.5641025641
3939.48717948718
3943.07692307692
3942.5641025641
3939.48717948718
3952.30769230769
3968.71794871795
3961.53846153846
3937.4358974359
3934.35897435898
3951.79487179487
3960
3953.33333333333
3946.15384615385
3946.66666666667
3955.38461538462
3957.4358974359
3946.66666666667
3938.97435897436
3944.10256410256
3946.15384615385
3942.5641025641
3940.51282051282
3935.89743589744
3931.28205128205
3939.48717948718
3953.84615384615
3958.97435897436
3960
3958.97435897436
3946.15384615385
3940.51282051282
3949.74358974359
3958.46153846154
3955.89743589744
3956.92307692308
3970.76923076923
3984.10256410256
3993.33333333333
3996.92307692308
3989.74358974359
3983.58974358974
3989.74358974359
3993.33333333333
3987.69230769231
3987.17948717949
3978.97435897436
3962.5641025641
3967.17948717949
3976.41025641026
3966.66666666667
3950.25641025641
3944.10256410256
3948.71794871795
3950.25641025641
3945.12820512821
3941.02564102564
3945.12820512821
3945.64102564103
3942.5641025641
3944.10256410256
3941.02564102564
3940
3945.64102564103
3943.58974358974
3931.79487179487
3931.28205128205
3942.05128205128
3945.64102564103
3939.48717948718
3929.23076923077
3922.05128205128
3922.5641025641
3925.64102564103
3927.17948717949
3928.71794871795
3927.17948717949
3927.17948717949
3928.71794871795
3921.02564102564
3908.71794871795
3907.17948717949
3910.76923076923
3911.28205128205
3916.41025641026
3921.02564102564
3911.79487179487
3905.64102564103
3919.48717948718
3934.8717948718
3925.64102564103
3907.69230769231
3912.82051282051
3923.07692307692
3910.76923076923
3906.66666666667
3922.5641025641
3921.02564102564
3915.38461538462
3926.66666666667
3925.64102564103
3912.82051282051
3906.66666666667
3902.5641025641
3905.64102564103
3917.94871794872
3911.79487179487
3895.89743589744
3892.82051282051
3899.48717948718
3908.20512820513
3914.8717948718
3922.05128205128
3920.51282051282
3911.28205128205
3911.28205128205
3912.82051282051
3909.74358974359
3917.4358974359
3930.76923076923
3927.69230769231
3914.35897435898
3910.25641025641
3918.46153846154
3925.64102564103
3926.15384615385
3925.64102564103
3929.23076923077
3935.38461538462
3938.97435897436
3930.76923076923
3915.38461538462
3905.64102564103
3903.58974358974
3909.74358974359
3912.30769230769
3908.71794871795
3911.79487179487
3913.33333333333
3910.76923076923
3924.61538461539
3948.71794871795
3954.35897435898
3943.07692307692
3938.46153846154
3942.5641025641
3940.51282051282
3929.74358974359
3929.74358974359
3940.51282051282
3941.53846153846
3934.8717948718
3934.35897435898
3937.4358974359
3937.94871794872
3931.28205128205
3927.17948717949
3940
3952.82051282051
3948.71794871795
3938.46153846154
3940
3940
3929.74358974359
3927.17948717949
3942.05128205128
3954.8717948718
3954.35897435898
3956.41025641026
3958.46153846154
3947.69230769231
3938.97435897436
3942.05128205128
3945.12820512821
3940
3938.97435897436
3942.5641025641
3945.64102564103
3947.69230769231
3946.15384615385
3942.05128205128
3941.02564102564
3943.58974358974
3943.58974358974
3940.51282051282
3939.48717948718
3944.61538461539
3946.15384615385
3942.5641025641
3941.02564102564
3944.10256410256
3943.58974358974
3942.5641025641
3952.82051282051
3957.4358974359
3942.05128205128
3940
3958.97435897436
3959.48717948718
3936.92307692308
3931.79487179487
3947.17948717949
3951.28205128205
3943.58974358974
3943.07692307692
3944.61538461539
3940.51282051282
3940.51282051282
3942.05128205128
3942.5641025641
3946.66666666667
3948.20512820513
3943.58974358974
3940.51282051282
3946.15384615385
3950.76923076923
3942.05128205128
3935.89743589744
3941.02564102564
3942.05128205128
3938.97435897436
3953.84615384615
3962.5641025641
3940.51282051282
3920
3924.61538461539
3931.28205128205
3927.17948717949
3925.12820512821
3927.17948717949
3928.20512820513
3928.71794871795
3921.53846153846
3915.89743589744
3922.5641025641
3922.05128205128
3910.25641025641
3910.25641025641
3917.94871794872
3914.8717948718
3910.76923076923
3913.33333333333
3911.28205128205
3910.76923076923
3910.25641025641
3905.64102564103
3914.8717948718
3934.8717948718
3935.38461538462
3914.35897435898
3903.58974358974
3913.84615384615
3927.69230769231
3928.20512820513
3921.53846153846
3922.05128205128
3926.15384615385
3934.8717948718
3943.58974358974
3936.92307692308
3926.15384615385
3925.12820512821
3925.64102564103
3924.61538461539
3926.66666666667
3928.71794871795
3928.20512820513
3927.69230769231
3926.66666666667
3921.53846153846
3917.94871794872
3924.61538461539
3931.28205128205
3928.71794871795
3920
3911.79487179487
3915.38461538462
3927.17948717949
3929.23076923077
3925.64102564103
3927.69230769231
3930.25641025641
3930.76923076923
