
4186.15384615385
4178.97435897436
4175.38461538462
4169.74358974359
4170.76923076923
4185.64102564103
4187.69230769231
4168.71794871795
4167.17948717949
4187.17948717949
4187.17948717949
4170.25641025641
4176.41025641026
4193.33333333333
4178.97435897436
4158.46153846154
4164.61538461538
4173.84615384615
4166.15384615385
4162.5641025641
4171.28205128205
4170.76923076923
4162.5641025641
4170.25641025641
4187.69230769231
4190.25641025641
4184.10256410256
4187.69230769231
4192.82051282051
4187.17948717949
4179.48717948718
4180.51282051282
4187.17948717949
4188.20512820513
4183.07692307692
4186.15384615385
4184.10256410256
4173.84615384615
4173.33333333333
4176.41025641026
4176.92307692308
4179.48717948718
4176.41025641026
4166.15384615385
4161.53846153846
4173.84615384615
4185.64102564103
4181.02564102564
4162.05128205128
4166.66666666667
4195.38461538462
4196.92307692308
4171.79487179487
4164.61538461538
4188.71794871795
4203.58974358974
4192.82051282051
4181.02564102564
4182.05128205128
4184.61538461538
4182.05128205128
4183.58974358974
4184.10256410256
4175.38461538462
4167.17948717949
4169.74358974359
4181.02564102564
4188.71794871795
4188.20512820513
4183.07692307692
4183.07692307692
4183.58974358974
4176.92307692308
4168.71794871795
4170.25641025641
4174.8717948718
4172.82051282051
4169.23076923077
4168.71794871795
4170.76923076923
4171.28205128205
4172.82051282051
4185.12820512821
4190.25641025641
4176.92307692308
4165.12820512821
4168.71794871795
4177.94871794872
4180.51282051282
4178.46153846154
4179.48717948718
4185.12820512821
4191.28205128205
4192.30769230769
4184.61538461538
4171.28205128205
4169.23076923077
4173.84615384615
4172.30769230769
4169.74358974359
4170.25641025641
4170.25641025641
4166.15384615385
4165.64102564103
4167.69230769231
4163.58974358974
4171.28205128205
4184.10256410256
4180.51282051282
4174.35897435897
4185.64102564103
4189.23076923077
4176.41025641026
4164.61538461538
4160.51282051282
4163.07692307692
4168.71794871795
4166.66666666667
4162.5641025641
4164.61538461538
4170.25641025641
4171.28205128205
4167.17948717949
4174.8717948718
4186.66666666667
4176.92307692308
4164.61538461538
4172.82051282051
4184.61538461538
4182.05128205128
4170.25641025641
4165.64102564103
4167.17948717949
4169.74358974359
4173.33333333333
4174.8717948718
4168.71794871795
4161.02564102564
4167.17948717949
4172.30769230769
4158.46153846154
4155.38461538462
4167.69230769231
4167.17948717949
4168.20512820513
4185.64102564103
4181.53846153846
4165.64102564103
4170.76923076923
4173.33333333333
4165.64102564103
4165.12820512821
4166.66666666667
4165.12820512821
4166.15384615385
4168.71794871795
4167.17948717949
4166.66666666667
4167.69230769231
4160
4147.17948717949
4154.35897435897
4169.23076923077
4172.30769230769
4177.94871794872
4178.97435897436
4167.69230769231
4164.61538461538
4172.82051282051
4171.28205128205
4168.71794871795
4178.97435897436
4187.17948717949
4182.5641025641
4173.84615384615
4172.30769230769
4170.76923076923
4166.66666666667
4163.58974358974
4170.76923076923
4181.53846153846
4182.5641025641
4183.58974358974
4184.61538461538
4171.79487179487
4163.07692307692
4178.46153846154
4188.71794871795
4184.10256410256
4189.74358974359
4198.97435897436
4198.97435897436
4194.8717948718
4195.38461538462
4195.38461538462
4189.74358974359
4195.89743589744
4225.12820512821
4258.97435897436
4291.28205128205
4324.61538461538
4343.58974358974
4355.38461538462
4365.12820512821
4360.51282051282
4355.38461538462
4363.58974358974
4372.82051282051
4375.89743589744
4386.15384615385
4398.97435897436
4386.66666666667
4360
4353.33333333333
4352.30769230769
4335.38461538462
4327.69230769231
4328.71794871795
4324.10256410256
4330.76923076923
4335.38461538462
4326.66666666667
4328.71794871795
4336.92307692308
4331.79487179487
4323.07692307692
4324.61538461538
4326.15384615385
4314.8717948718
4302.05128205128
4306.66666666667
4322.5641025641
4310.25641025641
4286.66666666667
4301.53846153846
4301.02564102564
4243.07692307692
4202.5641025641
4208.20512820513
4202.05128205128
4188.20512820513
4197.4358974359
4201.53846153846
4185.64102564103
4177.4358974359
4189.23076923077
4197.4358974359
4197.94871794872
4226.66666666667
4269.23076923077
4291.79487179487
4303.07692307692
4324.10256410256
4345.12820512821
4347.17948717949
4338.46153846154
4333.33333333333
4332.30769230769
4323.58974358974
4321.02564102564
4335.38461538462
4333.84615384615
4315.38461538462
4310.76923076923
4309.23076923077
4289.74358974359
4285.64102564103
4296.41025641026
4288.71794871795
4284.61538461538
4295.38461538462
4298.46153846154
4288.71794871795
4280
4276.92307692308
4271.79487179487
4264.10256410256
4251.79487179487
4241.02564102564
4250.25641025641
4266.66666666667
4256.41025641026
4244.61538461538
4263.07692307692
4283.58974358974
4281.02564102564
4269.74358974359
4267.17948717949
4267.17948717949
4253.33333333333
4227.17948717949
4207.69230769231
4203.07692307692
4202.5641025641
4197.4358974359
4198.97435897436
4202.05128205128
4188.20512820513
4179.48717948718
4180.51282051282
4172.30769230769
4164.61538461538
4163.58974358974
4161.53846153846
4162.05128205128
4167.17948717949
4175.38461538462
4181.02564102564
4183.07692307692
4192.30769230769
4200.51282051282
4195.89743589744
4197.94871794872
4205.64102564103
4194.35897435897
4182.5641025641
4183.07692307692
4183.58974358974
4188.71794871795
4189.74358974359
4175.38461538462
4162.5641025641
4161.53846153846
4161.53846153846
4147.69230769231
4135.38461538462
4143.07692307692
4156.92307692308
4154.35897435897
4148.71794871795
4154.8717948718
4151.28205128205
4140
4137.4358974359
4136.92307692308
4138.46153846154
4136.41025641026
4138.46153846154
4149.23076923077
4154.8717948718
4149.23076923077
4150.76923076923
4156.41025641026
4152.30769230769
4150.25641025641
4153.33333333333
4153.33333333333
4156.92307692308
4165.12820512821
4173.33333333333
4167.17948717949
4152.30769230769
4153.33333333333
4174.8717948718
4206.15384615385
4237.4358974359
4247.17948717949
4248.71794871795
4270.76923076923
4274.8717948718
4247.17948717949
4240.51282051282
4256.41025641026
4256.92307692308
4262.05128205128
4283.07692307692
4287.69230769231
4295.38461538462
4333.33333333333
4365.64102564103
4357.4358974359
4350.76923076923
4358.46153846154
4343.58974358974
4325.12820512821
4324.61538461538
4317.4358974359
4304.61538461538
4312.30769230769
4321.53846153846
4315.38461538462
4319.48717948718
4336.41025641026
4349.23076923077
4358.46153846154
4368.71794871795
4375.89743589744
4373.84615384615
4376.92307692308
4386.15384615385
4381.53846153846
4357.94871794872
4340
4343.58974358974
4344.10256410256
4333.33333333333
4333.33333333333
4328.71794871795
4298.46153846154
4272.82051282051
4271.79487179487
4275.89743589744
4286.66666666667
4297.4358974359
4287.69230769231
4273.33333333333
4274.35897435897
4277.4358974359
4276.92307692308
4287.17948717949
4300.51282051282
4295.38461538462
4280.51282051282
4276.41025641026
4281.53846153846
4285.64102564103
4283.07692307692
4269.74358974359
4261.53846153846
4266.15384615385
4261.02564102564
4245.64102564103
4240.51282051282
4248.71794871795
4253.33333333333
4243.07692307692
4227.69230769231
4224.61538461538
4229.74358974359
4232.30769230769
4238.97435897436
4249.23076923077
4258.97435897436
4265.64102564103
4263.07692307692
4262.05128205128
4263.58974358974
4246.15384615385
4233.33333333333
4252.82051282051
4269.23076923077
4265.12820512821
4264.10256410256
4268.20512820513
4264.61538461538
4264.10256410256
4273.33333333333
4274.35897435897
4262.05128205128
4256.41025641026
4263.07692307692
4265.64102564103
4263.07692307692
4262.05128205128
4260.51282051282
4260
4261.53846153846
4264.61538461538
4268.20512820513
4274.8717948718
4283.58974358974
4282.5641025641
4280.51282051282
4289.74358974359
4299.48717948718
4296.92307692308
4289.23076923077
4281.53846153846
4271.79487179487
4261.53846153846
4252.30769230769
4249.74358974359
4250.25641025641
4246.15384615385
4244.10256410256
4241.02564102564
4234.8717948718
4232.30769230769
4235.38461538462
4231.28205128205
4222.5641025641
4217.4358974359
4216.92307692308
4225.12820512821
4229.23076923077
4217.94871794872
4201.53846153846
4195.89743589744
4202.05128205128
4204.10256410256
4195.38461538462
4187.17948717949
4202.5641025641
4223.58974358974
4217.94871794872
4192.82051282051
4184.61538461538
4201.53846153846
4207.17948717949
4200.51282051282
4201.02564102564
4193.33333333333
4183.58974358974
4184.61538461538
4176.41025641026
4165.12820512821
4171.79487179487
4172.82051282051
4172.82051282051
4182.5641025641
4177.4358974359
4166.15384615385
4170.25641025641
4170.25641025641
4165.64102564103
4169.74358974359
4174.8717948718
4169.23076923077
4161.53846153846
4164.61538461538
4167.69230769231
4158.97435897436
4153.33333333333
4157.94871794872
4166.66666666667
4170.76923076923
4160.51282051282
4151.28205128205
4151.28205128205
4143.58974358974
4129.74358974359
4133.33333333333
4149.23076923077
4154.8717948718
4150.76923076923
4156.92307692308
4167.69230769231
4162.5641025641
4150.76923076923
4159.48717948718
4175.38461538462
4170.25641025641
4153.33333333333
4151.79487179487
4159.48717948718
4152.30769230769
4144.10256410256
4149.23076923077
4149.74358974359
4142.05128205128
4141.53846153846
4142.5641025641
4145.12820512821
4148.20512820513
4145.12820512821
4147.17948717949
4152.82051282051
4150.25641025641
4156.92307692308
4170.76923076923
4163.58974358974
4149.74358974359
4160
4173.84615384615
4167.69230769231
4151.79487179487
4149.74358974359
4156.92307692308
4148.71794871795
4133.33333333333
4132.30769230769
4140
4140.51282051282
4136.41025641026
4134.8717948718
4135.38461538462
4134.8717948718
4136.41025641026
4143.07692307692
4153.33333333333
4156.92307692308
4144.10256410256
4131.28205128205
4137.94871794872
4146.66666666667
4133.33333333333
4118.46153846154
4127.69230769231
4142.5641025641
4141.02564102564
4127.69230769231
4117.94871794872
4125.12820512821
4136.92307692308
4136.41025641026
4134.35897435897
4139.48717948718
4139.48717948718
4131.28205128205
4123.07692307692
4120
4121.53846153846
4122.5641025641
4120
4124.61538461538
4133.84615384615
4130.76923076923
4118.97435897436
4117.4358974359
4128.20512820513
4138.97435897436
4136.41025641026
4123.58974358974
4124.61538461538
4137.94871794872
4138.46153846154
4129.74358974359
4120.51282051282
4125.64102564103
4137.4358974359
4129.74358974359
4122.05128205128
4135.89743589744
4145.12820512821
4138.46153846154
4137.4358974359
4143.07692307692
4147.17948717949
4143.07692307692
4136.92307692308
4135.89743589744
4127.17948717949
4124.10256410256
4135.89743589744
4141.02564102564
4137.4358974359
4142.5641025641
4142.05128205128
4132.30769230769
4140
4150.25641025641
4136.92307692308
4117.4358974359
4121.02564102564
4130.25641025641
4121.53846153846
4125.12820512821
4138.46153846154
4124.10256410256
4111.79487179487
4132.30769230769
4141.53846153846
4124.10256410256
4117.94871794872
4122.5641025641
4121.02564102564
4121.02564102564
4122.05128205128
4124.10256410256
4120
4111.79487179487
4111.28205128205
4110.25641025641
4108.20512820513
4112.82051282051
4115.89743589744
4110.76923076923
4103.58974358974
4102.5641025641
4114.8717948718
4129.23076923077
4128.71794871795
4117.4358974359
4113.33333333333
4117.4358974359
4122.05128205128
4124.10256410256
4123.58974358974
4116.92307692308
4110.25641025641
4114.8717948718
4122.05128205128
4123.07692307692
4119.48717948718
4121.02564102564
4136.41025641026
4141.53846153846
4123.58974358974
4114.8717948718
4123.58974358974
4109.23076923077
4088.20512820513
4095.38461538462
4106.66666666667
4100.51282051282
4094.35897435898
4102.05128205128
4110.25641025641
4104.61538461538
4093.84615384615
4097.4358974359
4110.25641025641
4106.66666666667
4094.35897435898
4090.25641025641
4091.28205128205
4091.79487179487
4091.79487179487
4091.79487179487
4100.51282051282
4106.66666666667
4094.35897435898
4082.05128205128
4086.66666666667
4091.79487179487
4092.30769230769
4088.71794871795
4077.94871794872
4078.97435897436
4097.4358974359
4106.66666666667
4094.8717948718
4079.48717948718
4083.07692307692
4102.5641025641
4104.10256410256
4094.35897435898
4100.51282051282
4112.82051282051
4118.97435897436
4121.02564102564
4114.35897435897
4107.69230769231
4108.71794871795
4106.15384615385
4102.5641025641
4105.64102564103
4104.61538461538
4107.17948717949
4109.74358974359
4102.05128205128
4095.89743589744
4106.15384615385
4120
4124.61538461538
4125.12820512821
4124.61538461538
4121.02564102564
4114.35897435897
4108.71794871795
4111.79487179487
4120.51282051282
4120
4119.48717948718
4128.20512820513
4127.17948717949
4114.35897435897
4107.17948717949
4104.10256410256
4108.20512820513
4117.4358974359
4116.92307692308
4117.4358974359
4120.51282051282
4108.20512820513
4095.38461538462
4105.64102564103
4117.4358974359
4105.12820512821
4089.74358974359
4090.25641025641
4094.35897435898
4091.28205128205
4090.76923076923
4088.20512820513
4077.94871794872
4078.97435897436
4083.58974358974
4083.07692307692
4087.17948717949
4066.15384615385
4022.05128205128
4011.28205128205
4032.30769230769
4030.76923076923
4013.84615384615
4020
4031.79487179487
4032.82051282051
4027.69230769231
4017.4358974359
4017.94871794872
4037.4358974359
4044.61538461539
4028.20512820513
4026.15384615385
4034.35897435898
4030.25641025641
4030.25641025641
4035.89743589744
4037.94871794872
4045.12820512821
4053.84615384615
4052.30769230769
4048.71794871795
4053.33333333333
4053.84615384615
4042.05128205128
4032.30769230769
4039.48717948718
4046.66666666667
4052.30769230769
4074.8717948718
4096.92307692308
4097.4358974359
4090.76923076923
4095.38461538462
4097.94871794872
4089.74358974359
4082.05128205128
4075.89743589744
4072.30769230769
4077.94871794872
4080.51282051282
4073.84615384615
4081.53846153846
4098.46153846154
4090.25641025641
4077.4358974359
4076.92307692308
4060
4045.64102564103
4065.64102564103
4078.97435897436
4063.58974358974
4061.02564102564
4075.89743589744
4077.4358974359
4070.25641025641
4071.79487179487
4075.38461538462
4076.41025641026
4074.8717948718
4075.89743589744
4074.35897435898
4074.8717948718
4081.53846153846
4088.71794871795
4099.48717948718
4108.20512820513
4110.76923076923
4110.76923076923
4109.74358974359
4107.69230769231
4103.07692307692
4097.94871794872
4101.02564102564
4114.35897435897
4121.02564102564
4124.10256410256
4132.82051282051
4141.53846153846
4141.02564102564
4122.05128205128
4105.12820512821
4103.58974358974
4106.15384615385
4105.64102564103
4103.07692307692
4103.07692307692
4114.35897435897
4127.17948717949
4125.64102564103
4118.46153846154
4120
4118.46153846154
4112.30769230769
4115.89743589744
4124.61538461538
4121.53846153846
4117.94871794872
4138.46153846154
4167.69230769231
4186.15384615385
4194.35897435897
4188.20512820513
4177.94871794872
4179.48717948718
4185.64102564103
4183.07692307692
4180
4183.07692307692
4182.05128205128
4181.02564102564
4183.58974358974
4181.02564102564
4183.07692307692
4194.35897435897
4206.15384615385
4204.61538461538
4188.20512820513
4175.38461538462
4178.97435897436
4187.17948717949
4186.15384615385
4184.61538461538
4189.74358974359
4192.30769230769
4190.76923076923
4191.79487179487
4203.07692307692
4213.33333333333
4204.10256410256
4184.10256410256
4171.79487179487
4168.20512820513
4166.15384615385
4164.61538461538
4165.64102564103
4169.23076923077
4171.28205128205
4174.35897435897
4180
4189.23076923077
4193.33333333333
4179.48717948718
4158.97435897436
4163.58974358974
4184.61538461538
4185.64102564103
4178.97435897436
4183.07692307692
4185.64102564103
4195.89743589744
4213.84615384615
4214.35897435897
4201.53846153846
4200
4205.12820512821
4206.15384615385
4203.58974358974
4196.92307692308
4198.97435897436
4210.25641025641
4205.64102564103
4198.97435897436
4210.25641025641
4216.41025641026
4205.12820512821
4198.97435897436
4201.53846153846
4197.4358974359
4197.4358974359
4211.28205128205
4229.23076923077
4235.89743589744
4240.51282051282
4256.41025641026
4258.46153846154
4236.92307692308
4221.53846153846
4229.23076923077
4228.71794871795
4217.94871794872
4221.02564102564
4223.58974358974
4215.89743589744
4217.94871794872
4231.28205128205
4233.84615384615
4231.79487179487
4224.61538461538
4205.64102564103
4204.10256410256
4214.8717948718
4208.71794871795
4195.89743589744
4198.46153846154
4212.30769230769
4226.15384615385
4227.69230769231
4217.4358974359
4218.46153846154
4227.17948717949
4216.92307692308
4204.61538461538
4213.33333333333
4220
4214.8717948718
4225.12820512821
4238.97435897436
4224.10256410256
4210.76923076923
4214.8717948718
4218.97435897436
4228.20512820513
4234.8717948718
4227.17948717949
4228.20512820513
4229.23076923077
4204.61538461538
4193.84615384615
4214.35897435897
4221.53846153846
4213.84615384615
4222.5641025641
4233.84615384615
4231.79487179487
4234.35897435897
4233.33333333333
4218.97435897436
4210.25641025641
4212.82051282051
4212.82051282051
4211.28205128205
4213.84615384615
4217.4358974359
4224.10256410256
4231.28205128205
4231.28205128205
4224.61538461538
4215.38461538462
4217.94871794872
4231.28205128205
4228.20512820513
4210.25641025641
4210.25641025641
4229.23076923077
4234.8717948718
4221.02564102564
4211.28205128205
4212.82051282051
4213.33333333333
4212.30769230769
4214.8717948718
4214.8717948718
4215.89743589744
4218.46153846154
4218.46153846154
4221.53846153846
4221.02564102564
4214.35897435897
4212.82051282051
4214.8717948718
4213.33333333333
4215.89743589744
4218.46153846154
4209.23076923077
4205.12820512821
4212.30769230769
4213.33333333333
4212.30769230769
4226.66666666667
4245.12820512821
4249.23076923077
4254.8717948718
4259.48717948718
4249.74358974359
4242.5641025641
4247.69230769231
4248.20512820513
4246.15384615385
4249.23076923077
4240
4227.69230769231
4237.94871794872
4248.71794871795
4241.53846153846
4227.69230769231
4216.92307692308
4219.48717948718
4231.28205128205
4235.38461538462
4233.33333333333
4237.94871794872
4237.94871794872
4229.74358974359
4228.71794871795
4229.23076923077
4227.17948717949
4228.20512820513
4228.20512820513
4225.64102564103
4226.66666666667
4233.33333333333
4236.92307692308
4228.71794871795
4214.35897435897
4210.25641025641
4217.4358974359
4227.17948717949
4233.33333333333
4232.30769230769
4228.20512820513
4228.71794871795
4225.12820512821
4214.8717948718
4211.28205128205
4217.94871794872
4222.05128205128
4216.92307692308
4212.82051282051
4215.38461538462
4217.94871794872
4216.92307692308
4216.41025641026
4217.94871794872
4220.51282051282
4223.07692307692
4227.69230769231
4232.82051282051
4229.74358974359
4220
4215.89743589744
4216.41025641026
4216.41025641026
4215.89743589744
4220.51282051282
4226.15384615385
4223.58974358974
4220
4228.71794871795
4238.97435897436
4230.25641025641
4216.92307692308
4214.8717948718
4216.41025641026
4222.5641025641
4233.84615384615
4238.46153846154
4229.23076923077
4226.66666666667
4234.35897435897
4225.64102564103
4211.28205128205
4220.51282051282
4237.94871794872
4232.82051282051
4225.64102564103
4237.94871794872
4249.23076923077
4248.20512820513
4244.61538461538
4244.61538461538
4244.61538461538
4245.64102564103
4248.71794871795
4248.71794871795
4247.69230769231
4246.15384615385
4243.58974358974
4246.66666666667
4249.74358974359
4249.23076923077
4245.64102564103
4236.92307692308
4226.15384615385
4223.07692307692
4230.25641025641
4241.53846153846
4245.12820512821
4242.5641025641
4251.28205128205
4264.10256410256
4263.58974358974
4264.61538461538
4268.20512820513
4255.38461538462
4240.51282051282
4244.10256410256
4247.17948717949
4235.38461538462
4230.25641025641
4236.41025641026
4237.4358974359
4233.33333333333
4240
4248.20512820513
4242.5641025641
4231.28205128205
4229.74358974359
4238.46153846154
4247.69230769231
4252.30769230769
4246.15384615385
4235.38461538462
4230.76923076923
4230.76923076923
4231.79487179487
4233.33333333333
4231.79487179487
4228.20512820513
4229.23076923077
4233.33333333333
4235.38461538462
4235.89743589744
4234.35897435897
4232.82051282051
4231.28205128205
4232.82051282051
4236.41025641026
4230.25641025641
4222.05128205128
4226.15384615385
4232.30769230769
4233.33333333333
4232.82051282051
4232.82051282051
4236.41025641026
4248.71794871795
4255.89743589744
4244.61538461538
4228.20512820513
4225.64102564103
4233.84615384615
4236.92307692308
4223.58974358974
4214.35897435897
4223.58974358974
4234.35897435897
4238.97435897436
4244.10256410256
4237.94871794872
4232.30769230769
4233.33333333333
4224.10256410256
4219.48717948718
4233.84615384615
4237.4358974359
4227.69230769231
4231.79487179487
4242.5641025641
4241.02564102564
4230.76923076923
4231.79487179487
4243.07692307692
4237.94871794872
4232.82051282051
4248.71794871795
4257.4358974359
4243.58974358974
4236.41025641026
4246.66666666667
4251.28205128205
4246.15384615385
4242.05128205128
4248.20512820513
4250.76923076923
4239.48717948718
4232.82051282051
4244.10256410256
4253.33333333333
4240.51282051282
4228.71794871795
4236.41025641026
4247.17948717949
4241.53846153846
4231.79487179487
4233.33333333333
4233.33333333333
4227.69230769231
4226.66666666667
4230.25641025641
4240
4251.28205128205
4253.33333333333
4248.71794871795
4247.17948717949
4247.17948717949
4246.66666666667
4248.71794871795
4246.15384615385
4238.97435897436
4239.48717948718
4250.25641025641
4247.69230769231
4231.28205128205
4233.84615384615
4248.20512820513
4253.33333333333
4262.05128205128
4267.17948717949
4255.89743589744
4253.84615384615
4257.4358974359
4241.02564102564
4227.17948717949
4231.28205128205
4233.84615384615
4231.79487179487
4231.79487179487
4224.10256410256
4220.51282051282
4231.79487179487
4246.66666666667
4251.79487179487
4246.66666666667
4244.61538461538
4246.66666666667
4242.05128205128
