F7
4058.46153846154
4069.23076923077
4082.5641025641
4072.30769230769
4067.17948717949
4067.69230769231
4065.12820512821
4072.30769230769
4077.4358974359
4067.69230769231
4061.02564102564
4071.28205128205
4076.41025641026
4060.51282051282
4053.33333333333
4066.66666666667
4065.12820512821
4055.89743589744
4065.64102564103
4063.07692307692
4047.69230769231
4056.92307692308
4075.38461538462
4074.8717948718
4070.76923076923
4077.94871794872
4087.17948717949
4081.02564102564
4065.12820512821
4067.69230769231
4082.05128205128
4085.12820512821
4082.5641025641
4084.61538461539
4081.02564102564
4073.33333333333
4071.28205128205
4075.38461538462
4075.38461538462
4069.23076923077
4066.15384615385
4068.71794871795
4065.12820512821
4063.07692307692
4074.8717948718
4076.41025641026
4062.05128205128
4064.10256410256
4084.10256410256
4087.17948717949
4068.71794871795
4055.89743589744
4062.5641025641
4072.30769230769
4063.07692307692
4050.76923076923
4050.25641025641
4048.71794871795
4040.51282051282
4041.02564102564
4049.23076923077
4045.64102564103
4045.12820512821
4051.79487179487
4047.17948717949
4036.92307692308
4043.58974358974
4057.4358974359
4060.51282051282
4060.51282051282
4062.05128205128
4053.33333333333
4045.64102564103
4048.71794871795
4048.20512820513
4040.51282051282
4041.02564102564
4041.02564102564
4040
4049.23076923077
4049.74358974359
4039.48717948718
4047.17948717949
4053.33333333333
4043.58974358974
4035.38461538462
4044.10256410256
4056.92307692308
4051.79487179487
4043.07692307692
4051.28205128205
4061.53846153846
4061.02564102564
4061.53846153846
4061.02564102564
4057.94871794872
4062.05128205128
4059.48717948718
4054.35897435898
4058.46153846154
4054.8717948718
4045.12820512821
4043.58974358974
4049.23076923077
4058.97435897436
4061.53846153846
4062.05128205128
4070.25641025641
4067.17948717949
4061.53846153846
4073.33333333333
4076.41025641026
4060
4058.46153846154
4068.20512820513
4058.97435897436
4046.66666666667
4058.97435897436
4079.48717948718
4072.30769230769
4057.94871794872
4068.71794871795
4079.48717948718
4075.89743589744
4068.20512820513
4063.07692307692
4075.38461538462
4092.82051282051
4081.53846153846
4063.07692307692
4065.12820512821
4069.23076923077
4070.25641025641
4075.89743589744
4076.41025641026
4073.84615384615
4077.94871794872
4075.38461538462
4059.48717948718
4055.38461538462
4068.71794871795
4076.41025641026
4074.8717948718
4071.79487179487
4067.17948717949
4071.28205128205
4078.97435897436
4072.30769230769
4064.61538461539
4069.23076923077
4067.17948717949
4060
4057.94871794872
4056.41025641026
4056.92307692308
4060
4062.5641025641
4055.89743589744
4045.12820512821
4042.5641025641
4042.05128205128
4041.53846153846
4049.74358974359
4057.4358974359
4058.97435897436
4058.46153846154
4051.79487179487
4049.74358974359
4059.48717948718
4061.53846153846
4055.89743589744
4058.97435897436
4060
4059.48717948718
4058.97435897436
4048.71794871795
4050.25641025641
4068.20512820513
4068.20512820513
4057.4358974359
4068.20512820513
4081.53846153846
4077.4358974359
4068.71794871795
4057.4358974359
4053.33333333333
4066.66666666667
4073.33333333333
4064.10256410256
4067.17948717949
4081.02564102564
4084.61538461539
4083.58974358974
4089.23076923077
4089.74358974359
4085.64102564103
4102.05128205128
4131.28205128205
4144.61538461538
4138.97435897436
4136.92307692308
4153.33333333333
4174.35897435897
4174.8717948718
4162.05128205128
4158.97435897436
4158.46153846154
4149.74358974359
4149.74358974359
4163.07692307692
4186.15384615385
4201.02564102564
4193.33333333333
4183.58974358974
4199.48717948718
4222.5641025641
4218.46153846154
4203.07692307692
4209.74358974359
4235.89743589744
4253.84615384615
4262.5641025641
4272.82051282051
4294.35897435897
4322.05128205128
4328.20512820513
4334.35897435897
4359.48717948718
4365.12820512821
4361.02564102564
4384.10256410256
4405.64102564103
4413.33333333333
4441.02564102564
4458.46153846154
4452.30769230769
4469.74358974359
4504.10256410256
4526.66666666667
4546.66666666667
4575.89743589744
4611.79487179487
4643.07692307692
4656.41025641026
4668.20512820513
4710.25641025641
4762.5641025641
4788.71794871795
4793.84615384615
4798.46153846154
4815.89743589744
4872.30769230769
4956.41025641026
5016.41025641026
5060
5124.61538461539
5170.76923076923
5184.10256410256
5220
5287.17948717949
5371.79487179487
5483.58974358974
5623.58974358974
5756.41025641026
5856.92307692308
5951.79487179487
6058.97435897436
6155.38461538462
6234.35897435898
6313.33333333333
6385.64102564103
6457.94871794872
6546.15384615385
6667.17948717949
6821.02564102564
6966.15384615385
7082.5641025641
7180.51282051282
7256.41025641026
7327.17948717949
7400
7433.84615384616
7443.58974358974
7474.8717948718
7501.02564102564
7506.15384615385
7528.20512820513
7569.23076923077
7596.92307692308
7616.41025641026
7641.02564102564
7660.51282051282
7673.33333333333
7687.69230769231
7703.07692307692
7711.79487179487
7710.25641025641
7704.10256410257
7704.61538461539
7709.23076923077
7707.17948717949
7703.07692307692
7706.15384615385
7711.28205128205
7705.64102564103
7696.92307692308
7691.79487179487
7694.35897435898
7705.12820512821
7710.25641025641
7701.02564102564
7686.15384615385
7680.51282051282
7676.41025641026
7659.48717948718
7637.4358974359
7621.53846153846
7612.82051282051
7601.02564102564
7578.46153846154
7543.58974358974
7514.8717948718
7503.07692307692
7481.53846153846
7433.84615384616
7392.82051282051
7360.51282051282
7317.94871794872
7286.15384615385
7260.51282051282
7216.92307692308
7176.92307692308
7148.20512820513
7101.02564102564
7064.10256410257
7051.79487179487
7018.97435897436
6980.51282051282
6960
6930.76923076923
6892.82051282051
6869.74358974359
6844.61538461539
6804.10256410257
6775.38461538462
6755.38461538462
6725.12820512821
6691.79487179487
6674.35897435898
6655.89743589744
6616.41025641026
6580.51282051282
6562.5641025641
6533.84615384615
6504.10256410257
6494.35897435898
6462.5641025641
6401.02564102564
6378.46153846154
6394.8717948718
6380
6333.84615384615
6306.15384615385
6293.33333333333
6268.71794871795
6237.94871794872
6216.92307692308
6202.5641025641
6179.48717948718
6157.4358974359
6132.30769230769
6092.30769230769
6066.66666666667
6066.66666666667
6066.66666666667
6042.05128205128
6003.58974358974
5975.89743589744
5958.97435897436
5931.79487179487
5906.66666666667
5906.66666666667
5891.28205128205
5850.76923076923
5821.02564102564
5801.02564102564
5790.25641025641
5787.69230769231
5779.48717948718
5760.51282051282
5731.28205128205
5696.92307692308
5678.46153846154
5662.5641025641
5633.84615384615
5614.8717948718
5609.23076923077
5586.15384615385
5545.64102564103
5520.51282051282
5513.84615384615
5510.25641025641
5481.53846153846
5444.10256410256
5428.71794871795
5430.76923076923
5427.69230769231
5402.05128205128
5366.15384615385
5347.17948717949
5342.05128205128
5318.97435897436
5286.66666666667
5285.12820512821
5278.46153846154
5251.79487179487
5249.74358974359
5262.05128205128
5246.15384615385
5222.5641025641
5208.71794871795
5186.15384615385
5165.12820512821
5146.15384615385
5120
5102.05128205128
5090.25641025641
5076.41025641026
5059.48717948718
5040
5029.23076923077
5026.66666666667
5009.74358974359
4987.17948717949
4970.25641025641
4945.12820512821
4923.58974358974
4923.07692307692
4923.07692307692
4911.28205128205
4907.69230769231
4886.15384615385
4843.58974358974
4852.30769230769
4878.97435897436
4855.38461538462
4836.92307692308
4846.15384615385
4817.94871794872
4782.05128205128
4780
4771.28205128205
4763.58974358974
4763.07692307692
4745.12820512821
4729.74358974359
4733.33333333333
4731.28205128205
4719.48717948718
4716.41025641026
4718.46153846154
4705.64102564103
4685.64102564103
4690.76923076923
4707.69230769231
4687.17948717949
4649.23076923077
4645.12820512821
4647.69230769231
4623.58974358974
4607.17948717949
4610.76923076923
4602.05128205128
4582.5641025641
4583.07692307692
4587.69230769231
4571.79487179487
4553.33333333333
4549.23076923077
4553.33333333333
4555.89743589744
4544.10256410256
4517.94871794872
4501.53846153846
4506.66666666667
4506.15384615385
4492.30769230769
4488.20512820513
4486.66666666667
4480
4478.97435897436
4482.05128205128
4480
4469.23076923077
4462.5641025641
4465.64102564103
4462.5641025641
4457.94871794872
4465.12820512821
4456.92307692308
4428.71794871795
4422.5641025641
4438.97435897436
4434.35897435897
4411.28205128205
4404.10256410256
4416.92307692308
4418.46153846154
4413.33333333333
4426.15384615385
4431.28205128205
4412.82051282051
4392.82051282051
4392.82051282051
4410.25641025641
4409.23076923077
4388.20512820513
4372.30769230769
4356.92307692308
4338.97435897436
4340.51282051282
4349.23076923077
4334.8717948718
4312.30769230769
4307.69230769231
4315.38461538462
4302.05128205128
4273.33333333333
4276.92307692308
4299.48717948718
4298.97435897436
4274.8717948718
4256.92307692308
4267.17948717949
4282.5641025641
4274.8717948718
4254.8717948718
4248.20512820513
4250.25641025641
4262.05128205128
4269.74358974359
4256.41025641026
4239.48717948718
4224.10256410256
4213.33333333333
4220
4235.38461538462
4232.30769230769
4211.79487179487
4203.07692307692
4215.38461538462
4223.07692307692
4210.76923076923
4201.02564102564
4201.02564102564
4201.53846153846
4198.97435897436
4193.84615384615
4197.94871794872
4209.74358974359
4200.51282051282
4172.82051282051
4164.10256410256
4170.25641025641
4168.20512820513
4169.23076923077
4167.17948717949
4161.53846153846
4167.17948717949
4160.51282051282
4145.64102564103
4158.46153846154
4167.17948717949
4144.10256410256
4133.33333333333
4141.02564102564
4140.51282051282
4138.46153846154
4133.84615384615
4125.64102564103
4124.10256410256
4131.79487179487
4134.35897435897
4130.76923076923
4135.89743589744
4118.46153846154
4080.51282051282
4089.23076923077
4120
4094.35897435898
4068.20512820513
4092.30769230769
4097.4358974359
4073.33333333333
4070.76923076923
4077.4358974359
4070.76923076923
4060.51282051282
4061.53846153846
4057.4358974359
4029.74358974359
4013.33333333333
4034.8717948718
4047.17948717949
4034.35897435898
4029.23076923077
4029.23076923077
4025.64102564103
4027.69230769231
4032.82051282051
4038.46153846154
4029.74358974359
4008.71794871795
4014.8717948718
4028.71794871795
4003.07692307692
3983.07692307692
4002.5641025641
4021.02564102564
4019.48717948718
4018.46153846154
4028.71794871795
4038.97435897436
4033.33333333333
4022.05128205128
4024.61538461539
4024.10256410256
4006.66666666667
4001.53846153846
4007.17948717949
3995.89743589744
3984.10256410256
3987.69230769231
3984.61538461539
3971.79487179487
3968.20512820513
3967.17948717949
3949.74358974359
3937.4358974359
3948.20512820513
3951.79487179487
3941.02564102564
3948.20512820513
3964.61538461539
3952.82051282051
3936.41025641026
3944.61538461539
3944.61538461539
3927.17948717949
3923.07692307692
3925.12820512821
3915.38461538462
3917.4358974359
3926.15384615385
3916.92307692308
3912.82051282051
3927.17948717949
3932.30769230769
3926.15384615385
3923.58974358974
3922.05128205128
3926.15384615385
3922.05128205128
3910.25641025641
3907.17948717949
3909.74358974359
3913.33333333333
3912.30769230769
3909.23076923077
3906.15384615385
3909.23076923077
3908.71794871795
3896.92307692308
3896.92307692308
3917.4358974359
3923.58974358974
3902.05128205128
3893.84615384615
3913.33333333333
3917.94871794872
3900.51282051282
3897.4358974359
3914.35897435898
3915.38461538462
3897.94871794872
3901.53846153846
3912.82051282051
3896.92307692308
3891.79487179487
3908.71794871795
3899.48717948718
3880.51282051282
3887.69230769231
3882.05128205128
3874.35897435898
3904.61538461539
3916.41025641026
3894.35897435898
3897.94871794872
3907.17948717949
3891.28205128205
3892.30769230769
3903.58974358974
3887.17948717949
3877.94871794872
3885.64102564103
3880
3873.33333333333
3877.4358974359
3877.94871794872
3875.89743589744
3877.4358974359
3884.10256410256
3897.94871794872
3894.8717948718
3880
3877.94871794872
3873.33333333333
3864.10256410256
3869.23076923077
3882.05128205128
3881.53846153846
3867.17948717949
3863.07692307692
3878.97435897436
3882.05128205128
3873.33333333333
3888.20512820513
3903.07692307692
3895.89743589744
3894.8717948718
3891.79487179487
3875.89743589744
3865.64102564103
3865.64102564103
3863.07692307692
3864.61538461539
3873.84615384615
3880
3878.97435897436
3878.46153846154
3881.02564102564
3879.48717948718
3875.38461538462
3874.35897435898
3882.05128205128
3887.69230769231
3878.97435897436
3872.30769230769
3877.94871794872
3882.5641025641
3880.51282051282
3881.02564102564
3886.15384615385
3880
3865.12820512821
3867.17948717949
3880.51282051282
3884.10256410256
3882.05128205128
3872.30769230769
3862.5641025641
3865.12820512821
3859.48717948718
3842.05128205128
3851.79487179487
3877.94871794872
3884.61538461539
3886.15384615385
3889.74358974359
3882.5641025641
3875.38461538462
3875.89743589744
3868.20512820513
3852.30769230769
3844.61538461539
3852.30769230769
3861.53846153846
3860
3862.5641025641
3871.79487179487
3861.53846153846
3844.61538461539
3845.64102564103
3842.5641025641
3819.48717948718
3811.28205128205
3828.20512820513
3838.97435897436
3831.28205128205
3826.66666666667
3835.89743589744
3836.41025641026
3825.64102564103
3823.07692307692
3816.92307692308
3800
3795.89743589744
3804.10256410256
3807.17948717949
3805.12820512821
3796.41025641026
3787.17948717949
3794.35897435898
3802.05128205128
3800
3801.02564102564
3796.41025641026
3787.69230769231
3800
3825.12820512821
3833.84615384615
3836.92307692308
3849.23076923077
3852.30769230769
3847.17948717949
3852.82051282051
3860
3849.74358974359
3834.8717948718
3828.71794871795
3827.17948717949
3839.48717948718
3847.69230769231
3836.41025641026
3834.8717948718
3840
3818.46153846154
3792.82051282051
3794.35897435898
3804.10256410256
3809.74358974359
3813.84615384615
3813.84615384615
3826.66666666667
3842.5641025641
3826.66666666667
3802.5641025641
3815.38461538462
3829.74358974359
3798.97435897436
3781.53846153846
3810.76923076923
3826.66666666667
3818.97435897436
3821.02564102564
3831.28205128205
3836.41025641026
3830.76923076923
3817.4358974359
3817.94871794872
3830.25641025641
3831.28205128205
3828.71794871795
3833.33333333333
3833.84615384615
3828.71794871795
3834.8717948718
3856.41025641026
3866.15384615385
3849.74358974359
3839.48717948718
3852.30769230769
3857.94871794872
3850.25641025641
3840
3831.28205128205
3834.35897435898
3844.61538461539
3848.71794871795
3844.61538461539
3844.61538461539
3848.71794871795
3847.17948717949
3841.53846153846
3834.35897435898
3837.94871794872
3847.69230769231
3845.64102564103
3841.02564102564
3846.66666666667
3849.74358974359
3846.15384615385
3848.71794871795
3843.58974358974
3841.53846153846
3858.46153846154
3857.94871794872
3842.05128205128
3843.58974358974
3853.84615384615
3861.02564102564
3868.71794871795
3857.4358974359
3842.05128205128
3863.07692307692
3884.10256410256
3872.82051282051
3861.53846153846
3859.48717948718
3846.66666666667
3844.61538461539
3853.84615384615
3849.74358974359
3850.76923076923
3867.17948717949
3871.28205128205
3861.02564102564
3859.48717948718
3864.61538461539
3861.02564102564
3864.10256410256
3865.12820512821
3844.61538461539
3829.23076923077
3844.61538461539
3862.05128205128
3857.4358974359
3861.02564102564
3868.71794871795
3860
3849.23076923077
3846.15384615385
3856.41025641026
3874.35897435898
3875.89743589744
3867.69230769231
3877.4358974359
3887.17948717949
3879.48717948718
3878.97435897436
3884.10256410256
3878.46153846154
3878.46153846154
3890.25641025641
3891.79487179487
3877.94871794872
3874.8717948718
3882.05128205128
3876.92307692308
3877.4358974359
3892.82051282051
3896.92307692308
3891.28205128205
3884.61538461539
3874.8717948718
3871.79487179487
3875.38461538462
3879.48717948718
3884.61538461539
3882.05128205128
3876.41025641026
3876.92307692308
3881.53846153846
3888.20512820513
3895.89743589744
3893.84615384615
3885.12820512821
3879.48717948718
3876.41025641026
3886.15384615385
3904.10256410256
3902.05128205128
3883.07692307692
3883.07692307692
3895.89743589744
3885.12820512821
3857.94871794872
3850.25641025641
3864.10256410256
3861.02564102564
3845.12820512821
3850.76923076923
3863.07692307692
3852.82051282051
3838.46153846154
3843.58974358974
3857.4358974359
3864.61538461539
3868.71794871795
3876.92307692308
3881.02564102564
3869.74358974359
3863.07692307692
3867.17948717949
3860
3849.74358974359
3856.41025641026
3875.89743589744
3884.61538461539
3881.02564102564
3880
3878.97435897436
3881.02564102564
3883.07692307692
3872.82051282051
3858.46153846154
3859.48717948718
3871.79487179487
3866.15384615385
3847.17948717949
3849.74358974359
3863.07692307692
3854.35897435898
3847.69230769231
3864.10256410256
3868.71794871795
3858.46153846154
3860
3864.61538461539
3858.97435897436
3852.30769230769
3865.64102564103
3886.15384615385
3877.4358974359
3864.61538461539
3875.89743589744
3881.53846153846
3875.89743589744
3874.35897435898
3869.23076923077
3864.10256410256
3878.46153846154
3894.35897435898
3887.17948717949
3876.41025641026
3884.61538461539
3901.02564102564
3898.46153846154
3881.02564102564
3881.02564102564
3883.58974358974
3869.74358974359
3866.15384615385
3880
3888.71794871795
3890.25641025641
3895.89743589744
3894.8717948718
3880.51282051282
3873.33333333333
3884.61538461539
3893.33333333333
3885.64102564103
3885.12820512821
3901.53846153846
3914.8717948718
3909.74358974359
3903.58974358974
3905.64102564103
3902.05128205128
3896.92307692308
3909.74358974359
3925.64102564103
3927.17948717949
3931.79487179487
3937.94871794872
3938.46153846154
3940.51282051282
3943.07692307692
3942.05128205128
3942.05128205128
3943.07692307692
3930.76923076923
3912.82051282051
3907.69230769231
3909.23076923077
3908.71794871795
3908.71794871795
3907.69230769231
3906.66666666667
3908.71794871795
3908.71794871795
3908.71794871795
3915.38461538462
3913.84615384615
3896.41025641026
3888.20512820513
3897.94871794872
3897.4358974359
3892.82051282051
3904.10256410256
3907.69230769231
3897.4358974359
3897.94871794872
3898.97435897436
3885.64102564103
3875.89743589744
3881.02564102564
3887.17948717949
3884.61538461539
3878.97435897436
3884.10256410256
3893.33333333333
3898.46153846154
3891.28205128205
3870.76923076923
3863.58974358974
3875.89743589744
3881.02564102564
3879.48717948718
3874.8717948718
3868.20512820513
3872.30769230769
3882.05128205128
3881.02564102564
3876.92307692308
3875.89743589744
3880
3889.23076923077
3882.05128205128
3871.28205128205
3877.4358974359
3877.94871794872
3871.28205128205
3872.82051282051
3878.46153846154
3881.53846153846
3874.8717948718
3860
3863.07692307692
3883.07692307692
3886.66666666667
3876.41025641026
3877.4358974359
3880.51282051282
3870.25641025641
3861.53846153846
3867.69230769231
3866.66666666667
3857.94871794872
3870.76923076923
3877.4358974359
3863.07692307692
3866.15384615385
3884.61538461539
3882.5641025641
3868.20512820513
3869.23076923077
3884.10256410256
3887.69230769231
3871.28205128205
3863.07692307692
3872.82051282051
3887.17948717949
3894.35897435898
3887.17948717949
3879.48717948718
3880
3877.4358974359
3872.82051282051
3877.4358974359
3881.02564102564
3884.61538461539
3894.8717948718
3895.38461538462
3892.30769230769
3896.92307692308
3903.58974358974
3910.76923076923
3922.05128205128
3929.23076923077
3924.61538461539
3914.8717948718
3908.20512820513
3906.66666666667
3913.84615384615
3925.12820512821
3926.15384615385
3926.15384615385
3936.41025641026
3940
3927.69230769231
3922.05128205128
3931.79487179487
3946.15384615385
3944.61538461539
3932.30769230769
3935.38461538462
3947.17948717949
3936.92307692308
3924.10256410256
3934.35897435898
3946.66666666667
3945.64102564103
3952.30769230769
3958.46153846154
3948.20512820513
3941.53846153846
3944.61538461539
3941.02564102564
3940.51282051282
3951.28205128205
3961.02564102564
3957.94871794872
3947.69230769231
3939.48717948718
3936.41025641026
3942.05128205128
3946.15384615385
3929.23076923077
3911.28205128205
3921.02564102564
3938.46153846154
3939.48717948718
3940
3935.89743589744
3927.69230769231
3933.33333333333
3947.17948717949
3946.15384615385
3930.76923076923
3923.58974358974
3928.20512820513
3928.71794871795
3923.58974358974
3927.69230769231
3933.84615384615
3928.20512820513
3925.64102564103
3935.38461538462
3944.61538461539
3937.4358974359
3922.5641025641
3921.02564102564
3929.74358974359
3928.71794871795
3923.58974358974
3933.84615384615
3944.10256410256
3941.02564102564
3941.02564102564
3942.5641025641
3932.30769230769
3922.5641025641
3930.25641025641
3940.51282051282
3943.07692307692
3944.10256410256
3937.4358974359
3926.15384615385
3923.58974358974
3925.64102564103
3923.07692307692
3925.12820512821
3923.58974358974
3913.33333333333
3914.8717948718
3928.71794871795
3923.58974358974
3907.69230769231
3914.35897435898
3925.64102564103
3925.64102564103
3925.12820512821
3925.64102564103
3929.23076923077
3924.61538461539
3912.82051282051
3907.69230769231
3905.64102564103
3893.84615384615
3891.79487179487
3902.5641025641
3910.76923076923
3921.02564102564
3921.53846153846
3914.35897435898
3911.28205128205
3910.25641025641
3917.94871794872
3931.28205128205
3932.30769230769
3925.64102564103
3925.64102564103
3926.66666666667
3926.15384615385
3932.82051282051
3930.76923076923
3915.38461538462
3914.35897435898
3931.79487179487
3940.51282051282
3932.82051282051
3930.25641025641
3932.82051282051
3923.07692307692
3916.92307692308
3932.82051282051
3946.66666666667
3936.41025641026
3926.15384615385
3930.25641025641
3933.84615384615
3938.46153846154
3942.5641025641
3941.53846153846
3941.02564102564
3943.07692307692
3942.05128205128
