O2
4006.15384615385
4022.05128205128
4041.02564102564
4030.76923076923
4015.38461538462
4014.35897435898
4018.46153846154
4021.02564102564
4015.38461538462
4007.69230769231
4010.25641025641
4024.10256410256
4034.35897435898
4023.07692307692
4004.10256410256
4010.25641025641
4031.79487179487
4027.17948717949
4008.71794871795
4003.07692307692
4003.07692307692
4006.15384615385
4018.97435897436
4025.12820512821
4018.46153846154
4024.10256410256
4033.84615384615
4024.10256410256
4015.38461538462
4023.58974358974
4028.20512820513
4026.66666666667
4032.82051282051
4032.30769230769
4021.53846153846
4015.38461538462
4021.53846153846
4030.25641025641
4021.02564102564
4012.30769230769
4017.4358974359
4009.23076923077
3998.46153846154
4019.48717948718
4032.30769230769
4009.23076923077
4000.51282051282
4018.97435897436
4029.74358974359
4028.20512820513
4027.17948717949
4021.53846153846
4013.84615384615
4015.38461538462
4020.51282051282
4019.48717948718
4014.35897435898
4005.12820512821
4000.51282051282
4008.71794871795
4017.94871794872
4010.25641025641
3993.33333333333
3993.84615384615
4008.20512820513
4007.17948717949
3992.82051282051
4003.07692307692
4024.61538461539
4016.92307692308
4003.07692307692
4004.61538461539
4006.66666666667
4008.71794871795
4002.5641025641
3987.69230769231
3995.89743589744
4011.79487179487
3996.92307692308
3973.84615384615
3972.82051282051
3983.58974358974
3991.79487179487
3989.74358974359
3980.51282051282
3973.33333333333
3972.82051282051
3978.46153846154
3983.07692307692
3991.79487179487
3994.8717948718
3991.79487179487
3991.79487179487
3990.76923076923
3987.17948717949
3994.8717948718
4004.61538461539
3995.89743589744
3988.20512820513
3990.76923076923
3990.25641025641
3987.69230769231
3987.69230769231
3988.20512820513
3995.89743589744
4004.61538461539
3995.38461538462
3986.66666666667
3998.97435897436
4011.79487179487
4007.17948717949
3994.8717948718
3996.41025641026
4006.15384615385
4000
3982.5641025641
3990.25641025641
4008.71794871795
4002.05128205128
3991.28205128205
4000
4006.66666666667
4001.02564102564
4003.07692307692
4004.10256410256
3997.4358974359
4008.20512820513
4021.02564102564
4012.30769230769
3991.79487179487
3982.5641025641
3995.89743589744
4017.4358974359
4010.76923076923
3989.23076923077
4020.51282051282
4069.74358974359
4062.5641025641
4022.05128205128
4001.53846153846
4000.51282051282
4007.17948717949
4022.05128205128
4021.02564102564
4005.64102564103
4005.64102564103
4016.41025641026
4016.92307692308
4013.33333333333
4020
4022.5641025641
4012.30769230769
3998.46153846154
3998.46153846154
4013.84615384615
4016.41025641026
4007.69230769231
4002.05128205128
3993.33333333333
3989.23076923077
3996.41025641026
4006.15384615385
4008.71794871795
4010.25641025641
4018.97435897436
4023.58974358974
4007.17948717949
4000
4016.41025641026
4018.97435897436
4007.69230769231
4017.94871794872
4023.58974358974
4009.74358974359
4003.07692307692
3994.8717948718
3993.33333333333
4017.94871794872
4030.76923076923
4016.41025641026
4014.35897435898
4017.4358974359
4002.5641025641
4000.51282051282
4008.20512820513
4003.07692307692
4002.05128205128
4011.28205128205
4013.33333333333
4016.92307692308
4025.12820512821
4011.28205128205
3998.97435897436
4015.38461538462
4017.94871794872
3999.48717948718
4012.82051282051
4035.38461538462
4017.4358974359
3996.41025641026
4009.23076923077
4029.23076923077
4029.23076923077
4019.48717948718
4016.41025641026
4007.17948717949
3986.15384615385
3983.07692307692
4005.64102564103
4007.17948717949
3991.79487179487
3995.38461538462
3991.28205128205
3977.4358974359
3989.23076923077
4001.02564102564
3985.12820512821
3979.48717948718
3991.28205128205
3990.76923076923
3989.23076923077
3994.35897435898
3988.71794871795
3985.12820512821
3998.97435897436
4008.71794871795
4003.58974358974
3996.92307692308
3987.17948717949
3982.5641025641
3989.23076923077
3992.30769230769
3989.74358974359
3999.48717948718
4007.69230769231
4002.05128205128
4005.12820512821
4025.12820512821
4028.20512820513
4008.71794871795
4005.64102564103
4022.05128205128
4020
3995.89743589744
3984.10256410256
3995.38461538462
4000
3987.69230769231
3985.64102564103
4003.58974358974
4005.12820512821
3992.82051282051
4004.10256410256
4025.64102564103
4022.5641025641
4018.46153846154
4030.76923076923
4031.79487179487
4023.07692307692
4023.58974358974
4021.53846153846
4018.46153846154
4035.89743589744
4046.15384615385
4029.23076923077
4026.66666666667
4045.12820512821
4047.17948717949
4040.51282051282
4052.82051282051
4059.48717948718
4046.66666666667
4036.92307692308
4041.02564102564
4047.17948717949
4050.25641025641
4047.69230769231
4026.66666666667
4010.25641025641
4029.74358974359
4051.79487179487
4039.48717948718
4032.82051282051
4058.46153846154
4071.79487179487
4055.89743589744
4042.05128205128
4036.92307692308
4034.35897435898
4044.10256410256
4044.10256410256
4020.51282051282
4017.4358974359
4037.4358974359
4030.76923076923
4013.84615384615
4022.05128205128
4025.64102564103
4002.05128205128
3994.8717948718
4023.58974358974
4038.97435897436
4027.69230769231
4031.79487179487
4044.10256410256
4046.15384615385
4055.89743589744
4061.53846153846
4058.97435897436
4070.25641025641
4077.94871794872
4067.69230769231
4059.48717948718
4055.38461538462
4048.20512820513
4043.58974358974
4043.58974358974
4045.12820512821
4039.48717948718
4030.25641025641
4025.12820512821
4012.30769230769
4001.53846153846
4005.64102564103
4007.17948717949
4000
4003.07692307692
4011.28205128205
4012.30769230769
4006.66666666667
4005.12820512821
4007.69230769231
3996.92307692308
3987.17948717949
3995.89743589744
3994.35897435898
3980
3993.84615384615
4010.25641025641
3989.23076923077
3975.89743589744
3997.94871794872
4013.33333333333
4006.15384615385
3996.41025641026
3995.38461538462
4001.53846153846
3998.46153846154
3992.30769230769
3994.35897435898
3993.84615384615
3992.82051282051
3993.33333333333
3987.69230769231
3995.89743589744
4021.53846153846
3999.48717948718
3952.82051282051
3966.15384615385
4007.17948717949
4012.82051282051
3997.4358974359
3992.82051282051
3995.38461538462
3998.97435897436
4001.02564102564
3998.97435897436
4005.64102564103
4013.33333333333
4010.76923076923
3995.89743589744
3995.38461538462
4014.8717948718
4015.38461538462
4005.12820512821
4006.66666666667
4000
3989.74358974359
4002.5641025641
4009.74358974359
4001.02564102564
4017.4358974359
4035.38461538462
4016.92307692308
3999.48717948718
4003.07692307692
4007.17948717949
4013.84615384615
4017.94871794872
4017.94871794872
4049.74358974359
4099.48717948718
4126.15384615385
4138.46153846154
4140.51282051282
4139.48717948718
4149.74358974359
4147.17948717949
4129.74358974359
4133.33333333333
4139.48717948718
4131.28205128205
4128.20512820513
4126.15384615385
4123.58974358974
4135.38461538462
4141.53846153846
4130.76923076923
4126.15384615385
4137.4358974359
4142.5641025641
4129.74358974359
4120
4124.61538461538
4122.5641025641
4123.58974358974
4136.92307692308
4141.02564102564
4143.58974358974
4153.33333333333
4148.20512820513
4137.94871794872
4138.46153846154
4131.79487179487
4116.92307692308
4120.51282051282
4136.41025641026
4134.35897435897
4120.51282051282
4123.58974358974
4136.41025641026
4138.97435897436
4134.35897435897
4132.82051282051
4129.23076923077
4124.61538461538
4113.84615384615
4105.64102564103
4118.46153846154
4133.33333333333
4134.8717948718
4121.53846153846
4108.71794871795
4115.89743589744
4126.15384615385
4121.53846153846
4126.15384615385
4139.48717948718
4130.76923076923
4115.38461538462
4121.53846153846
4133.33333333333
4137.4358974359
4138.46153846154
4141.53846153846
4139.48717948718
4136.92307692308
4148.20512820513
4163.58974358974
4168.71794871795
4168.71794871795
4166.66666666667
4168.71794871795
4169.74358974359
4169.23076923077
4172.30769230769
4168.20512820513
4161.53846153846
4157.4358974359
4143.58974358974
4132.82051282051
4135.38461538462
4129.74358974359
4118.97435897436
4124.10256410256
4124.61538461538
4118.97435897436
4123.07692307692
4119.48717948718
4107.69230769231
4105.12820512821
4108.71794871795
4108.20512820513
4109.23076923077
4104.61538461538
4092.82051282051
4088.71794871795
4089.23076923077
4086.15384615385
4085.64102564103
4091.28205128205
4095.38461538462
4095.38461538462
4094.35897435898
4096.41025641026
4098.46153846154
4093.33333333333
4092.30769230769
4093.84615384615
4091.28205128205
4091.79487179487
4090.76923076923
4091.28205128205
4091.79487179487
4087.17948717949
4091.79487179487
4107.17948717949
4107.69230769231
4100.51282051282
4106.66666666667
4111.79487179487
4107.17948717949
4098.97435897436
4097.94871794872
4109.23076923077
4109.74358974359
4092.30769230769
4080.51282051282
4082.5641025641
4085.64102564103
4090.25641025641
4098.46153846154
4089.23076923077
4078.97435897436
4086.66666666667
4083.07692307692
4059.48717948718
4051.28205128205
4061.02564102564
4067.17948717949
4071.79487179487
4075.89743589744
4076.41025641026
4075.89743589744
4072.82051282051
4074.8717948718
4078.97435897436
4076.41025641026
4076.41025641026
4083.58974358974
4078.97435897436
4069.74358974359
4067.17948717949
4055.89743589744
4049.74358974359
4066.66666666667
4082.5641025641
4069.74358974359
4049.23076923077
4052.82051282051
4072.30769230769
4084.10256410256
4075.38461538462
4054.35897435898
4048.20512820513
4067.17948717949
4077.4358974359
4068.20512820513
4064.10256410256
4062.05128205128
4061.02564102564
4061.53846153846
4061.53846153846
4070.25641025641
4072.82051282051
4060
4052.82051282051
4059.48717948718
4066.15384615385
4057.4358974359
4048.71794871795
4065.64102564103
4081.02564102564
4063.07692307692
4052.82051282051
4066.66666666667
4077.94871794872
4077.94871794872
4054.8717948718
4037.94871794872
4065.12820512821
4087.69230769231
4066.15384615385
4057.94871794872
4080.51282051282
4077.94871794872
4038.97435897436
4024.10256410256
4052.82051282051
4059.48717948718
4037.4358974359
4040
4049.74358974359
4033.84615384615
4030.25641025641
4047.17948717949
4045.12820512821
4039.48717948718
4046.66666666667
4045.12820512821
4023.58974358974
4014.35897435898
4035.89743589744
4043.58974358974
4033.84615384615
4042.05128205128
4046.66666666667
4033.84615384615
4041.53846153846
4055.89743589744
4042.5641025641
4020.51282051282
4015.38461538462
4036.41025641026
4053.33333333333
4031.28205128205
4019.48717948718
4047.69230769231
4064.61538461539
4056.41025641026
4055.38461538462
4061.53846153846
4060.51282051282
4056.92307692308
4064.10256410256
4071.28205128205
4052.30769230769
4030.25641025641
4047.69230769231
4068.71794871795
4051.79487179487
4034.35897435898
4037.94871794872
4036.41025641026
4040.51282051282
4054.35897435898
4043.07692307692
4021.53846153846
4026.66666666667
4038.97435897436
4040
4037.94871794872
4042.05128205128
4043.07692307692
4023.07692307692
4009.23076923077
4028.20512820513
4037.94871794872
4016.41025641026
4014.8717948718
4023.58974358974
4005.12820512821
3996.92307692308
4016.41025641026
4013.33333333333
3997.94871794872
4017.4358974359
4030.25641025641
4009.23076923077
4008.71794871795
4024.61538461539
4023.58974358974
4019.48717948718
4014.35897435898
3994.35897435898
3984.10256410256
4000
4017.4358974359
4023.58974358974
4016.92307692308
4006.66666666667
4001.53846153846
4006.66666666667
4014.35897435898
4010.76923076923
4013.33333333333
4021.02564102564
4012.82051282051
4009.74358974359
4023.07692307692
4028.71794871795
4015.89743589744
4011.79487179487
4024.10256410256
4033.33333333333
4031.79487179487
4018.46153846154
4008.20512820513
4018.97435897436
4035.89743589744
4020.51282051282
3993.84615384615
3991.79487179487
3991.79487179487
3999.48717948718
4028.71794871795
4030.76923076923
4011.28205128205
4020.51282051282
4024.10256410256
4011.28205128205
4017.94871794872
4021.53846153846
4007.69230769231
4009.23076923077
4018.97435897436
4009.23076923077
4001.53846153846
4007.69230769231
4013.33333333333
4007.69230769231
4004.10256410256
4018.97435897436
4024.10256410256
4009.74358974359
4005.64102564103
4014.35897435898
4011.28205128205
3997.94871794872
3997.4358974359
4011.79487179487
4019.48717948718
4005.64102564103
3999.48717948718
4018.97435897436
4016.41025641026
4003.58974358974
4027.69230769231
4054.8717948718
4046.15384615385
4032.30769230769
4031.28205128205
4026.15384615385
4020
4014.35897435898
4008.20512820513
4015.38461538462
4030.25641025641
4027.69230769231
4020.51282051282
4030.76923076923
4031.79487179487
4020
4016.41025641026
4012.82051282051
4015.89743589744
4030.25641025641
4024.10256410256
4012.30769230769
4023.07692307692
4024.10256410256
4014.35897435898
4028.20512820513
4039.48717948718
4022.05128205128
4011.28205128205
4023.58974358974
4031.28205128205
4025.64102564103
4012.30769230769
4001.53846153846
4006.66666666667
4023.58974358974
4024.61538461539
4004.10256410256
4001.53846153846
4025.12820512821
4033.84615384615
4023.58974358974
4017.94871794872
4005.64102564103
4001.53846153846
4021.02564102564
4023.07692307692
4000.51282051282
3992.82051282051
4005.64102564103
4010.76923076923
4005.64102564103
4006.66666666667
4010.76923076923
4006.15384615385
4003.07692307692
4008.20512820513
4001.02564102564
3988.20512820513
3988.20512820513
3996.41025641026
4004.61538461539
4005.12820512821
4003.58974358974
4007.69230769231
4006.15384615385
3999.48717948718
4001.53846153846
4003.58974358974
3990.76923076923
3985.12820512821
3999.48717948718
4015.89743589744
4017.94871794872
4007.69230769231
3998.46153846154
3999.48717948718
4005.12820512821
4006.15384615385
4003.58974358974
4002.5641025641
4003.58974358974
4009.23076923077
4025.64102564103
4042.05128205128
4055.89743589744
4068.71794871795
4062.5641025641
4046.15384615385
4057.4358974359
4078.46153846154
4067.69230769231
4050.25641025641
4048.71794871795
4040.51282051282
4034.35897435898
4046.15384615385
4050.25641025641
4041.53846153846
4033.84615384615
4023.58974358974
4008.71794871795
3999.48717948718
4003.58974358974
4011.79487179487
4010.25641025641
4005.64102564103
4009.74358974359
4015.38461538462
4014.8717948718
4008.20512820513
4005.12820512821
4008.71794871795
3999.48717948718
3987.69230769231
4002.05128205128
4018.97435897436
4016.92307692308
4018.46153846154
4018.46153846154
4007.69230769231
4010.25641025641
4021.53846153846
4018.97435897436
4010.25641025641
4009.23076923077
4015.89743589744
4022.5641025641
4020.51282051282
4012.82051282051
4018.97435897436
4043.07692307692
4051.28205128205
4029.23076923077
4016.92307692308
4023.07692307692
4013.84615384615
4000
4003.58974358974
4006.66666666667
4002.05128205128
4006.15384615385
4012.82051282051
4004.10256410256
3998.97435897436
4011.28205128205
4013.33333333333
3992.82051282051
3984.61538461539
4005.12820512821
4016.41025641026
3995.89743589744
3984.61538461539
4009.23076923077
4015.89743589744
3992.30769230769
3993.33333333333
4004.10256410256
4003.58974358974
4006.66666666667
3996.41025641026
3982.5641025641
3983.07692307692
3971.28205128205
3953.84615384615
3958.97435897436
3956.92307692308
3950.76923076923
3970.25641025641
3981.02564102564
3963.58974358974
3959.48717948718
3957.94871794872
3933.84615384615
3929.74358974359
3954.8717948718
3953.33333333333
3934.35897435898
3953.33333333333
3975.38461538462
3957.4358974359
3944.10256410256
3955.38461538462
3953.84615384615
3938.97435897436
3941.53846153846
3944.10256410256
3928.71794871795
3925.64102564103
3942.05128205128
3952.82051282051
3962.05128205128
3961.02564102564
3933.84615384615
3922.05128205128
3949.74358974359
3962.5641025641
3952.30769230769
3961.53846153846
3974.8717948718
3975.38461538462
3974.35897435898
3963.07692307692
3954.35897435898
3966.15384615385
3975.38461538462
3968.71794871795
3968.20512820513
3967.17948717949
3957.94871794872
3960
3967.69230769231
3963.07692307692
3957.94871794872
3967.17948717949
3979.48717948718
3976.92307692308
3964.10256410256
3957.4358974359
3957.94871794872
3953.84615384615
3959.48717948718
3975.89743589744
3966.66666666667
3954.8717948718
3969.23076923077
3978.97435897436
3975.89743589744
3971.28205128205
3962.5641025641
3964.10256410256
3974.35897435898
3971.79487179487
3969.74358974359
3971.79487179487
3965.12820512821
3968.20512820513
3977.94871794872
3974.8717948718
3975.89743589744
3980.51282051282
3971.79487179487
3965.12820512821
3974.35897435898
3975.89743589744
3971.28205128205
3972.82051282051
3963.07692307692
3948.20512820513
3955.38461538462
3969.74358974359
3973.84615384615
3984.10256410256
3991.79487179487
3982.5641025641
3973.33333333333
3976.92307692308
3975.89743589744
3963.07692307692
3957.4358974359
3966.66666666667
3972.82051282051
3970.25641025641
3976.92307692308
3989.74358974359
3990.25641025641
3989.74358974359
3991.79487179487
3980.51282051282
3966.66666666667
3978.46153846154
3998.97435897436
3980.51282051282
3950.25641025641
3959.48717948718
3978.97435897436
3970.25641025641
3960.51282051282
3971.79487179487
3979.48717948718
3975.38461538462
3963.58974358974
3960.51282051282
3964.10256410256
3961.02564102564
3969.23076923077
3983.07692307692
3975.38461538462
3967.17948717949
3975.89743589744
3974.35897435898
3968.71794871795
3976.41025641026
3977.94871794872
3972.30769230769
3974.35897435898
3980
3982.05128205128
3984.61538461539
3989.23076923077
3989.74358974359
3975.38461538462
3964.10256410256
3972.30769230769
3979.48717948718
3975.38461538462
3970.25641025641
3968.20512820513
3974.8717948718
3990.76923076923
3995.89743589744
3983.07692307692
3973.33333333333
3972.30769230769
3971.79487179487
3976.41025641026
3985.12820512821
3988.71794871795
3991.79487179487
4000
3999.48717948718
3994.8717948718
3992.82051282051
3989.23076923077
3991.28205128205
4006.66666666667
4023.07692307692
4028.71794871795
4026.66666666667
4021.02564102564
4017.94871794872
4022.5641025641
4029.74358974359
4034.8717948718
4029.74358974359
4012.82051282051
4002.5641025641
4010.25641025641
4015.89743589744
3998.97435897436
3987.69230769231
3986.66666666667
3977.4358974359
3978.97435897436
3989.23076923077
3990.25641025641
3993.33333333333
4003.58974358974
3992.30769230769
3969.23076923077
3968.71794871795
3976.92307692308
3972.82051282051
3971.79487179487
3983.07692307692
3983.07692307692
3976.41025641026
3975.38461538462
3967.17948717949
3962.5641025641
3970.25641025641
3973.33333333333
3971.28205128205
3970.25641025641
3959.48717948718
3954.35897435898
3966.66666666667
3968.20512820513
3951.79487179487
3950.76923076923
3961.02564102564
3947.69230769231
3938.97435897436
3960
3970.25641025641
3966.15384615385
3964.61538461539
3951.28205128205
3942.5641025641
3958.97435897436
3971.79487179487
3973.33333333333
3971.28205128205
3958.97435897436
3954.35897435898
3960
3960
3958.97435897436
3961.02564102564
3960
3959.48717948718
3954.8717948718
3945.64102564103
3949.74358974359
3963.07692307692
3957.4358974359
3942.5641025641
3952.30769230769
3969.74358974359
3961.02564102564
3945.64102564103
3943.58974358974
3940.51282051282
3944.61538461539
3960
3953.84615384615
3937.4358974359
3943.07692307692
3961.53846153846
3963.58974358974
3950.76923076923
3947.17948717949
3955.38461538462
3961.02564102564
3953.33333333333
3945.12820512821
3949.74358974359
3957.94871794872
3957.4358974359
3958.46153846154
3960.51282051282
3950.25641025641
3946.66666666667
3960
3960
3948.71794871795
3952.82051282051
3962.5641025641
3956.41025641026
3954.35897435898
3969.74358974359
3975.89743589744
3972.82051282051
3984.10256410256
3993.84615384615
3992.82051282051
3986.66666666667
3978.46153846154
3980
3989.74358974359
3983.58974358974
3970.25641025641
3977.4358974359
3992.30769230769
3992.30769230769
3979.48717948718
3973.84615384615
3980
3992.30769230769
4003.58974358974
3998.46153846154
3985.12820512821
3992.30769230769
4002.5641025641
3993.33333333333
3995.89743589744
4009.74358974359
4002.05128205128
3995.89743589744
4004.61538461539
4003.07692307692
3992.30769230769
3989.23076923077
3991.28205128205
3995.89743589744
3998.97435897436
3997.94871794872
3995.89743589744
3994.8717948718
3991.79487179487
3987.17948717949
3986.66666666667
3989.23076923077
3983.07692307692
3966.66666666667
3970.25641025641
3992.82051282051
3998.97435897436
3987.69230769231
3985.64102564103
3993.84615384615
3995.89743589744
3992.30769230769
3990.25641025641
3983.58974358974
3984.10256410256
3991.79487179487
3985.12820512821
3970.25641025641
3983.07692307692
4002.05128205128
3994.35897435898
3985.12820512821
3991.79487179487
3997.4358974359
3997.94871794872
3988.71794871795
3974.8717948718
3975.38461538462
3982.5641025641
3984.61538461539
3990.25641025641
3997.94871794872
3999.48717948718
3993.33333333333
3989.23076923077
3987.17948717949
3986.15384615385
3988.20512820513
3990.76923076923
3992.30769230769
3991.79487179487
3982.5641025641
3974.35897435898
3980
3982.05128205128
3981.53846153846
3990.76923076923
3976.92307692308
3955.38461538462
3971.79487179487
3985.64102564103
3975.38461538462
3975.89743589744
3979.48717948718
3974.35897435898
3982.05128205128
3991.28205128205
3986.15384615385
3978.46153846154
3968.71794871795
3969.74358974359
3975.38461538462
3967.69230769231
3965.64102564103
3973.33333333333
3981.53846153846
3996.92307692308
4007.17948717949
3994.8717948718
3986.15384615385
3988.20512820513
3977.94871794872
3977.94871794872
3990.25641025641
3984.61538461539
3971.79487179487
3969.74358974359
3978.97435897436
3986.66666666667
3985.12820512821
3974.8717948718
3975.38461538462
3986.66666666667
3990.25641025641
3988.71794871795
3986.66666666667
3986.66666666667
3987.69230769231
3978.97435897436
3968.20512820513
3974.8717948718
3991.79487179487
3995.89743589744
3986.66666666667
3982.5641025641
3986.66666666667
3989.74358974359
3985.64102564103
3984.10256410256
3985.64102564103
3986.15384615385
3991.28205128205
