
4377.94871794872
4380
4384.61538461538
4386.15384615385
4377.4358974359
4367.69230769231
4377.4358974359
4396.41025641026
4386.15384615385
4370.76923076923
4377.94871794872
4387.69230769231
4383.58974358974
4370.25641025641
4369.23076923077
4378.46153846154
4378.46153846154
4371.79487179487
4372.30769230769
4368.71794871795
4367.17948717949
4380.51282051282
4384.61538461538
4378.97435897436
4383.07692307692
4391.28205128205
4394.35897435897
4385.64102564103
4380
4390.76923076923
4400
4396.41025641026
4394.35897435897
4392.30769230769
4383.58974358974
4385.12820512821
4387.69230769231
4377.94871794872
4376.41025641026
4384.10256410256
4385.12820512821
4380
4378.97435897436
4382.5641025641
4384.61538461538
4384.61538461538
4386.15384615385
4387.69230769231
4386.15384615385
4383.58974358974
4385.12820512821
4383.07692307692
4375.89743589744
4376.92307692308
4384.10256410256
4381.02564102564
4370.25641025641
4369.74358974359
4369.23076923077
4363.58974358974
4367.69230769231
4372.82051282051
4372.82051282051
4370.76923076923
4366.66666666667
4367.17948717949
4374.8717948718
4383.07692307692
4386.15384615385
4381.53846153846
4372.30769230769
4363.07692307692
4365.12820512821
4375.89743589744
4375.38461538462
4362.05128205128
4357.94871794872
4368.71794871795
4372.30769230769
4365.64102564103
4363.07692307692
4368.71794871795
4378.97435897436
4372.30769230769
4357.4358974359
4356.41025641026
4364.61538461538
4365.64102564103
4368.20512820513
4374.35897435897
4375.38461538462
4368.71794871795
4362.05128205128
4370.76923076923
4382.05128205128
4376.41025641026
4363.07692307692
4364.61538461538
4377.4358974359
4377.94871794872
4367.17948717949
4363.07692307692
4368.20512820513
4374.8717948718
4380
4382.5641025641
4382.5641025641
4382.5641025641
4372.82051282051
4370.76923076923
4388.20512820513
4395.38461538462
4378.97435897436
4370.25641025641
4378.97435897436
4373.84615384615
4360.51282051282
4371.28205128205
4382.5641025641
4373.84615384615
4371.79487179487
4385.64102564103
4388.71794871795
4381.02564102564
4373.84615384615
4371.79487179487
4389.74358974359
4400
4381.02564102564
4371.28205128205
4383.58974358974
4385.12820512821
4378.46153846154
4381.02564102564
4383.58974358974
4386.15384615385
4388.20512820513
4380
4366.66666666667
4368.20512820513
4381.53846153846
4385.64102564103
4383.07692307692
4384.61538461538
4384.61538461538
4377.94871794872
4383.58974358974
4397.4358974359
4400
4392.82051282051
4380
4371.79487179487
4373.84615384615
4381.02564102564
4383.58974358974
4382.05128205128
4384.10256410256
4385.12820512821
4375.89743589744
4363.07692307692
4363.07692307692
4376.41025641026
4381.53846153846
4377.94871794872
4388.20512820513
4390.76923076923
4370.76923076923
4371.28205128205
4397.4358974359
4395.89743589744
4378.46153846154
4381.02564102564
4382.5641025641
4377.94871794872
4379.48717948718
4380
4379.48717948718
4382.5641025641
4380.51282051282
4380
4389.23076923077
4398.46153846154
4403.58974358974
4401.02564102564
4388.20512820513
4386.66666666667
4406.66666666667
4418.97435897436
4410.76923076923
4408.71794871795
4418.46153846154
4415.38461538462
4410.25641025641
4424.10256410256
4430.76923076923
4424.10256410256
4448.71794871795
4475.38461538462
4461.53846153846
4446.66666666667
4456.41025641026
4475.89743589744
4504.10256410256
4521.53846153846
4517.4358974359
4525.64102564103
4552.82051282051
4574.35897435897
4590.25641025641
4609.74358974359
4641.02564102564
4673.84615384615
4688.20512820513
4697.4358974359
4735.89743589744
4788.20512820513
4801.02564102564
4795.38461538462
4827.17948717949
4869.74358974359
4876.92307692308
4881.53846153846
4909.23076923077
4935.38461538462
4947.17948717949
4952.82051282051
4974.35897435897
4993.84615384615
4984.61538461539
4985.64102564103
5007.69230769231
5005.12820512821
4992.30769230769
5017.4358974359
5051.79487179487
5067.69230769231
5087.17948717949
5118.46153846154
5157.4358974359
5188.71794871795
5209.74358974359
5244.10256410256
5284.61538461539
5296.92307692308
5291.28205128205
5311.79487179487
5341.53846153846
5348.71794871795
5353.33333333333
5372.82051282051
5383.07692307692
5381.53846153846
5394.8717948718
5405.64102564103
5403.07692307692
5403.58974358974
5396.92307692308
5394.8717948718
5407.17948717949
5414.35897435898
5417.94871794872
5417.4358974359
5415.38461538462
5425.64102564103
5434.8717948718
5423.58974358974
5427.17948717949
5438.97435897436
5437.94871794872
5446.66666666667
5451.28205128205
5446.66666666667
5438.97435897436
5438.97435897436
5452.30769230769
5454.8717948718
5447.17948717949
5442.5641025641
5440.51282051282
5443.58974358974
5459.48717948718
5456.41025641026
5437.4358974359
5452.82051282051
5475.89743589744
5462.5641025641
5443.58974358974
5440.51282051282
5440
5445.12820512821
5450.76923076923
5446.66666666667
5449.23076923077
5456.41025641026
5463.58974358974
5481.53846153846
5485.12820512821
5468.20512820513
5474.8717948718
5497.4358974359
5504.10256410256
5505.12820512821
5516.92307692308
5536.41025641026
5546.66666666667
5551.79487179487
5572.82051282051
5592.82051282051
5592.82051282051
5599.48717948718
5615.89743589744
5618.46153846154
5624.61538461539
5642.05128205128
5645.12820512821
5643.07692307692
5660
5688.71794871795
5702.5641025641
5700.51282051282
5697.4358974359
5697.4358974359
5702.05128205128
5715.89743589744
5718.97435897436
5706.66666666667
5705.12820512821
5720.51282051282
5740
5747.17948717949
5738.46153846154
5730.76923076923
5734.8717948718
5733.33333333333
5725.12820512821
5735.89743589744
5745.64102564103
5735.89743589744
5733.33333333333
5747.17948717949
5748.71794871795
5740.51282051282
5748.20512820513
5755.89743589744
5743.58974358974
5731.28205128205
5729.74358974359
5722.05128205128
5713.84615384615
5716.92307692308
5704.61538461539
5681.53846153846
5683.58974358974
5688.71794871795
5672.82051282051
5671.28205128205
5667.69230769231
5634.8717948718
5628.20512820513
5654.8717948718
5648.20512820513
5619.48717948718
5617.94871794872
5622.05128205128
5612.82051282051
5598.46153846154
5585.64102564103
5592.82051282051
5601.53846153846
5589.74358974359
5571.79487179487
5554.8717948718
5536.92307692308
5527.17948717949
5530.25641025641
5527.69230769231
5508.20512820513
5488.20512820513
5486.66666666667
5488.71794871795
5484.61538461539
5491.28205128205
5491.28205128205
5468.20512820513
5455.38461538462
5457.4358974359
5445.64102564103
5433.84615384615
5448.20512820513
5458.97435897436
5432.30769230769
5408.71794871795
5419.48717948718
5425.12820512821
5414.35897435898
5418.46153846154
5425.64102564103
5403.07692307692
5376.92307692308
5375.38461538462
5377.4358974359
5371.79487179487
5355.38461538462
5336.41025641026
5330.25641025641
5333.84615384615
5336.41025641026
5328.20512820513
5316.92307692308
5312.82051282051
5308.71794871795
5287.69230769231
5265.12820512821
5273.84615384615
5280.51282051282
5260.51282051282
5242.5641025641
5238.46153846154
5230.25641025641
5219.48717948718
5209.74358974359
5200
5197.94871794872
5182.5641025641
5161.02564102564
5170.25641025641
5179.48717948718
5165.64102564103
5156.92307692308
5155.38461538462
5150.25641025641
5153.33333333333
5149.74358974359
5139.48717948718
5138.46153846154
5122.5641025641
5104.10256410256
5110.25641025641
5112.82051282051
5095.89743589744
5093.33333333333
5086.66666666667
5060
5071.28205128205
5095.89743589744
5070.76923076923
5042.5641025641
5056.92307692308
5058.97435897436
5032.82051282051
5029.74358974359
5038.97435897436
5041.53846153846
5037.94871794872
5024.61538461539
5009.23076923077
5004.61538461539
5007.69230769231
5003.58974358974
4989.23076923077
4977.4358974359
4966.66666666667
4956.92307692308
4970.25641025641
4981.02564102564
4949.74358974359
4926.15384615385
4944.10256410256
4941.53846153846
4911.79487179487
4909.23076923077
4916.92307692308
4903.07692307692
4885.64102564103
4878.46153846154
4876.92307692308
4877.4358974359
4871.28205128205
4862.05128205128
4860.51282051282
4861.53846153846
4857.94871794872
4853.84615384615
4853.84615384615
4858.46153846154
4852.30769230769
4832.82051282051
4827.17948717949
4834.35897435897
4831.79487179487
4829.74358974359
4828.20512820513
4816.92307692308
4810.25641025641
4816.41025641026
4812.30769230769
4796.92307692308
4797.94871794872
4798.97435897436
4784.61538461539
4774.35897435897
4767.69230769231
4761.02564102564
4765.12820512821
4760.51282051282
4751.28205128205
4761.53846153846
4758.46153846154
4745.12820512821
4765.64102564103
4771.79487179487
4725.12820512821
4705.12820512821
4734.35897435897
4735.38461538462
4713.84615384615
4709.23076923077
4700
4681.02564102564
4681.53846153846
4697.4358974359
4694.8717948718
4675.38461538462
4660
4658.97435897436
4671.28205128205
4663.07692307692
4630.25641025641
4632.82051282051
4663.07692307692
4654.35897435897
4617.94871794872
4614.8717948718
4631.79487179487
4626.15384615385
4622.05128205128
4634.8717948718
4626.66666666667
4604.61538461538
4622.05128205128
4630.25641025641
4604.61538461538
4604.61538461538
4601.02564102564
4572.82051282051
4576.41025641026
4599.48717948718
4590.76923076923
4568.71794871795
4567.69230769231
4578.97435897436
4576.92307692308
4558.46153846154
4551.79487179487
4553.33333333333
4549.74358974359
4550.25641025641
4555.89743589744
4564.61538461538
4567.69230769231
4553.33333333333
4538.46153846154
4542.05128205128
4540
4538.46153846154
4554.8717948718
4551.28205128205
4524.61538461538
4518.46153846154
4528.71794871795
4525.64102564103
4520.51282051282
4516.41025641026
4508.71794871795
4506.66666666667
4512.82051282051
4525.12820512821
4521.53846153846
4502.05128205128
4497.4358974359
4510.76923076923
4521.53846153846
4518.97435897436
4514.8717948718
4524.61538461538
4511.79487179487
4469.74358974359
4475.89743589744
4518.97435897436
4505.12820512821
4476.92307692308
4498.46153846154
4505.12820512821
4476.92307692308
4468.20512820513
4482.5641025641
4486.15384615385
4476.92307692308
4475.38461538462
4475.89743589744
4465.12820512821
4453.84615384615
4457.4358974359
4459.48717948718
4457.94871794872
4455.89743589744
4436.41025641026
4427.69230769231
4440
4441.53846153846
4438.46153846154
4441.02564102564
4434.35897435897
4426.66666666667
4429.23076923077
4416.92307692308
4407.69230769231
4421.02564102564
4425.12820512821
4421.02564102564
4426.15384615385
4433.33333333333
4429.74358974359
4425.12820512821
4427.17948717949
4423.07692307692
4409.23076923077
4397.4358974359
4405.12820512821
4404.61538461538
4389.74358974359
4390.76923076923
4403.58974358974
4401.53846153846
4387.69230769231
4389.23076923077
4391.79487179487
4375.89743589744
4363.58974358974
4367.69230769231
4367.17948717949
4360
4370.76923076923
4380.51282051282
4363.58974358974
4340
4342.5641025641
4356.92307692308
4341.53846153846
4311.28205128205
4311.79487179487
4326.15384615385
4320
4309.74358974359
4312.30769230769
4317.94871794872
4327.69230769231
4342.5641025641
4341.02564102564
4321.02564102564
4309.23076923077
4320
4324.61538461538
4313.33333333333
4311.79487179487
4313.84615384615
4313.84615384615
4314.8717948718
4315.89743589744
4315.38461538462
4316.92307692308
4316.41025641026
4298.97435897436
4296.41025641026
4318.97435897436
4324.61538461538
4300
4292.30769230769
4312.30769230769
4308.20512820513
4291.79487179487
4298.46153846154
4315.38461538462
4313.84615384615
4297.4358974359
4298.46153846154
4306.66666666667
4292.30769230769
4287.17948717949
4304.61538461538
4293.33333333333
4268.20512820513
4280
4288.71794871795
4283.07692307692
4297.4358974359
4298.46153846154
4276.41025641026
4282.5641025641
4307.17948717949
4303.07692307692
4285.12820512821
4283.07692307692
4284.61538461538
4277.94871794872
4276.41025641026
4283.07692307692
4283.58974358974
4277.4358974359
4279.48717948718
4283.58974358974
4280.51282051282
4271.79487179487
4269.74358974359
4270.25641025641
4267.17948717949
4263.58974358974
4255.38461538462
4253.33333333333
4261.02564102564
4268.20512820513
4262.05128205128
4245.12820512821
4242.05128205128
4261.02564102564
4263.07692307692
4244.10256410256
4251.28205128205
4268.71794871795
4264.61538461538
4259.48717948718
4255.89743589744
4241.53846153846
4228.71794871795
4234.35897435897
4247.17948717949
4247.69230769231
4241.53846153846
4240.51282051282
4244.10256410256
4238.46153846154
4231.28205128205
4240.51282051282
4250.25641025641
4234.8717948718
4222.5641025641
4235.38461538462
4240
4233.33333333333
4224.10256410256
4215.38461538462
4225.12820512821
4239.48717948718
4235.38461538462
4230.76923076923
4232.30769230769
4230.25641025641
4235.38461538462
4235.38461538462
4212.30769230769
4203.58974358974
4226.66666666667
4234.35897435897
4206.15384615385
4193.84615384615
4209.74358974359
4220
4219.48717948718
4208.71794871795
4190.25641025641
4180
4185.64102564103
4188.20512820513
4177.94871794872
4166.15384615385
4166.66666666667
4182.5641025641
4187.17948717949
4180.51282051282
4185.12820512821
4189.74358974359
4180.51282051282
4171.28205128205
4172.30769230769
4167.17948717949
4153.84615384615
4152.30769230769
4164.61538461538
4181.02564102564
4192.30769230769
4193.84615384615
4190.76923076923
4187.69230769231
4186.15384615385
4187.69230769231
4187.69230769231
4174.8717948718
4172.30769230769
4194.8717948718
4208.71794871795
4203.58974358974
4198.97435897436
4197.94871794872
4197.94871794872
4198.97435897436
4201.02564102564
4202.05128205128
4194.35897435897
4189.23076923077
4196.92307692308
4203.58974358974
4209.74358974359
4216.41025641026
4209.23076923077
4205.64102564103
4217.94871794872
4224.10256410256
4217.4358974359
4207.17948717949
4196.92307692308
4192.82051282051
4203.07692307692
4220.51282051282
4214.8717948718
4195.89743589744
4201.02564102564
4214.35897435897
4200.51282051282
4182.05128205128
4182.05128205128
4185.64102564103
4184.10256410256
4183.07692307692
4185.12820512821
4195.38461538462
4206.66666666667
4200
4179.48717948718
4180
4189.74358974359
4173.33333333333
4164.61538461538
4187.17948717949
4197.4358974359
4187.17948717949
4186.66666666667
4202.05128205128
4213.33333333333
4206.66666666667
4188.71794871795
4187.17948717949
4200.51282051282
4200
4197.94871794872
4204.10256410256
4204.61538461538
4207.69230769231
4225.12820512821
4237.4358974359
4228.20512820513
4211.79487179487
4208.71794871795
4221.02564102564
4221.53846153846
4202.05128205128
4190.76923076923
4200.51282051282
4203.58974358974
4195.38461538462
4198.46153846154
4204.61538461538
4202.05128205128
4199.48717948718
4198.97435897436
4198.97435897436
4199.48717948718
4203.07692307692
4199.48717948718
4187.69230769231
4187.69230769231
4200.51282051282
4205.64102564103
4201.53846153846
4194.8717948718
4181.02564102564
4184.61538461538
4207.69230769231
4192.82051282051
4164.61538461538
4175.38461538462
4190.25641025641
4191.28205128205
4200.51282051282
4196.92307692308
4183.58974358974
4198.97435897436
4208.71794871795
4190.25641025641
4185.64102564103
4185.64102564103
4169.23076923077
4166.15384615385
4175.89743589744
4177.94871794872
4182.5641025641
4191.79487179487
4188.20512820513
4181.53846153846
4185.64102564103
4184.10256410256
4171.28205128205
4167.17948717949
4168.20512820513
4158.97435897436
4150.25641025641
4156.41025641026
4163.07692307692
4164.61538461538
4169.23076923077
4165.12820512821
4157.4358974359
4154.35897435897
4149.74358974359
4156.92307692308
4173.33333333333
4173.84615384615
4164.61538461538
4166.66666666667
4167.17948717949
4171.28205128205
4182.05128205128
4176.41025641026
4166.15384615385
4167.69230769231
4172.30769230769
4171.79487179487
4168.20512820513
4167.17948717949
4172.30769230769
4172.30769230769
4172.82051282051
4184.61538461538
4186.66666666667
4184.61538461538
4183.07692307692
4171.28205128205
4167.69230769231
4178.97435897436
4186.15384615385
4182.05128205128
4174.8717948718
4177.4358974359
4187.17948717949
4188.71794871795
4190.25641025641
4197.94871794872
4192.30769230769
4181.02564102564
4177.4358974359
4172.30769230769
4178.46153846154
4189.74358974359
4181.02564102564
4171.79487179487
4180.51282051282
4190.25641025641
4186.15384615385
4174.8717948718
4169.74358974359
4172.30769230769
4167.69230769231
4152.30769230769
4150.25641025641
4156.41025641026
4141.53846153846
4125.12820512821
4135.89743589744
4151.28205128205
4158.46153846154
4168.20512820513
4168.20512820513
4155.38461538462
4153.33333333333
4158.46153846154
4149.23076923077
4135.89743589744
4136.92307692308
4150.25641025641
4163.07692307692
4165.12820512821
4171.79487179487
4173.33333333333
4155.38461538462
4150.76923076923
4169.23076923077
4166.66666666667
4143.58974358974
4139.48717948718
4146.66666666667
4140.51282051282
4135.38461538462
4148.71794871795
4159.48717948718
4144.61538461538
4128.71794871795
4141.53846153846
4156.41025641026
4157.94871794872
4151.79487179487
4131.79487179487
4122.05128205128
4143.58974358974
4161.02564102564
4145.64102564103
4137.4358974359
4153.33333333333
4155.38461538462
4141.02564102564
4143.58974358974
4153.84615384615
4144.10256410256
4133.33333333333
4144.10256410256
4155.89743589744
4154.8717948718
4152.30769230769
4156.41025641026
4162.05128205128
4155.89743589744
4143.58974358974
4147.17948717949
4158.46153846154
4156.92307692308
4149.23076923077
4147.17948717949
4155.89743589744
4169.74358974359
4166.66666666667
4152.30769230769
4151.28205128205
4153.33333333333
4155.38461538462
4166.15384615385
4172.30769230769
4166.15384615385
4169.23076923077
4177.4358974359
4175.89743589744
4180.51282051282
4184.10256410256
4177.4358974359
4176.41025641026
4185.64102564103
4195.38461538462
4196.41025641026
4190.25641025641
4186.66666666667
4187.69230769231
4187.69230769231
4190.76923076923
4190.76923076923
4194.8717948718
4204.61538461538
4189.23076923077
4167.69230769231
4176.92307692308
4185.64102564103
4181.53846153846
4182.5641025641
4175.38461538462
4166.66666666667
4176.92307692308
4187.69230769231
4185.64102564103
4185.64102564103
4184.10256410256
4172.30769230769
4163.07692307692
4165.12820512821
4167.17948717949
4168.20512820513
4173.33333333333
4171.79487179487
4165.64102564103
4168.71794871795
4169.23076923077
4155.89743589744
4153.33333333333
4165.64102564103
4162.5641025641
4149.74358974359
4152.30769230769
4154.8717948718
4149.23076923077
4153.84615384615
4154.35897435897
4140.51282051282
4130.25641025641
4138.97435897436
4153.33333333333
4149.23076923077
4133.84615384615
4133.84615384615
4145.64102564103
4144.10256410256
4137.4358974359
4136.41025641026
4133.84615384615
4140.51282051282
4150.25641025641
4142.5641025641
4129.74358974359
4134.35897435897
4142.05128205128
4139.48717948718
4136.41025641026
4142.5641025641
4147.17948717949
4130.76923076923
4116.41025641026
4129.23076923077
4141.02564102564
4136.41025641026
4133.33333333333
4132.82051282051
4123.58974358974
4121.02564102564
4134.8717948718
4140
4123.58974358974
4118.46153846154
4133.33333333333
4130.76923076923
4122.5641025641
4135.38461538462
4143.58974358974
4138.97435897436
4138.97435897436
4135.38461538462
4130.76923076923
4135.38461538462
4135.38461538462
4131.28205128205
4135.38461538462
4141.02564102564
4139.48717948718
4138.46153846154
4143.07692307692
4142.5641025641
4138.46153846154
4135.89743589744
4132.30769230769
4132.82051282051
4147.17948717949
4156.92307692308
4148.71794871795
4147.69230769231
4156.92307692308
4156.41025641026
4157.94871794872
4172.30769230769
4176.41025641026
4170.76923076923
4173.84615384615
4166.15384615385
4153.84615384615
4163.07692307692
4170.76923076923
4164.10256410256
4166.66666666667
4171.79487179487
4165.12820512821
4171.79487179487
4179.48717948718
4171.79487179487
4175.38461538462
4187.69230769231
4186.66666666667
4180.51282051282
4176.41025641026
4170.25641025641
4174.8717948718
4187.17948717949
4187.69230769231
4187.17948717949
4192.30769230769
4190.76923076923
4183.07692307692
4185.12820512821
4191.28205128205
4186.66666666667
4182.5641025641
4186.66666666667
4188.20512820513
4184.10256410256
4182.5641025641
4182.05128205128
4183.07692307692
4195.38461538462
4198.97435897436
4177.94871794872
4164.61538461538
4180.51282051282
4194.35897435897
4186.15384615385
4182.05128205128
4183.58974358974
4176.92307692308
4183.07692307692
4201.53846153846
4198.97435897436
4184.61538461538
4186.66666666667
4189.23076923077
4187.17948717949
4194.8717948718
4204.10256410256
4197.4358974359
4184.10256410256
4185.64102564103
4197.4358974359
4205.12820512821
4197.94871794872
4184.61538461538
4186.66666666667
4196.41025641026
4189.74358974359
4183.58974358974
4198.46153846154
4206.15384615385
4197.94871794872
4199.48717948718
4203.07692307692
4191.79487179487
4183.07692307692
4190.76923076923
4193.84615384615
4191.79487179487
4200.51282051282
4205.12820512821
4196.41025641026
4189.74358974359
4186.66666666667
4191.28205128205
4201.02564102564
4201.02564102564
4196.92307692308
4198.97435897436
4201.02564102564
4196.41025641026
4197.4358974359
4202.5641025641
4204.61538461538
4203.58974358974
4199.48717948718
4207.69230769231
4217.4358974359
4215.89743589744
4217.94871794872
4214.8717948718
4199.48717948718
4201.02564102564
4213.33333333333
4216.41025641026
4228.20512820513
4241.02564102564
4234.35897435897
4228.20512820513
4231.79487179487
4233.33333333333
4233.84615384615
4234.35897435897
4231.79487179487
4223.07692307692
4216.92307692308
4225.12820512821
4236.92307692308
4236.92307692308
4221.02564102564
4208.71794871795
4218.46153846154
4232.30769230769
4234.35897435897
4227.69230769231
4221.02564102564
4223.58974358974
4221.53846153846
4212.82051282051
4217.4358974359
4224.61538461538
4223.58974358974
4228.20512820513
4229.23076923077
4216.92307692308
4217.94871794872
4222.05128205128
4216.92307692308
4224.10256410256
4233.84615384615
4225.12820512821
