O1
4295.89743589744
4293.33333333333
4302.05128205128
4301.53846153846
4292.30769230769
4291.79487179487
4297.4358974359
4298.46153846154
4288.71794871795
4280.51282051282
4288.20512820513
4301.02564102564
4296.41025641026
4283.58974358974
4284.61538461538
4295.38461538462
4296.92307692308
4294.8717948718
4296.41025641026
4285.12820512821
4280.51282051282
4296.41025641026
4304.10256410256
4295.38461538462
4295.38461538462
4306.15384615385
4301.53846153846
4294.8717948718
4304.61538461538
4309.74358974359
4297.4358974359
4290.76923076923
4303.07692307692
4307.69230769231
4297.4358974359
4291.79487179487
4298.97435897436
4303.58974358974
4290.25641025641
4283.07692307692
4291.28205128205
4287.17948717949
4283.07692307692
4294.8717948718
4291.28205128205
4275.38461538462
4278.97435897436
4283.58974358974
4286.15384615385
4296.92307692308
4294.35897435897
4283.07692307692
4282.05128205128
4286.15384615385
4284.61538461538
4281.53846153846
4287.17948717949
4289.74358974359
4279.48717948718
4278.46153846154
4290.76923076923
4285.12820512821
4273.84615384615
4275.89743589744
4283.07692307692
4280
4273.84615384615
4285.12820512821
4298.97435897436
4293.84615384615
4287.17948717949
4281.02564102564
4277.4358974359
4290.76923076923
4290.25641025641
4269.23076923077
4270.25641025641
4287.69230769231
4283.58974358974
4268.71794871795
4269.74358974359
4278.46153846154
4282.5641025641
4278.97435897436
4278.46153846154
4281.53846153846
4280
4278.46153846154
4276.92307692308
4278.46153846154
4287.69230769231
4297.4358974359
4289.74358974359
4277.4358974359
4285.64102564103
4291.79487179487
4283.07692307692
4280.51282051282
4284.10256410256
4281.02564102564
4281.53846153846
4284.10256410256
4278.46153846154
4282.5641025641
4295.89743589744
4295.38461538462
4282.5641025641
4279.48717948718
4286.66666666667
4296.41025641026
4299.48717948718
4285.12820512821
4275.89743589744
4289.23076923077
4289.74358974359
4273.84615384615
4278.97435897436
4296.92307692308
4293.33333333333
4281.53846153846
4286.66666666667
4296.41025641026
4294.35897435897
4291.28205128205
4291.79487179487
4290.76923076923
4291.28205128205
4300.51282051282
4296.92307692308
4281.02564102564
4284.10256410256
4297.94871794872
4291.79487179487
4276.92307692308
4287.69230769231
4299.48717948718
4285.64102564103
4281.02564102564
4290.25641025641
4286.15384615385
4274.35897435897
4282.5641025641
4296.92307692308
4292.30769230769
4278.97435897436
4276.41025641026
4286.66666666667
4293.84615384615
4295.89743589744
4292.82051282051
4288.20512820513
4281.53846153846
4269.23076923077
4269.74358974359
4287.69230769231
4294.35897435897
4286.15384615385
4278.97435897436
4269.74358974359
4268.20512820513
4284.10256410256
4287.69230769231
4277.94871794872
4280
4291.28205128205
4290.76923076923
4283.58974358974
4284.10256410256
4288.71794871795
4283.58974358974
4280
4295.38461538462
4296.41025641026
4280
4277.4358974359
4272.30769230769
4268.71794871795
4287.17948717949
4291.79487179487
4280
4285.64102564103
4287.17948717949
4276.41025641026
4282.05128205128
4278.97435897436
4260
4264.10256410256
4281.02564102564
4281.02564102564
4274.8717948718
4283.07692307692
4282.5641025641
4267.17948717949
4270.76923076923
4282.05128205128
4277.94871794872
4282.05128205128
4289.74358974359
4274.8717948718
4265.64102564103
4278.46153846154
4283.58974358974
4281.53846153846
4277.4358974359
4265.12820512821
4252.82051282051
4246.15384615385
4253.33333333333
4270.76923076923
4262.05128205128
4241.53846153846
4252.30769230769
4263.07692307692
4246.15384615385
4238.97435897436
4255.38461538462
4259.48717948718
4244.61538461538
4245.64102564103
4262.5641025641
4269.23076923077
4259.48717948718
4250.76923076923
4256.92307692308
4275.38461538462
4277.94871794872
4263.07692307692
4258.97435897436
4263.58974358974
4265.64102564103
4264.61538461538
4261.53846153846
4266.15384615385
4277.4358974359
4283.58974358974
4285.64102564103
4283.07692307692
4281.02564102564
4285.64102564103
4289.74358974359
4292.30769230769
4294.35897435897
4282.5641025641
4267.69230769231
4266.66666666667
4276.41025641026
4281.02564102564
4269.74358974359
4263.58974358974
4277.94871794872
4284.61538461538
4274.35897435897
4277.4358974359
4299.48717948718
4302.5641025641
4287.17948717949
4295.89743589744
4321.02564102564
4322.05128205128
4309.23076923077
4308.71794871795
4312.82051282051
4327.69230769231
4345.12820512821
4325.64102564103
4305.64102564103
4322.5641025641
4326.15384615385
4303.58974358974
4303.58974358974
4322.05128205128
4325.64102564103
4328.71794871795
4348.71794871795
4369.23076923077
4383.07692307692
4393.33333333333
4397.94871794872
4404.10256410256
4427.69230769231
4454.8717948718
4464.10256410256
4468.20512820513
4484.10256410256
4495.38461538462
4492.82051282051
4505.12820512821
4526.66666666667
4534.35897435897
4551.28205128205
4572.82051282051
4581.02564102564
4606.15384615385
4649.74358974359
4677.4358974359
4702.5641025641
4745.12820512821
4784.10256410256
4828.71794871795
4890.76923076923
4958.46153846154
5020.51282051282
5073.33333333333
5128.71794871795
5187.69230769231
5246.66666666667
5305.64102564103
5357.4358974359
5395.38461538462
5423.58974358974
5449.74358974359
5465.64102564103
5466.66666666667
5472.30769230769
5493.84615384615
5510.25641025641
5519.48717948718
5551.28205128205
5590.25641025641
5605.64102564103
5628.20512820513
5675.89743589744
5710.25641025641
5716.41025641026
5720
5740
5751.79487179487
5741.53846153846
5739.48717948718
5750.76923076923
5746.66666666667
5726.15384615385
5709.74358974359
5698.46153846154
5689.74358974359
5682.5641025641
5681.02564102564
5684.10256410256
5673.33333333333
5653.33333333333
5653.33333333333
5664.61538461539
5655.38461538462
5632.82051282051
5621.02564102564
5610.25641025641
5601.53846153846
5597.4358974359
5585.12820512821
5575.38461538462
5572.82051282051
5571.79487179487
5568.20512820513
5550.76923076923
5534.35897435898
5535.89743589744
5518.97435897436
5480.51282051282
5478.97435897436
5498.46153846154
5489.23076923077
5464.10256410256
5455.38461538462
5457.4358974359
5443.07692307692
5425.64102564103
5427.69230769231
5431.79487179487
5426.15384615385
5418.46153846154
5396.41025641026
5375.89743589744
5377.4358974359
5374.8717948718
5361.53846153846
5353.84615384615
5344.10256410256
5328.71794871795
5320
5307.17948717949
5295.38461538462
5309.74358974359
5315.38461538462
5280.51282051282
5256.41025641026
5262.05128205128
5250.76923076923
5235.38461538462
5243.07692307692
5247.17948717949
5229.74358974359
5205.12820512821
5197.94871794872
5206.15384615385
5198.97435897436
5181.02564102564
5177.4358974359
5168.20512820513
5140
5118.97435897436
5117.4358974359
5120.51282051282
5107.69230769231
5090.76923076923
5086.15384615385
5081.02564102564
5073.33333333333
5070.76923076923
5058.46153846154
5045.12820512821
5048.20512820513
5040.51282051282
5016.92307692308
5010.76923076923
5020.51282051282
5012.30769230769
4993.84615384615
4990.76923076923
4994.35897435897
4989.23076923077
4982.05128205128
4975.38461538462
4963.07692307692
4949.23076923077
4940.51282051282
4936.92307692308
4937.4358974359
4934.8717948718
4921.02564102564
4907.17948717949
4912.30769230769
4921.53846153846
4912.82051282051
4898.97435897436
4888.71794871795
4878.46153846154
4870.76923076923
4872.82051282051
4875.89743589744
4869.74358974359
4857.4358974359
4848.71794871795
4841.02564102564
4841.02564102564
4850.76923076923
4842.05128205128
4823.07692307692
4826.15384615385
4824.10256410256
4798.46153846154
4793.33333333333
4811.79487179487
4808.71794871795
4796.92307692308
4794.35897435897
4785.64102564103
4773.84615384615
4780
4786.66666666667
4776.41025641026
4773.84615384615
4773.84615384615
4760
4747.69230769231
4749.74358974359
4752.30769230769
4747.69230769231
4740
4730.76923076923
4718.97435897436
4707.69230769231
4701.02564102564
4692.82051282051
4684.61538461539
4687.69230769231
4681.53846153846
4663.07692307692
4665.64102564103
4674.8717948718
4656.41025641026
4640
4649.74358974359
4652.30769230769
4637.4358974359
4627.69230769231
4624.61538461538
4614.8717948718
4604.10256410256
4602.5641025641
4601.53846153846
4595.89743589744
4595.89743589744
4599.48717948718
4594.35897435897
4587.17948717949
4582.05128205128
4572.30769230769
4569.23076923077
4572.30769230769
4568.20512820513
4558.46153846154
4551.28205128205
4552.82051282051
4549.23076923077
4543.58974358974
4547.69230769231
4549.23076923077
4534.8717948718
4529.23076923077
4541.53846153846
4541.53846153846
4534.8717948718
4534.35897435897
4529.23076923077
4524.61538461538
4521.02564102564
4515.38461538462
4504.61538461538
4505.12820512821
4514.8717948718
4514.8717948718
4504.61538461538
4494.35897435897
4494.8717948718
4494.35897435897
4484.10256410256
4473.33333333333
4470.25641025641
4473.84615384615
4474.8717948718
4475.38461538462
4472.30769230769
4464.10256410256
4466.15384615385
4470.76923076923
4464.61538461538
4458.97435897436
4463.58974358974
4463.07692307692
4454.8717948718
4457.94871794872
4460
4450.76923076923
4442.05128205128
4441.53846153846
4441.02564102564
4441.53846153846
4444.61538461538
4440
4430.25641025641
4432.82051282051
4442.5641025641
4439.48717948718
4427.69230769231
4425.64102564103
4429.74358974359
4423.58974358974
4421.02564102564
4427.69230769231
4422.05128205128
4408.20512820513
4412.82051282051
4422.05128205128
4412.82051282051
4408.71794871795
4416.41025641026
4408.71794871795
4394.8717948718
4398.97435897436
4403.58974358974
4394.8717948718
4393.33333333333
4403.58974358974
4407.17948717949
4400.51282051282
4395.89743589744
4396.41025641026
4400
4397.4358974359
4391.28205128205
4393.33333333333
4400
4395.38461538462
4393.84615384615
4400
4378.46153846154
4349.23076923077
4367.17948717949
4391.28205128205
4366.66666666667
4347.17948717949
4366.15384615385
4367.17948717949
4349.74358974359
4353.84615384615
4364.10256410256
4358.46153846154
4354.35897435897
4360
4355.89743589744
4337.4358974359
4331.79487179487
4348.71794871795
4353.33333333333
4351.28205128205
4360
4354.35897435897
4342.05128205128
4348.71794871795
4353.84615384615
4347.17948717949
4337.4358974359
4330.25641025641
4348.20512820513
4361.53846153846
4332.82051282051
4320
4348.71794871795
4360
4351.28205128205
4348.20512820513
4342.5641025641
4336.41025641026
4337.94871794872
4345.64102564103
4347.17948717949
4332.30769230769
4318.46153846154
4331.28205128205
4346.66666666667
4332.82051282051
4315.89743589744
4318.97435897436
4326.15384615385
4332.82051282051
4334.35897435897
4312.82051282051
4294.8717948718
4312.30769230769
4334.8717948718
4331.28205128205
4313.33333333333
4307.17948717949
4318.46153846154
4309.74358974359
4287.69230769231
4302.5641025641
4323.58974358974
4301.53846153846
4287.69230769231
4298.97435897436
4289.23076923077
4276.41025641026
4291.79487179487
4304.61538461538
4287.69230769231
4283.58974358974
4297.94871794872
4293.33333333333
4284.10256410256
4283.58974358974
4289.23076923077
4291.28205128205
4283.58974358974
4273.84615384615
4277.4358974359
4285.64102564103
4281.53846153846
4279.48717948718
4277.94871794872
4276.92307692308
4285.12820512821
4289.23076923077
4286.66666666667
4277.94871794872
4273.84615384615
4286.15384615385
4294.8717948718
4283.58974358974
4275.38461538462
4288.20512820513
4289.23076923077
4278.97435897436
4285.64102564103
4296.41025641026
4296.92307692308
4281.53846153846
4268.71794871795
4278.97435897436
4297.94871794872
4286.15384615385
4261.02564102564
4256.41025641026
4260
4271.28205128205
4286.15384615385
4276.41025641026
4264.61538461538
4280.51282051282
4288.71794871795
4277.4358974359
4276.92307692308
4278.46153846154
4277.94871794872
4282.05128205128
4273.84615384615
4270.25641025641
4285.12820512821
4277.4358974359
4258.46153846154
4270.76923076923
4285.64102564103
4280
4277.4358974359
4272.82051282051
4265.12820512821
4266.66666666667
4261.02564102564
4251.79487179487
4258.46153846154
4270.25641025641
4272.30769230769
4269.74358974359
4263.07692307692
4261.53846153846
4266.66666666667
4271.79487179487
4286.15384615385
4294.35897435897
4284.61538461538
4278.46153846154
4282.5641025641
4283.07692307692
4276.41025641026
4269.74358974359
4262.5641025641
4266.66666666667
4283.07692307692
4284.10256410256
4270.76923076923
4273.84615384615
4277.94871794872
4264.10256410256
4256.41025641026
4264.10256410256
4276.92307692308
4282.05128205128
4270.76923076923
4263.58974358974
4271.79487179487
4269.74358974359
4261.53846153846
4265.64102564103
4267.69230769231
4265.12820512821
4265.64102564103
4263.07692307692
4264.10256410256
4263.58974358974
4255.38461538462
4255.38461538462
4257.94871794872
4249.74358974359
4246.66666666667
4252.82051282051
4250.76923076923
4250.25641025641
4265.12820512821
4267.17948717949
4250.25641025641
4238.46153846154
4243.58974358974
4250.25641025641
4247.69230769231
4242.5641025641
4237.94871794872
4235.38461538462
4241.53846153846
4250.25641025641
4247.69230769231
4245.64102564103
4249.23076923077
4235.38461538462
4230.76923076923
4250.76923076923
4243.07692307692
4223.58974358974
4237.4358974359
4245.64102564103
4234.8717948718
4245.64102564103
4254.8717948718
4238.97435897436
4231.79487179487
4235.89743589744
4235.89743589744
4234.8717948718
4231.28205128205
4235.89743589744
4245.64102564103
4246.66666666667
4242.05128205128
4237.4358974359
4234.8717948718
4233.84615384615
4234.8717948718
4234.8717948718
4234.35897435897
4232.82051282051
4236.92307692308
4245.64102564103
4249.74358974359
4259.48717948718
4267.17948717949
4262.05128205128
4265.12820512821
4267.17948717949
4251.79487179487
4253.33333333333
4268.20512820513
4254.8717948718
4241.53846153846
4257.4358974359
4258.46153846154
4244.61538461538
4259.48717948718
4265.12820512821
4234.8717948718
4225.64102564103
4246.66666666667
4243.58974358974
4230.25641025641
4233.33333333333
4233.33333333333
4237.4358974359
4249.23076923077
4237.4358974359
4225.12820512821
4241.02564102564
4243.58974358974
4228.20512820513
4232.82051282051
4238.46153846154
4229.74358974359
4236.92307692308
4251.79487179487
4250.25641025641
4246.66666666667
4249.23076923077
4246.15384615385
4243.07692307692
4247.17948717949
4248.71794871795
4248.71794871795
4249.23076923077
4249.74358974359
4256.41025641026
4262.05128205128
4266.66666666667
4266.15384615385
4254.35897435897
4250.76923076923
4260
4249.74358974359
4232.82051282051
4239.48717948718
4248.71794871795
4244.10256410256
4234.8717948718
4230.25641025641
4238.46153846154
4250.25641025641
4249.23076923077
4238.97435897436
4227.17948717949
4229.23076923077
4246.66666666667
4245.64102564103
4226.66666666667
4231.79487179487
4254.8717948718
4248.71794871795
4225.64102564103
4231.79487179487
4251.28205128205
4249.74358974359
4235.89743589744
4228.71794871795
4237.94871794872
4250.76923076923
4240
4230.25641025641
4242.05128205128
4245.12820512821
4243.07692307692
4251.79487179487
4241.02564102564
4230.25641025641
4245.12820512821
4244.61538461538
4224.10256410256
4225.12820512821
4236.92307692308
4231.28205128205
4226.66666666667
4241.02564102564
4250.25641025641
4236.92307692308
4225.64102564103
4231.79487179487
4234.8717948718
4230.25641025641
4231.79487179487
4232.30769230769
4218.97435897436
4212.82051282051
4227.17948717949
4238.46153846154
4236.92307692308
4230.76923076923
4218.97435897436
4217.94871794872
4232.30769230769
4232.30769230769
4227.17948717949
4239.48717948718
4245.12820512821
4242.05128205128
4241.02564102564
4233.33333333333
4228.71794871795
4234.8717948718
4236.92307692308
4230.25641025641
4230.76923076923
4233.33333333333
4232.82051282051
4232.30769230769
4232.30769230769
4232.30769230769
4232.30769230769
4232.82051282051
4228.71794871795
4229.74358974359
4234.8717948718
4225.64102564103
4211.28205128205
4215.89743589744
4233.33333333333
4236.41025641026
4220.51282051282
4211.79487179487
4225.12820512821
4234.8717948718
4223.58974358974
4214.35897435897
4220
4223.07692307692
4212.30769230769
4208.71794871795
4228.71794871795
4237.4358974359
4217.4358974359
4214.35897435897
4231.28205128205
4231.28205128205
4227.17948717949
4233.84615384615
4224.10256410256
4210.76923076923
4218.97435897436
4222.05128205128
4214.8717948718
4217.94871794872
4216.92307692308
4210.25641025641
4211.28205128205
4211.28205128205
4216.92307692308
4235.89743589744
4240
4217.94871794872
4211.79487179487
4227.69230769231
4227.69230769231
4214.8717948718
4215.38461538462
4220
4217.4358974359
4226.66666666667
4236.41025641026
4230.76923076923
4228.20512820513
4237.94871794872
4237.4358974359
4221.53846153846
4216.92307692308
4231.79487179487
4242.05128205128
4227.17948717949
4212.30769230769
4224.10256410256
4234.35897435897
4228.20512820513
4227.69230769231
4237.4358974359
4233.84615384615
4222.05128205128
4221.02564102564
4227.17948717949
4232.30769230769
4230.25641025641
4230.76923076923
4233.84615384615
4228.20512820513
4226.66666666667
4230.25641025641
4230.76923076923
4230.25641025641
4228.20512820513
4225.64102564103
4227.17948717949
4231.28205128205
4232.82051282051
4231.28205128205
4231.28205128205
4230.25641025641
4224.61538461538
4213.84615384615
4212.82051282051
4225.64102564103
4228.20512820513
4221.02564102564
4213.33333333333
4208.71794871795
4217.94871794872
4237.94871794872
4237.4358974359
4213.84615384615
4216.41025641026
4235.38461538462
4225.64102564103
4212.30769230769
4226.66666666667
4240
4234.8717948718
4231.79487179487
4235.89743589744
4238.46153846154
4226.15384615385
4214.8717948718
4233.33333333333
4254.8717948718
4250.76923076923
4247.17948717949
4254.8717948718
4245.12820512821
4229.74358974359
4235.38461538462
4250.25641025641
4251.79487179487
4247.17948717949
4245.64102564103
4240.51282051282
4235.38461538462
4234.8717948718
4233.33333333333
4236.92307692308
4234.35897435897
4219.48717948718
4217.94871794872
4230.76923076923
4242.5641025641
4246.15384615385
4241.53846153846
4229.23076923077
4224.10256410256
4230.76923076923
4231.79487179487
4228.71794871795
4225.64102564103
4227.69230769231
4231.79487179487
4232.82051282051
4237.4358974359
4229.23076923077
4209.74358974359
4207.69230769231
4228.71794871795
4234.8717948718
4220.51282051282
4217.4358974359
4221.02564102564
4220
4216.92307692308
4214.35897435897
4218.46153846154
4220.51282051282
4204.61538461538
4197.94871794872
4219.48717948718
4234.35897435897
4227.17948717949
4217.4358974359
4215.89743589744
4215.89743589744
4216.41025641026
4223.58974358974
4226.66666666667
4219.48717948718
4217.4358974359
4222.5641025641
4219.48717948718
4218.46153846154
4220.51282051282
4216.41025641026
4222.05128205128
4232.82051282051
4230.76923076923
4215.38461538462
4210.76923076923
4227.69230769231
4230.25641025641
4211.28205128205
4215.89743589744
4232.82051282051
4224.10256410256
4214.35897435897
4222.05128205128
4216.41025641026
4207.69230769231
4227.69230769231
4237.4358974359
4218.46153846154
4217.94871794872
4230.76923076923
4223.07692307692
4213.33333333333
4219.48717948718
4221.02564102564
4219.48717948718
4219.48717948718
4217.4358974359
4225.12820512821
4231.28205128205
4231.79487179487
4233.84615384615
4229.23076923077
4216.92307692308
4214.35897435897
4218.46153846154
4218.46153846154
4217.4358974359
4218.46153846154
4218.46153846154
4216.92307692308
4215.89743589744
4220.51282051282
4227.69230769231
4231.79487179487
4233.84615384615
4238.97435897436
4234.35897435897
4218.97435897436
4221.53846153846
4238.97435897436
4244.61538461538
4234.35897435897
4220
4218.46153846154
4230.25641025641
4237.94871794872
4234.35897435897
4233.84615384615
4232.30769230769
4230.25641025641
4234.35897435897
4234.8717948718
4241.02564102564
4245.64102564103
4233.84615384615
4225.64102564103
4238.46153846154
4247.17948717949
4238.97435897436
4242.05128205128
4249.23076923077
4237.4358974359
4227.69230769231
4230.76923076923
4233.33333333333
4241.02564102564
4244.61538461538
4233.84615384615
4225.64102564103
4233.33333333333
4236.92307692308
4229.74358974359
4229.23076923077
4235.38461538462
4227.17948717949
4212.82051282051
4223.58974358974
4237.4358974359
4231.28205128205
4226.66666666667
4224.10256410256
4220.51282051282
4225.64102564103
4229.23076923077
4229.23076923077
4228.20512820513
4223.07692307692
4216.92307692308
4215.38461538462
4218.46153846154
4227.17948717949
4235.89743589744
4228.20512820513
4216.41025641026
4222.05128205128
4237.4358974359
4235.89743589744
4217.94871794872
4219.48717948718
4227.17948717949
4222.05128205128
4221.53846153846
4231.28205128205
4235.38461538462
4232.30769230769
4235.38461538462
4234.8717948718
4220.51282051282
4215.38461538462
4230.76923076923
4238.97435897436
4233.33333333333
4236.41025641026
4230.76923076923
4223.07692307692
4232.82051282051
4228.71794871795
4221.53846153846
4234.8717948718
4228.71794871795
4214.35897435897
4232.82051282051
4238.97435897436
4214.35897435897
4215.89743589744
4233.33333333333
4225.64102564103
4215.89743589744
4219.48717948718
4224.10256410256
4218.97435897436
4210.76923076923
4221.02564102564
4234.35897435897
4223.07692307692
4212.30769230769
4215.89743589744
4220.51282051282
4235.38461538462
4249.23076923077
4235.38461538462
4217.94871794872
4218.97435897436
4224.10256410256
4232.30769230769
4235.89743589744
4226.66666666667
4215.38461538462
4216.41025641026
4231.28205128205
4237.4358974359
4228.71794871795
4224.61538461538
4228.71794871795
4231.79487179487
4232.82051282051
4234.8717948718
4233.33333333333
4230.76923076923
4230.76923076923
4230.25641025641
4229.74358974359
4235.38461538462
4250.76923076923
4250.76923076923
4231.79487179487
4228.20512820513
4244.61538461538
4250.76923076923
4248.71794871795
4250.25641025641
4246.66666666667
4240.51282051282
4241.53846153846
