4320
4320
4320
4320
4320
4320
4319.48717948718
4318.46153846154
4317.94871794872
4317.94871794872
4317.94871794872
4317.94871794872
4317.94871794872
4317.94871794872
4317.94871794872
4317.94871794872
4317.94871794872
4319.48717948718
4320
4319.48717948718
4320
4320
4318.46153846154
4317.94871794872
4319.48717948718
4320
4319.48717948718
4319.48717948718
4320
4319.48717948718
4319.48717948718
4319.48717948718
4319.48717948718
4319.48717948718
4319.48717948718
4319.48717948718
4319.48717948718
4319.48717948718
4319.48717948718
4319.48717948718
4320
4319.48717948718
4319.48717948718
4320
4319.48717948718
4317.4358974359
4317.4358974359
4318.97435897436
4317.94871794872
4317.94871794872
4317.94871794872
4317.94871794872
4318.97435897436
4320
4320
4319.48717948718
4320
4319.48717948718
4320
4319.48717948718
4319.48717948718
4320
4319.48717948718
4317.94871794872
4317.94871794872
4317.94871794872
4317.94871794872
4317.94871794872
4319.48717948718
4320
4319.48717948718
4319.48717948718
4320
4320
4319.48717948718
4319.48717948718
4320
4319.48717948718
4317.4358974359
4317.4358974359
4318.97435897436
4318.46153846154
4317.4358974359
4317.94871794872
4317.94871794872
4317.94871794872
4317.94871794872
4317.94871794872
4317.94871794872
4317.94871794872
4317.94871794872
4317.94871794872
4317.94871794872
4317.94871794872
4317.94871794872
4317.94871794872
4317.94871794872
4317.94871794872
4317.94871794872
4317.94871794872
4318.46153846154
4318.97435897436
4318.97435897436
4318.97435897436
4318.97435897436
4318.97435897436
4318.97435897436
4318.97435897436
4318.97435897436
4318.97435897436
4318.97435897436
4318.97435897436
4318.97435897436
4318.97435897436
4318.97435897436
4318.97435897436
4318.97435897436
4318.97435897436
4318.97435897436
4318.97435897436
4318.97435897436
4318.97435897436
4318.97435897436
4318.97435897436
4318.97435897436
4318.97435897436
4318.97435897436
4318.97435897436
4318.97435897436
4318.97435897436
4318.97435897436
4318.97435897436
4318.97435897436
4318.97435897436
4318.97435897436
4318.97435897436
4318.97435897436
4318.97435897436
4318.97435897436
4319.48717948718
4319.48717948718
4320
4319.48717948718
4319.48717948718
4319.48717948718
4319.48717948718
4319.48717948718
4319.48717948718
4319.48717948718
4319.48717948718
4319.48717948718
4319.48717948718
4319.48717948718
4319.48717948718
4319.48717948718
4319.48717948718
4320
4319.48717948718
4319.48717948718
4320
4319.48717948718
4318.46153846154
4317.94871794872
4317.94871794872
4317.94871794872
4317.94871794872
4317.94871794872
4317.94871794872
4317.94871794872
4317.94871794872
4317.94871794872
4317.94871794872
4317.94871794872
4317.94871794872
4317.94871794872
4317.94871794872
4317.94871794872
4317.94871794872
4317.94871794872
4317.94871794872
4317.94871794872
4317.94871794872
4317.94871794872
4317.94871794872
4317.94871794872
4317.94871794872
4317.94871794872
4317.94871794872
4317.94871794872
4317.94871794872
4317.94871794872
4317.94871794872
4317.94871794872
4317.94871794872
4317.94871794872
4317.94871794872
4317.94871794872
4317.94871794872
4317.94871794872
4317.94871794872
4317.94871794872
4317.94871794872
4317.94871794872
4317.94871794872
4317.94871794872
4317.94871794872
4317.94871794872
4317.94871794872
4317.94871794872
4317.94871794872
4317.94871794872
4317.94871794872
4317.94871794872
4317.94871794872
4317.94871794872
4317.94871794872
4317.94871794872
4317.94871794872
4317.94871794872
4317.94871794872
4317.94871794872
4317.94871794872
4317.94871794872
4317.94871794872
4317.94871794872
4317.94871794872
4317.94871794872
4318.46153846154
4317.94871794872
4317.94871794872
4318.97435897436
4315.89743589744
4310.25641025641
4312.30769230769
4318.46153846154
4319.48717948718
4317.4358974359
4317.94871794872
4318.46153846154
4317.94871794872
4317.94871794872
4317.94871794872
4317.94871794872
4317.94871794872
4317.94871794872
4317.94871794872
4317.94871794872
4317.94871794872
4317.94871794872
4317.94871794872
4317.94871794872
4317.94871794872
4317.94871794872
4317.94871794872
4317.94871794872
4317.94871794872
4317.94871794872
4317.94871794872
4317.94871794872
4317.94871794872
4318.46153846154
4318.46153846154
4317.4358974359
4318.46153846154
4318.46153846154
4313.84615384615
4309.23076923077
4313.33333333333
4318.46153846154
4317.94871794872
4317.4358974359
4319.48717948718
4318.97435897436
4317.94871794872
4318.46153846154
4317.94871794872
4317.94871794872
4318.97435897436
4315.38461538462
4311.28205128205
4313.33333333333
4315.89743589744
4314.35897435897
4314.35897435897
4318.46153846154
4319.48717948718
4317.4358974359
4317.94871794872
4318.97435897436
4317.94871794872
4317.94871794872
4318.46153846154
4317.94871794872
4317.94871794872
4317.94871794872
4317.94871794872
4317.94871794872
4317.94871794872
4317.94871794872
4317.94871794872
4317.94871794872
4317.94871794872
4317.94871794872
4317.94871794872
4317.94871794872
4317.94871794872
4317.94871794872
4317.94871794872
4317.94871794872
4317.94871794872
4317.94871794872
4317.94871794872
4317.94871794872
4317.94871794872
4317.94871794872
4317.94871794872
4317.94871794872
4317.94871794872
4317.94871794872
4317.94871794872
4317.94871794872
4317.94871794872
4317.94871794872
4317.94871794872
4317.94871794872
4317.94871794872
4317.94871794872
4317.94871794872
4317.94871794872
4317.94871794872
4317.94871794872
4317.94871794872
4317.94871794872
4317.94871794872
4317.94871794872
4317.94871794872
4317.94871794872
4317.94871794872
4317.94871794872
4317.94871794872
4317.94871794872
4317.94871794872
4317.94871794872
4317.94871794872
4317.94871794872
4317.94871794872
4317.94871794872
4317.94871794872
4317.94871794872
4317.94871794872
4317.94871794872
4317.94871794872
4317.94871794872
4317.94871794872
4317.94871794872
4318.46153846154
4318.97435897436
4318.97435897436
4318.97435897436
4318.97435897436
4318.97435897436
4318.97435897436
4318.97435897436
4318.97435897436
4318.97435897436
4318.97435897436
4318.97435897436
4318.97435897436
4318.97435897436
4318.97435897436
4318.97435897436
4318.97435897436
4318.97435897436
4318.97435897436
4318.97435897436
4318.97435897436
4318.97435897436
4318.97435897436
4318.97435897436
4318.97435897436
4318.97435897436
4318.97435897436
4318.97435897436
4318.97435897436
4319.48717948718
4320
4320
4319.48717948718
4320
4320
4318.46153846154
4317.94871794872
4317.94871794872
4317.94871794872
4317.94871794872
4317.94871794872
4317.94871794872
4317.94871794872
4317.94871794872
4317.94871794872
4317.94871794872
4317.94871794872
4317.94871794872
4317.94871794872
4317.94871794872
4317.94871794872
4317.94871794872
4317.94871794872
4317.94871794872
4317.94871794872
4317.94871794872
4317.94871794872
4317.94871794872
4317.94871794872
4317.94871794872
4317.94871794872
4317.94871794872
4317.94871794872
4317.94871794872
4317.94871794872
4317.94871794872
4317.94871794872
4317.94871794872
4317.94871794872
4317.94871794872
4317.94871794872
4317.94871794872
4317.94871794872
4317.94871794872
4317.94871794872
4317.94871794872
4317.94871794872
4317.94871794872
4317.94871794872
4317.94871794872
4317.94871794872
4317.94871794872
4317.94871794872
4317.94871794872
4317.94871794872
4317.94871794872
4317.94871794872
4317.94871794872
4317.94871794872
4317.94871794872
4317.94871794872
4317.94871794872
4317.94871794872
4317.94871794872
4317.94871794872
4317.94871794872
4317.94871794872
4317.94871794872
4317.94871794872
4317.94871794872
4317.94871794872
4317.94871794872
4317.94871794872
4317.94871794872
4317.94871794872
4317.94871794872
4317.94871794872
4317.94871794872
4317.94871794872
4317.94871794872
4317.94871794872
4317.94871794872
4317.94871794872
4317.94871794872
4317.94871794872
4317.94871794872
4317.94871794872
4317.94871794872
4317.94871794872
4317.94871794872
4317.94871794872
4317.94871794872
4317.94871794872
4317.94871794872
4317.94871794872
4317.94871794872
4317.94871794872
4317.94871794872
4317.94871794872
4317.94871794872
4317.94871794872
4317.94871794872
4317.94871794872
4317.94871794872
4317.94871794872
4317.94871794872
4317.94871794872
4317.94871794872
4317.94871794872
4317.94871794872
4317.94871794872
4317.94871794872
4317.94871794872
4317.94871794872
4317.94871794872
4317.94871794872
4317.94871794872
4317.94871794872
4317.94871794872
4317.94871794872
4317.94871794872
4317.94871794872
4317.94871794872
4317.94871794872
4317.94871794872
4317.94871794872
4317.94871794872
4317.94871794872
4317.94871794872
4317.94871794872
4317.94871794872
4317.94871794872
4317.94871794872
4317.94871794872
4317.94871794872
4317.94871794872
4317.94871794872
4317.94871794872
4317.94871794872
4317.94871794872
4317.94871794872
4317.94871794872
4317.94871794872
4317.94871794872
4317.94871794872
4317.94871794872
4317.94871794872
4317.94871794872
4317.94871794872
4317.94871794872
4317.94871794872
4317.94871794872
4317.94871794872
4317.94871794872
4317.94871794872
4317.94871794872
4317.94871794872
4317.94871794872
4317.94871794872
4317.94871794872
4317.94871794872
4317.94871794872
4317.94871794872
4317.94871794872
4317.94871794872
4317.94871794872
4317.94871794872
4317.94871794872
4317.94871794872
4317.94871794872
4317.94871794872
4317.94871794872
4318.46153846154
4319.48717948718
4320
4319.48717948718
4320
4320
4318.97435897436
4317.94871794872
4317.94871794872
4317.94871794872
4317.94871794872
4317.94871794872
4317.94871794872
4317.94871794872
4317.94871794872
4317.94871794872
4317.94871794872
4317.94871794872
4317.94871794872
4317.94871794872
4317.94871794872
4317.94871794872
4317.94871794872
4317.94871794872
4317.94871794872
4317.94871794872
4317.94871794872
4317.94871794872
4317.94871794872
4317.94871794872
4317.94871794872
4317.94871794872
4317.94871794872
4317.94871794872
4317.94871794872
4317.94871794872
4317.94871794872
4317.94871794872
4317.94871794872
4317.94871794872
4317.94871794872
4317.94871794872
4317.94871794872
4317.94871794872
4317.94871794872
4317.94871794872
4317.94871794872
4317.94871794872
4317.94871794872
4317.94871794872
4317.94871794872
4317.94871794872
4317.94871794872
4317.94871794872
4317.94871794872
4317.94871794872
4317.94871794872
4317.94871794872
4317.94871794872
4317.94871794872
4317.94871794872
4317.94871794872
4317.94871794872
4317.94871794872
4317.94871794872
4317.94871794872
4317.94871794872
4317.94871794872
4317.94871794872
4317.94871794872
4317.94871794872
4317.94871794872
4317.94871794872
4317.94871794872
4317.94871794872
4317.94871794872
4317.94871794872
4317.94871794872
4317.94871794872
4317.94871794872
4317.94871794872
4317.94871794872
4317.94871794872
4317.94871794872
4317.94871794872
4317.94871794872
4317.94871794872
4317.94871794872
4317.94871794872
4317.94871794872
4317.94871794872
4317.94871794872
4317.94871794872
4317.94871794872
4317.94871794872
4317.94871794872
4317.94871794872
4317.94871794872
4317.94871794872
4317.94871794872
4317.94871794872
4317.94871794872
4317.94871794872
4317.94871794872
4317.94871794872
4317.94871794872
4317.94871794872
4317.94871794872
4317.94871794872
4317.94871794872
4317.94871794872
4318.97435897436
4320
4319.48717948718
4316.92307692308
4316.92307692308
4318.46153846154
4317.4358974359
4316.92307692308
4318.97435897436
4319.48717948718
4317.94871794872
4317.94871794872
4318.46153846154
4317.94871794872
4317.94871794872
4317.94871794872
4318.46153846154
4317.94871794872
4317.94871794872
4318.97435897436
4316.41025641026
4312.30769230769
4311.79487179487
4312.82051282051
4311.79487179487
4312.82051282051
4314.35897435897
4313.84615384615
4313.33333333333
4314.35897435897
4313.33333333333
4313.84615384615
4317.4358974359
4318.97435897436
4319.48717948718
4319.48717948718
4318.46153846154
4317.4358974359
4318.46153846154
4318.46153846154
4317.4358974359
4317.94871794872
4317.94871794872
4317.94871794872
4317.94871794872
4317.94871794872
4317.94871794872
4317.94871794872
4317.94871794872
4317.94871794872
4317.94871794872
4317.94871794872
4317.94871794872
4317.94871794872
4317.94871794872
4317.94871794872
4317.94871794872
4317.94871794872
4317.94871794872
4317.94871794872
4317.94871794872
4317.94871794872
4317.94871794872
4317.94871794872
4317.94871794872
4317.94871794872
4317.94871794872
4317.94871794872
4317.94871794872
4317.94871794872
4317.94871794872
4317.94871794872
4317.94871794872
4317.94871794872
4317.94871794872
4317.94871794872
4318.46153846154
4318.46153846154
4317.94871794872
4317.94871794872
4318.97435897436
4315.89743589744
4311.79487179487
4312.30769230769
4314.35897435897
4313.84615384615
4313.33333333333
4313.84615384615
4313.84615384615
4313.84615384615
4313.33333333333
4312.30769230769
4311.79487179487
4311.79487179487
4312.82051282051
4313.84615384615
4313.84615384615
4313.84615384615
4313.84615384615
4313.84615384615
4313.84615384615
4313.84615384615
4313.84615384615
4313.84615384615
4313.84615384615
4313.84615384615
4313.84615384615
4313.84615384615
4313.84615384615
4313.84615384615
4313.84615384615
4313.84615384615
4313.84615384615
4313.84615384615
4313.84615384615
4313.84615384615
4313.84615384615
4313.84615384615
4313.84615384615
4313.84615384615
4313.84615384615
4313.84615384615
4313.84615384615
4313.84615384615
4313.84615384615
4313.84615384615
4313.33333333333
4313.84615384615
4313.33333333333
4313.33333333333
4315.89743589744
4319.48717948718
4319.48717948718
4318.97435897436
4320
4319.48717948718
4314.8717948718
4311.79487179487
4312.30769230769
4312.82051282051
4312.82051282051
4313.84615384615
4313.84615384615
4313.84615384615
4313.84615384615
4313.84615384615
4313.84615384615
4313.84615384615
4313.84615384615
4313.84615384615
4313.84615384615
4313.84615384615
4313.33333333333
4312.82051282051
4311.79487179487
4312.30769230769
4314.35897435897
4314.8717948718
4312.82051282051
4312.30769230769
4313.84615384615
4313.84615384615
4313.33333333333
4313.84615384615
4313.84615384615
4313.84615384615
4313.84615384615
4313.84615384615
4313.84615384615
4313.84615384615
4313.84615384615
4313.84615384615
4313.33333333333
4313.84615384615
4314.35897435897
4313.33333333333
4313.84615384615
4318.97435897436
4321.02564102564
4316.41025641026
4312.82051282051
4313.33333333333
4313.33333333333
4312.30769230769
4313.84615384615
4319.48717948718
4320
4316.92307692308
4317.4358974359
4318.46153846154
4316.92307692308
4317.4358974359
4319.48717948718
4318.46153846154
4317.4358974359
4318.46153846154
4317.94871794872
4317.94871794872
4317.94871794872
4317.94871794872
4317.94871794872
4317.94871794872
4317.94871794872
4317.94871794872
4317.94871794872
4317.94871794872
4318.46153846154
4317.94871794872
4318.46153846154
4318.97435897436
4316.41025641026
4312.30769230769
4311.28205128205
4311.79487179487
4312.30769230769
4312.82051282051
4313.33333333333
4313.84615384615
4314.35897435897
4313.84615384615
4313.84615384615
4314.35897435897
4313.33333333333
4311.79487179487
4310.76923076923
4310.76923076923
4310.76923076923
4310.25641025641
4310.25641025641
4314.8717948718
4320
4318.46153846154
4316.92307692308
4319.48717948718
4319.48717948718
4317.4358974359
4317.94871794872
4318.46153846154
4318.46153846154
4318.46153846154
4317.4358974359
4318.46153846154
4318.97435897436
4312.82051282051
4307.69230769231
4313.84615384615
4320
4318.46153846154
4317.4358974359
4318.46153846154
4318.46153846154
4317.94871794872
4317.94871794872
4317.94871794872
4317.94871794872
4317.94871794872
4317.94871794872
4317.94871794872
4317.94871794872
4317.94871794872
4317.94871794872
4317.94871794872
4317.94871794872
4317.94871794872
4317.94871794872
4317.94871794872
4317.94871794872
4317.94871794872
4317.94871794872
4317.94871794872
4317.94871794872
4317.94871794872
4317.94871794872
4317.94871794872
4317.94871794872
4317.94871794872
4317.94871794872
4317.94871794872
4317.94871794872
4317.94871794872
4317.94871794872
4317.94871794872
4317.94871794872
4317.94871794872
4317.94871794872
4317.94871794872
4317.94871794872
4317.94871794872
4317.94871794872
4317.94871794872
4317.94871794872
4317.94871794872
4317.94871794872
4318.97435897436
4318.97435897436
4318.97435897436
4318.97435897436
4318.97435897436
4318.97435897436
4318.97435897436
4318.97435897436
4318.97435897436
4318.97435897436
4318.97435897436
4318.97435897436
4318.97435897436
4318.97435897436
4318.97435897436
4318.97435897436
4318.97435897436
4318.97435897436
4318.97435897436
4318.97435897436
4318.97435897436
4318.97435897436
4318.97435897436
4318.97435897436
4319.48717948718
4319.48717948718
4318.46153846154
4319.48717948718
4318.97435897436
4314.35897435897
4310.76923076923
4312.82051282051
4314.35897435897
4313.33333333333
4312.82051282051
4314.8717948718
4317.94871794872
4318.97435897436
4320
4319.48717948718
4315.89743589744
4313.33333333333
4313.84615384615
4312.82051282051
4312.30769230769
4313.84615384615
4313.84615384615
4313.33333333333
4313.84615384615
4314.8717948718
4314.8717948718
4314.8717948718
4314.8717948718
4314.8717948718
4314.8717948718
4314.8717948718
4314.8717948718
4314.8717948718
4314.8717948718
4314.8717948718
4314.8717948718
4314.8717948718
4314.8717948718
4314.8717948718
4314.35897435897
4314.8717948718
4314.35897435897
4313.33333333333
4312.30769230769
4311.79487179487
4314.35897435897
4317.94871794872
4319.48717948718
4318.97435897436
4318.97435897436
4318.46153846154
4317.94871794872
4317.94871794872
4317.94871794872
4317.94871794872
4317.94871794872
4317.94871794872
4317.94871794872
4317.94871794872
4317.94871794872
4317.94871794872
4317.94871794872
4317.94871794872
4317.94871794872
4317.94871794872
4317.94871794872
4317.94871794872
4317.94871794872
4317.94871794872
4317.94871794872
4317.94871794872
4317.94871794872
4317.94871794872
4317.94871794872
4318.46153846154
4318.46153846154
4317.94871794872
4318.46153846154
4318.46153846154
4313.84615384615
4310.25641025641
4312.30769230769
4314.35897435897
4313.33333333333
4313.33333333333
4313.84615384615
4313.84615384615
4313.84615384615
4313.84615384615
4313.84615384615
4313.84615384615
4313.84615384615
4313.84615384615
4313.84615384615
4313.84615384615
4313.84615384615
4313.84615384615
4313.84615384615
4313.84615384615
4313.84615384615
4313.84615384615
4313.84615384615
4313.84615384615
4313.84615384615
4313.84615384615
4313.84615384615
4313.84615384615
4313.84615384615
4313.84615384615
4313.84615384615
4313.84615384615
4313.84615384615
4313.84615384615
4313.84615384615
4313.84615384615
4313.84615384615
4313.84615384615
4313.33333333333
4313.33333333333
4313.84615384615
4313.33333333333
4313.84615384615
4316.92307692308
4319.48717948718
4320
4317.94871794872
4314.35897435897
4313.33333333333
4313.84615384615
4312.30769230769
4312.82051282051
4314.35897435897
4313.84615384615
4313.84615384615
4313.84615384615
4313.84615384615
4313.84615384615
4313.84615384615
4313.84615384615
4313.84615384615
4313.84615384615
4313.84615384615
4313.84615384615
4313.84615384615
4313.84615384615
4313.84615384615
4313.84615384615
4313.84615384615
4313.84615384615
4313.84615384615
4313.84615384615
4313.84615384615
4313.84615384615
4313.84615384615
4313.84615384615
4313.84615384615
4313.84615384615
4313.84615384615
4313.33333333333
4313.84615384615
4313.84615384615
4311.79487179487
4311.79487179487
4316.92307692308
4319.48717948718
4317.94871794872
4318.46153846154
4319.48717948718
4318.46153846154
4317.4358974359
4318.46153846154
4317.94871794872
4317.94871794872
4317.94871794872
4317.94871794872
4317.94871794872
4317.94871794872
4317.94871794872
4317.94871794872
4317.94871794872
4317.94871794872
4317.94871794872
4317.94871794872
4317.94871794872
4317.94871794872
4317.94871794872
4317.94871794872
4317.94871794872
4317.94871794872
4317.94871794872
4317.94871794872
4317.94871794872
4317.94871794872
4317.94871794872
4317.94871794872
4317.94871794872
4317.94871794872
4317.94871794872
4317.94871794872
4317.94871794872
4317.94871794872
4317.94871794872
4317.94871794872
4317.94871794872
4317.94871794872
4317.94871794872
4317.94871794872
4317.94871794872
4317.94871794872
4317.94871794872
4317.94871794872
4317.94871794872
4317.94871794872
4317.94871794872
4317.94871794872
4317.94871794872
4317.94871794872
4317.94871794872
4317.94871794872
4317.94871794872
4317.94871794872
4317.94871794872
4317.94871794872
4317.94871794872
4317.94871794872
4317.94871794872
4317.94871794872
4317.94871794872
4317.94871794872
4317.94871794872
4317.94871794872
4317.94871794872
4317.94871794872
4317.94871794872
4317.94871794872
4317.94871794872
4317.94871794872
4317.94871794872
4317.94871794872
4317.94871794872
4317.94871794872
4317.94871794872
4317.94871794872
4317.94871794872
4317.94871794872
4317.94871794872
4317.94871794872
4317.94871794872
4317.94871794872
4317.94871794872
4317.94871794872
4317.94871794872
4317.94871794872
4317.94871794872
4317.94871794872
4317.94871794872
4317.94871794872
4317.94871794872
4317.94871794872
4317.94871794872
4317.94871794872
4317.94871794872
4317.94871794872
4317.94871794872
4318.46153846154
4317.94871794872
4317.94871794872
4318.97435897436
4316.92307692308
4312.82051282051
4311.79487179487
4312.82051282051
4312.30769230769
4314.35897435897
4318.46153846154
4319.48717948718
4318.97435897436
4319.48717948718
4317.4358974359
4314.35897435897
4312.82051282051
4313.84615384615
4316.92307692308
4315.38461538462
4311.79487179487
4313.33333333333
4313.84615384615
4311.79487179487
4315.89743589744
4320
4316.41025641026
4313.33333333333
4316.92307692308
4321.53846153846
4322.05128205128
4321.02564102564
4322.05128205128
4322.05128205128
4321.02564102564
4322.05128205128
4321.53846153846
4315.38461538462
4311.79487179487
4313.33333333333
4313.33333333333
4314.35897435897
