
4464.10256410256
4480
4488.71794871795
4487.69230769231
4477.94871794872
4474.35897435897
4474.8717948718
4473.84615384615
4489.23076923077
4510.25641025641
4505.12820512821
4490.25641025641
4491.28205128205
4500
4505.12820512821
4503.58974358974
4501.02564102564
4504.10256410256
4505.12820512821
4505.64102564103
4504.10256410256
4497.4358974359
4501.02564102564
4512.30769230769
4510.76923076923
4504.10256410256
4506.66666666667
4507.17948717949
4506.66666666667
4508.20512820513
4508.71794871795
4506.15384615385
4504.10256410256
4500.51282051282
4497.4358974359
4497.4358974359
4500
4504.10256410256
4499.48717948718
4491.28205128205
4496.92307692308
4517.4358974359
4508.20512820513
4475.38461538462
4481.53846153846
4513.33333333333
4512.30769230769
4490.25641025641
4489.23076923077
4493.84615384615
4494.8717948718
4502.05128205128
4507.17948717949
4508.20512820513
4505.64102564103
4505.64102564103
4504.10256410256
4502.5641025641
4508.71794871795
4520
4528.20512820513
4522.05128205128
4510.25641025641
4512.30769230769
4522.05128205128
4525.12820512821
4525.64102564103
4520.51282051282
4508.71794871795
4507.17948717949
4508.20512820513
4502.05128205128
4505.12820512821
4507.17948717949
4496.41025641026
4480
4472.30769230769
4483.58974358974
4489.23076923077
4475.38461538462
4471.28205128205
4476.41025641026
4465.12820512821
4452.82051282051
4456.41025641026
4466.15384615385
4475.38461538462
4479.48717948718
4483.58974358974
4489.74358974359
4480
4466.15384615385
4470.25641025641
4468.71794871795
4461.53846153846
4467.17948717949
4476.41025641026
4475.89743589744
4474.35897435897
4481.02564102564
4494.8717948718
4493.84615384615
4475.38461538462
4471.28205128205
4479.48717948718
4476.41025641026
4471.79487179487
4474.8717948718
4474.8717948718
4472.30769230769
4481.02564102564
4492.82051282051
4484.61538461538
4469.23076923077
4472.30769230769
4481.53846153846
4476.92307692308
4471.79487179487
4476.92307692308
4479.48717948718
4473.33333333333
4469.74358974359
4473.84615384615
4478.97435897436
4474.35897435897
4473.33333333333
4485.64102564103
4489.74358974359
4478.97435897436
4470.76923076923
4464.61538461538
4456.92307692308
4461.53846153846
4473.84615384615
4473.84615384615
4471.79487179487
4471.79487179487
4473.33333333333
4481.02564102564
4489.23076923077
4490.25641025641
4492.30769230769
4494.8717948718
4490.25641025641
4487.17948717949
4493.33333333333
4494.8717948718
4488.71794871795
4488.71794871795
4494.8717948718
4494.35897435897
4497.94871794872
4505.12820512821
4497.94871794872
4481.53846153846
4471.28205128205
4474.35897435897
4493.33333333333
4510.25641025641
4510.25641025641
4508.20512820513
4509.74358974359
4508.20512820513
4507.69230769231
4503.58974358974
4491.79487179487
4489.74358974359
4494.8717948718
4494.35897435897
4490.25641025641
4483.58974358974
4476.92307692308
4478.97435897436
4482.5641025641
4469.74358974359
4456.92307692308
4463.07692307692
4473.33333333333
4481.02564102564
4493.84615384615
4493.33333333333
4477.4358974359
4477.94871794872
4493.33333333333
4490.25641025641
4474.8717948718
4466.15384615385
4468.71794871795
4477.94871794872
4486.66666666667
4492.30769230769
4495.38461538462
4495.38461538462
4497.4358974359
4492.30769230769
4475.38461538462
4471.28205128205
4478.46153846154
4477.94871794872
4481.02564102564
4494.35897435897
4489.23076923077
4477.4358974359
4485.64102564103
4496.41025641026
4491.79487179487
4488.20512820513
4490.25641025641
4491.79487179487
4492.30769230769
4487.69230769231
4470.25641025641
4461.02564102564
4469.74358974359
4479.48717948718
4476.41025641026
4472.82051282051
4473.33333333333
4476.92307692308
4481.02564102564
4483.58974358974
4484.10256410256
4480.51282051282
4473.84615384615
4472.30769230769
4471.79487179487
4472.82051282051
4483.58974358974
4489.23076923077
4478.46153846154
4473.33333333333
4477.94871794872
4478.97435897436
4468.71794871795
4465.64102564103
4468.71794871795
4464.61538461538
4457.94871794872
4456.92307692308
4458.97435897436
4465.64102564103
4480
4487.17948717949
4480
4477.94871794872
4474.35897435897
4461.53846153846
4460
4475.38461538462
4481.53846153846
4472.82051282051
4473.84615384615
4481.53846153846
4476.92307692308
4460.51282051282
4460
4475.89743589744
4471.79487179487
4458.46153846154
4457.94871794872
4458.46153846154
4456.41025641026
4456.92307692308
4456.41025641026
4459.48717948718
4460.51282051282
4444.10256410256
4434.35897435897
4452.30769230769
4467.17948717949
4454.35897435897
4442.05128205128
4448.71794871795
4452.30769230769
4442.05128205128
4438.97435897436
4442.5641025641
4441.53846153846
4448.20512820513
4460.51282051282
4460.51282051282
4456.41025641026
4462.05128205128
4460.51282051282
4445.64102564103
4440.51282051282
4442.05128205128
4438.46153846154
4436.92307692308
4446.66666666667
4457.4358974359
4460.51282051282
4456.41025641026
4443.58974358974
4433.84615384615
4439.48717948718
4448.20512820513
4442.5641025641
4436.41025641026
4441.53846153846
4444.10256410256
4446.66666666667
4449.23076923077
4441.53846153846
4442.5641025641
4458.97435897436
4459.48717948718
4444.61538461538
4442.05128205128
4448.71794871795
4453.84615384615
4450.25641025641
4443.07692307692
4444.10256410256
4442.05128205128
4426.66666666667
4422.5641025641
4433.33333333333
4431.79487179487
4428.20512820513
4432.82051282051
4434.35897435897
4438.46153846154
4445.12820512821
4441.02564102564
4435.38461538462
4434.35897435897
4431.79487179487
4429.23076923077
4425.12820512821
4419.48717948718
4426.15384615385
4441.02564102564
4442.05128205128
4432.30769230769
4425.12820512821
4429.23076923077
4441.02564102564
4445.12820512821
4441.02564102564
4440.51282051282
4445.12820512821
4443.07692307692
4444.10256410256
4452.82051282051
4447.17948717949
4437.4358974359
4444.10256410256
4444.10256410256
4427.69230769231
4427.17948717949
4441.53846153846
4437.94871794872
4423.07692307692
4413.84615384615
4408.71794871795
4408.71794871795
4410.25641025641
4411.28205128205
4414.8717948718
4407.17948717949
4392.82051282051
4390.25641025641
4395.38461538462
4403.58974358974
4414.8717948718
4415.89743589744
4406.66666666667
4412.30769230769
4426.15384615385
4427.69230769231
4431.79487179487
4439.48717948718
4431.28205128205
4416.41025641026
4419.48717948718
4434.8717948718
4441.02564102564
4436.92307692308
4432.30769230769
4433.84615384615
4437.94871794872
4442.05128205128
4445.64102564103
4446.66666666667
4444.10256410256
4441.53846153846
4445.64102564103
4454.8717948718
4457.94871794872
4457.4358974359
4461.02564102564
4458.46153846154
4449.23076923077
4444.10256410256
4448.20512820513
4454.35897435897
4457.4358974359
4464.61538461538
4471.28205128205
4474.35897435897
4471.79487179487
4462.05128205128
4456.92307692308
4468.71794871795
4488.20512820513
4490.25641025641
4477.4358974359
4470.76923076923
4475.89743589744
4478.97435897436
4478.97435897436
4473.33333333333
4460
4462.5641025641
4475.38461538462
4476.92307692308
4473.84615384615
4474.8717948718
4472.82051282051
4475.38461538462
4475.89743589744
4465.12820512821
4461.02564102564
4462.05128205128
4461.02564102564
4460
4462.05128205128
4469.74358974359
4475.89743589744
4472.82051282051
4465.12820512821
4462.05128205128
4457.4358974359
4455.89743589744
4459.48717948718
4462.05128205128
4460
4454.35897435897
4452.82051282051
4454.35897435897
4457.4358974359
4461.02564102564
4464.10256410256
4462.5641025641
4459.48717948718
4460.51282051282
4456.92307692308
4447.69230769231
4442.05128205128
4443.58974358974
4444.10256410256
4445.64102564103
4447.17948717949
4437.4358974359
4432.30769230769
4441.02564102564
4449.74358974359
4446.66666666667
4443.07692307692
4444.61538461538
4447.17948717949
4446.66666666667
4442.05128205128
4441.53846153846
4446.15384615385
4447.17948717949
4442.5641025641
4442.5641025641
4444.10256410256
4437.4358974359
4435.89743589744
4450.25641025641
4461.02564102564
4453.33333333333
4440.51282051282
4441.02564102564
4448.20512820513
4455.89743589744
4469.23076923077
4481.02564102564
4485.64102564103
4489.23076923077
4491.79487179487
4493.33333333333
4490.25641025641
4479.48717948718
4474.35897435897
4479.48717948718
4475.38461538462
4475.89743589744
4486.66666666667
4484.10256410256
4470.76923076923
4468.71794871795
4474.35897435897
4470.76923076923
4467.17948717949
4478.97435897436
4492.82051282051
4496.41025641026
4491.79487179487
4488.20512820513
4489.23076923077
4494.8717948718
4492.82051282051
4489.23076923077
4493.33333333333
4491.79487179487
4487.17948717949
4489.23076923077
4494.8717948718
4489.74358974359
4475.89743589744
4474.35897435897
4493.33333333333
4508.20512820513
4506.66666666667
4502.5641025641
4504.10256410256
4505.12820512821
4503.58974358974
4503.58974358974
4504.61538461538
4501.53846153846
4502.05128205128
4507.69230769231
4502.5641025641
4490.25641025641
4495.38461538462
4507.69230769231
4507.17948717949
4504.61538461538
4503.07692307692
4493.84615384615
4485.12820512821
4489.23076923077
4502.05128205128
4512.30769230769
4508.20512820513
4494.8717948718
4490.76923076923
4492.82051282051
4490.25641025641
4489.23076923077
4492.30769230769
4488.71794871795
4479.48717948718
4475.38461538462
4478.46153846154
4477.94871794872
4468.20512820513
4458.97435897436
4457.4358974359
4462.5641025641
4470.76923076923
4477.4358974359
4475.89743589744
4471.28205128205
4478.46153846154
4488.20512820513
4492.82051282051
4490.76923076923
4481.02564102564
4472.30769230769
4474.35897435897
4478.97435897436
4473.33333333333
4476.41025641026
4482.05128205128
4474.8717948718
4477.4358974359
4484.61538461538
4482.05128205128
4486.15384615385
4493.33333333333
4488.20512820513
4485.64102564103
4487.69230769231
4483.07692307692
4485.64102564103
4490.76923076923
4487.17948717949
4495.38461538462
4505.64102564103
4498.46153846154
4489.23076923077
4491.28205128205
4491.79487179487
4487.17948717949
4485.64102564103
4487.69230769231
4489.74358974359
4489.23076923077
4488.20512820513
4489.23076923077
4490.76923076923
4490.25641025641
4490.25641025641
4492.82051282051
4492.82051282051
4491.28205128205
4491.79487179487
4494.8717948718
4493.33333333333
4493.84615384615
4496.92307692308
4498.97435897436
4504.10256410256
4510.25641025641
4507.69230769231
4500.51282051282
4503.07692307692
4503.58974358974
4493.84615384615
4491.79487179487
4493.84615384615
4491.79487179487
4495.89743589744
4506.66666666667
4510.76923076923
4500.51282051282
4497.4358974359
4504.61538461538
4501.53846153846
4486.15384615385
4478.97435897436
4475.89743589744
4466.15384615385
4468.20512820513
4476.92307692308
4480
4472.30769230769
4453.33333333333
4447.69230769231
4456.92307692308
4458.46153846154
4454.8717948718
4459.48717948718
4460
4457.4358974359
4455.38461538462
4449.23076923077
4454.35897435897
4465.12820512821
4461.53846153846
4458.46153846154
4469.23076923077
4475.38461538462
4475.38461538462
4476.41025641026
4472.82051282051
4471.79487179487
4472.82051282051
4460
4444.61538461538
4450.76923076923
4461.02564102564
4456.41025641026
4448.71794871795
4449.23076923077
4447.17948717949
4432.82051282051
4416.92307692308
4409.23076923077
4403.07692307692
4394.35897435897
4390.25641025641
4385.64102564103
4375.89743589744
4369.74358974359
4369.74358974359
4371.28205128205
4369.23076923077
4365.64102564103
4364.61538461538
4370.25641025641
4372.30769230769
4372.30769230769
4377.4358974359
4377.94871794872
4372.82051282051
4371.79487179487
4372.30769230769
4368.71794871795
4365.64102564103
4361.53846153846
4358.97435897436
4363.07692307692
4368.20512820513
4364.10256410256
4358.46153846154
4362.05128205128
4357.4358974359
4345.12820512821
4340
4342.05128205128
4346.66666666667
4353.33333333333
4350.25641025641
4348.71794871795
4360
4354.8717948718
4337.4358974359
4345.64102564103
4365.64102564103
4363.58974358974
4356.41025641026
4361.53846153846
4367.17948717949
4365.64102564103
4365.12820512821
4368.20512820513
4373.84615384615
4377.94871794872
4371.28205128205
4367.69230769231
4378.46153846154
4383.07692307692
4374.35897435897
4379.48717948718
4397.94871794872
4400
4389.74358974359
4385.64102564103
4383.58974358974
4376.92307692308
4371.28205128205
4375.38461538462
4384.10256410256
4385.64102564103
4377.94871794872
4375.89743589744
4372.82051282051
4357.4358974359
4353.84615384615
4367.69230769231
4371.79487179487
4368.71794871795
4381.02564102564
4396.41025641026
4397.94871794872
4394.8717948718
4394.8717948718
4397.4358974359
4400
4396.92307692308
4390.76923076923
4392.82051282051
4396.92307692308
4400
4409.23076923077
4411.79487179487
4407.17948717949
4410.76923076923
4416.41025641026
4412.30769230769
4410.25641025641
4414.35897435897
4411.28205128205
4406.15384615385
4409.74358974359
4407.69230769231
4397.94871794872
4401.53846153846
4404.61538461538
4392.30769230769
4385.64102564103
4387.17948717949
4388.20512820513
4390.76923076923
4384.10256410256
4380
4386.66666666667
4372.30769230769
4352.30769230769
4365.64102564103
4385.12820512821
4385.12820512821
4396.41025641026
4416.41025641026
4411.28205128205
4404.61538461538
4411.28205128205
4414.35897435897
4418.46153846154
4423.58974358974
4420.51282051282
4420
4431.28205128205
4433.33333333333
4426.15384615385
4435.38461538462
4446.66666666667
4441.02564102564
4435.89743589744
4443.58974358974
4446.66666666667
4444.61538461538
4444.10256410256
4440
4447.69230769231
4455.89743589744
4447.17948717949
4442.5641025641
4447.17948717949
4445.64102564103
4441.53846153846
4442.5641025641
4446.15384615385
4448.20512820513
4444.61538461538
4443.58974358974
4440.51282051282
4429.23076923077
4425.64102564103
4431.79487179487
4429.74358974359
4427.17948717949
4427.17948717949
4421.02564102564
4421.02564102564
4427.17948717949
4428.20512820513
4429.74358974359
4427.17948717949
4414.8717948718
4410.76923076923
4419.48717948718
4418.97435897436
4419.48717948718
4424.61538461538
4416.41025641026
4405.12820512821
4405.64102564103
4406.15384615385
4400
4396.92307692308
4398.97435897436
4401.53846153846
4405.64102564103
4412.30769230769
4412.30769230769
4401.02564102564
4397.4358974359
4397.4358974359
4391.28205128205
4390.25641025641
4395.38461538462
4398.97435897436
4400
4394.8717948718
4394.8717948718
4403.07692307692
4392.82051282051
4380
4390.76923076923
4401.02564102564
4398.97435897436
4404.61538461538
4407.17948717949
4397.94871794872
4400.51282051282
4408.20512820513
4400
4391.28205128205
4400
4411.28205128205
4411.28205128205
4409.74358974359
4410.76923076923
4411.28205128205
4405.12820512821
4392.82051282051
4394.35897435897
4409.23076923077
4417.94871794872
4417.94871794872
4421.53846153846
4420
4415.89743589744
4423.07692307692
4430.25641025641
4426.66666666667
4424.61538461538
4435.89743589744
4441.02564102564
4427.69230769231
4417.94871794872
4424.61538461538
4437.94871794872
4440.51282051282
4432.30769230769
4424.61538461538
4426.15384615385
4434.35897435897
4441.53846153846
4435.38461538462
4419.48717948718
4418.97435897436
4429.23076923077
4428.71794871795
4423.58974358974
4426.15384615385
4429.74358974359
4419.48717948718
4409.23076923077
4414.35897435897
4420
4411.79487179487
4407.17948717949
4410.25641025641
4406.66666666667
4397.4358974359
4393.33333333333
4399.48717948718
4404.61538461538
4406.66666666667
4409.74358974359
4413.84615384615
4415.38461538462
4412.30769230769
4407.69230769231
4408.71794871795
4413.84615384615
4413.33333333333
4411.28205128205
4414.8717948718
4418.46153846154
4420.51282051282
4421.02564102564
4416.92307692308
4410.76923076923
4410.25641025641
4414.35897435897
4412.30769230769
4407.69230769231
4412.82051282051
4415.89743589744
4408.71794871795
4413.84615384615
4426.15384615385
4420
4410.25641025641
4414.8717948718
4414.8717948718
4409.23076923077
4409.74358974359
4412.30769230769
4413.33333333333
4417.4358974359
4423.58974358974
4428.71794871795
4427.69230769231
4421.02564102564
4420
4433.33333333333
4444.61538461538
4442.5641025641
4444.10256410256
4448.20512820513
4436.41025641026
4430.76923076923
4443.07692307692
4449.74358974359
4450.25641025641
4452.82051282051
4453.84615384615
4455.38461538462
4458.46153846154
4455.38461538462
4457.94871794872
4464.61538461538
4456.92307692308
4445.12820512821
4442.05128205128
4448.71794871795
4457.94871794872
4458.97435897436
4458.46153846154
4456.41025641026
4447.69230769231
4447.69230769231
4453.84615384615
4447.17948717949
4441.53846153846
4447.17948717949
4450.76923076923
4448.71794871795
4446.66666666667
4442.5641025641
4444.10256410256
4442.05128205128
4432.82051282051
4429.23076923077
4427.17948717949
4428.71794871795
4443.58974358974
4453.33333333333
4441.53846153846
4429.74358974359
4427.69230769231
4416.92307692308
4403.58974358974
4402.05128205128
4401.53846153846
4397.4358974359
4407.69230769231
4416.92307692308
4408.20512820513
4404.10256410256
4411.79487179487
4411.79487179487
4409.23076923077
4411.28205128205
4415.38461538462
4422.5641025641
4428.71794871795
4434.35897435897
4442.5641025641
4445.12820512821
4444.10256410256
4446.15384615385
4440.51282051282
4429.23076923077
4436.92307692308
4448.71794871795
4445.12820512821
4441.02564102564
4438.97435897436
4434.35897435897
4440.51282051282
4444.10256410256
4425.64102564103
4409.23076923077
4406.15384615385
4395.89743589744
4381.02564102564
4382.05128205128
4392.82051282051
4398.46153846154
4400
4395.89743589744
4388.71794871795
4388.20512820513
4389.23076923077
4384.10256410256
4380
4381.02564102564
4379.48717948718
4378.97435897436
4382.5641025641
4385.12820512821
4386.66666666667
4391.79487179487
4400
4401.02564102564
4397.94871794872
4399.48717948718
4400
4399.48717948718
4405.64102564103
4411.79487179487
4412.30769230769
4407.17948717949
4396.92307692308
4394.8717948718
4410.25641025641
4420
4416.92307692308
4414.35897435897
4409.23076923077
4403.58974358974
4406.15384615385
4410.76923076923
4413.33333333333
4411.28205128205
4404.10256410256
4405.64102564103
4416.41025641026
4414.8717948718
4406.66666666667
4402.5641025641
4402.5641025641
4403.07692307692
4399.48717948718
4401.02564102564
4406.15384615385
4396.41025641026
4383.58974358974
4389.74358974359
4391.28205128205
4378.97435897436
4382.5641025641
4394.8717948718
4390.76923076923
4379.48717948718
4377.94871794872
4382.05128205128
4388.71794871795
4395.89743589744
4396.92307692308
4396.41025641026
4396.41025641026
4392.30769230769
4382.5641025641
4377.94871794872
4389.23076923077
4404.10256410256
4398.97435897436
4395.38461538462
4411.79487179487
4421.02564102564
4415.89743589744
4420
4424.10256410256
4414.8717948718
4407.17948717949
4408.20512820513
4419.48717948718
4432.82051282051
4432.30769230769
4425.12820512821
4427.17948717949
4423.58974358974
4411.28205128205
4408.20512820513
4413.33333333333
4414.8717948718
4412.82051282051
4414.35897435897
4413.33333333333
4407.69230769231
4403.07692307692
4402.5641025641
4406.66666666667
4414.35897435897
4411.79487179487
4393.33333333333
4386.66666666667
4397.4358974359
4398.97435897436
4392.82051282051
4396.92307692308
4403.07692307692
4396.92307692308
4392.82051282051
4407.69230769231
4426.15384615385
4427.17948717949
4420
4417.4358974359
4413.84615384615
4409.74358974359
4413.84615384615
4419.48717948718
4416.41025641026
4418.46153846154
4428.71794871795
4432.82051282051
4427.69230769231
4426.66666666667
4427.69230769231
4425.12820512821
4429.23076923077
4431.28205128205
4423.58974358974
4429.74358974359
4444.61538461538
4437.94871794872
4426.66666666667
4431.28205128205
4432.30769230769
4419.48717948718
4412.82051282051
4418.97435897436
4428.20512820513
4428.71794871795
4422.5641025641
4421.53846153846
4429.74358974359
4442.05128205128
4441.02564102564
4430.76923076923
4426.66666666667
4421.53846153846
4413.84615384615
4416.41025641026
4428.71794871795
4430.25641025641
4422.5641025641
4420.51282051282
4419.48717948718
4408.20512820513
4397.4358974359
4394.35897435897
4393.33333333333
4400
4412.82051282051
4410.25641025641
4400.51282051282
4405.12820512821
4416.92307692308
4417.94871794872
4410.76923076923
4409.23076923077
4418.46153846154
4423.07692307692
4418.97435897436
4427.69230769231
4445.64102564103
4446.15384615385
4437.4358974359
4436.92307692308
4432.82051282051
4426.15384615385
4434.8717948718
4441.53846153846
4431.28205128205
4430.76923076923
4438.97435897436
4435.89743589744
4436.92307692308
4447.17948717949
4445.64102564103
4437.4358974359
4444.61538461538
4456.92307692308
4452.30769230769
4436.92307692308
4433.84615384615
4435.89743589744
4427.69230769231
4424.10256410256
4428.71794871795
4429.74358974359
4433.84615384615
4440.51282051282
4442.5641025641
4446.15384615385
4443.07692307692
4430.76923076923
4423.58974358974
4427.17948717949
4430.76923076923
4432.82051282051
4432.30769230769
4431.28205128205
4438.97435897436
4444.10256410256
4440.51282051282
4438.97435897436
4440
4433.84615384615
4428.20512820513
4437.94871794872
4445.64102564103
4438.46153846154
4437.4358974359
4446.15384615385
4446.15384615385
4440.51282051282
4440
4441.53846153846
4440.51282051282
4435.38461538462
4433.33333333333
4433.84615384615
4430.76923076923
4430.76923076923
4435.38461538462
4433.33333333333
4426.15384615385
4420.51282051282
4418.97435897436
4419.48717948718
4418.46153846154
4422.05128205128
4427.17948717949
4427.17948717949
4424.61538461538
4425.64102564103
4421.53846153846
4413.33333333333
4418.46153846154
4430.25641025641
4427.69230769231
4424.10256410256
4431.79487179487
4424.61538461538
4411.28205128205
4420.51282051282
