P7
4634.35897435897
4686.66666666667
4687.69230769231
4673.84615384615
4683.58974358974
4675.38461538462
4633.84615384615
4614.35897435897
4667.69230769231
4708.71794871795
4684.61538461539
4673.84615384615
4688.20512820513
4685.12820512821
4676.92307692308
4671.28205128205
4664.10256410256
4672.82051282051
4687.69230769231
4688.71794871795
4664.10256410256
4641.02564102564
4667.69230769231
4698.46153846154
4677.4358974359
4665.12820512821
4686.15384615385
4677.4358974359
4660
4677.94871794872
4682.05128205128
4660
4669.74358974359
4694.35897435897
4688.71794871795
4676.92307692308
4668.71794871795
4656.41025641026
4665.64102564103
4671.79487179487
4661.02564102564
4692.82051282051
4687.17948717949
4617.4358974359
4642.05128205128
4731.28205128205
4724.10256410256
4674.35897435897
4680
4685.64102564103
4683.58974358974
4697.4358974359
4696.41025641026
4687.69230769231
4691.79487179487
4702.5641025641
4684.61538461539
4663.58974358974
4692.30769230769
4726.66666666667
4717.94871794872
4696.92307692308
4704.10256410256
4704.61538461539
4693.33333333333
4721.53846153846
4736.41025641026
4687.17948717949
4674.8717948718
4732.82051282051
4729.23076923077
4681.02564102564
4705.64102564103
4729.23076923077
4700.51282051282
4684.61538461539
4686.15384615385
4701.53846153846
4707.69230769231
4671.79487179487
4658.46153846154
4699.48717948718
4704.61538461539
4667.17948717949
4667.17948717949
4689.23076923077
4706.15384615385
4716.41025641026
4721.53846153846
4723.07692307692
4688.71794871795
4655.89743589744
4682.05128205128
4710.25641025641
4696.41025641026
4688.20512820513
4709.23076923077
4720.51282051282
4700
4693.33333333333
4728.20512820513
4733.33333333333
4695.38461538462
4698.97435897436
4721.02564102564
4706.15384615385
4699.48717948718
4711.28205128205
4704.61538461539
4701.02564102564
4721.53846153846
4744.10256410256
4729.23076923077
4684.61538461539
4686.66666666667
4730.76923076923
4718.46153846154
4684.61538461539
4715.89743589744
4746.66666666667
4711.79487179487
4694.35897435897
4711.28205128205
4690.25641025641
4675.89743589744
4726.15384615385
4761.53846153846
4745.12820512821
4734.8717948718
4719.48717948718
4690.25641025641
4691.28205128205
4708.71794871795
4717.4358974359
4721.02564102564
4714.8717948718
4718.46153846154
4741.02564102564
4728.20512820513
4698.46153846154
4724.10256410256
4773.33333333333
4768.20512820513
4730.76923076923
4732.82051282051
4756.92307692308
4756.41025641026
4742.5641025641
4747.69230769231
4758.97435897436
4748.20512820513
4741.02564102564
4750.25641025641
4749.74358974359
4718.46153846154
4690.76923076923
4716.41025641026
4756.92307692308
4751.79487179487
4739.48717948718
4749.23076923077
4751.79487179487
4742.05128205128
4727.69230769231
4716.41025641026
4718.46153846154
4729.74358974359
4738.97435897436
4751.28205128205
4755.89743589744
4737.94871794872
4717.94871794872
4716.92307692308
4727.69230769231
4712.30769230769
4690.76923076923
4696.41025641026
4704.61538461539
4723.07692307692
4757.4358974359
4750.76923076923
4709.23076923077
4708.71794871795
4733.84615384615
4737.94871794872
4722.5641025641
4707.17948717949
4718.46153846154
4725.12820512821
4704.10256410256
4720.51282051282
4770.76923076923
4762.5641025641
4730.25641025641
4735.89743589744
4729.74358974359
4717.4358974359
4732.82051282051
4737.94871794872
4732.82051282051
4737.4358974359
4723.58974358974
4700
4720
4747.69230769231
4742.05128205128
4740.51282051282
4754.8717948718
4751.28205128205
4730.76923076923
4721.02564102564
4709.23076923077
4692.30769230769
4711.28205128205
4751.79487179487
4752.30769230769
4725.12820512821
4730.25641025641
4741.53846153846
4721.02564102564
4722.5641025641
4751.28205128205
4743.58974358974
4716.92307692308
4712.30769230769
4719.48717948718
4731.79487179487
4750.76923076923
4761.02564102564
4748.71794871795
4731.28205128205
4736.92307692308
4741.53846153846
4715.89743589744
4715.38461538462
4755.89743589744
4748.20512820513
4711.28205128205
4719.48717948718
4734.35897435897
4735.38461538462
4752.30769230769
4753.33333333333
4737.4358974359
4746.15384615385
4746.15384615385
4718.46153846154
4716.92307692308
4746.15384615385
4750.76923076923
4734.35897435897
4739.48717948718
4755.38461538462
4742.05128205128
4712.82051282051
4711.28205128205
4735.38461538462
4737.94871794872
4715.89743589744
4712.30769230769
4726.15384615385
4734.35897435897
4716.92307692308
4697.4358974359
4727.17948717949
4754.35897435897
4708.20512820513
4685.12820512821
4750.25641025641
4778.46153846154
4743.58974358974
4726.66666666667
4731.28205128205
4730.76923076923
4729.23076923077
4719.48717948718
4694.35897435897
4705.12820512821
4746.15384615385
4747.17948717949
4726.15384615385
4729.74358974359
4736.41025641026
4738.46153846154
4744.10256410256
4723.07692307692
4695.38461538462
4702.5641025641
4715.38461538462
4716.92307692308
4730.25641025641
4750.25641025641
4748.71794871795
4707.17948717949
4685.12820512821
4724.61538461539
4752.30769230769
4717.94871794872
4697.4358974359
4720.51282051282
4721.02564102564
4711.28205128205
4706.15384615385
4694.8717948718
4710.25641025641
4737.94871794872
4726.66666666667
4710.76923076923
4723.07692307692
4725.64102564103
4717.94871794872
4723.58974358974
4726.15384615385
4723.58974358974
4722.05128205128
4710.25641025641
4698.46153846154
4705.64102564103
4714.35897435897
4711.28205128205
4713.33333333333
4714.35897435897
4711.28205128205
4708.20512820513
4700
4699.48717948718
4715.89743589744
4736.92307692308
4739.48717948718
4721.53846153846
4706.15384615385
4713.33333333333
4724.61538461539
4709.74358974359
4693.84615384615
4703.58974358974
4723.58974358974
4735.38461538462
4740.51282051282
4729.23076923077
4701.02564102564
4693.33333333333
4707.69230769231
4717.94871794872
4722.5641025641
4709.74358974359
4693.84615384615
4708.20512820513
4722.5641025641
4705.12820512821
4702.05128205128
4724.61538461539
4723.58974358974
4702.05128205128
4698.46153846154
4693.33333333333
4663.58974358974
4660.51282051282
4702.05128205128
4728.20512820513
4717.94871794872
4707.17948717949
4693.33333333333
4680
4698.46153846154
4722.5641025641
4712.82051282051
4685.64102564103
4694.35897435897
4725.12820512821
4724.10256410256
4714.35897435897
4733.33333333333
4740.51282051282
4708.71794871795
4697.94871794872
4724.61538461539
4731.79487179487
4715.38461538462
4706.66666666667
4706.66666666667
4703.07692307692
4704.61538461539
4712.82051282051
4715.89743589744
4706.15384615385
4688.20512820513
4682.5641025641
4692.82051282051
4705.64102564103
4722.5641025641
4724.61538461539
4694.8717948718
4673.84615384615
4682.5641025641
4691.79487179487
4691.79487179487
4692.82051282051
4695.38461538462
4696.92307692308
4698.97435897436
4691.79487179487
4667.17948717949
4664.10256410256
4698.46153846154
4726.66666666667
4724.10256410256
4705.12820512821
4690.76923076923
4703.07692307692
4724.10256410256
4708.71794871795
4670.76923076923
4648.71794871795
4660
4709.74358974359
4745.12820512821
4732.82051282051
4710.25641025641
4697.94871794872
4696.92307692308
4695.38461538462
4684.61538461539
4696.92307692308
4728.71794871795
4721.53846153846
4695.38461538462
4702.5641025641
4727.69230769231
4733.84615384615
4714.8717948718
4693.33333333333
4693.84615384615
4708.71794871795
4723.07692307692
4737.94871794872
4737.94871794872
4720
4714.35897435897
4725.12820512821
4722.05128205128
4705.64102564103
4716.41025641026
4737.94871794872
4724.61538461539
4708.71794871795
4724.61538461539
4740
4730.76923076923
4714.8717948718
4707.69230769231
4712.82051282051
4733.84615384615
4733.84615384615
4695.38461538462
4691.79487179487
4726.15384615385
4735.38461538462
4727.17948717949
4732.30769230769
4730.76923076923
4730.76923076923
4743.58974358974
4730.25641025641
4714.8717948718
4736.92307692308
4751.28205128205
4729.74358974359
4720.51282051282
4733.33333333333
4715.38461538462
4701.02564102564
4726.66666666667
4744.61538461539
4729.74358974359
4711.79487179487
4721.02564102564
4736.92307692308
4734.35897435897
4732.82051282051
4742.5641025641
4732.82051282051
4723.58974358974
4750.25641025641
4773.84615384615
4765.64102564103
4746.15384615385
4737.94871794872
4733.84615384615
4727.69230769231
4733.84615384615
4752.82051282051
4756.41025641026
4740
4732.30769230769
4737.4358974359
4714.8717948718
4686.15384615385
4713.33333333333
4761.02564102564
4762.5641025641
4737.4358974359
4723.07692307692
4731.28205128205
4748.71794871795
4741.02564102564
4724.61538461539
4732.30769230769
4721.53846153846
4698.97435897436
4712.30769230769
4737.94871794872
4735.38461538462
4710.25641025641
4704.10256410256
4730.76923076923
4758.46153846154
4756.92307692308
4734.35897435897
4724.10256410256
4728.71794871795
4739.48717948718
4738.46153846154
4718.97435897436
4715.38461538462
4741.02564102564
4747.69230769231
4710.76923076923
4686.15384615385
4700
4726.66666666667
4744.61538461539
4739.48717948718
4732.30769230769
4737.94871794872
4723.58974358974
4701.02564102564
4721.53846153846
4742.05128205128
4720.51282051282
4715.38461538462
4730.76923076923
4723.07692307692
4717.4358974359
4735.89743589744
4734.8717948718
4721.53846153846
4726.15384615385
4734.8717948718
4735.89743589744
4724.10256410256
4711.28205128205
4710.25641025641
4704.61538461539
4700.51282051282
4714.35897435897
4724.10256410256
4711.28205128205
4702.5641025641
4715.89743589744
4720
4708.71794871795
4706.66666666667
4701.53846153846
4689.74358974359
4705.64102564103
4718.46153846154
4692.82051282051
4695.38461538462
4716.41025641026
4691.28205128205
4672.82051282051
4695.89743589744
4711.28205128205
4715.38461538462
4718.97435897436
4704.61538461539
4688.71794871795
4692.82051282051
4703.07692307692
4704.61538461539
4692.30769230769
4684.61538461539
4700
4710.25641025641
4696.41025641026
4693.84615384615
4711.28205128205
4713.33333333333
4697.94871794872
4691.28205128205
4694.8717948718
4703.07692307692
4712.82051282051
4717.4358974359
4719.48717948718
4721.53846153846
4718.46153846154
4716.92307692308
4718.46153846154
4710.76923076923
4702.5641025641
4718.46153846154
4732.82051282051
4721.02564102564
4718.46153846154
4727.69230769231
4727.69230769231
4728.20512820513
4729.74358974359
4718.46153846154
4716.92307692308
4723.07692307692
4713.33333333333
4714.35897435897
4721.02564102564
4702.05128205128
4701.02564102564
4731.79487179487
4736.41025641026
4722.5641025641
4723.58974358974
4707.17948717949
4685.12820512821
4704.10256410256
4727.69230769231
4714.35897435897
4690.25641025641
4688.71794871795
4700.51282051282
4717.4358974359
4727.17948717949
4693.33333333333
4657.4358974359
4682.5641025641
4718.97435897436
4713.33333333333
4706.66666666667
4709.23076923077
4697.4358974359
4701.02564102564
4708.71794871795
4687.17948717949
4682.5641025641
4712.82051282051
4726.66666666667
4714.8717948718
4716.92307692308
4724.61538461539
4714.35897435897
4709.23076923077
4712.30769230769
4708.20512820513
4702.5641025641
4702.05128205128
4698.97435897436
4696.92307692308
4710.25641025641
4714.35897435897
4704.10256410256
4715.89743589744
4727.17948717949
4701.53846153846
4680.51282051282
4702.05128205128
4725.12820512821
4720.51282051282
4716.41025641026
4721.02564102564
4723.07692307692
4716.92307692308
4713.84615384615
4726.15384615385
4735.38461538462
4726.66666666667
4721.53846153846
4732.82051282051
4735.38461538462
4727.17948717949
4722.5641025641
4711.79487179487
4702.5641025641
4705.12820512821
4712.30769230769
4716.41025641026
4716.92307692308
4715.38461538462
4715.89743589744
4722.05128205128
4720
4708.20512820513
4712.82051282051
4723.58974358974
4700
4683.07692307692
4700.51282051282
4707.69230769231
4711.79487179487
4732.82051282051
4726.66666666667
4711.79487179487
4733.33333333333
4733.84615384615
4705.64102564103
4717.94871794872
4741.02564102564
4726.15384615385
4717.94871794872
4731.28205128205
4726.15384615385
4710.76923076923
4698.97435897436
4695.38461538462
4717.94871794872
4740
4728.71794871795
4717.4358974359
4724.61538461539
4719.48717948718
4703.07692307692
4705.64102564103
4727.69230769231
4733.33333333333
4718.97435897436
4713.33333333333
4705.64102564103
4687.69230769231
4681.02564102564
4693.84615384615
4713.33333333333
4723.07692307692
4716.41025641026
4712.82051282051
4709.74358974359
4691.28205128205
4692.30769230769
4720
4719.48717948718
4688.71794871795
4690.25641025641
4722.5641025641
4724.10256410256
4705.12820512821
4711.79487179487
4729.74358974359
4726.15384615385
4705.64102564103
4689.23076923077
4684.10256410256
4687.17948717949
4705.12820512821
4718.97435897436
4704.10256410256
4697.94871794872
4720.51282051282
4720
4695.89743589744
4702.5641025641
4721.53846153846
4706.15384615385
4684.61538461539
4703.07692307692
4726.15384615385
4713.84615384615
4706.15384615385
4709.74358974359
4690.25641025641
4671.28205128205
4680
4696.41025641026
4702.5641025641
4699.48717948718
4701.02564102564
4705.12820512821
4695.38461538462
4690.25641025641
4710.76923076923
4724.10256410256
4713.84615384615
4720.51282051282
4728.71794871795
4706.15384615385
4702.05128205128
4724.61538461539
4723.07692307692
4705.64102564103
4701.02564102564
4698.97435897436
4700
4717.94871794872
4727.17948717949
4707.17948717949
4689.74358974359
4698.97435897436
4707.17948717949
4701.53846153846
4704.61538461539
4716.41025641026
4711.28205128205
4685.64102564103
4675.89743589744
4704.10256410256
4720.51282051282
4703.58974358974
4700
4705.64102564103
4701.02564102564
4698.97435897436
4700.51282051282
4707.17948717949
4703.58974358974
4689.74358974359
4693.33333333333
4695.38461538462
4685.12820512821
4697.94871794872
4717.94871794872
4711.28205128205
4708.20512820513
4706.15384615385
4692.82051282051
4692.82051282051
4691.79487179487
4703.07692307692
4733.84615384615
4736.92307692308
4712.82051282051
4714.8717948718
4724.61538461539
4704.61538461539
4700.51282051282
4720.51282051282
4716.41025641026
4700.51282051282
4712.82051282051
4729.23076923077
4707.17948717949
4684.10256410256
4697.94871794872
4717.4358974359
4721.53846153846
4722.05128205128
4708.71794871795
4691.28205128205
4701.53846153846
4711.79487179487
4694.35897435897
4685.64102564103
4706.15384615385
4722.05128205128
4711.79487179487
4689.74358974359
4698.97435897436
4724.10256410256
4701.53846153846
4678.97435897436
4707.17948717949
4727.69230769231
4715.38461538462
4717.94871794872
4716.41025641026
4677.4358974359
4671.79487179487
4708.20512820513
4714.35897435897
4697.4358974359
4704.61538461539
4708.71794871795
4693.84615384615
4697.94871794872
4709.23076923077
4704.10256410256
4688.20512820513
4670.76923076923
4677.94871794872
4701.53846153846
4705.64102564103
4699.48717948718
4688.71794871795
4661.53846153846
4658.97435897436
4687.17948717949
4691.28205128205
4688.71794871795
4701.02564102564
4699.48717948718
4692.30769230769
4684.61538461539
4665.12820512821
4675.89743589744
4714.35897435897
4714.8717948718
4692.82051282051
4695.38461538462
4702.5641025641
4703.07692307692
4706.15384615385
4689.74358974359
4673.84615384615
4689.23076923077
4701.02564102564
4687.69230769231
4689.74358974359
4711.79487179487
4701.02564102564
4668.71794871795
4674.8717948718
4708.20512820513
4708.71794871795
4682.5641025641
4686.66666666667
4702.05128205128
4690.76923076923
4673.84615384615
4675.89743589744
4683.07692307692
4687.17948717949
4704.10256410256
4711.28205128205
4702.05128205128
4704.10256410256
4699.48717948718
4669.74358974359
4654.35897435897
4675.38461538462
4692.30769230769
4678.97435897436
4673.33333333333
4697.94871794872
4717.4358974359
4709.74358974359
4691.79487179487
4683.07692307692
4685.64102564103
4691.28205128205
4690.25641025641
4686.66666666667
4697.94871794872
4693.33333333333
4671.79487179487
4683.07692307692
4713.84615384615
4714.35897435897
4693.33333333333
4697.4358974359
4708.20512820513
4694.35897435897
4682.05128205128
4691.79487179487
4700
4676.92307692308
4674.8717948718
4716.41025641026
4721.02564102564
4675.89743589744
4669.23076923077
4703.58974358974
4714.8717948718
4709.23076923077
4720
4709.23076923077
4666.66666666667
4661.53846153846
4700.51282051282
4721.02564102564
4708.20512820513
4688.71794871795
4690.76923076923
4705.64102564103
4690.25641025641
4666.66666666667
4689.23076923077
4703.58974358974
4684.61538461539
4695.38461538462
4711.28205128205
4691.28205128205
4682.5641025641
4700.51282051282
4713.33333333333
4695.89743589744
4674.8717948718
4693.33333333333
4705.12820512821
4677.94871794872
4669.23076923077
4687.69230769231
4691.79487179487
4695.89743589744
4709.74358974359
4707.17948717949
4691.28205128205
4682.05128205128
4693.33333333333
4694.35897435897
4662.5641025641
4653.33333333333
4698.46153846154
4730.25641025641
4713.33333333333
4694.35897435897
4699.48717948718
4692.82051282051
4671.79487179487
4678.46153846154
4674.35897435897
4652.82051282051
4691.79487179487
4742.5641025641
4724.10256410256
4695.38461538462
4701.53846153846
4697.94871794872
4690.76923076923
4697.4358974359
4692.30769230769
4689.23076923077
4703.58974358974
4721.53846153846
4722.05128205128
4707.69230769231
4705.12820512821
4710.25641025641
4692.30769230769
4674.8717948718
4704.61538461539
4731.28205128205
4707.17948717949
4683.58974358974
4678.97435897436
4678.46153846154
4697.4358974359
4712.30769230769
4694.35897435897
4678.46153846154
4689.23076923077
4698.97435897436
4687.17948717949
4677.94871794872
4697.94871794872
4721.53846153846
4713.33333333333
4687.69230769231
4682.5641025641
4698.97435897436
4711.79487179487
4711.79487179487
4698.46153846154
4683.58974358974
4679.48717948718
4670.25641025641
4664.61538461539
4688.71794871795
4715.89743589744
4710.76923076923
4702.5641025641
4700.51282051282
4692.82051282051
4678.97435897436
4647.69230769231
4654.35897435897
4707.17948717949
4720.51282051282
4701.53846153846
4706.66666666667
4697.4358974359
4675.38461538462
4701.02564102564
4729.74358974359
4715.89743589744
4691.79487179487
4684.61538461539
4694.8717948718
4702.05128205128
4700
4703.58974358974
4691.28205128205
4669.23076923077
4685.64102564103
4712.82051282051
4700.51282051282
4684.61538461539
4686.15384615385
4681.53846153846
4678.97435897436
4684.10256410256
4689.23076923077
4691.79487179487
4671.79487179487
4644.61538461538
4652.82051282051
4668.71794871795
4659.48717948718
4671.79487179487
4696.92307692308
4679.48717948718
4653.33333333333
4660.51282051282
4677.94871794872
4680
4671.28205128205
4674.35897435897
4686.66666666667
4685.12820512821
4677.94871794872
4682.05128205128
4668.20512820513
4656.41025641026
4672.30769230769
4662.05128205128
4648.71794871795
4687.69230769231
4717.94871794872
4702.05128205128
4698.97435897436
4708.71794871795
4698.46153846154
4685.12820512821
4681.53846153846
4700.51282051282
4708.71794871795
4672.30769230769
4664.10256410256
4710.76923076923
4724.10256410256
4691.28205128205
4687.69230769231
4705.12820512821
4700
4693.84615384615
4696.92307692308
4700
4703.58974358974
4703.58974358974
4695.38461538462
4694.35897435897
4709.23076923077
4697.4358974359
4654.8717948718
4654.35897435897
4684.10256410256
4684.10256410256
4675.38461538462
4685.64102564103
4679.48717948718
4658.46153846154
4672.30769230769
4708.20512820513
4720
4709.74358974359
4701.53846153846
4699.48717948718
4693.84615384615
4690.76923076923
4694.35897435897
4691.79487179487
4689.23076923077
4699.48717948718
4708.20512820513
4704.61538461539
4703.58974358974
4695.38461538462
4669.23076923077
4668.20512820513
4709.74358974359
4710.76923076923
4662.05128205128
4670.76923076923
4728.71794871795
4728.71794871795
4694.35897435897
4693.84615384615
4687.69230769231
4666.15384615385
4676.41025641026
4700
4711.79487179487
4705.64102564103
4689.74358974359
4683.58974358974
4689.23076923077
4696.41025641026
4695.38461538462
4686.66666666667
4685.64102564103
4698.97435897436
4703.58974358974
4692.30769230769
4694.8717948718
4705.12820512821
4699.48717948718
4693.33333333333
4693.33333333333
4690.25641025641
4685.12820512821
4684.10256410256
4678.46153846154
4672.82051282051
4683.58974358974
4689.23076923077
4676.41025641026
4677.4358974359
4703.07692307692
4711.28205128205
4692.82051282051
4688.20512820513
4708.71794871795
4708.71794871795
4677.94871794872
4678.97435897436
4718.46153846154
4728.20512820513
4713.33333333333
4714.8717948718
4698.97435897436
4675.89743589744
4692.30769230769
4704.61538461539
4690.76923076923
4695.89743589744
4705.64102564103
4696.41025641026
4705.64102564103
4715.38461538462
4695.38461538462
4688.71794871795
4710.25641025641
4711.79487179487
4687.17948717949
4680.51282051282
4695.38461538462
4697.4358974359
4690.76923076923
4692.82051282051
4690.25641025641
4685.12820512821
4692.30769230769
4700.51282051282
4704.10256410256
4700.51282051282
4688.20512820513
4685.64102564103
4693.33333333333
4698.46153846154
4702.05128205128
4703.07692307692
4692.30769230769
4685.64102564103
4692.30769230769
4688.71794871795
4685.64102564103
4696.41025641026
4703.07692307692
4691.28205128205
4686.66666666667
4700.51282051282
4700.51282051282
4687.69230769231
4693.84615384615
4705.12820512821
4697.94871794872
4696.41025641026
4702.05128205128
4699.48717948718
4693.84615384615
4685.64102564103
4682.5641025641
4686.15384615385
4684.61538461539
4686.66666666667
4695.89743589744
4697.94871794872
4695.89743589744
4693.33333333333
4685.64102564103
4681.02564102564
4682.5641025641
4686.66666666667
4689.23076923077
4686.66666666667
4685.12820512821
4692.30769230769
4689.23076923077
4663.07692307692
4664.10256410256
4710.76923076923
4723.07692307692
4697.4358974359
4697.4358974359
4695.38461538462
4681.53846153846
4701.53846153846
