
4114.35897435897
4120
4123.07692307692
4115.89743589744
4103.58974358974
4101.02564102564
4106.66666666667
4105.12820512821
4117.94871794872
4142.5641025641
4137.94871794872
4135.89743589744
4156.41025641026
4148.20512820513
4128.71794871795
4148.20512820513
4161.02564102564
4143.07692307692
4135.38461538462
4138.46153846154
4144.61538461538
4153.33333333333
4143.07692307692
4126.66666666667
4137.4358974359
4155.89743589744
4156.41025641026
4148.71794871795
4138.97435897436
4133.84615384615
4142.05128205128
4150.76923076923
4148.20512820513
4137.94871794872
4133.84615384615
4141.02564102564
4141.53846153846
4126.15384615385
4118.97435897436
4123.07692307692
4121.02564102564
4135.38461538462
4156.41025641026
4146.66666666667
4129.74358974359
4137.4358974359
4149.23076923077
4153.33333333333
4152.82051282051
4142.5641025641
4133.33333333333
4135.89743589744
4143.07692307692
4138.97435897436
4136.92307692308
4151.28205128205
4150.25641025641
4137.94871794872
4140
4143.58974358974
4146.15384615385
4158.97435897436
4162.05128205128
4148.71794871795
4151.28205128205
4155.89743589744
4137.4358974359
4123.58974358974
4134.35897435897
4146.66666666667
4135.89743589744
4125.12820512821
4133.33333333333
4133.84615384615
4122.5641025641
4110.76923076923
4102.05128205128
4111.28205128205
4120
4104.61538461538
4101.02564102564
4122.05128205128
4126.15384615385
4115.89743589744
4120
4125.12820512821
4126.15384615385
4122.5641025641
4125.12820512821
4124.10256410256
4094.35897435898
4082.5641025641
4119.48717948718
4147.17948717949
4132.82051282051
4121.53846153846
4134.35897435897
4136.92307692308
4116.92307692308
4111.28205128205
4133.33333333333
4136.41025641026
4118.97435897436
4114.35897435897
4123.58974358974
4134.35897435897
4133.84615384615
4125.64102564103
4127.17948717949
4130.76923076923
4121.02564102564
4118.46153846154
4128.71794871795
4126.66666666667
4117.4358974359
4126.66666666667
4136.41025641026
4127.69230769231
4124.61538461538
4127.17948717949
4117.94871794872
4121.53846153846
4143.07692307692
4144.61538461538
4130.76923076923
4130.25641025641
4140
4152.30769230769
4159.48717948718
4143.58974358974
4120.51282051282
4126.66666666667
4143.07692307692
4138.97435897436
4137.4358974359
4147.69230769231
4145.12820512821
4134.8717948718
4142.05128205128
4154.35897435897
4150.25641025641
4141.02564102564
4149.74358974359
4166.15384615385
4162.5641025641
4152.82051282051
4151.79487179487
4153.84615384615
4150.76923076923
4150.76923076923
4157.94871794872
4158.46153846154
4156.92307692308
4149.23076923077
4128.71794871795
4123.07692307692
4146.15384615385
4163.58974358974
4151.28205128205
4137.94871794872
4140.51282051282
4141.53846153846
4131.79487179487
4137.4358974359
4153.84615384615
4144.10256410256
4132.30769230769
4141.02564102564
4142.05128205128
4140
4151.79487179487
4152.30769230769
4144.61538461538
4141.53846153846
4126.66666666667
4123.07692307692
4138.97435897436
4142.5641025641
4133.84615384615
4142.05128205128
4143.58974358974
4123.07692307692
4128.20512820513
4155.89743589744
4155.89743589744
4132.82051282051
4133.84615384615
4147.17948717949
4137.94871794872
4138.46153846154
4158.46153846154
4166.66666666667
4152.30769230769
4138.97435897436
4141.53846153846
4150.25641025641
4155.89743589744
4152.30769230769
4148.71794871795
4151.28205128205
4152.82051282051
4156.92307692308
4152.30769230769
4140
4141.02564102564
4152.82051282051
4156.41025641026
4153.33333333333
4149.74358974359
4137.4358974359
4137.4358974359
4150.76923076923
4151.79487179487
4148.20512820513
4151.79487179487
4156.92307692308
4154.35897435897
4145.64102564103
4134.8717948718
4137.4358974359
4148.20512820513
4146.66666666667
4145.12820512821
4152.82051282051
4155.38461538462
4149.23076923077
4152.82051282051
4161.53846153846
4161.53846153846
4155.38461538462
4146.66666666667
4147.69230769231
4152.30769230769
4153.33333333333
4153.33333333333
4152.30769230769
4153.33333333333
4153.84615384615
4154.35897435897
4150.76923076923
4142.5641025641
4137.4358974359
4144.10256410256
4154.35897435897
4152.82051282051
4156.41025641026
4163.07692307692
4153.33333333333
4146.66666666667
4149.74358974359
4143.07692307692
4137.4358974359
4152.82051282051
4160
4144.61538461538
4134.35897435897
4135.89743589744
4137.94871794872
4137.94871794872
4134.35897435897
4135.38461538462
4143.07692307692
4143.58974358974
4134.8717948718
4132.30769230769
4142.05128205128
4153.84615384615
4153.84615384615
4148.20512820513
4152.82051282051
4149.74358974359
4136.41025641026
4142.05128205128
4155.38461538462
4153.33333333333
4147.69230769231
4150.76923076923
4154.8717948718
4155.89743589744
4153.84615384615
4152.30769230769
4152.30769230769
4150.25641025641
4153.33333333333
4150.76923076923
4134.8717948718
4126.15384615385
4134.8717948718
4142.05128205128
4140.51282051282
4141.53846153846
4137.94871794872
4135.38461538462
4149.23076923077
4161.02564102564
4148.71794871795
4132.82051282051
4136.41025641026
4141.53846153846
4135.89743589744
4131.79487179487
4140.51282051282
4142.05128205128
4134.8717948718
4145.64102564103
4146.66666666667
4126.66666666667
4126.15384615385
4140.51282051282
4137.4358974359
4133.84615384615
4141.53846153846
4134.8717948718
4122.5641025641
4121.53846153846
4121.02564102564
4123.07692307692
4134.35897435897
4139.48717948718
4127.17948717949
4117.94871794872
4119.48717948718
4126.66666666667
4146.66666666667
4158.46153846154
4140
4122.05128205128
4133.33333333333
4142.5641025641
4140
4146.15384615385
4146.66666666667
4133.84615384615
4132.30769230769
4138.97435897436
4133.84615384615
4133.84615384615
4143.07692307692
4143.58974358974
4137.94871794872
4132.30769230769
4140
4152.30769230769
4147.17948717949
4133.84615384615
4136.92307692308
4144.61538461538
4138.97435897436
4132.82051282051
4134.8717948718
4137.4358974359
4134.8717948718
4133.84615384615
4136.92307692308
4130.25641025641
4116.92307692308
4113.33333333333
4121.53846153846
4129.23076923077
4130.25641025641
4131.28205128205
4135.89743589744
4137.4358974359
4133.33333333333
4138.97435897436
4140
4121.53846153846
4121.53846153846
4134.8717948718
4126.15384615385
4120.51282051282
4134.8717948718
4143.58974358974
4136.92307692308
4127.69230769231
4125.64102564103
4124.10256410256
4120.51282051282
4125.64102564103
4132.82051282051
4122.05128205128
4114.8717948718
4122.5641025641
4125.12820512821
4126.66666666667
4128.20512820513
4122.5641025641
4120
4126.66666666667
4136.92307692308
4140.51282051282
4132.30769230769
4121.53846153846
4120.51282051282
4122.05128205128
4128.71794871795
4134.35897435897
4133.84615384615
4129.74358974359
4125.12820512821
4120
4117.94871794872
4125.12820512821
4136.41025641026
4142.5641025641
4138.97435897436
4137.4358974359
4142.05128205128
4139.48717948718
4141.53846153846
4143.07692307692
4133.84615384615
4132.30769230769
4136.92307692308
4129.23076923077
4135.89743589744
4154.35897435897
4139.48717948718
4123.07692307692
4135.89743589744
4139.48717948718
4136.41025641026
4152.82051282051
4154.8717948718
4139.48717948718
4137.4358974359
4138.46153846154
4140
4153.84615384615
4156.41025641026
4140
4134.8717948718
4138.97435897436
4137.94871794872
4144.61538461538
4156.92307692308
4153.84615384615
4136.92307692308
4138.46153846154
4152.30769230769
4148.20512820513
4151.28205128205
4168.20512820513
4164.10256410256
4148.71794871795
4147.69230769231
4142.5641025641
4134.8717948718
4143.58974358974
4154.35897435897
4157.4358974359
4144.10256410256
4121.53846153846
4122.05128205128
4134.35897435897
4141.53846153846
4150.76923076923
4156.41025641026
4151.28205128205
4150.76923076923
4154.8717948718
4157.4358974359
4168.20512820513
4178.97435897436
4172.30769230769
4154.35897435897
4143.58974358974
4136.92307692308
4124.61538461538
4120
4133.84615384615
4143.07692307692
4138.97435897436
4136.41025641026
4138.46153846154
4135.38461538462
4135.38461538462
4144.10256410256
4150.25641025641
4148.20512820513
4137.4358974359
4134.35897435897
4148.20512820513
4159.48717948718
4160.51282051282
4154.8717948718
4142.5641025641
4135.38461538462
4140.51282051282
4136.92307692308
4138.46153846154
4152.30769230769
4146.66666666667
4138.97435897436
4150.76923076923
4155.38461538462
4149.23076923077
4145.64102564103
4138.97435897436
4135.38461538462
4143.58974358974
4143.58974358974
4135.38461538462
4135.38461538462
4144.10256410256
4145.64102564103
4144.61538461538
4151.79487179487
4157.94871794872
4149.74358974359
4146.15384615385
4152.82051282051
4148.71794871795
4146.15384615385
4153.33333333333
4155.38461538462
4155.89743589744
4162.5641025641
4152.82051282051
4133.33333333333
4133.33333333333
4136.41025641026
4136.41025641026
4145.12820512821
4154.35897435897
4161.53846153846
4167.69230769231
4161.53846153846
4149.74358974359
4150.25641025641
4155.89743589744
4159.48717948718
4155.89743589744
4140
4143.58974358974
4168.71794871795
4164.61538461538
4152.82051282051
4166.66666666667
4169.23076923077
4152.82051282051
4150.25641025641
4156.92307692308
4150.25641025641
4144.61538461538
4149.74358974359
4150.76923076923
4144.10256410256
4145.64102564103
4152.82051282051
4144.10256410256
4128.20512820513
4128.20512820513
4142.05128205128
4141.02564102564
4122.05128205128
4124.61538461538
4145.64102564103
4140.51282051282
4125.64102564103
4137.4358974359
4143.58974358974
4130.76923076923
4134.35897435897
4143.58974358974
4132.30769230769
4124.10256410256
4135.89743589744
4144.61538461538
4139.48717948718
4134.8717948718
4135.89743589744
4136.92307692308
4135.89743589744
4136.41025641026
4137.94871794872
4133.84615384615
4137.94871794872
4146.66666666667
4139.48717948718
4133.33333333333
4136.92307692308
4128.71794871795
4121.53846153846
4135.38461538462
4138.97435897436
4124.61538461538
4121.02564102564
4124.61538461538
4121.53846153846
4115.89743589744
4123.58974358974
4138.97435897436
4137.4358974359
4123.07692307692
4126.66666666667
4135.38461538462
4125.12820512821
4122.05128205128
4136.41025641026
4142.5641025641
4136.92307692308
4138.46153846154
4145.12820512821
4139.48717948718
4129.23076923077
4128.71794871795
4136.41025641026
4138.46153846154
4136.92307692308
4135.89743589744
4135.38461538462
4137.4358974359
4142.05128205128
4144.10256410256
4141.02564102564
4137.4358974359
4138.46153846154
4141.02564102564
4143.58974358974
4150.76923076923
4154.8717948718
4145.64102564103
4132.30769230769
4135.89743589744
4152.30769230769
4155.38461538462
4143.07692307692
4135.89743589744
4135.38461538462
4135.89743589744
4136.92307692308
4130.25641025641
4124.10256410256
4132.30769230769
4144.10256410256
4142.05128205128
4131.79487179487
4138.46153846154
4152.30769230769
4147.17948717949
4134.35897435897
4130.25641025641
4124.61538461538
4120.51282051282
4130.25641025641
4137.94871794872
4138.46153846154
4141.53846153846
4137.94871794872
4126.66666666667
4119.48717948718
4121.53846153846
4123.07692307692
4120.51282051282
4126.66666666667
4135.89743589744
4135.38461538462
4126.15384615385
4124.10256410256
4135.89743589744
4136.41025641026
4121.53846153846
4120
4124.61538461538
4112.82051282051
4108.71794871795
4121.02564102564
4124.10256410256
4116.41025641026
4114.35897435897
4117.94871794872
4122.05128205128
4120
4117.4358974359
4120
4124.10256410256
4131.28205128205
4129.23076923077
4126.15384615385
4133.84615384615
4131.28205128205
4120
4124.61538461538
4138.97435897436
4140.51282051282
4134.8717948718
4131.79487179487
4135.89743589744
4141.53846153846
4139.48717948718
4138.46153846154
4142.05128205128
4137.4358974359
4131.28205128205
4134.35897435897
4137.4358974359
4135.89743589744
4135.38461538462
4130.25641025641
4127.17948717949
4132.82051282051
4135.89743589744
4133.33333333333
4136.92307692308
4138.97435897436
4134.8717948718
4143.07692307692
4154.8717948718
4146.66666666667
4133.84615384615
4135.89743589744
4141.02564102564
4135.89743589744
4129.23076923077
4134.35897435897
4140.51282051282
4130.76923076923
4127.17948717949
4138.46153846154
4132.82051282051
4117.94871794872
4122.5641025641
4133.33333333333
4133.84615384615
4136.92307692308
4140.51282051282
4136.92307692308
4135.89743589744
4137.94871794872
4134.8717948718
4127.69230769231
4122.05128205128
4124.61538461538
4132.30769230769
4133.84615384615
4130.76923076923
4133.84615384615
4137.4358974359
4135.38461538462
4135.89743589744
4135.89743589744
4133.33333333333
4140.51282051282
4144.61538461538
4138.46153846154
4142.05128205128
4155.38461538462
4149.23076923077
4134.8717948718
4131.79487179487
4138.46153846154
4151.79487179487
4154.8717948718
4138.97435897436
4132.30769230769
4136.41025641026
4130.76923076923
4131.79487179487
4138.97435897436
4140
4137.94871794872
4127.69230769231
4125.12820512821
4137.94871794872
4134.8717948718
4117.4358974359
4118.46153846154
4124.61538461538
4120
4123.07692307692
4124.61538461538
4117.94871794872
4120.51282051282
4119.48717948718
4107.17948717949
4113.33333333333
4134.8717948718
4138.97435897436
4133.84615384615
4132.82051282051
4124.10256410256
4117.94871794872
4128.71794871795
4137.94871794872
4135.89743589744
4136.92307692308
4143.07692307692
4140
4135.89743589744
4141.53846153846
4143.58974358974
4135.89743589744
4127.17948717949
4120.51282051282
4121.53846153846
4136.92307692308
4142.5641025641
4124.61538461538
4117.94871794872
4134.8717948718
4143.58974358974
4134.35897435897
4124.10256410256
4119.48717948718
4125.12820512821
4141.02564102564
4144.61538461538
4129.23076923077
4121.53846153846
4123.07692307692
4119.48717948718
4126.66666666667
4138.97435897436
4126.15384615385
4108.20512820513
4113.33333333333
4121.02564102564
4126.15384615385
4136.41025641026
4138.46153846154
4136.41025641026
4134.35897435897
4130.76923076923
4137.4358974359
4146.15384615385
4134.8717948718
4122.05128205128
4123.07692307692
4116.41025641026
4111.28205128205
4128.71794871795
4143.07692307692
4132.82051282051
4121.02564102564
4126.15384615385
4123.07692307692
4117.4358974359
4130.76923076923
4136.41025641026
4117.4358974359
4107.69230769231
4106.66666666667
4099.48717948718
4118.46153846154
4137.94871794872
4118.97435897436
4110.25641025641
4119.48717948718
4112.82051282051
4113.84615384615
4129.74358974359
4129.74358974359
4121.53846153846
4115.38461538462
4110.76923076923
4110.25641025641
4109.74358974359
4114.8717948718
4122.05128205128
4114.35897435897
4106.15384615385
4107.69230769231
4111.79487179487
4115.38461538462
4111.28205128205
4106.15384615385
4107.69230769231
4105.12820512821
4108.20512820513
4124.10256410256
4126.15384615385
4111.28205128205
4101.53846153846
4100
4111.79487179487
4122.05128205128
4112.82051282051
4107.17948717949
4109.74358974359
4111.79487179487
4116.92307692308
4121.53846153846
4122.05128205128
4120.51282051282
4113.84615384615
4103.07692307692
4107.69230769231
4122.05128205128
4127.69230769231
4125.64102564103
4114.35897435897
4104.10256410256
4107.69230769231
4117.94871794872
4128.20512820513
4134.35897435897
4129.74358974359
4113.33333333333
4108.20512820513
4117.4358974359
4119.48717948718
4121.53846153846
4125.12820512821
4115.38461538462
4101.53846153846
4104.10256410256
4112.82051282051
4105.12820512821
4101.02564102564
4114.35897435897
4124.10256410256
4120.51282051282
4117.94871794872
4123.07692307692
4122.5641025641
4120
4120.51282051282
4119.48717948718
4120.51282051282
4121.53846153846
4113.33333333333
4103.07692307692
4110.76923076923
4122.05128205128
4120
4114.35897435897
4114.8717948718
4115.89743589744
4123.58974358974
4140
4141.53846153846
4126.66666666667
4117.4358974359
4125.12820512821
4136.41025641026
4134.8717948718
4126.15384615385
4122.05128205128
4122.5641025641
4121.53846153846
4122.5641025641
4124.61538461538
4122.5641025641
4123.07692307692
4130.76923076923
4135.38461538462
4128.71794871795
4118.46153846154
4122.5641025641
4136.92307692308
4142.5641025641
4133.84615384615
4117.94871794872
4110.76923076923
4114.35897435897
4122.05128205128
4133.84615384615
4139.48717948718
4129.23076923077
4117.94871794872
4127.17948717949
4135.89743589744
4134.8717948718
4137.94871794872
4131.28205128205
4121.53846153846
4127.69230769231
4134.35897435897
4124.10256410256
4117.4358974359
4122.5641025641
4122.05128205128
4120.51282051282
4126.15384615385
4130.25641025641
4130.25641025641
4135.38461538462
4145.12820512821
4137.4358974359
4120
4127.17948717949
4139.48717948718
4126.66666666667
4116.92307692308
4123.07692307692
4127.17948717949
4135.89743589744
4143.07692307692
4138.46153846154
4135.89743589744
4129.23076923077
4121.53846153846
4135.38461538462
4146.15384615385
4128.20512820513
4118.46153846154
4127.17948717949
4120
4108.20512820513
4116.41025641026
4122.5641025641
4115.38461538462
4112.82051282051
4121.53846153846
4130.25641025641
4127.17948717949
4120
4121.02564102564
4120.51282051282
4114.35897435897
4118.46153846154
4125.12820512821
4112.30769230769
4105.64102564103
4117.4358974359
4118.46153846154
4106.15384615385
4112.82051282051
4125.12820512821
4119.48717948718
4117.94871794872
4120
4113.84615384615
4121.02564102564
4133.33333333333
4124.10256410256
4108.71794871795
4102.5641025641
4094.8717948718
4097.4358974359
4112.30769230769
4106.15384615385
4089.23076923077
4101.53846153846
4125.64102564103
4117.4358974359
4088.71794871795
4080.51282051282
4089.74358974359
4091.28205128205
4094.8717948718
4100
4091.79487179487
4089.23076923077
4103.58974358974
4109.74358974359
4105.64102564103
4105.64102564103
4105.64102564103
4102.5641025641
4097.94871794872
4095.38461538462
4095.89743589744
4094.35897435898
4092.82051282051
4094.8717948718
4094.35897435898
4087.69230769231
4087.17948717949
4099.48717948718
4112.82051282051
4111.28205128205
4103.58974358974
4106.15384615385
4110.25641025641
4106.66666666667
4106.15384615385
4110.25641025641
4109.74358974359
4104.61538461538
4105.12820512821
4109.23076923077
4110.76923076923
4109.23076923077
4108.20512820513
4101.02564102564
4092.30769230769
4098.46153846154
4106.66666666667
4104.61538461538
4102.5641025641
4089.74358974359
4072.30769230769
4078.46153846154
4088.71794871795
4086.66666666667
4097.4358974359
4100
4073.84615384615
4059.48717948718
4077.4358974359
4090.25641025641
4087.69230769231
4089.23076923077
4086.15384615385
4073.84615384615
4078.46153846154
4091.28205128205
4095.38461538462
4098.46153846154
4102.05128205128
4097.4358974359
4097.94871794872
4100.51282051282
4095.38461538462
4102.5641025641
4113.33333333333
4104.61538461538
4092.82051282051
4096.92307692308
4111.28205128205
4119.48717948718
4110.76923076923
4095.38461538462
4096.41025641026
4104.10256410256
4106.66666666667
4117.4358974359
4130.25641025641
4122.05128205128
4105.64102564103
4109.74358974359
4120.51282051282
4116.41025641026
4115.38461538462
4123.58974358974
4116.41025641026
4103.07692307692
4104.10256410256
4106.66666666667
4111.28205128205
4120.51282051282
4118.97435897436
4108.71794871795
4106.66666666667
4108.20512820513
4103.07692307692
4107.17948717949
4118.97435897436
4115.38461538462
4098.46153846154
4096.92307692308
4112.30769230769
4122.05128205128
4121.53846153846
4116.92307692308
4105.64102564103
4105.12820512821
4122.05128205128
4126.15384615385
4108.20512820513
4100.51282051282
4109.23076923077
4118.46153846154
4122.05128205128
4115.89743589744
4108.71794871795
4115.38461538462
4125.64102564103
4118.46153846154
4104.61538461538
4109.23076923077
4117.94871794872
4116.92307692308
4117.4358974359
4117.94871794872
4114.35897435897
4120.51282051282
4128.71794871795
4112.82051282051
4095.89743589744
4107.17948717949
4117.94871794872
4111.28205128205
4115.89743589744
4131.28205128205
4121.53846153846
4106.15384615385
4108.20512820513
4105.12820512821
4102.5641025641
4117.94871794872
4124.10256410256
4109.23076923077
4102.5641025641
4107.69230769231
4103.58974358974
4105.64102564103
4115.89743589744
4111.28205128205
4095.89743589744
4090.25641025641
4089.74358974359
4083.58974358974
4080.51282051282
4081.53846153846
4083.07692307692
4090.25641025641
4101.53846153846
4106.66666666667
4103.07692307692
4106.15384615385
4113.84615384615
4120.51282051282
4132.30769230769
4141.53846153846
4136.92307692308
4118.46153846154
4106.66666666667
4114.8717948718
4124.10256410256
4117.4358974359
4112.30769230769
4116.92307692308
4120
4124.10256410256
4123.07692307692
4112.30769230769
4115.38461538462
4133.33333333333
4136.92307692308
4126.15384615385
4124.10256410256
4126.15384615385
4118.97435897436
4117.94871794872
4118.97435897436
4107.69230769231
4107.17948717949
4123.58974358974
4123.58974358974
4105.12820512821
4107.69230769231
4122.5641025641
4113.84615384615
4098.97435897436
4108.20512820513
4120
4113.84615384615
4110.25641025641
4123.07692307692
4128.20512820513
4116.41025641026
4114.8717948718
4121.02564102564
4110.76923076923
4098.46153846154
4108.71794871795
4116.92307692308
4103.07692307692
4103.58974358974
4123.58974358974
4127.17948717949
4116.92307692308
4117.94871794872
4114.35897435897
4103.07692307692
4113.84615384615
4128.20512820513
4123.07692307692
4118.46153846154
4117.4358974359
4105.12820512821
4099.48717948718
4105.64102564103
4109.74358974359
4115.38461538462
4121.53846153846
4122.05128205128
4121.02564102564
4119.48717948718
4117.4358974359
4122.05128205128
4120.51282051282
4114.35897435897
4119.48717948718
4122.5641025641
4118.46153846154
4119.48717948718
4126.66666666667
4127.69230769231
4127.17948717949
4134.8717948718
4141.53846153846
4137.94871794872
4132.30769230769
4136.41025641026
4143.58974358974
4134.35897435897
4121.53846153846
4119.48717948718
