
4420.512712
4422.051174
4416.410148
4399.999892
4394.871687
4408.717841
4416.922969
4416.410148
4417.94861
4409.743482
4400.512713
4406.153738
4413.846046
4407.6922
4404.102456
4402.563995
4393.333226
4389.743482
4399.487072
4405.128097
4403.076815
4402.563995
4404.615277
4406.666559
4403.589636
4400.512713
4403.076815
4406.153738
4407.6922
4409.743482
4409.743482
4413.333225
4419.487071
4418.46143
4416.922969
4418.974251
4410.769123
4398.461431
4397.43579
4406.153738
4414.871687
4413.846046
4407.6922
4403.589636
4401.025533
4406.666559
4414.871687
4409.230661
4401.025533
4407.179379
4411.281943
4398.461431
4396.410149
4411.794764
4412.820405
4395.897328
4392.307585
4401.025533
4407.179379
4413.333225
4411.281943
4398.974251
4390.769123
4397.43579
4410.256302
4413.333225
4408.20502
4404.102456
4396.410149
4395.384508
4403.076815
4400.512713
4387.17938
4389.743482
4406.666559
4403.076815
4388.717841
4392.820405
4407.6922
4413.333225
4412.820405
4403.589636
4394.871687
4397.94861
4406.666559
4407.6922
4403.589636
4399.999892
4394.358867
4386.153739
4379.487072
4385.640918
4396.922969
4393.846046
4385.640918
4396.922969
4407.6922
4397.94861
4387.6922
4387.17938
4390.769123
4392.307585
4383.589636
4377.43579
4384.615277
4391.281944
4381.538354
4371.281944
4381.538354
4390.256303
4372.307585
4354.871688
4358.974252
4369.230662
4386.153739
4397.43579
4397.43579
4399.999892
4397.43579
4391.281944
4393.846046
4392.307585
4389.743482
4401.538354
4409.230661
4401.538354
4396.922969
4397.94861
4394.871687
4392.820405
4394.358867
4395.384508
4388.717841
4384.615277
4384.102457
4387.17938
4392.820405
4386.153739
4373.846047
4377.948611
4383.589636
4374.358867
4375.897329
4390.769123
4388.717841
4377.948611
4377.43579
4381.025534
4388.205021
4385.640918
4377.43579
4384.615277
4391.794764
4386.666559
4389.743482
4392.820405
4381.538354
4381.538354
4388.205021
4381.538354
4374.358867
4369.230662
4363.589637
4374.871688
4392.820405
4386.666559
4369.230662
4370.256303
4377.43579
4371.794765
4366.66656
4371.794765
4378.461431
4381.025534
4378.974252
4373.333226
4378.461431
4385.640918
4379.487072
4376.92297
4385.128098
4375.384508
4356.92297
4359.999893
4369.743483
4368.205021
4365.640919
4370.769124
4378.974252
4382.051175
4382.051175
4380.512713
4375.384508
4372.820406
4374.871688
4375.897329
4371.281944
4371.794765
4379.999893
4382.051175
4378.461431
4378.974252
4380.512713
4377.43579
4375.897329
4370.769124
4365.640919
4372.307585
4377.43579
4369.230662
4363.076816
4362.563996
4370.256303
4381.538354
4374.871688
4360.512714
4363.589637
4369.230662
4366.153739
4362.051175
4355.897329
4356.92297
4366.153739
4375.384508
4382.051175
4376.92297
4368.205021
4376.92297
4379.487072
4364.615278
4358.461432
4364.102457
4367.17938
4365.128098
4369.230662
4376.92297
4370.769124
4363.076816
4375.897329
4376.92297
4352.820406
4345.640919
4358.974252
4360.512714
4358.974252
4364.102457
4364.615278
4370.256303
4379.999893
4370.769124
4360.512714
4372.820406
4372.307585
4349.230663
4346.15374
4359.999893
4359.487073
4353.846047
4356.41015
4362.051175
4359.999893
4355.897329
4361.025534
4365.128098
4358.461432
4356.92297
4359.999893
4356.92297
4359.999893
4371.794765
4376.410149
4376.410149
4381.025534
4386.666559
4392.307585
4390.769123
4388.717841
4386.153739
4378.461431
4375.384508
4378.461431
4376.92297
4372.820406
4375.384508
4378.461431
4378.461431
4377.43579
4375.384508
4374.871688
4368.205021
4361.538355
4368.205021
4370.256303
4366.66656
4370.769124
4371.794765
4366.153739
4369.230662
4373.333226
4368.205021
4370.256303
4372.820406
4366.153739
4372.307585
4381.538354
4371.281944
4366.66656
4370.256303
4364.102457
4361.538355
4371.281944
4369.743483
4361.538355
4361.538355
4358.974252
4357.435791
4365.128098
4375.897329
4375.384508
4365.128098
4365.640919
4367.692201
4354.358868
4344.615278
4351.281945
4357.435791
4354.871688
4353.846047
4359.999893
4368.717842
4365.640919
4366.153739
4376.92297
4372.307585
4361.538355
4364.102457
4366.153739
4367.17938
4374.358867
4368.717842
4359.487073
4363.589637
4366.153739
4363.076816
4354.871688
4342.563996
4349.230663
4367.692201
4363.076816
4348.205022
4353.846047
4364.102457
4370.769124
4380.512713
4381.025534
4376.92297
4382.563995
4389.743482
4393.333226
4398.461431
4398.974251
4396.410149
4395.897328
4390.256303
4387.17938
4386.666559
4385.640918
4386.153739
4383.076816
4377.43579
4377.43579
4380.512713
4388.205021
4391.281944
4383.076816
4379.999893
4383.589636
4379.487072
4382.051175
4394.871687
4392.307585
4383.076816
4391.794764
4397.94861
4389.230662
4392.307585
4398.974251
4394.871687
4401.025533
4412.307584
4401.025533
4391.794764
4403.589636
4411.794764
4404.615277
4401.025533
4400.512713
4388.205021
4381.538354
4390.256303
4389.743482
4379.487072
4382.051175
4387.6922
4388.205021
4389.230662
4381.025534
4370.769124
4373.846047
4374.358867
4375.384508
4385.128098
4388.205021
4379.487072
4380.512713
4387.6922
4383.076816
4380.512713
4385.128098
4388.205021
4386.666559
4387.17938
4383.076816
4383.076816
4388.717841
4374.871688
4356.41015
4362.563996
4378.461431
4378.974252
4375.897329
4374.358867
4369.230662
4364.615278
4367.692201
4379.999893
4383.589636
4368.717842
4355.384509
4358.461432
4368.205021
4370.769124
4366.153739
4363.589637
4370.256303
4371.281944
4367.17938
4372.820406
4378.974252
4378.461431
4380.512713
4387.17938
4390.769123
4399.487072
4403.076815
4394.358867
4384.102457
4382.051175
4378.461431
4373.846047
4379.999893
4386.666559
4386.666559
4382.563995
4385.128098
4391.281944
4393.333226
4389.230662
4384.615277
4381.538354
4379.487072
4384.102457
4387.6922
4382.051175
4379.487072
4380.512713
4381.538354
4385.640918
4389.230662
4387.17938
4387.6922
4386.666559
4378.461431
4377.948611
4383.076816
4382.563995
4379.487072
4381.538354
4384.615277
4382.563995
4377.43579
4378.461431
4376.92297
4374.871688
4382.563995
4385.128098
4378.461431
4378.461431
4381.538354
4377.43579
4382.563995
4391.281944
4386.153739
4373.333226
4367.692201
4370.256303
4377.43579
4381.538354
4383.589636
4384.102457
4380.512713
4376.410149
4385.128098
4389.230662
4374.358867
4367.692201
4374.871688
4373.333226
4368.205021
4374.358867
4376.92297
4374.871688
4379.999893
4384.615277
4380.512713
4374.358867
4375.897329
4379.999893
4376.410149
4372.820406
4378.461431
4376.92297
4367.17938
4364.615278
4373.333226
4383.076816
4377.948611
4365.640919
4368.717842
4376.410149
4375.384508
4381.538354
4388.717841
4381.538354
4374.871688
4373.333226
4367.17938
4370.256303
4374.871688
4373.333226
4371.794765
4366.66656
4353.846047
4357.948611
4374.358867
4371.281944
4362.051175
4368.205021
4373.846047
4369.743483
4371.794765
4376.92297
4374.358867
4373.333226
4373.846047
4374.871688
4378.974252
4380.512713
4382.051175
4385.640918
4385.640918
4379.999893
4381.025534
4386.666559
4388.205021
4386.666559
4381.025534
4374.358867
4375.897329
4381.538354
4380.512713
4375.897329
4374.358867
4376.410149
4377.43579
4375.897329
4376.410149
4382.051175
4379.487072
4371.794765
4374.871688
4375.897329
4367.17938
4363.076816
4369.743483
4374.358867
4374.871688
4381.025534
4386.666559
4376.92297
4371.794765
4382.051175
4387.6922
4386.666559
4387.6922
4381.025534
4373.333226
4381.025534
4385.640918
4384.615277
4389.230662
4390.256303
4379.999893
4379.487072
4386.153739
4379.999893
4375.384508
4378.974252
4370.769124
4365.640919
4382.051175
4394.358867
4387.6922
4381.538354
4381.025534
4378.974252
4377.948611
4378.974252
4381.538354
4384.615277
4386.153739
4379.487072
4374.871688
4379.999893
4386.153739
4387.17938
4387.17938
4383.076816
4376.410149
4381.025534
4394.358867
4398.461431
4391.794764
4386.666559
4387.17938
4387.6922
4381.538354
4376.410149
4382.051175
4392.820405
4397.43579
4397.94861
4394.358867
4387.17938
4385.640918
4390.256303
4402.051174
4409.743482
4400.512713
4392.820405
4397.43579
4394.358867
4387.6922
4390.769123
4388.717841
4378.974252
4383.589636
4394.358867
4399.487072
4401.538354
4402.563995
4401.025533
4398.974251
4395.897328
4384.102457
4377.948611
4390.256303
4397.43579
4387.6922
4387.6922
4394.358867
4390.256303
4389.230662
4403.076815
4404.102456
4393.333226
4388.717841
4390.256303
4393.846046
4394.871687
4393.333226
4394.871687
4405.128097
4411.794764
4405.128097
4394.871687
4392.820405
4399.487072
4398.461431
4390.769123
4389.230662
4395.384508
4401.538354
4401.025533
4397.43579
4394.358867
4400.512713
4407.6922
4398.461431
4387.6922
4386.666559
4395.384508
4403.589636
4402.563995
4401.025533
4410.256302
4415.384507
4408.20502
4408.20502
4409.743482
4410.256302
4422.051174
4427.179379
4408.717841
4397.43579
4406.666559
4411.281943
4399.999892
4399.999892
4412.820405
4419.999892
4416.922969
4410.256302
4405.128097
4403.589636
4405.640918
4407.6922
4411.281943
4416.410148
4417.94861
4413.846046
4409.230661
4407.179379
4410.769123
4410.769123
4404.615277
4405.128097
4415.897328
4421.025533
4416.922969
4416.922969
4421.538353
4421.025533
4414.358866
4412.820405
4417.435789
4413.846046
4406.666559
4408.717841
4411.794764
4415.897328
4415.897328
4405.128097
4401.538354
4410.256302
4410.256302
4401.025533
4397.43579
4396.922969
4398.974251
4399.487072
4398.461431
4405.640918
4413.333225
4412.307584
4406.666559
4398.974251
4398.974251
4403.589636
4400.512713
4398.974251
4403.076815
4404.102456
4405.640918
4414.358866
4412.307584
4401.538354
4403.589636
4411.794764
4411.281943
4407.6922
4400.512713
4392.820405
4396.410149
4402.563995
4398.461431
4397.43579
4401.025533
4400.512713
4401.025533
4404.102456
4402.051174
4403.076815
4408.717841
4407.179379
4403.076815
4397.43579
4392.820405
4395.384508
4398.974251
4396.410149
4396.922969
4402.563995
4403.589636
4399.999892
4395.384508
4389.230662
4389.230662
4395.384508
4398.461431
4398.974251
4393.333226
4381.538354
4377.948611
4388.205021
4391.794764
4389.743482
4387.6922
4381.025534
4376.410149
4384.615277
4394.871687
4389.743482
4381.025534
4385.640918
4388.717841
4382.563995
4385.640918
4387.6922
4381.538354
4388.205021
4401.025533
4402.051174
4396.410149
4389.743482
4390.769123
4395.384508
4399.487072
4402.051174
4393.846046
4384.615277
4389.743482
4397.94861
4388.717841
4385.128098
4389.743482
4385.640918
4384.102457
4389.743482
4391.794764
4394.358867
4404.102456
4402.051174
4393.333226
4397.43579
4399.999892
4389.230662
4385.640918
4390.256303
4392.307585
4395.384508
4398.461431
4393.333226
4390.256303
4397.43579
4401.538354
4394.871687
4396.410149
4403.589636
4394.358867
4385.128098
4395.384508
4405.128097
4398.461431
4391.281944
4383.076816
4371.281944
4367.17938
4377.43579
4385.128098
4381.025534
4376.92297
4383.589636
4395.897328
4395.384508
4381.025534
4377.43579
4384.615277
4379.999893
4376.410149
4383.076816
4385.128098
4384.102457
4389.743482
4393.846046
4390.769123
4383.076816
4382.051175
4389.230662
4389.743482
4384.102457
4382.563995
4378.461431
4371.281944
4378.461431
4390.769123
4388.717841
4383.076816
4388.717841
4393.846046
4389.230662
4381.538354
4373.846047
4369.230662
4372.820406
4374.358867
4370.256303
4370.769124
4375.384508
4369.743483
4364.102457
4370.769124
4370.769124
4362.563996
4368.205021
4373.846047
4360.512714
4355.384509
4365.128098
4366.66656
4365.128098
4372.820406
4379.487072
4374.358867
4365.640919
4365.640919
4370.256303
4373.333226
4377.948611
4379.999893
4379.999893
4381.025534
4376.92297
4368.717842
4370.769124
4375.897329
4370.256303
4365.640919
4373.846047
4379.487072
4370.769124
4367.692201
4371.281944
4369.230662
4369.230662
4379.999893
4386.153739
4383.589636
4382.563995
4384.615277
4382.563995
4379.487072
4377.43579
4370.769124
4363.589637
4367.692201
4372.820406
4367.17938
4361.538355
4366.66656
4375.897329
4378.974252
4378.974252
4373.846047
4362.563996
4352.820406
4355.384509
4358.974252
4352.307586
4351.794765
4361.538355
4360.512714
4352.820406
4362.563996
4367.17938
4349.743483
4342.051176
4348.717842
4350.256304
4346.66656
4340.512714
4336.922971
4345.128099
4349.230663
4340.512714
4336.41015
4336.922971
4337.948612
4343.076817
4346.66656
4345.128099
4345.128099
4347.179381
4342.563996
4341.025535
4345.640919
4346.66656
4344.102458
4344.615278
4342.051176
4343.076817
4348.717842
4350.256304
4349.743483
4351.281945
4354.358868
4363.589637
4376.92297
4376.92297
4368.717842
4369.230662
4371.281944
4369.743483
4374.358867
4379.487072
4373.333226
4358.461432
4354.358868
4365.128098
4375.897329
4377.948611
4378.461431
4380.512713
4379.999893
4381.025534
4379.487072
4379.487072
4376.92297
4364.615278
4353.333227
4356.41015
4367.17938
4374.871688
4373.846047
4373.333226
4380.512713
4385.640918
4382.051175
4377.948611
4383.076816
4393.333226
4395.384508
4386.153739
4383.589636
4387.6922
4384.102457
4378.974252
4385.128098
4387.17938
4381.538354
4381.025534
4383.076816
4382.051175
4383.076816
4384.102457
4384.615277
4393.846046
4402.563995
4399.487072
4386.153739
4383.589636
4389.743482
4393.846046
4393.333226
4388.717841
4382.051175
4383.076816
4387.17938
4378.974252
4372.307585
4373.333226
4370.769124
4373.846047
4385.128098
4379.487072
4368.205021
4372.307585
4376.410149
4371.794765
4374.358867
4375.897329
4373.333226
4376.92297
4375.897329
4366.66656
4364.102457
4369.230662
4368.205021
4366.153739
4370.256303
4371.281944
4361.538355
4357.435791
4363.589637
4363.076816
4355.897329
4359.487073
4368.717842
4366.153739
4357.948611
4359.487073
4361.538355
4356.41015
4357.948611
4359.487073
4355.384509
4353.846047
4355.384509
4355.897329
4361.538355
4361.025534
4355.897329
4358.461432
4364.102457
4368.205021
4371.281944
4363.076816
4357.435791
4355.384509
4348.717842
4347.179381
4352.307586
4349.230663
4346.15374
4355.384509
4357.435791
4353.846047
4354.871688
4355.384509
4353.333227
4353.333227
4354.358868
4350.769124
4349.230663
4352.820406
4353.846047
4351.281945
4351.281945
4355.897329
4360.512714
4358.974252
4355.384509
4356.41015
4358.461432
4355.384509
4355.384509
4358.974252
4357.948611
4354.871688
4359.487073
4372.307585
4368.717842
4354.871688
4355.384509
4358.974252
4352.307586
4348.205022
4347.692201
4347.692201
4350.256304
4353.846047
4357.435791
4365.128098
4367.692201
4366.66656
4369.230662
4376.92297
4376.410149
4362.563996
4354.871688
4362.563996
4365.640919
4357.435791
4357.435791
4365.640919
4371.281944
4371.281944
4370.256303
4365.640919
4362.563996
4367.692201
4370.769124
4370.256303
4366.66656
4359.487073
4358.974252
4369.743483
4377.948611
4374.871688
4364.615278
4357.435791
4361.538355
4367.692201
4364.102457
4357.435791
4356.41015
4362.563996
4368.205021
4365.640919
4366.153739
4374.358867
4376.410149
4368.717842
4365.640919
4365.640919
4362.051175
4361.025534
4364.615278
4367.692201
4370.256303
4362.051175
4352.820406
4363.076816
4375.897329
4367.17938
4359.487073
4367.17938
4369.743483
4367.17938
4364.102457
4357.948611
4359.999893
4371.794765
4375.897329
4372.307585
4369.230662
4364.615278
4356.41015
4353.333227
4359.999893
4367.692201
4367.17938
4364.615278
4371.794765
4376.92297
4374.358867
4376.410149
4381.025534
4375.897329
4368.717842
4368.205021
4373.333226
4377.948611
4376.410149
4365.128098
4362.051175
4373.333226
4379.999893
4372.820406
4365.128098
4363.589637
4356.41015
4355.384509
4366.66656
4374.358867
4372.820406
4375.897329
4378.974252
4372.307585
4371.281944
4372.820406
4364.615278
4361.538355
4375.384508
4377.43579
4362.563996
4364.615278
4379.999893
4376.410149
4364.615278
4370.769124
4377.948611
4370.256303
4369.743483
4378.461431
4379.999893
4375.897329
4377.43579
4384.615277
4390.256303
4387.6922
4381.538354
4378.974252
4373.333226
4371.281944
4378.974252
4380.512713
4374.358867
4381.538354
4391.794764
4386.666559
4377.43579
4379.999893
4383.589636
4381.025534
4382.563995
4388.205021
4382.051175
4373.846047
4376.92297
4376.410149
4373.846047
4379.487072
4384.615277
4385.128098
4388.205021
4387.6922
4384.615277
4388.205021
4389.230662
4387.6922
4387.17938
4387.17938
4384.615277
4381.538354
4381.025534
4374.871688
4368.717842
4378.974252
4388.717841
4383.076816
4379.999893
4389.743482
4392.820405
4385.640918
4382.563995
4384.615277
4378.461431
4366.66656
4368.205021
4381.025534
4386.666559
4385.128098
4387.6922
4384.102457
4378.461431
4377.43579
4381.538354
4388.205021
4393.846046
4394.358867
4394.871687
4396.922969
4396.922969
4401.025533
4404.615277
4404.102456
4408.717841
4409.230661
4393.846046
4386.153739
4395.384508
4403.076815
4401.025533
4405.640918
4409.743482
4402.051174
4399.999892
4406.153738
4401.025533
4389.743482
4388.717841
4387.17938
4384.102457
4391.281944
4395.384508
4392.820405
4396.410149
4396.410149
4386.666559
4384.102457
4389.230662
4387.6922
4384.102457
4384.102457
4384.102457
4389.230662
4397.94861
4397.94861
4392.820405
4396.922969
4399.999892
4390.769123
4378.974252
4376.410149
4378.461431
4377.43579
4376.410149
4387.17938
4397.43579
4388.205021
4382.051175
4390.769123
4388.717841
4377.43579
4377.948611
4384.102457
4389.743482
4389.743482
4386.666559
4385.640918
4390.256303
4392.307585
4389.743482
4383.589636
4380.512713
4375.897329
4366.153739
4363.076816
4369.230662
4372.820406
4373.333226
4377.43579
4379.487072
4383.076816
4387.17938
4378.974252
4371.794765
4377.43579
4383.589636
4384.102457
4377.948611
4371.281944
4373.846047
4378.974252
4380.512713
4388.205021
4392.307585
4380.512713
4374.358867
4378.461431
4380.512713
4378.461431
4378.974252
4380.512713
4381.025534
4379.487072
4379.487072
4383.076816
4383.589636
4383.076816
4386.153739
4384.102457
4368.205021
4360.512714
4373.333226
4389.230662
4388.205021
4379.487072
4378.461431
4382.563995
4384.102457
4383.076816
4387.17938
4392.820405
4387.6922
4379.999893
4382.563995
4388.717841
4387.6922
4383.076816
4380.512713
4378.974252
4379.487072
4381.025534
4383.589636
4379.999893
4378.974252
4386.153739
4381.025534
4368.717842
4375.897329
4386.153739
4381.538354
4380.512713
4384.615277
4385.128098
4384.615277
4383.076816
4375.897329
4374.871688
4380.512713
4386.153739
4389.230662
4386.666559
4382.563995
4379.487072
4373.846047
4367.692201
4364.615278
4361.538355
4362.563996
4371.281944
4378.461431
4371.794765
4364.615278
4371.281944
4383.589636
4383.076816
4379.999893
4384.102457
4383.589636
4380.512713
4381.025534
4377.948611
4373.846047
4377.948611
4382.051175
4381.025534
4381.025534
4386.153739
4391.281944
4389.230662
4379.487072
4375.897329
4381.025534
4382.051175
4381.538354
4383.589636
4385.128098
4384.102457
4382.563995
4382.563995
4385.128098
4387.6922
4385.640918
4380.512713
4379.999893
4379.487072
4378.461431
4378.974252
4383.076816
4386.153739
4384.615277
4382.051175
4381.025534
4383.589636
4386.666559
4379.487072
4370.256303
4378.461431
4385.128098
4374.871688
4372.307585
4385.128098
4388.205021
4385.128098
4386.153739
4383.589636
4383.589636
4386.153739
4382.563995
4379.487072
4379.999893
4379.487072
4379.487072
4380.512713
4381.538354
4380.512713
4379.999893
4379.999893
4381.025534
4379.999893
4377.948611
4373.846047
4370.769124
4372.307585
4376.410149
4381.025534
4382.563995
4384.102457
4387.17938
4385.128098
4377.43579
4376.92297
4383.589636
4385.640918
4383.589636
4390.769123
4398.461431
4393.846046
4386.153739
4390.256303
4389.743482
4377.43579
4376.92297
4386.666559
4385.128098
4378.461431
4386.666559
4396.410149
4392.307585
4392.307585
4395.897328
4388.205021
4382.051175
4387.17938
4389.230662
4381.538354
4383.076816
4392.820405
4393.846046
4388.717841
4388.717841
4398.974251
4408.20502
4408.717841
4403.589636
4400.512713
4396.410149
4388.205021
4385.640918
4392.307585
4389.230662
4385.128098
4394.871687
4397.43579
4390.256303
4394.871687
4404.615277
4398.461431
4390.256303
4390.256303
4394.871687
4399.999892
4398.974251
4397.43579
4398.974251
4399.999892
4400.512713
4402.051174
4404.615277
4405.640918
4403.076815
4396.922969
4392.820405
4396.410149
4398.461431
4396.922969
4398.461431
4404.615277
4405.640918
4402.051174
4398.974251
4397.94861
4399.487072
4401.025533
4404.102456
4406.153738
4402.563995
4399.487072
4403.589636
4409.743482
4413.846046
4414.871687
4415.384507
4409.743482
4399.487072
4394.871687
4399.999892
4401.538354
4403.076815
4409.230661
4408.717841
4404.102456
4402.563995
4408.20502
4412.307584
4403.076815
4395.384508
4404.615277
4414.871687
4414.358866
4410.256302
4408.717841
4407.6922
4406.666559
4405.640918
4416.922969
4427.179379
4417.94861
4410.256302
4416.922969
4417.94861
4407.6922
4405.640918
4409.230661
4409.743482
4408.20502
4413.333225
4418.974251
4416.922969
4414.871687
4417.94861
4415.897328
4406.666559
4401.538354
4406.153738
4411.281943
4412.820405
4413.846046
4411.281943
4407.6922
4415.384507
4424.102456
4417.94861
4409.230661
4404.615277
4406.666559
4417.94861
4425.128097
4414.358866
4406.153738
4415.384507
4420.512712
4414.871687
4408.717841
4411.281943
4414.871687
4413.846046
4409.230661
4408.717841
4412.307584
4416.410148
4419.487071
4422.051174
4419.999892
4416.922969
4416.922969
4416.410148
4413.846046
4412.307584
4413.846046
4411.281943
4409.230661
4410.256302
4410.256302
4414.871687
4423.076815
4419.487071
4407.179379
4405.128097
4411.281943
4412.307584
4413.333225
4420.512712
4423.076815
4415.897328
4410.256302
4415.384507
4419.999892
4418.46143
4417.94861
4419.487071
4416.410148
4407.6922
4403.076815
4408.717841
4412.820405
4412.307584
4417.435789
4426.666558
4428.20502
4423.076815
4422.051174
4422.563994
4417.94861
4412.307584
4410.769123
4410.769123
4410.769123
4409.230661
4411.794764
4418.46143
4425.640917
4428.20502
4419.999892
4407.6922
4407.179379
4420.512712
4425.128097
4418.974251
4416.410148
4424.102456
4427.692199
4424.615276
4421.025533
4418.46143
4420.512712
4420.512712
4411.281943
4415.384507
4426.153738
4419.999892
4411.794764
4415.384507
4421.025533
4418.46143
4409.743482
4405.640918
4408.717841
4409.743482
4419.487071
4424.615276
4416.922969
4417.435789
4416.922969
4404.102456
4408.20502
4422.051174
4416.922969
4415.384507
4428.20502
4433.846045
4427.692199
4420.512712
4415.897328
4412.307584
4409.743482
4409.743482
4412.307584
4418.974251
4422.563994
4420.512712
4421.025533
4422.563994
4418.974251
4411.281943
4408.717841
4409.743482
4411.794764
4409.230661
4410.769123
4418.974251
4417.94861
4407.6922
4408.20502
4415.897328
4415.384507
4408.20502
4403.589636
4406.153738
4411.794764
4414.871687
4417.435789
4418.46143
4411.281943
4407.179379
4408.717841
4405.128097
4401.538354
4407.6922
4410.256302
4406.153738
4403.076815
4406.153738
4414.358866
4417.94861
4412.820405
4409.743482
4410.256302
4406.666559
4404.102456
4404.615277
4404.102456
4405.640918
4411.794764
4414.358866
4410.769123
4410.256302
4412.307584
4412.307584
4412.820405
4413.333225
4409.230661
4405.640918
4411.794764
4415.897328
4409.743482
4411.281943
4424.102456
4426.666558
4414.358866
4412.820405
4420.512712
4418.974251
4413.333225
4412.307584
4414.871687
4417.94861
4417.435789
4415.897328
4421.538353
4427.179379
4426.666558
4421.538353
4414.871687
4407.6922
4408.20502
4414.358866
4419.487071
4416.410148
4411.794764
4416.922969
4421.025533
4413.846046
4409.743482
4413.846046
4412.307584
4406.153738
4411.794764
4416.410148
4413.333225
4412.820405
4410.769123
4404.615277
4404.102456
4413.846046
4419.487071
4412.820405
4406.666559
4407.179379
4406.666559
4406.153738
4415.897328
4424.102456
4418.974251
4407.6922
4404.615277
4405.128097
4401.025533
4394.871687
4394.871687
4398.461431
4404.615277
4404.615277
4398.461431
4396.922969
4401.025533
4406.153738
4405.640918
4404.102456
4407.6922
4406.153738
4400.512713
4405.640918
4404.615277
4390.769123
4388.717841
4401.538354
4406.153738
4403.589636
4407.179379
4410.256302
4404.102456
4404.615277
4412.307584
4410.769123
4410.769123
4417.94861
4413.333225
4401.025533
4401.025533
4403.589636
4399.999892
4397.43579
4401.538354
4406.666559
4405.640918
4399.999892
4393.333226
4388.205021
4386.666559
4392.307585
4397.94861
4395.897328
4391.794764
4394.871687
4396.410149
4397.43579
4402.563995
4406.153738
4404.102456
4401.025533
4398.974251
4397.94861
4399.487072
4405.640918
4412.307584
4408.717841
4399.999892
4395.897328
4395.384508
4394.358867
4398.461431
4402.563995
4406.153738
4405.640918
4399.487072
4400.512713
4404.102456
4399.999892
4396.410149
4402.051174
4407.179379
4399.487072
4387.17938
4390.769123
4401.025533
4397.43579
4392.307585
4395.897328
4391.281944
4388.717841
4398.974251
4405.128097
4398.974251
4398.461431
4407.179379
4407.6922
4397.94861
4392.307585
4394.871687
4396.922969
4399.999892
4403.076815
4399.999892
4394.358867
4393.846046
4398.461431
4406.153738
4409.230661
4395.384508
4380.512713
4380.512713
4387.17938
4392.307585
4398.974251
4403.589636
4399.999892
4395.384508
4395.897328
4396.410149
4394.358867
4392.307585
4393.846046
4396.410149
4401.025533
4405.640918
4405.128097
4395.384508
4387.6922
4389.743482
4394.358867
4399.487072
4406.153738
4404.102456
4393.846046
4391.794764
4396.410149
4396.922969
4398.461431
4403.076815
4397.94861
4392.307585
4392.820405
4394.871687
4403.076815
4407.179379
4401.025533
4397.94861
4400.512713
4399.999892
4398.461431
4399.487072
4404.615277
4403.589636
4392.820405
4386.153739
4386.666559
4387.17938
4386.666559
4389.230662
4396.410149
4402.051174
4396.410149
4397.43579
4407.6922
4404.615277
4391.281944
4388.717841
4393.333226
4392.820405
4389.230662
4394.871687
4399.999892
4399.487072
4403.076815
4404.615277
4398.974251
4392.820405
4389.743482
4392.307585
4397.43579
4394.871687
4391.794764
4392.307585
4394.358867
4400.512713
4404.615277
4398.974251
4396.410149
4402.563995
4400.512713
4388.205021
4384.102457
4388.717841
4388.205021
4385.640918
4391.794764
4395.897328
4391.281944
4392.820405
4395.897328
4387.6922
4380.512713
4390.769123
4399.999892
4393.333226
4384.615277
4389.230662
4399.487072
4396.922969
4387.6922
4388.717841
4389.230662
4375.897329
4370.256303
4376.92297
4379.487072
4385.640918
4394.358867
4387.6922
4383.589636
4392.820405
4393.846046
4390.256303
4396.922969
4398.461431
4395.897328
4402.051174
4398.974251
4390.256303
4390.256303
4388.205021
4382.563995
4389.743482
4397.94861
4399.487072
4397.94861
4388.205021
4382.051175
4390.256303
4389.743482
4380.512713
4382.563995
4384.102457
4376.92297
4375.384508
4379.999893
4381.025534
4386.153739
4392.820405
4391.794764
4386.153739
4387.17938
4395.384508
4399.999892
4391.794764
4382.563995
4387.17938
4389.230662
4384.102457
4391.794764
4399.999892
4393.333226
4387.17938
4386.666559
4379.487072
4373.846047
4378.974252
4385.128098
4390.256303
4391.794764
4390.256303
4390.256303
4393.333226
4398.974251
4397.43579
4386.666559
4379.487072
4382.051175
4384.615277
4393.846046
4404.615277
4401.538354
4396.410149
4395.384508
4390.769123
4388.205021
4384.102457
4375.384508
4382.051175
4396.410149
4388.205021
4377.43579
4388.717841
4399.487072
4394.358867
4389.743482
4389.743482
4378.461431
4370.256303
4378.461431
4387.17938
4385.128098
4387.17938
4394.871687
4398.461431
4393.846046
4387.6922
4391.794764
4397.43579
4389.230662
4377.948611
4377.948611
4380.512713
4385.128098
4392.307585
4391.794764
4390.256303
4395.897328
4398.974251
4401.538354
4395.897328
4379.999893
4375.384508
4384.102457
4384.615277
4385.128098
4395.384508
4389.743482
4374.871688
4380.512713
4395.384508
4393.333226
4391.281944
4395.897328
4385.640918
4376.410149
4387.17938
4393.333226
4389.230662
4388.717841
4386.153739
4386.153739
4390.769123
4389.230662
4382.051175
4382.051175
4382.563995
4385.128098
4394.871687
4396.410149
4387.17938
4388.717841
4398.974251
4393.846046
4382.051175
4380.512713
4381.538354
4379.487072
4381.538354
4389.230662
4392.307585
4393.333226
4399.999892
4403.589636
4399.487072
4396.410149
4394.871687
4390.256303
4391.281944
4391.281944
4388.717841
4393.846046
4399.999892
4397.43579
4390.769123
4388.205021
4390.256303
4396.410149
4396.922969
4397.43579
4411.281943
4415.897328
4396.922969
4384.615277
4391.794764
4397.94861
4399.999892
4400.512713
4398.974251
4397.94861
4398.461431
4396.410149
4395.897328
4401.538354
4406.666559
4403.076815
4401.025533
4405.128097
4404.615277
4404.615277
4404.615277
4396.410149
4390.256303
4400.512713
4412.307584
4405.128097
4390.256303
4388.717841
4396.922969
4405.128097
4403.076815
4397.43579
4407.179379
4422.563994
4410.769123
4399.999892
4408.717841
4407.179379
4394.358867
4391.281944
4397.94861
4406.153738
4412.307584
4409.743482
4406.666559
4405.128097
4403.076815
4404.615277
4408.717841
4413.333225
4413.846046
4406.153738
4397.94861
4392.820405
4392.307585
4396.410149
4396.922969
4393.846046
4399.487072
4403.076815
4398.974251
4403.076815
4406.666559
4398.974251
4394.871687
4399.487072
4403.589636
4407.179379
4406.666559
4411.794764
4427.179379
4419.999892
4391.794764
4386.666559
4399.487072
4395.384508
4396.922969
4409.743482
4407.6922
4406.153738
4419.487071
4414.358866
4394.358867
4396.410149
4410.769123
4415.897328
4413.846046
4407.6922
4405.640918
4414.871687
4423.589635
4425.128097
4422.051174
4416.410148
4410.769123
4411.281943
4413.846046
4414.358866
4415.384507
4415.384507
4412.820405
4411.281943
4412.307584
4414.358866
4418.974251
4423.589635
4426.666558
4426.666558
4422.563994
4414.871687
4407.179379
4402.563995
4404.102456
4412.307584
4422.051174
4426.153738
4422.563994
4418.46143
4412.307584
4406.666559
4405.128097
4405.640918
4407.6922
4411.794764
4406.666559
4397.94861
4407.6922
4418.46143
4408.717841
4403.589636
4409.743482
4410.256302
4410.769123
4416.922969
4414.871687
4409.230661
4411.794764
4415.384507
4417.435789
4416.410148
4415.384507
4413.846046
4413.846046
4416.922969
4418.46143
4421.538353
4429.743481
4422.563994
4410.256302
4426.666558
4435.897327
4411.794764
4399.999892
4411.794764
4413.846046
4409.230661
4411.281943
4414.358866
4412.820405
4413.846046
4417.94861
4415.897328
4410.256302
4413.333225
4416.410148
4414.871687
4413.333225
4410.256302
4410.256302
4412.307584
4409.743482
4406.153738
4408.717841
4409.743482
4411.794764
4417.435789
4422.563994
4419.999892
4409.230661
4406.153738
4411.281943
4415.384507
4416.922969
4413.333225
4407.179379
4409.743482
4417.94861
4417.435789
4415.897328
4416.410148
4409.230661
4401.025533
4404.615277
4418.974251
4425.128097
4419.487071
4418.46143
4429.230661
4429.743481
4421.025533
4426.153738
4434.358866
4431.794763
4427.692199
4424.102456
4418.46143
4421.538353
4424.615276
4417.94861
4414.358866
4423.589635
4430.769122
4428.20502
4425.640917
4423.589635
4416.410148
4413.333225
4421.025533
4421.025533
4417.435789
4423.076815
4423.589635
4416.410148
4424.102456
4431.281943
4418.974251
4412.307584
4416.922969
4418.974251
4421.025533
4420.512712
4415.897328
4413.846046
4416.410148
4423.076815
4430.769122
4434.358866
4438.97425
4438.97425
4421.025533
4406.666559
4413.333225
4426.666558
4431.794763
4429.743481
4428.71784
4431.794763
4432.820404
4429.743481
4431.281943
4432.820404
4431.281943
4434.358866
4439.487071
4431.794763
4422.051174
4424.102456
4426.666558
4422.051174
4420.512712
4424.615276
4427.179379
4427.692199
4432.307584
4435.384507
4432.307584
4433.333225
4430.769122
4421.538353
4422.563994
4432.307584
4428.20502
4416.922969
4421.538353
4429.230661
4421.025533
4418.974251
4432.820404
4431.794763
4415.897328
4418.46143
4433.333225
4432.307584
4430.769122
4443.076814
4449.23066
4439.999891
4435.897327
4430.769122
4425.128097
4429.743481
4431.281943
4428.20502
4437.948609
4445.128096
4440.512712
4442.051173
4439.487071
4432.820404
4434.358866
4437.948609
4434.871686
4428.71784
4425.640917
4427.692199
4431.794763
4435.384507
4431.794763
4426.153738
4425.640917
4429.743481
4428.20502
4427.692199
4432.820404
4432.820404
4423.076815
4415.384507
4421.538353
4427.179379
4425.640917
4428.71784
4432.307584
4427.692199
4422.051174
4419.487071
4422.563994
4424.615276
4411.794764
4403.589636
4415.897328
4422.051174
4415.897328
4421.538353
4426.153738
4417.435789
4413.846046
4413.846046
4414.871687
4426.666558
4432.307584
4418.974251
4410.769123
4416.922969
4423.076815
4423.589635
4424.615276
4424.102456
4418.974251
4414.358866
4415.897328
4410.769123
4406.666559
4417.94861
4423.589635
4410.256302
4408.717841
4420.512712
4420.512712
4410.256302
4409.743482
4414.358866
4415.897328
4418.974251
4419.999892
4419.487071
4422.563994
4429.230661
4427.692199
4413.846046
4409.230661
4422.563994
4428.20502
4417.94861
4408.20502
4408.20502
4411.281943
4415.897328
4416.922969
4415.384507
4414.871687
4412.307584
4417.94861
4423.589635
4415.897328
4405.128097
4409.743482
4414.871687
4414.358866
4419.487071
4421.025533
4416.922969
4418.46143
4420.512712
4425.640917
4431.794763
4421.538353
4408.20502
4411.281943
4416.410148
4412.307584
4412.820405
4422.051174
4429.743481
4426.153738
4420.512712
4423.589635
4425.640917
4422.051174
4421.025533
4427.179379
4430.256302
4425.640917
4429.230661
4437.435789
4427.692199
4415.384507
4418.974251
4427.179379
4429.743481
4431.794763
4429.230661
4422.563994
4417.435789
4414.358866
4415.384507
4418.974251
4424.615276
4429.230661
4431.281943
4433.333225
4428.20502
4416.410148
4412.820405
4415.897328
4415.897328
4412.820405
4413.846046
4422.051174
4431.794763
4430.256302
4425.128097
4426.666558
4428.71784
4427.179379
4422.563994
4417.435789
4415.897328
4421.538353
4424.102456
4423.589635
4423.589635
4425.640917
4425.640917
4419.487071
4417.435789
4421.025533
4420.512712
4413.333225
4412.820405
4416.922969
4415.384507
4417.94861
4425.640917
4425.640917
4427.692199
4433.846045
4429.743481
4417.435789
4416.922969
4417.435789
4410.769123
4409.743482
4415.384507
4421.025533
4425.128097
4428.71784
4426.666558
4419.487071
4412.820405
4410.256302
4410.256302
4411.281943
4410.769123
4409.230661
4411.281943
4418.974251
4416.922969
4410.769123
4411.794764
4415.384507
4417.435789
4414.871687
4412.307584
4412.307584
4414.358866
4408.20502
4399.999892
4403.076815
4413.333225
4418.46143
4418.974251
4413.333225
4404.615277
4403.076815
4404.102456
4404.102456
4407.179379
4406.153738
4406.666559
4415.897328
4411.794764
4396.410149
4395.384508
4404.102456
4404.615277
4403.589636
4406.666559
4412.307584
4408.20502
4400.512713
4412.307584
4423.589635
4414.871687
4413.846046
4422.051174
4411.794764
4401.538354
4403.589636
4396.922969
4390.769123
4404.615277
4412.307584
4404.102456
4403.589636
4410.769123
4407.6922
4405.128097
4413.333225
4416.410148
4407.6922
4403.076815
4408.20502
4415.384507
4415.897328
4410.256302
4410.769123
4415.384507
4420.512712
4425.640917
4424.615276
4417.435789
4412.820405
4413.846046
4412.820405
4415.897328
4421.538353
4418.46143
4413.333225
4412.820405
4416.410148
4425.640917
4424.102456
4415.384507
4421.538353
4426.153738
4409.743482
4399.487072
4406.153738
4411.281943
4419.487071
4430.769122
4426.153738
4414.871687
4413.333225
4415.384507
4413.846046
4411.794764
4410.256302
4406.666559
4406.153738
4403.589636
4404.102456
4410.769123
4415.897328
4415.897328
4409.743482
4407.179379
4412.307584
4414.871687
4407.179379
4402.051174
4406.153738
4408.20502
4410.256302
4413.846046
4411.281943
4403.076815
4398.974251
4408.20502
4414.871687
4411.281943
4411.794764
4417.435789
4415.384507
4411.281943
4416.410148
4417.435789
4421.025533
4427.179379
4424.102456
4417.94861
4422.051174
4422.563994
4412.307584
4406.666559
4410.769123
4418.974251
4419.999892
4415.384507
4418.46143
