
4418.974251
4424.102456
4438.46143
4442.563994
4435.897327
4433.333225
4433.333225
4428.20502
4424.102456
4423.589635
4423.589635
4426.153738
4425.128097
4423.589635
4426.666558
4425.128097
4419.999892
4416.922969
4411.794764
4412.307584
4411.794764
4402.563995
4395.897328
4403.589636
4411.794764
4407.179379
4402.563995
4410.769123
4413.333225
4402.563995
4404.102456
4407.6922
4401.025533
4398.974251
4404.615277
4402.563995
4397.43579
4397.43579
4404.615277
4412.307584
4411.281943
4410.769123
4411.281943
4402.563995
4399.999892
4409.743482
4414.358866
4415.384507
4417.435789
4413.333225
4405.128097
4401.025533
4399.999892
4403.589636
4406.153738
4400.512713
4396.410149
4403.076815
4412.307584
4409.230661
4398.461431
4393.846046
4388.205021
4382.051175
4386.666559
4396.410149
4398.461431
4395.897328
4397.43579
4398.461431
4398.461431
4399.999892
4406.666559
4409.743482
4401.025533
4394.358867
4394.871687
4397.43579
4397.94861
4398.461431
4398.974251
4398.461431
4394.871687
4397.94861
4403.589636
4401.025533
4395.384508
4399.487072
4399.999892
4387.6922
4382.563995
4392.307585
4399.999892
4399.487072
4400.512713
4404.615277
4407.6922
4404.102456
4393.846046
4386.666559
4383.589636
4383.589636
4391.281944
4397.94861
4400.512713
4406.153738
4406.666559
4399.487072
4398.974251
4401.025533
4396.410149
4397.43579
4405.128097
4408.717841
4407.179379
4409.230661
4409.743482
4406.666559
4407.179379
4408.20502
4404.102456
4402.051174
4401.538354
4398.461431
4394.871687
4392.820405
4396.410149
4398.974251
4393.846046
4387.17938
4391.281944
4396.922969
4397.94861
4399.487072
4403.076815
4405.128097
4403.589636
4398.974251
4395.897328
4397.43579
4396.410149
4392.820405
4393.333226
4398.461431
4399.487072
4400.512713
4399.999892
4393.333226
4385.640918
4388.205021
4397.43579
4397.43579
4396.922969
4405.640918
4406.666559
4394.871687
4392.307585
4394.871687
4389.230662
4390.769123
4397.94861
4390.769123
4388.717841
4395.897328
4387.6922
4376.410149
4389.743482
4402.051174
4401.025533
4399.999892
4398.974251
4394.358867
4388.717841
4384.615277
4390.769123
4400.512713
4395.897328
4395.384508
4403.076815
4405.128097
4401.538354
4400.512713
4399.999892
4401.025533
4402.051174
4397.94861
4398.974251
4403.589636
4398.974251
4401.025533
4412.307584
4411.794764
4403.076815
4402.051174
4402.563995
4398.974251
4401.538354
4403.076815
4398.461431
4401.025533
4410.256302
4407.179379
4397.43579
4399.999892
4404.615277
4406.153738
4406.666559
4401.025533
4400.512713
4413.846046
4415.897328
4405.640918
4406.153738
4415.384507
4415.897328
4414.871687
4414.871687
4411.281943
4411.794764
4411.794764
4406.153738
4403.076815
4402.051174
4403.076815
4407.6922
4410.769123
4410.769123
4412.820405
4420.512712
4425.128097
4417.435789
4406.666559
4408.717841
4413.846046
4410.769123
4405.128097
4402.563995
4403.589636
4407.6922
4411.281943
4411.794764
4417.435789
4430.256302
4433.333225
4420.512712
4409.230661
4406.666559
4415.897328
4422.051174
4413.846046
4405.640918
4401.538354
4389.743482
4382.563995
4384.615277
4376.92297
4366.153739
4363.589637
4365.128098
4360.512714
4351.794765
4347.692201
4347.179381
4343.076817
4338.974253
4332.307586
4329.230663
4332.307586
4325.64092
4314.358869
4314.871689
4316.410151
4309.230664
4304.615279
4301.538356
4294.87169
4290.256305
4292.820408
4293.333228
4282.563998
4274.35887
4274.35887
4266.153742
4257.435793
4256.410152
4251.281947
4245.128101
4243.58964
4239.487076
4228.205025
4220.512717
4215.897333
4208.205025
4200.512718
4201.538359
4200.512718
4194.358872
4194.358872
4200.512718
4198.974256
4196.410154
4193.846051
4180.512718
4170.769129
4175.384513
4175.897334
4169.230667
4174.871693
4177.435795
4166.666565
4161.025539
4163.076821
4155.897334
4149.743488
4162.05118
4169.743488
4156.410155
4145.640924
4148.205027
4148.205027
4148.205027
4146.153745
4136.410155
4132.307591
4137.948617
4138.974258
4136.410155
4135.897335
4132.307591
4123.076822
4114.871694
4110.25631
4110.76913
4110.25631
4107.692207
4103.589643
4096.922977
4089.74349
4088.205028
4089.74349
4086.666567
4083.589644
4081.538362
4079.48708
4076.922977
4074.358875
4073.333234
4070.769131
4064.102465
4059.999901
4067.179388
4074.871695
4072.307593
4066.153747
4070.256311
4075.897336
4075.384516
4078.974259
4081.025541
4072.820413
4071.281952
4078.974259
4078.461439
4072.307593
4073.846054
4074.358875
4071.281952
4074.871695
4079.9999
4082.564003
4089.74349
4097.435797
4100.51272
4107.692207
4107.179387
4095.384515
4093.333233
4103.076823
4106.153746
4103.589643
4099.487079
4095.384515
4096.922977
4098.461438
4097.948618
4103.076823
4111.281951
4111.794771
4109.230669
4109.230669
4113.333233
4121.02554
4125.128104
4122.051181
4123.076822
4129.743489
4134.358873
4142.564001
4153.333232
4151.79477
4150.769129
4162.564001
4166.153744
4156.410155
4150.769129
4155.384514
4157.948616
4156.410155
4150.769129
4149.230668
4152.820411
4155.384514
4152.307591
4148.205027
4155.384514
4163.076821
4161.53836
4162.05118
4170.256308
4166.153744
4156.410155
4159.999898
4167.179385
4164.615283
4166.153744
4175.384513
4175.384513
4171.281949
4176.410154
4174.871693
4163.589642
4167.692206
4182.05118
4184.615282
4179.487077
4177.948616
4178.974257
4184.615282
4194.358872
4201.538359
4200.512718
4200.512718
4206.666564
4208.717846
4207.692205
4210.769128
4208.717846
4202.051179
4207.179384
4216.410153
4220.512717
4215.384512
4210.256307
4216.410153
4228.717845
4233.84605
4237.435794
4245.128101
4249.743486
4244.10246
4236.922973
4236.410153
4237.948614
4241.025537
4246.153742
4254.35887
4256.922973
4253.84605
4253.84605
4264.10246
4269.230665
4263.076819
4259.999896
4264.10246
4263.589639
4256.410152
4254.871691
4265.128101
4269.230665
4262.051178
4263.076819
4272.307588
4274.87169
4273.333229
4276.410152
4278.461434
4280.512716
4282.563998
4283.076818
4284.61528
4287.179382
4283.589639
4278.461434
4276.410152
4278.461434
4279.487075
4277.948613
4281.025536
4286.153741
4284.61528
4282.051177
4286.153741
4291.794767
4297.435792
4299.487074
4300.512715
4305.1281
4304.102459
4296.922972
4302.563997
4311.281946
4308.717843
4311.794766
4318.974253
4314.871689
4313.333228
4322.563997
4323.076817
4318.461433
4315.89733
4317.435792
4321.025535
4323.076817
4319.487074
4319.487074
4329.230663
4342.563996
4349.230663
4350.256304
4351.281945
4349.743483
4350.256304
4353.846047
4351.281945
4347.179381
4349.743483
4348.717842
4346.66656
4352.820406
4355.384509
4347.179381
4344.615278
4348.717842
4342.563996
4339.999894
4351.794765
4353.333227
4348.205022
4355.384509
4361.025534
4359.999893
4362.051175
4361.538355
4351.794765
4352.820406
4364.615278
4364.102457
4354.358868
4355.897329
4365.640919
4365.640919
4367.692201
4373.846047
4371.281944
4366.153739
4368.205021
4367.17938
4364.615278
4364.615278
4361.025534
4358.974252
4364.615278
4367.692201
4375.384508
4380.512713
4374.358867
4374.358867
4382.051175
4377.948611
4370.769124
4372.307585
4374.871688
4375.897329
4373.846047
4376.92297
4384.102457
4380.512713
4374.871688
4382.051175
4383.589636
4377.948611
4382.051175
4383.589636
4374.358867
4371.794765
4378.974252
4387.6922
4393.846046
4392.307585
4389.230662
4386.666559
4383.589636
4381.538354
4385.128098
4389.230662
4386.153739
4382.051175
4385.640918
4392.307585
4389.230662
4389.230662
4393.846046
4389.230662
4384.102457
4386.153739
4383.076816
4381.025534
4386.153739
4389.743482
4391.794764
4392.307585
4387.6922
4390.769123
4396.410149
4392.820405
4387.6922
4389.230662
4389.743482
4386.666559
4389.743482
4393.333226
4395.384508
4396.410149
4395.384508
4390.769123
4391.281944
4398.461431
4396.922969
4386.666559
4386.666559
4396.410149
4398.974251
4390.256303
4381.538354
4384.102457
4385.640918
4382.051175
4387.17938
4396.922969
4394.358867
4385.128098
4382.051175
4383.589636
4384.102457
4386.666559
4389.743482
4390.256303
4387.6922
4387.17938
4388.205021
4390.256303
4395.384508
4396.410149
4392.307585
4387.6922
4390.256303
4395.384508
4394.358867
4388.717841
4388.205021
4393.333226
4396.922969
4395.897328
4395.384508
4395.897328
4395.384508
4399.487072
4406.666559
4403.589636
4393.846046
4395.384508
4398.974251
4399.487072
4399.999892
4399.487072
4395.897328
4395.897328
4400.512713
4401.538354
4401.025533
4405.640918
4413.333225
4411.794764
4405.128097
4406.153738
4413.333225
4417.435789
4417.435789
4414.871687
4409.230661
4403.076815
4404.102456
4407.179379
4404.102456
4404.102456
4412.820405
4422.051174
4425.640917
4421.538353
4412.307584
4409.743482
4411.281943
4408.717841
4399.999892
4395.384508
4398.461431
4402.563995
4407.179379
4414.871687
4418.46143
4412.307584
4403.589636
4402.563995
4413.333225
4421.025533
4415.384507
4412.820405
4417.435789
4414.871687
4411.794764
4418.974251
4426.153738
4426.153738
4427.179379
4428.20502
4426.153738
4426.666558
4421.025533
4409.230661
4409.743482
4421.025533
4425.128097
4426.666558
4430.769122
4429.743481
4423.589635
4423.589635
4425.128097
4423.589635
4421.538353
4424.102456
4433.846045
4439.999891
4433.333225
4427.179379
4429.230661
4427.179379
4427.179379
4436.410148
4437.948609
4433.846045
4438.97425
4440.512712
4433.333225
4430.769122
4434.358866
4433.846045
4432.307584
4430.256302
4428.71784
4433.846045
4436.410148
4433.333225
4429.230661
4432.307584
4436.922968
4435.897327
4432.820404
4436.410148
4439.999891
4431.794763
4424.615276
4433.846045
4444.102455
4436.922968
4424.615276
4425.640917
4434.358866
4437.948609
4433.333225
4427.692199
4429.230661
4429.743481
4423.076815
4416.922969
4419.487071
4426.153738
4429.230661
4428.71784
4434.358866
4437.948609
4431.281943
4426.666558
4431.281943
4430.256302
4422.563994
4424.102456
4433.333225
4437.948609
4434.871686
4435.897327
4441.025532
4442.051173
4441.025532
4444.615276
4443.589635
4432.307584
4424.102456
4425.640917
4432.307584
4435.897327
4434.358866
4429.743481
4430.769122
4436.410148
4443.076814
4448.205019
4446.666558
4439.487071
4439.487071
4443.589635
4443.589635
4442.563994
4443.076814
4440.512712
4438.97425
4442.563994
4449.23066
4455.384506
4459.48707
4461.538352
4454.871686
4448.205019
4450.256301
4449.23066
4441.538353
4443.076814
4453.333224
4459.999891
4460.512711
4461.025532
4463.589634
4463.589634
4461.538352
4462.563993
4462.051173
4455.384506
4449.743481
4450.769122
4456.922968
4458.97425
4457.435788
4453.333224
4452.820404
4458.97425
4457.435788
4449.743481
4451.794763
4454.358865
4447.179378
4447.179378
4456.922968
4463.589634
4461.025532
4461.025532
4466.153737
4462.051173
4451.281942
4453.846045
4459.999891
4457.948609
4451.794763
4444.615276
4448.71784
4461.025532
4466.666557
4468.717839
4470.256301
4460.512711
4449.743481
4446.666558
4444.102455
4447.692199
4459.999891
4461.538352
4456.410147
4457.948609
4462.563993
4463.589634
4463.589634
4460.512711
4458.97425
4459.999891
4457.948609
4453.333224
4452.307583
4455.897327
4455.897327
4456.410147
4463.076814
4469.23066
4464.102455
4457.435788
4459.48707
4459.999891
4455.897327
4455.384506
4456.410147
4455.384506
4457.435788
4457.948609
4454.871686
4451.281942
4447.692199
4447.179378
4449.743481
4444.615276
4438.97425
4444.102455
4447.692199
4447.179378
4455.897327
4464.102455
4460.512711
4457.948609
4458.461429
4456.410147
4451.794763
4451.281942
4451.794763
4449.743481
4450.769122
4453.846045
4453.846045
4457.948609
4464.615275
4461.025532
4453.846045
4455.897327
4456.922968
4454.871686
4457.948609
4460.512711
4461.025532
4461.025532
4462.563993
4466.153737
4469.23066
4468.717839
4466.153737
4467.179378
4467.179378
4460.512711
4456.410147
4462.051173
4466.153737
4460.512711
4456.410147
4455.897327
4455.897327
4461.538352
4464.615275
4455.384506
4447.179378
4448.71784
4449.23066
4445.128096
4444.102455
4449.743481
4453.333224
4449.23066
4446.666558
4447.179378
4447.692199
4450.769122
4451.794763
4445.640917
4446.153737
4442.051173
4432.820404
4438.46143
4449.23066
4448.205019
4446.153737
4443.589635
4439.999891
4443.076814
4450.256301
4456.922968
4459.48707
4454.871686
4448.205019
4448.71784
4454.358865
4461.025532
4463.589634
4462.051173
4459.48707
4459.48707
4460.512711
4457.948609
4453.846045
4449.23066
4448.71784
4454.358865
4457.435788
4456.410147
4460.512711
4463.076814
4458.97425
4453.333224
4449.23066
4443.589635
4441.538353
4442.563994
4444.102455
4441.538353
4439.487071
4442.051173
4446.666558
4449.743481
4452.307583
4456.410147
4457.948609
4460.512711
4457.948609
4451.281942
4449.23066
4453.846045
4455.384506
4450.769122
4450.256301
4452.820404
4453.846045
4454.871686
4457.435788
4459.48707
4456.410147
4450.769122
4452.307583
4456.410147
4453.333224
4450.256301
4457.948609
4463.589634
4461.538352
4461.538352
4463.589634
4459.48707
4458.461429
4463.076814
4459.48707
4451.794763
4453.333224
4459.48707
4461.538352
4463.589634
4462.051173
4461.025532
4465.128096
4464.102455
4458.97425
4462.563993
4467.179378
4462.563993
4458.461429
4457.435788
4456.410147
4453.846045
4451.281942
4454.358865
4461.538352
4460.512711
4453.333224
4451.281942
4454.358865
4452.307583
4446.153737
4446.666558
4459.999891
4468.205019
4459.48707
4450.256301
4451.794763
4451.794763
4448.205019
4450.256301
4451.281942
4449.743481
4450.769122
4451.281942
4447.179378
4445.128096
4445.640917
4447.692199
4450.256301
4448.205019
4445.128096
4449.743481
4450.256301
4445.128096
4446.666558
4448.71784
4444.102455
4444.615276
4448.205019
4438.46143
4427.692199
4430.769122
4437.948609
4436.410148
4431.794763
4433.846045
4441.025532
4448.205019
4450.769122
4447.179378
4444.615276
4444.615276
4436.410148
4426.153738
4428.71784
4434.358866
4434.358866
4439.999891
4447.179378
4444.102455
4436.410148
4435.384507
4436.922968
4432.307584
4424.102456
4423.589635
4430.769122
4434.871686
4430.769122
4425.640917
4428.20502
4430.769122
4423.589635
4418.46143
4430.256302
4444.102455
4449.23066
4447.179378
4443.589635
4445.128096
4450.256301
4445.128096
4437.435789
4438.46143
4441.025532
4445.128096
4446.666558
4447.179378
4447.179378
4446.153737
4448.71784
4454.358865
4452.307583
4444.615276
4441.025532
4441.025532
4441.025532
4442.051173
4447.179378
4456.922968
4462.563993
4457.948609
4452.307583
4454.358865
4452.820404
4443.589635
4448.71784
4463.589634
4464.102455
4460.512711
4468.205019
4465.128096
4453.333224
4458.97425
4471.281942
4468.205019
4461.025532
4464.102455
4460.512711
4449.23066
4448.205019
4455.897327
4455.384506
4450.256301
4447.692199
4447.179378
4443.589635
4439.487071
4443.076814
4448.71784
4444.615276
4441.025532
4447.179378
4449.23066
4447.692199
4451.281942
4452.307583
4453.333224
4459.48707
4456.922968
4447.179378
4448.205019
4459.999891
4463.076814
4461.025532
4461.538352
4462.563993
4462.563993
4461.538352
4458.97425
4455.897327
4457.948609
4462.051173
4462.051173
4457.948609
4457.435788
4462.563993
4467.179378
4469.74348
4475.897326
4482.051172
4479.99989
4479.99989
4484.615275
4483.589634
4480.512711
4482.563993
4481.538352
4478.461429
4480.512711
4479.99989
4472.307583
4465.128096
4458.97425
4455.897327
4452.820404
4448.205019
4445.640917
4448.71784
4452.820404
4451.794763
4449.743481
4444.102455
4434.871686
4430.769122
4430.769122
4425.640917
4418.974251
4418.974251
4423.076815
4423.076815
4424.102456
4424.615276
4420.512712
4416.410148
4411.794764
4404.615277
4402.563995
4409.743482
4412.820405
4414.871687
4417.94861
4419.487071
4419.487071
4416.922969
4412.820405
4415.897328
4429.230661
4442.563994
4442.563994
4434.871686
4433.846045
4437.948609
4435.897327
4429.743481
4427.692199
4429.230661
4434.871686
4440.512712
4443.589635
4446.666558
4450.256301
4447.179378
4445.640917
4451.281942
4458.461429
4461.538352
4457.948609
4461.538352
4471.794762
4468.717839
4455.897327
4455.897327
4451.794763
4436.410148
4428.20502
4429.230661
4428.71784
4431.794763
4436.410148
4434.871686
4431.794763
4430.769122
4429.743481
4427.692199
4423.076815
4414.358866
4409.230661
4410.769123
4412.820405
4410.769123
4411.281943
4413.333225
4408.717841
4398.461431
4395.897328
4402.051174
4401.538354
4398.461431
4401.538354
4398.974251
4389.230662
4392.820405
4407.179379
4418.46143
4422.051174
4418.46143
4413.333225
4419.999892
4427.692199
4427.692199
4425.640917
4425.640917
4429.743481
4437.435789
4444.615276
4446.666558
4449.743481
4452.820404
4457.948609
4467.179378
4473.333224
4471.794762
4472.307583
4475.897326
4475.384506
4468.717839
4461.538352
4455.897327
4463.589634
4477.435788
4478.461429
4476.922967
4487.692198
4494.358864
4489.74348
4491.794762
4494.871685
4492.307582
4487.179377
4477.948608
4467.179378
4456.410147
4441.025532
4434.358866
4440.512712
4437.435789
4432.307584
4442.563994
4454.358865
4456.922968
4463.076814
4463.076814
4450.256301
4437.948609
4431.281943
4421.025533
4406.666559
4389.743482
4379.487072
4378.974252
4379.999893
4382.563995
4384.615277
4376.92297
4365.640919
4362.563996
4362.051175
4364.615278
4374.871688
4382.051175
4378.974252
4380.512713
4393.333226
4404.102456
4408.20502
4414.871687
4419.999892
4415.897328
4412.307584
4417.94861
4426.153738
4424.615276
4419.999892
4410.256302
4389.743482
4369.743483
4351.794765
4325.64092
4304.102459
4295.38451
4288.205023
4280.512716
4274.87169
4268.717844
4266.666562
4277.948613
4302.051177
4334.358868
4355.897329
4366.66656
4395.897328
4441.025532
4462.563993
4454.358865
4446.153737
4446.666558
4449.743481
4465.640916
4498.974249
4534.871684
4553.333222
4546.153735
4518.461428
4482.051172
4446.666558
4420.512712
4411.794764
4411.281943
4402.051174
4383.589636
4383.076816
4393.333226
4390.769123
4384.102457
4385.640918
4391.281944
4400.512713
4408.20502
4405.640918
4412.307584
4423.589635
4417.94861
4412.307584
4423.076815
4429.743481
4425.640917
4416.922969
4405.128097
4404.615277
4417.94861
4425.128097
4426.666558
4428.20502
4422.051174
4416.410148
4418.974251
4422.051174
4429.743481
4445.128096
4446.153737
4434.358866
4425.640917
4421.025533
4416.410148
4415.384507
4415.384507
4415.384507
4415.384507
4408.20502
4399.487072
4398.974251
4401.025533
4401.538354
4407.179379
4413.846046
4416.410148
4418.46143
4423.076815
4424.615276
4424.102456
4422.563994
4422.563994
4429.743481
4430.256302
4413.333225
4399.487072
4399.999892
4395.897328
4387.17938
4391.281944
4403.589636
4413.846046
4417.94861
4413.846046
4409.743482
4410.256302
4405.640918
4392.307585
4384.615277
4390.769123
4399.999892
4401.025533
4397.43579
4401.538354
4409.230661
4414.358866
4418.974251
4419.487071
4412.307584
4410.256302
4408.717841
4398.461431
4395.897328
4409.743482
4417.435789
4414.358866
4416.922969
4427.179379
4428.71784
4421.538353
4425.128097
4432.820404
4431.281943
4427.692199
4428.71784
4423.589635
4419.487071
4421.025533
4420.512712
4418.974251
4421.538353
4419.487071
4413.846046
4414.358866
4419.487071
4425.640917
4430.256302
4429.230661
4425.640917
4429.743481
4441.025532
4442.563994
4429.230661
4422.051174
4425.128097
4422.563994
4415.897328
4419.487071
4427.692199
4423.589635
4411.794764
4413.333225
4425.640917
4426.666558
4421.538353
4424.615276
4428.20502
4425.640917
4421.025533
4419.487071
4425.640917
4430.256302
4426.153738
4425.640917
4431.281943
4427.179379
4415.384507
4415.384507
4423.076815
4429.743481
4425.128097
4412.307584
4410.769123
4421.538353
4425.128097
4423.076815
4428.71784
4435.897327
4437.435789
4432.307584
4428.71784
4433.333225
4431.281943
4418.46143
4416.410148
4422.563994
4415.897328
4406.666559
4410.256302
4412.307584
4410.769123
4411.794764
4411.281943
4409.230661
4410.769123
4410.256302
4408.717841
4408.20502
4406.666559
4408.20502
4414.871687
4415.897328
4408.20502
4407.179379
4407.179379
4401.025533
4394.871687
4396.922969
4401.025533
4403.589636
4406.153738
4410.256302
4414.358866
4414.358866
4412.307584
4408.717841
4402.563995
4399.999892
4406.666559
4418.974251
4421.538353
4413.846046
4416.922969
4423.589635
4419.487071
4416.410148
4413.846046
4403.589636
4403.076815
4411.794764
4415.897328
4421.538353
4429.230661
4430.256302
4430.256302
4433.846045
4429.230661
4417.94861
4411.794764
4411.281943
4409.230661
4409.230661
4412.820405
4414.358866
4415.897328
4422.563994
4432.307584
4433.846045
4427.692199
4429.230661
4434.358866
4429.230661
4421.025533
4423.589635
4428.20502
4428.20502
4427.179379
4428.20502
4431.794763
4431.281943
4425.640917
4423.076815
4426.666558
4428.20502
4427.692199
4427.692199
4418.46143
4411.794764
4415.897328
4419.999892
4417.94861
4419.999892
4421.025533
4414.358866
4408.717841
4406.153738
4407.6922
4411.281943
4411.794764
4410.769123
4411.281943
4411.794764
4411.794764
4415.897328
4422.051174
4423.589635
4425.640917
4424.615276
4422.563994
4421.025533
4420.512712
4413.846046
4408.717841
4413.846046
4419.487071
4422.563994
4427.179379
4432.820404
4432.820404
4432.820404
4432.820404
4425.640917
4418.974251
4421.538353
4425.640917
4426.153738
4427.692199
4432.820404
4434.358866
4429.743481
4424.102456
4426.153738
4428.20502
4425.640917
4423.589635
4423.589635
4424.102456
4425.128097
4428.20502
4430.769122
4431.281943
4428.20502
4425.640917
4429.743481
4438.97425
4446.153737
4445.128096
4434.358866
4428.20502
4436.410148
4440.512712
4431.794763
4429.743481
4438.46143
4439.487071
4435.897327
4437.948609
4443.076814
4441.538353
4440.512712
4441.538353
4437.435789
4432.820404
4435.384507
4443.076814
4446.666558
4446.153737
4442.563994
4437.435789
4431.794763
4431.794763
4434.871686
4431.794763
4426.153738
4428.20502
4436.410148
4437.948609
4433.846045
4436.410148
4438.97425
4430.256302
4422.051174
4430.256302
4442.563994
4438.46143
4428.20502
4427.692199
4437.435789
4441.538353
4437.435789
4430.769122
4424.615276
4421.025533
4422.051174
4426.153738
4424.615276
4422.563994
4428.71784
4430.256302
4424.102456
4422.563994
4417.435789
4414.358866
4419.999892
4426.666558
4429.230661
4437.435789
4443.076814
4434.871686
4430.256302
4433.333225
4434.358866
4430.256302
4430.256302
4432.307584
4427.179379
4421.025533
4423.076815
4426.666558
4428.71784
4434.358866
4437.435789
4432.307584
4430.256302
4431.281943
4427.179379
4422.051174
4421.025533
4425.640917
4434.358866
4433.333225
4424.615276
4425.640917
4429.743481
4432.820404
4435.897327
4435.897327
4432.307584
4432.820404
4430.256302
4427.692199
4431.794763
4431.794763
4427.179379
4427.692199
4428.20502
4430.256302
4439.999891
4441.025532
4433.333225
4430.256302
4428.20502
4424.102456
4427.179379
4432.307584
4431.281943
4427.692199
4426.153738
4424.102456
4423.076815
4432.307584
4441.538353
4436.922968
4431.281943
4434.871686
4432.820404
4430.256302
4427.179379
4419.999892
4421.538353
4429.743481
4428.71784
4431.794763
4441.025532
4442.563994
4442.051173
4440.512712
4433.333225
4426.666558
4426.666558
4429.743481
4431.281943
4426.666558
4423.076815
4424.615276
4423.076815
4417.94861
4419.487071
4425.128097
4426.153738
4423.589635
4428.20502
4432.307584
4427.692199
4424.102456
4429.743481
4431.281943
4429.743481
4435.384507
4441.025532
4439.999891
4438.46143
4437.948609
4430.769122
4431.281943
4439.487071
4444.615276
4445.640917
4442.051173
4438.46143
4441.025532
4446.666558
4443.589635
4439.487071
4442.051173
4446.153737
4444.102455
4442.563994
4449.23066
4452.820404
4446.666558
4445.640917
4452.820404
4452.307583
4444.102455
4442.563994
4447.692199
4455.384506
4463.076814
4462.563993
4462.051173
4462.051173
4455.384506
4451.281942
4457.948609
4458.461429
4451.281942
4448.71784
4447.692199
4447.179378
4449.23066
4445.128096
4435.897327
4431.281943
4434.871686
4434.871686
4425.640917
4423.076815
4424.615276
4419.487071
4414.871687
4411.794764
4399.999892
4399.487072
4411.794764
4418.974251
4422.563994
4425.640917
4420.512712
4414.871687
4414.358866
4408.717841
4397.94861
4392.307585
4398.974251
4408.717841
4413.333225
4415.384507
4422.563994
4424.615276
4417.94861
4414.358866
4415.897328
4419.999892
4426.666558
4431.794763
4430.769122
4425.128097
4415.897328
4408.717841
4411.281943
4412.820405
4406.153738
4405.640918
4410.769123
4408.717841
4406.666559
4418.974251
4424.615276
4419.487071
4427.692199
4435.897327
4430.769122
4426.153738
4428.71784
4425.640917
4419.999892
4414.871687
4413.846046
4413.333225
4408.717841
4405.640918
4410.769123
4413.333225
4408.20502
4404.102456
4411.281943
4417.435789
4408.20502
4402.051174
4406.153738
4408.20502
4408.20502
4416.922969
4420.512712
4417.435789
4419.487071
4422.051174
4416.922969
4414.871687
4424.102456
4430.769122
4429.230661
4425.640917
4427.692199
4430.256302
4430.769122
4433.846045
4437.435789
4430.769122
4420.512712
4418.46143
4422.563994
4422.051174
4419.487071
4421.025533
4426.153738
4426.666558
4423.076815
4420.512712
4417.435789
4415.384507
4413.846046
4412.820405
4416.410148
4419.487071
4415.384507
4413.846046
4416.410148
4415.384507
4412.820405
4414.358866
4413.333225
4414.871687
4417.94861
4414.871687
4413.333225
4414.871687
4411.794764
4409.743482
4416.922969
4416.922969
4410.769123
4413.846046
4418.46143
4416.922969
4413.333225
4410.769123
4411.794764
4406.153738
4395.897328
4401.025533
4411.281943
4410.256302
4410.769123
4419.999892
4417.94861
4413.846046
4415.897328
4411.281943
4405.640918
4410.256302
4419.487071
4424.102456
4422.051174
4415.897328
4410.769123
4411.794764
4415.384507
4413.846046
4409.743482
4409.743482
4413.846046
4414.358866
4409.743482
4407.179379
4412.820405
4417.435789
4415.897328
4414.871687
4420.512712
4427.179379
4422.563994
4409.230661
4406.153738
4415.897328
4417.435789
4407.179379
4402.563995
4409.743482
4412.307584
4410.256302
4409.743482
4408.20502
4404.615277
4408.20502
4412.307584
4412.307584
4412.307584
4410.769123
4413.333225
4422.563994
4427.692199
4425.128097
4428.20502
4432.820404
4429.230661
4424.102456
4423.589635
4425.128097
4427.179379
4428.20502
4427.179379
4428.71784
4432.307584
4431.281943
4428.71784
4430.256302
4431.794763
4432.820404
4436.922968
4439.999891
4435.384507
4428.71784
4426.153738
4427.692199
4431.794763
4434.871686
4433.846045
4437.435789
4442.563994
4435.897327
4431.281943
4434.358866
4433.846045
4431.794763
4438.97425
4442.051173
4432.307584
4425.640917
4431.794763
4437.435789
4432.820404
4429.230661
4430.769122
4428.20502
4423.076815
4422.051174
4425.640917
4427.692199
4429.230661
4428.20502
4424.102456
4425.640917
4427.179379
4419.999892
4416.410148
4425.640917
4424.615276
4412.820405
4413.333225
4422.563994
4430.256302
4430.769122
4422.563994
4418.974251
4425.128097
4424.615276
4421.538353
4422.563994
4417.435789
4412.820405
4415.897328
4417.94861
4421.025533
4428.71784
4429.743481
4426.153738
4423.076815
4418.46143
4416.922969
4417.94861
4415.897328
4421.538353
4428.20502
4427.692199
4431.281943
4438.97425
4433.846045
4426.666558
4427.179379
4430.256302
4431.281943
4428.20502
4425.640917
4424.102456
4423.589635
4426.153738
4431.281943
4431.281943
4428.20502
4427.692199
4426.666558
4420.512712
4414.871687
4414.871687
4421.025533
4427.692199
4431.281943
4435.384507
4437.435789
4432.820404
4428.20502
4425.640917
4419.999892
4420.512712
4424.102456
4416.410148
4411.281943
4419.999892
4426.153738
4431.281943
4439.999891
4445.128096
4444.102455
4442.051173
4438.97425
4432.820404
4429.230661
4430.256302
4432.820404
4430.769122
4433.333225
4441.538353
4444.102455
4444.615276
4447.692199
4443.589635
4436.410148
4437.435789
4442.051173
4442.563994
4441.538353
4441.025532
4441.538353
4445.640917
4446.153737
4446.153737
4452.307583
4456.922968
4450.256301
4443.589635
4446.666558
4447.692199
4440.512712
4434.358866
4435.384507
4437.948609
4433.333225
4425.640917
4428.71784
4432.820404
4432.307584
4438.97425
4451.281942
4451.281942
4446.153737
4447.692199
4449.743481
4445.640917
4441.538353
4438.46143
4436.410148
4431.281943
4427.179379
4427.692199
4426.666558
4423.589635
4424.615276
4430.256302
4430.769122
4424.615276
4419.999892
4421.025533
4414.358866
4404.102456
4401.025533
4406.153738
4406.666559
4403.076815
4401.025533
4399.487072
4397.94861
4398.461431
4401.025533
4404.615277
4407.6922
4407.6922
4408.717841
4414.358866
4418.46143
4414.871687
4411.281943
4408.20502
4406.153738
4404.102456
4401.538354
4396.922969
4394.871687
4399.999892
4400.512713
4391.281944
4384.102457
4386.153739
4390.256303
4394.871687
4397.43579
4397.94861
4399.487072
4397.94861
4392.820405
4391.794764
4390.256303
4382.563995
4377.948611
4379.487072
4383.589636
4385.640918
4382.051175
4378.461431
4381.025534
4380.512713
4374.358867
4373.333226
4379.487072
4381.025534
4380.512713
4382.051175
4382.563995
4381.538354
4380.512713
4382.051175
4385.128098
4388.717841
4389.743482
4389.230662
4389.743482
4392.307585
4387.6922
4377.43579
4373.333226
4370.256303
4362.563996
4364.102457
4374.871688
4376.92297
4370.769124
4371.281944
4373.846047
4365.640919
4359.999893
4364.102457
4369.230662
4375.384508
4382.563995
4384.102457
4384.615277
4387.17938
4388.717841
4388.717841
4385.640918
4382.563995
4386.666559
4389.230662
4386.666559
4388.717841
4395.897328
4394.871687
4387.17938
4388.205021
4393.846046
4398.974251
4403.076815
4404.615277
4400.512713
4395.897328
4393.846046
4395.384508
4399.487072
4397.94861
4397.94861
4406.153738
4412.307584
4413.333225
4412.820405
4411.281943
4409.743482
4410.256302
4413.333225
4420.512712
4427.692199
4428.71784
4433.333225
4442.051173
4443.076814
4441.025532
4443.589635
4446.153737
4444.615276
4445.128096
4443.589635
4437.435789
4433.846045
4437.435789
4441.538353
4445.128096
4445.640917
4443.589635
4444.615276
4444.102455
4438.46143
4432.820404
4430.769122
4423.076815
4411.281943
4406.153738
4409.230661
4405.128097
4396.922969
4395.897328
4398.461431
4394.358867
4393.333226
4396.922969
4396.410149
4396.922969
4405.640918
4415.897328
4418.974251
4419.487071
4423.076815
4426.666558
4430.769122
4436.410148
4440.512712
4443.589635
4446.153737
4451.794763
4457.948609
4469.23066
4479.48707
4478.974249
4480.512711
4488.205018
4492.307582
4494.871685
4507.179377
4520.51271
4526.666556
4529.230658
4532.307581
4531.794761
4521.538351
4505.128095
4501.538351
4502.051172
4488.717839
4469.74348
4459.999891
4459.999891
4455.384506
4440.512712
4427.692199
4425.128097
4419.999892
4412.307584
4407.6922
4396.922969
4377.43579
4366.66656
4359.999893
4346.15374
4334.871689
4334.358868
4331.794766
4325.128099
4324.102458
4326.15374
4326.666561
4323.076817
4316.410151
4314.871689
4320.512715
4325.64092
4332.307586
4345.128099
4361.025534
4372.307585
4376.410149
4377.948611
4384.615277
4385.640918
4383.589636
4389.230662
4394.871687
4394.358867
4393.333226
4394.358867
4394.871687
4403.589636
4409.230661
4410.769123
4416.410148
4412.820405
4401.025533
4398.461431
4401.025533
4406.666559
4426.666558
4450.769122
4462.051173
4464.615275
4464.102455
4456.922968
4445.128096
4437.435789
4435.384507
4425.128097
4413.333225
4412.307584
4413.333225
4410.769123
4414.871687
4417.435789
4411.281943
4409.743482
4412.820405
4410.769123
4406.666559
4404.615277
4402.051174
4398.974251
4393.846046
4387.17938
4379.487072
4372.820406
4363.076816
4352.307586
4341.538355
4328.205022
4308.205023
4286.666562
4263.076819
4231.794768
4197.435795
4168.205026
4141.02554
4113.333233
4092.307592
4078.974259
4079.9999
4088.205028
4103.076823
4126.153745
4169.743488
4227.692204
4282.563998
4326.666561
4368.717842
4393.846046
4390.769123
4393.846046
4408.20502
4416.410148
4424.615276
4439.999891
4451.281942
4462.563993
4474.358865
4481.538352
4482.563993
4492.820403
4515.384505
4532.307581
4544.102453
4567.692196
4593.846042
4605.128093
4607.179375
4595.897324
4578.461427
4566.153734
4563.076811
4561.025529
4556.922965
4550.769119
4537.435786
4517.948607
4501.538351
4490.2563
4482.563993
4485.640916
4488.717839
4488.205018
4491.281941
4502.563992
4510.2563
4497.435787
4468.717839
4454.871686
4451.794763
4439.999891
4436.410148
4444.615276
4442.051173
4438.97425
4446.153737
4449.23066
4451.794763
4460.512711
4467.692198
4471.281942
4469.23066
4457.948609
4447.179378
4441.538353
4435.897327
4427.692199
4420.512712
4412.307584
4397.43579
4382.563995
4365.128098
4344.615278
4335.89733
4339.999894
4335.89733
4329.743484
4332.820407
4334.871689
4336.41015
4350.256304
4359.999893
4359.999893
4362.563996
4366.66656
4363.589637
4364.102457
4370.769124
4370.256303
4372.307585
4377.948611
4376.410149
4374.358867
4380.512713
4381.538354
4377.948611
4379.999893
4383.589636
4384.102457
4386.153739
4388.717841
4391.281944
4387.6922
4384.102457
4388.717841
4392.307585
4389.743482
4392.307585
4395.897328
4385.640918
4384.102457
4394.358867
4397.94861
4399.999892
4407.6922
4406.666559
4399.999892
4396.922969
4395.897328
4395.897328
4395.384508
4399.999892
4410.769123
4413.846046
4409.230661
4414.871687
4418.46143
4413.846046
4415.384507
4421.025533
4420.512712
4419.487071
4418.46143
4418.46143
4418.974251
4415.384507
4413.846046
4421.025533
4419.487071
4406.153738
4405.128097
4413.333225
4414.358866
4414.358866
4419.999892
4418.46143
4414.358866
4415.897328
4417.435789
4418.46143
4421.025533
4425.640917
4431.794763
4429.743481
4420.512712
4424.615276
4431.794763
4425.640917
4418.46143
4424.615276
4429.743481
4422.563994
4413.846046
4417.435789
4421.538353
4421.538353
4425.128097
4423.589635
4418.974251
4417.94861
4411.794764
4401.025533
4400.512713
4398.974251
4393.333226
4398.461431
4404.615277
4392.820405
4384.102457
4381.538354
4373.846047
4372.820406
4383.589636
4394.358867
4397.43579
4394.871687
4394.358867
4394.358867
4393.333226
4399.487072
4405.640918
4403.589636
4405.640918
4414.871687
4414.358866
4408.717841
4409.230661
4414.871687
4419.999892
4424.615276
4428.71784
4429.230661
4431.281943
4432.307584
4433.333225
4435.897327
4441.538353
4445.640917
4451.281942
4451.794763
4449.743481
4451.281942
4452.307583
4446.666558
4437.948609
4434.358866
4425.640917
4401.025533
4387.17938
4398.461431
4402.051174
4390.256303
4389.230662
4396.922969
4383.589636
4370.769124
4380.512713
