
4641.538348
4647.179374
4649.743476
4649.743476
4650.769117
4648.205015
4647.692194
4648.205015
4645.128092
4642.051169
4644.615271
4645.128092
4638.461425
4639.999887
4645.128092
4642.563989
4638.461425
4642.051169
4639.487066
4636.410143
4639.999887
4636.410143
4630.256297
4639.487066
4647.692194
4635.897323
4630.256297
4642.051169
4641.025528
4634.358861
4644.102451
4650.256297
4639.487066
4635.384502
4641.538348
4640.512707
4635.897323
4637.435784
4643.58963
4644.102451
4644.102451
4649.743476
4645.640912
4633.846041
4635.384502
4643.58963
4640.512707
4641.025528
4649.743476
4647.692194
4641.538348
4644.102451
4644.102451
4640.512707
4644.615271
4645.640912
4638.461425
4639.999887
4644.615271
4641.025528
4641.025528
4646.153733
4645.128092
4639.999887
4637.948605
4638.974246
4638.974246
4633.846041
4634.871682
4642.051169
4641.025528
4636.410143
4643.07681
4645.640912
4636.922964
4632.8204
4637.948605
4641.025528
4638.974246
4637.948605
4639.999887
4641.025528
4639.999887
4642.563989
4642.563989
4638.461425
4637.435784
4641.538348
4637.948605
4630.769118
4631.794759
4637.948605
4637.435784
4635.384502
4640.512707
4645.640912
4641.025528
4637.435784
4640.512707
4636.410143
4627.692195
4629.230656
4636.922964
4635.384502
4632.307579
4637.435784
4642.051169
4641.538348
4640.512707
4639.487066
4636.922964
4634.358861
4633.846041
4636.922964
4639.487066
4636.922964
4637.948605
4644.615271
4644.102451
4641.025528
4642.563989
4642.051169
4637.435784
4631.794759
4630.769118
4634.871682
4639.487066
4636.922964
4631.794759
4632.307579
4639.487066
4642.051169
4638.461425
4638.461425
4637.435784
4629.743477
4631.794759
4637.435784
4634.358861
4634.358861
4638.974246
4636.410143
4636.410143
4640.512707
4636.922964
4634.358861
4633.846041
4625.640913
4618.461426
4630.256297
4645.128092
4642.563989
4635.897323
4641.025528
4640.512707
4632.8204
4631.794759
4630.256297
4627.179374
4628.717836
4629.230656
4627.179374
4632.307579
4629.230656
4619.999887
4626.666554
4636.410143
4634.358861
4636.410143
4637.435784
4627.692195
4625.128092
4631.794759
4631.794759
4634.871682
4638.461425
4635.384502
4636.410143
4636.922964
4631.794759
4631.281938
4632.307579
4629.230656
4628.205015
4629.743477
4631.281938
4635.897323
4636.922964
4632.307579
4631.281938
4634.871682
4633.846041
4628.717836
4631.281938
4636.410143
4631.281938
4631.281938
4639.999887
4639.487066
4634.871682
4638.974246
4636.410143
4628.205015
4628.717836
4632.8204
4635.897323
4635.384502
4631.281938
4632.8204
4638.461425
4638.461425
4636.922964
4639.487066
4642.051169
4640.512707
4642.051169
4640.512707
4637.435784
4642.051169
4639.999887
4630.769118
4632.8204
4639.487066
4636.922964
4634.871682
4636.410143
4635.897323
4637.948605
4642.051169
4644.615271
4641.025528
4636.410143
4638.461425
4642.051169
4641.025528
4636.410143
4629.743477
4629.230656
4634.871682
4633.846041
4632.8204
4644.615271
4655.897322
4653.33322
4642.563989
4637.435784
4639.487066
4644.102451
4638.974246
4630.256297
4630.256297
4629.743477
4623.07681
4624.102451
4626.666554
4616.922964
4607.692195
4608.205016
4607.179375
4600.512708
4595.384503
4595.897324
4594.358862
4589.743478
4587.692196
4585.640914
4581.53835
4582.05117
4582.05117
4577.948606
4577.435786
4576.410145
4569.230657
4563.076811
4564.102452
4562.05117
4552.820401
4554.871683
4563.076811
4556.922965
4543.589632
4542.563991
4541.53835
4533.846043
4531.28194
4530.76912
4525.640915
4521.02553
4518.974248
4515.384505
4510.76912
4506.666556
4501.025531
4495.897326
4496.410146
4496.410146
4491.794762
4490.769121
4497.435787
4496.410146
4488.205018
4485.640916
4484.102454
4480.512711
4477.948608
4477.435788
4478.461429
4482.563993
4480.512711
4471.281942
4463.589634
4461.538352
4461.025532
4458.461429
4463.076814
4468.717839
4461.025532
4451.281942
4452.307583
4454.358865
4451.794763
4447.692199
4440.512712
4438.97425
4446.153737
4447.179378
4441.025532
4439.487071
4439.999891
4433.846045
4426.666558
4426.666558
4429.743481
4428.71784
4423.076815
4417.94861
4417.435789
4415.384507
4408.20502
4405.128097
4409.743482
4411.281943
4409.230661
4410.769123
4408.717841
4402.563995
4402.051174
4403.589636
4399.487072
4397.43579
4402.051174
4404.102456
4403.589636
4403.589636
4406.153738
4407.179379
4405.640918
4406.666559
4405.640918
4397.43579
4398.461431
4407.6922
4407.6922
4401.538354
4402.051174
4406.153738
4404.102456
4399.999892
4398.974251
4404.102456
4410.769123
4410.256302
4407.6922
4411.281943
4412.307584
4407.179379
4407.179379
4413.333225
4415.384507
4413.333225
4408.20502
4405.640918
4408.20502
4411.281943
4412.307584
4412.820405
4414.358866
4415.384507
4414.871687
4413.333225
4415.384507
4419.999892
4419.999892
4418.974251
4421.025533
4420.512712
4422.051174
4433.333225
4439.999891
4433.846045
4434.358866
4443.076814
4443.076814
4436.410148
4434.358866
4435.897327
4434.871686
4432.820404
4432.820404
4434.871686
4436.410148
4438.46143
4438.46143
4436.410148
4435.384507
4439.487071
4445.640917
4444.615276
4442.051173
4446.666558
4446.153737
4439.999891
4444.615276
4449.23066
4444.102455
4444.102455
4446.666558
4445.128096
4445.640917
4442.051173
4439.487071
4448.71784
4455.384506
4454.871686
4456.410147
4455.897327
4453.333224
4459.48707
4467.692198
4469.23066
4468.717839
4470.769121
4472.820403
4471.794762
4469.23066
4469.74348
4470.769121
4471.794762
4475.384506
4478.974249
4481.025531
4479.99989
4480.512711
4483.076813
4485.128095
4489.74348
4497.948608
4501.025531
4496.410146
4493.846044
4496.922967
4496.410146
4491.794762
4492.307582
4497.948608
4497.435787
4495.384505
4497.435787
4501.025531
4506.666556
4508.205018
4502.563992
4498.974249
4505.640915
4509.743479
4506.153736
4507.179377
4513.333223
4513.846043
4508.717838
4510.2563
4511.794761
4509.743479
4509.230659
4514.358864
4518.974248
4518.461428
4515.897325
4519.487069
4527.179376
4525.640915
4515.897325
4514.358864
4518.461428
4517.948607
4514.871684
4517.948607
4524.102453
4524.615274
4522.051171
4525.128094
4528.205017
4527.692197
4531.28194
4533.333222
4531.794761
4531.794761
4533.333222
4535.897325
4543.076812
4543.589632
4536.922966
4540.512709
4547.179376
4543.076812
4542.051171
4548.205017
4548.205017
4542.051171
4536.922966
4539.487068
4548.205017
4555.384504
4552.307581
4547.179376
4551.79476
4558.461427
4561.53835
4562.563991
4565.128093
4563.589632
4562.563991
4565.640914
4565.128093
4562.563991
4563.076811
4563.076811
4562.05117
4562.563991
4564.102452
4561.53835
4562.563991
4567.692196
4566.153734
4564.102452
4567.692196
4566.666555
4566.666555
4575.384504
4577.435786
4572.307581
4574.871683
4573.333222
4564.615273
4571.79476
4583.589632
4578.974247
4571.79476
4577.435786
4582.05117
4580.512709
4581.53835
4581.025529
4580.512709
4579.487068
4579.487068
4582.05117
4581.53835
4577.435786
4576.922965
4582.563991
4588.205016
4586.666555
4585.640914
4585.128093
4583.589632
4583.589632
4587.179375
4589.230657
4587.692196
4588.717837
4592.30758
4593.846042
4590.769119
4589.743478
4592.30758
4591.79476
4589.230657
4591.79476
4594.871683
4593.333221
4594.358862
4596.410144
4591.281939
4587.692196
4594.358862
4599.999888
4599.487067
4598.974247
4597.948606
4596.410144
4597.948606
4600.512708
4603.589631
4604.102452
4598.974247
4597.948606
4606.153734
4610.256298
4607.692195
4608.205016
4609.743477
4605.640913
4602.56399
4604.102452
4601.025529
4599.487067
4604.615272
4606.666554
4606.666554
4610.769118
4610.256298
4609.743477
4614.358862
4613.333221
4607.179375
4606.666554
4606.666554
4601.538349
4601.025529
4609.743477
4614.871682
4611.794759
4611.281939
4612.8204
4612.8204
4612.30758
4610.256298
4607.692195
4610.256298
4614.358862
4613.333221
4610.256298
4607.692195
4609.743477
4608.717836
4603.589631
4610.256298
4619.487067
4613.846041
4607.179375
4609.230657
4607.692195
4605.128093
4611.281939
4613.333221
4608.717836
4609.230657
4612.8204
4611.794759
4610.256298
4612.30758
4610.256298
4608.717836
4611.794759
4615.384503
4616.410144
4618.461426
4619.487067
4617.948605
4616.410144
4614.871682
4613.333221
4614.871682
4615.384503
4617.435785
4625.640913
4628.717836
4622.051169
4614.871682
4612.8204
4615.897323
4620.512708
4614.871682
4610.769118
4618.974246
4624.102451
4622.051169
4625.640913
4626.153733
4623.07681
4627.692195
4626.666554
4619.999887
4624.102451
4631.281938
4628.717836
4627.179374
4629.230656
4627.179374
4626.153733
4629.743477
4628.717836
4625.640913
4627.179374
4629.743477
4629.743477
4630.256297
4628.717836
4629.230656
4633.846041
4631.794759
4624.615272
4620.512708
4620.512708
4621.025528
4621.538349
4625.128092
4629.230656
4630.769118
4627.692195
4623.07681
4627.179374
4637.435784
4639.487066
4634.358861
4634.358861
4635.897323
4633.846041
4634.871682
4636.410143
4635.897323
4638.974246
4643.07681
4639.999887
4638.974246
4643.07681
4638.461425
4629.230656
4632.307579
4640.512707
4641.025528
4638.461425
4638.461425
4639.999887
4639.487066
4643.07681
4646.666553
4644.615271
4639.999887
4640.512707
4644.102451
4644.102451
4639.487066
4635.384502
4637.948605
4642.563989
4648.205015
4655.897322
4655.897322
4646.666553
4644.102451
4647.692194
4645.640912
4645.128092
4650.256297
4646.153733
4642.563989
4649.230656
4652.820399
4650.769117
4652.820399
4652.307579
4643.58963
4644.102451
4652.820399
4654.871681
4650.769117
4651.281938
4657.435784
4655.384502
4644.102451
4645.640912
4656.922963
4653.33322
4646.666553
4649.230656
4649.743476
4647.692194
4647.179374
4643.58963
4644.615271
4652.820399
4650.769117
4639.487066
4638.461425
4648.205015
4649.230656
4643.58963
4649.230656
4657.435784
4653.84604
4648.717835
4652.307579
4654.871681
4648.205015
4644.615271
4651.281938
4658.974245
4655.897322
4652.820399
4655.897322
4656.922963
4656.922963
4659.487066
4659.487066
4654.871681
4650.256297
4649.743476
4653.84604
4656.922963
4655.384502
4654.871681
4656.922963
4657.435784
4661.538348
4666.153732
4659.487066
4649.230656
4654.871681
4662.563989
4656.922963
4654.871681
4661.025527
4660.512707
4657.948604
4663.076809
4667.179373
4664.10245
4664.615271
4667.692194
4661.538348
4659.487066
4668.717835
4672.307578
4664.615271
4664.10245
4673.333219
4674.35886
4668.717835
4667.692194
4669.743476
4666.666553
4667.179373
4673.333219
4674.35886
4668.717835
4665.640912
4666.666553
4668.205014
4668.717835
4666.153732
4663.076809
4666.153732
4671.794758
4671.281937
4667.692194
4665.128091
4666.153732
4668.717835
4671.281937
4673.84604
4675.384501
4672.820399
4671.281937
4672.307578
4670.769117
4669.230655
4670.769117
4671.794758
4674.35886
4675.897322
4671.281937
4672.307578
4679.487065
4677.948604
4676.922963
4679.487065
4674.871681
4670.769117
4670.256296
4668.717835
4668.717835
4674.871681
4677.948604
4673.333219
4671.794758
4675.897322
4678.461424
4676.922963
4673.84604
4674.35886
4677.435783
4678.974245
4672.307578
4666.666553
4671.281937
4675.384501
4675.897322
4674.871681
4674.871681
4674.35886
4676.922963
4678.461424
4677.948604
4677.948604
4677.948604
4676.410142
4671.794758
4670.769117
4670.769117
4668.717835
4666.153732
4662.563989
4664.10245
4670.256296
4669.230655
4666.153732
4671.281937
4673.333219
4672.820399
4678.974245
4676.410142
4671.281937
4677.435783
4679.999886
4673.84604
4673.333219
4681.025527
4681.538347
4678.461424
4679.487065
4679.487065
4678.461424
4678.974245
4679.999886
4679.487065
4676.922963
4676.922963
4677.948604
4676.410142
4677.435783
4680.512706
4679.999886
4680.512706
4684.61527
4687.179373
4688.717834
4688.717834
4686.153732
4683.589629
4681.538347
4678.461424
4676.410142
4679.999886
4688.717834
4688.205014
4675.897322
4672.307578
4679.487065
4682.051168
4680.512706
4681.025527
4677.948604
4674.871681
4673.84604
4672.307578
4674.35886
4681.025527
4682.563988
4679.487065
4679.487065
4678.461424
4676.410142
4676.410142
4676.922963
4676.922963
4679.999886
4677.435783
4669.230655
4672.307578
4680.512706
4679.487065
4675.897322
4674.871681
4675.897322
4677.948604
4682.051168
4686.666552
4689.230655
4686.153732
4679.999886
4681.025527
4684.61527
4684.61527
4682.563988
4683.589629
4683.076809
4681.538347
4682.051168
4682.563988
4680.512706
4678.461424
4678.974245
4680.512706
4678.461424
4678.974245
4685.640911
4685.640911
4679.487065
4678.461424
4679.487065
4675.897322
4672.820399
4674.35886
4679.999886
4681.538347
4678.974245
4681.025527
4682.051168
4678.461424
4679.999886
4689.743475
4692.307578
4688.717834
4686.666552
4685.640911
4687.692193
4688.205014
4681.538347
4677.435783
4678.461424
4681.538347
4684.61527
4681.538347
4679.999886
4689.230655
4691.794757
4685.128091
4684.61527
4687.179373
4683.076809
4681.025527
4686.153732
4686.666552
4685.640911
4685.128091
4684.10245
4685.128091
4689.230655
4691.281937
4685.640911
4678.461424
4679.999886
4687.179373
4690.256296
4688.205014
4685.640911
4685.640911
4686.666552
4685.640911
4686.153732
4692.307578
4693.846039
4690.256296
4689.230655
4687.692193
4684.61527
4683.589629
4684.61527
4685.640911
4689.743475
4691.794757
4684.10245
4678.461424
4685.640911
4684.10245
4674.871681
4681.538347
4690.256296
4686.153732
4687.179373
4690.256296
4686.666552
4682.563988
4682.051168
4686.153732
4687.692193
4684.61527
4682.051168
4682.051168
4680.512706
4681.025527
4679.487065
4676.922963
4680.512706
4680.512706
4675.897322
4673.333219
4671.794758
4674.35886
4682.563988
4683.076809
4677.435783
4678.974245
4682.051168
4676.410142
4670.769117
4672.820399
4677.435783
4678.461424
4677.435783
4677.948604
4681.538347
4685.128091
4689.230655
4692.820398
4689.743475
4682.051168
4675.384501
4675.897322
4678.461424
4678.461424
4677.948604
4679.999886
4679.999886
4677.948604
4677.435783
4680.512706
4679.999886
4672.307578
4666.153732
4668.205014
4674.35886
4677.948604
4675.384501
4670.256296
4672.307578
4671.281937
4665.640912
4671.281937
4682.563988
4683.076809
4682.051168
4682.563988
4681.538347
4683.589629
4681.538347
4676.922963
4678.461424
4679.999886
4678.461424
4682.563988
4684.61527
4682.563988
4682.563988
4682.563988
4684.61527
4686.666552
4684.10245
4681.025527
4680.512706
4681.025527
4679.999886
4681.025527
4682.563988
4684.61527
4688.205014
4689.743475
4685.640911
4683.076809
4684.10245
4684.61527
4683.589629
4684.10245
4690.256296
4694.35886
4690.769116
4685.128091
4681.538347
4680.512706
4687.692193
4694.87168
4690.256296
4688.205014
4688.717834
4681.538347
4676.410142
4681.025527
4685.640911
4686.153732
4683.076809
4680.512706
4681.025527
4681.025527
4680.512706
4681.025527
4678.974245
4678.461424
4683.076809
4685.640911
4684.61527
4684.61527
4685.128091
4683.076809
4682.563988
4682.563988
4683.076809
4683.589629
4688.717834
4690.769116
4685.128091
4684.10245
4687.692193
4687.692193
4684.61527
4683.589629
4684.61527
4688.717834
4690.256296
4686.666552
4684.61527
4686.153732
4688.717834
4688.717834
4686.666552
4689.230655
4696.410142
4699.487065
4702.051167
4707.179372
4704.61527
4695.897321
4694.35886
4694.35886
4691.794757
4692.307578
4695.384501
4693.333219
4691.281937
4692.820398
4691.281937
4684.61527
4677.948604
4678.461424
4684.61527
4685.128091
4682.051168
4684.10245
4684.10245
4676.410142
4668.717835
4669.743476
4671.281937
4669.743476
4670.769117
4673.333219
4669.230655
4666.153732
4671.281937
4673.84604
4667.179373
4661.025527
4661.538348
4663.58963
4661.025527
4658.974245
4662.051168
4666.666553
4668.717835
4667.179373
4667.692194
4667.692194
4667.179373
4672.307578
4681.538347
4679.999886
4673.333219
4673.333219
4673.84604
4669.743476
4666.153732
4666.666553
4666.666553
4666.153732
4669.743476
4676.922963
4676.922963
4674.35886
4674.871681
4678.461424
4681.025527
4683.589629
4683.589629
4679.487065
4681.538347
4690.256296
4689.230655
4678.461424
4677.948604
4678.974245
4667.692194
4663.58963
4669.230655
4668.205014
4667.179373
4670.256296
4667.179373
4662.563989
4666.153732
4669.743476
4670.769117
4669.230655
4663.076809
4662.051168
4665.128091
4667.179373
4665.640912
4664.10245
4662.051168
4659.999886
4658.461425
4659.999886
4663.076809
4661.538348
4660.512707
4661.538348
4655.897322
4650.256297
4655.384502
4661.538348
4663.076809
4665.128091
4669.230655
4669.743476
4670.256296
4674.871681
4675.897322
4669.743476
4666.666553
4669.230655
4671.794758
4674.871681
4681.025527
4685.128091
4683.076809
4683.589629
4687.692193
4690.256296
4690.256296
4687.179373
4685.640911
4690.256296
4690.256296
4683.589629
4683.076809
4688.205014
4690.769116
4690.256296
4688.717834
4690.256296
4695.384501
4695.384501
4696.410142
4697.435783
4695.897321
4691.281937
4683.589629
4678.461424
4677.948604
4676.922963
4675.384501
4674.35886
4671.281937
4672.307578
4680.512706
4684.10245
4686.153732
4687.179373
4680.512706
4675.897322
4677.948604
4673.84604
4663.076809
4660.512707
4656.410143
4648.717835
4646.666553
4648.717835
4649.743476
4648.205015
4646.666553
4649.230656
4651.794758
4647.692194
4650.256297
4656.922963
4655.384502
4652.820399
4657.435784
4661.538348
4665.640912
4670.769117
4670.769117
4666.666553
4668.717835
4675.384501
4678.974245
4679.487065
4676.922963
4670.769117
4659.487066
4648.205015
4642.051169
4634.358861
4625.128092
4624.102451
4626.153733
4623.07681
4616.410144
4611.281939
4611.281939
4615.384503
4615.897323
4622.051169
4637.435784
4641.538348
4639.999887
4656.922963
4683.076809
4688.717834
4678.974245
4675.897322
4677.948604
4677.435783
4681.025527
4697.948603
4714.87168
4715.897321
4706.666552
4693.333219
4677.435783
4666.153732
4662.051168
4663.076809
4661.538348
4653.84604
4648.205015
4649.743476
4649.743476
4651.281938
4652.307579
4649.230656
4652.307579
4660.512707
4661.025527
4655.384502
4661.025527
4667.179373
4658.461425
4651.794758
4661.538348
4667.692194
4662.563989
4659.999886
4658.974245
4659.999886
4665.640912
4667.179373
4667.692194
4667.692194
4661.025527
4657.435784
4661.025527
4658.974245
4659.999886
4674.871681
4679.999886
4668.717835
4662.563989
4670.769117
4676.922963
4671.281937
4666.153732
4668.205014
4669.230655
4664.615271
4661.025527
4664.615271
4670.256296
4667.692194
4665.640912
4670.256296
4671.794758
4669.230655
4668.717835
4667.179373
4667.692194
4669.743476
4667.692194
4666.153732
4669.230655
4669.230655
4664.10245
4658.974245
4656.922963
4658.461425
4658.974245
4662.051168
4668.717835
4668.205014
4664.615271
4666.153732
4669.230655
4663.58963
4650.769117
4648.205015
4659.487066
4665.640912
4659.999886
4657.948604
4664.10245
4668.205014
4668.205014
4667.179373
4668.717835
4669.743476
4667.692194
4663.076809
4658.974245
4657.948604
4663.58963
4666.153732
4666.153732
4668.205014
4669.230655
4667.179373
4667.179373
4672.307578
4675.897322
4669.230655
4661.025527
4668.717835
4677.948604
4669.743476
4663.58963
4668.205014
4668.205014
4666.666553
4668.205014
4665.640912
4662.563989
4664.10245
4669.743476
4674.871681
4670.256296
4661.025527
4667.179373
4677.435783
4672.820399
4665.640912
4668.205014
4668.205014
4665.128091
4666.153732
4667.692194
4669.743476
4669.230655
4664.615271
4666.666553
4671.794758
4670.256296
4670.256296
4673.84604
4672.307578
4669.230655
4674.35886
4677.948604
4675.897322
4674.871681
4671.281937
4666.666553
4668.717835
4667.692194
4659.999886
4665.128091
4675.384501
4673.84604
4667.692194
4667.692194
4671.281937
4672.820399
4668.717835
4666.153732
4670.256296
4675.897322
4673.84604
4670.256296
4675.897322
4677.948604
4667.692194
4663.58963
4669.230655
4666.666553
4657.948604
4658.461425
4660.512707
4657.435784
4661.538348
4666.666553
4661.538348
4659.487066
4664.615271
4663.58963
4660.512707
4659.999886
4656.410143
4657.948604
4662.563989
4661.538348
4658.461425
4658.974245
4662.051168
4661.538348
4657.948604
4659.999886
4663.58963
4664.10245
4660.512707
4659.487066
4663.076809
4667.692194
4667.692194
4659.487066
4655.897322
4663.076809
4671.281937
4672.820399
4667.692194
4664.615271
4667.692194
4667.692194
4661.025527
4659.999886
4665.640912
4661.538348
4659.999886
4664.615271
4666.153732
4670.256296
4675.384501
4671.794758
4668.205014
4673.84604
4672.307578
4662.051168
4657.948604
4660.512707
4661.538348
4663.076809
4664.615271
4665.128091
4666.153732
4668.205014
4671.794758
4674.35886
4671.281937
4668.717835
4673.333219
4670.256296
4665.128091
4669.230655
4672.307578
4668.717835
4667.692194
4668.717835
4670.769117
4671.794758
4667.692194
4666.153732
4669.230655
4669.230655
4671.281937
4671.794758
4667.179373
4665.640912
4669.743476
4670.769117
4670.769117
4671.281937
4666.153732
4662.051168
4661.538348
4659.487066
4660.512707
4663.58963
4662.563989
4658.461425
4659.999886
4665.128091
4666.666553
4665.640912
4668.717835
4669.743476
4669.230655
4668.205014
4667.179373
4670.256296
4677.948604
4674.35886
4666.153732
4671.281937
4679.999886
4678.974245
4675.384501
4675.897322
4678.461424
4678.461424
4673.84604
4669.743476
4671.794758
4678.461424
4679.999886
4674.35886
4673.84604
4679.487065
4677.948604
4669.743476
4670.256296
4674.871681
4675.384501
4672.820399
4669.743476
4666.153732
4664.615271
4664.615271
4665.640912
4664.10245
4662.051168
4662.563989
4666.666553
4670.769117
4674.35886
4674.871681
4671.794758
4668.717835
4669.743476
4672.820399
4675.384501
4674.871681
4672.820399
4673.84604
4674.35886
4674.35886
4676.922963
4678.461424
4675.897322
4678.974245
4681.538347
4675.897322
4672.820399
4675.897322
4677.435783
4677.948604
4679.487065
4678.461424
4674.871681
4673.333219
4677.435783
4679.487065
4672.820399
4667.692194
4672.307578
4676.922963
4674.871681
4674.35886
4675.384501
4672.820399
4671.281937
4673.84604
4675.384501
4678.461424
4680.512706
4674.871681
4671.794758
4675.897322
4676.922963
4672.820399
4666.666553
4664.10245
4668.205014
4673.84604
4672.307578
4666.666553
4668.717835
4674.35886
4672.307578
4667.179373
4669.230655
4669.743476
4668.717835
4672.307578
4675.384501
4675.384501
4678.461424
4681.538347
4675.897322
4669.230655
4669.230655
4670.769117
4672.307578
4674.35886
4673.84604
4669.743476
4668.205014
4669.743476
4668.205014
4667.692194
4669.743476
4669.230655
4667.179373
4670.256296
4671.281937
4666.153732
4666.153732
4668.717835
4665.640912
4665.128091
4667.179373
4669.230655
4670.256296
4666.153732
4665.128091
4670.769117
4675.384501
4673.333219
4672.307578
4668.717835
4664.10245
4668.717835
4673.84604
4669.743476
4665.640912
4668.717835
4672.820399
4675.384501
4674.35886
4671.794758
4671.794758
4669.743476
4666.666553
4667.179373
4667.179373
4665.640912
4665.128091
4667.179373
4669.743476
4673.333219
4673.84604
4672.307578
4669.743476
4669.743476
4671.794758
4670.769117
4669.743476
4667.179373
4665.640912
4670.256296
4671.281937
4665.128091
4669.230655
4675.897322
4674.35886
4672.307578
4673.333219
4670.769117
4667.692194
4667.692194
4667.179373
4667.179373
4665.640912
4664.10245
4661.538348
4660.512707
4663.076809
4665.640912
4666.153732
4665.640912
4665.128091
4667.692194
4669.743476
4667.179373
4666.153732
4670.256296
4671.281937
4668.205014
4673.333219
4676.922963
4671.794758
4672.820399
4678.461424
4675.897322
4673.84604
4677.948604
4679.487065
4675.897322
4673.333219
4672.820399
4674.35886
4675.897322
4676.922963
4677.435783
4675.897322
4679.999886
4683.589629
4681.538347
4678.461424
4676.922963
4675.384501
4675.897322
4677.435783
4678.461424
4674.35886
4669.743476
4675.897322
4688.205014
4688.717834
4679.487065
4679.999886
4686.153732
4683.589629
4679.487065
4683.076809
4682.563988
4674.871681
4675.384501
4680.512706
4677.948604
4672.307578
4667.179373
4663.076809
4664.10245
4669.230655
4670.256296
4663.076809
4663.58963
4668.717835
4665.640912
4658.461425
4655.897322
4650.769117
4650.769117
4662.051168
4667.179373
4666.666553
4667.692194
4663.076809
4660.512707
4666.153732
4666.153732
4656.410143
4652.307579
4655.897322
4659.999886
4662.051168
4663.076809
4665.128091
4665.128091
4665.640912
4667.179373
4667.179373
4663.076809
4664.10245
4672.820399
4672.307578
4659.999886
4655.384502
4658.974245
4658.974245
4658.461425
4656.410143
4655.384502
4659.999886
4661.025527
4658.974245
4664.615271
4663.58963
4655.897322
4660.512707
4669.743476
4671.794758
4670.256296
4668.205014
4664.615271
4660.512707
4657.435784
4657.435784
4657.435784
4657.435784
4659.487066
4662.051168
4663.58963
4662.051168
4658.461425
4657.948604
4657.948604
4652.820399
4654.358861
4658.974245
4653.33322
4651.794758
4662.563989
4664.10245
4659.487066
4660.512707
4661.025527
4657.435784
4657.948604
4664.10245
4669.230655
4668.205014
4665.640912
4666.666553
4667.179373
4667.692194
4669.230655
4670.256296
4668.717835
4666.153732
4661.025527
4660.512707
4663.076809
4663.076809
4662.051168
4664.615271
4664.10245
4661.538348
4660.512707
4658.974245
4657.435784
4660.512707
4662.563989
4658.974245
4656.922963
4655.897322
4658.974245
4662.563989
4662.051168
4660.512707
4660.512707
4658.974245
4660.512707
4662.563989
4659.487066
4657.435784
4656.922963
4655.384502
4658.974245
4664.10245
4661.025527
4659.999886
4662.563989
4658.461425
4655.384502
4656.922963
4654.871681
4652.307579
4652.820399
4650.769117
4651.794758
4657.435784
4658.461425
4659.487066
4660.512707
4655.897322
4654.358861
4658.974245
4658.461425
4649.743476
4649.230656
4661.538348
4668.205014
4661.025527
4654.871681
4655.384502
4654.358861
4652.307579
4652.820399
4651.794758
4650.769117
4657.435784
4662.051168
4656.410143
4653.33322
4661.538348
4663.58963
4655.897322
4653.84604
4659.999886
4662.563989
4656.410143
4649.230656
4651.281938
4659.999886
4661.538348
4654.358861
4649.743476
4652.820399
4657.435784
4658.461425
4655.897322
4655.897322
4658.974245
4660.512707
4657.435784
4659.487066
4663.58963
4659.487066
4657.948604
4669.743476
4670.769117
4657.948604
4662.563989
4673.84604
4665.128091
4656.410143
4665.640912
4668.717835
4664.615271
4665.128091
4664.10245
4664.10245
4667.179373
4666.153732
4665.128091
4669.743476
4669.743476
4667.179373
4671.281937
4673.333219
4667.179373
4664.10245
4665.640912
4665.128091
4666.153732
4666.153732
4665.128091
4673.333219
4682.051168
4674.871681
4667.692194
4671.794758
4671.794758
4667.692194
4673.84604
4675.897322
4667.692194
4665.128091
4668.717835
4668.205014
4668.717835
4670.256296
4666.666553
4664.615271
4665.640912
4665.128091
4664.10245
4663.58963
4666.666553
4666.666553
4661.538348
4664.10245
4666.153732
4658.974245
4658.461425
4665.640912
4662.051168
4652.820399
4652.820399
4659.999886
4666.666553
4664.10245
4659.487066
4661.538348
4664.10245
4662.563989
4663.076809
4659.999886
4652.820399
4654.358861
4660.512707
4658.461425
4659.999886
4665.640912
4661.025527
4656.410143
4658.974245
4659.487066
4658.461425
4657.435784
4655.897322
4657.948604
4661.538348
4664.10245
4665.640912
4663.58963
4659.487066
4661.538348
4662.563989
4661.538348
4663.076809
4665.640912
4666.666553
4665.128091
4661.025527
4662.051168
4668.717835
4664.615271
4659.999886
4664.10245
4665.128091
4658.461425
4656.410143
4656.922963
4658.974245
4664.10245
4666.666553
4667.692194
4670.769117
4668.717835
4664.10245
4662.051168
4659.999886
4658.461425
4657.435784
4654.358861
4654.871681
4658.461425
4656.410143
4657.435784
4664.10245
4669.230655
4668.717835
4666.666553
4667.179373
4666.666553
4662.051168
4662.051168
4663.58963
4659.999886
4661.025527
4667.179373
4668.205014
4669.230655
4670.769117
4663.076809
4661.538348
4668.717835
4668.717835
4666.153732
4670.256296
4667.179373
4662.051168
4665.128091
4666.666553
4667.692194
4671.281937
4671.281937
4670.769117
4674.35886
4674.35886
4669.743476
4664.10245
4659.487066
4659.999886
4662.563989
4663.076809
4662.563989
4664.10245
4666.666553
4665.640912
4669.230655
4677.435783
4676.922963
4671.794758
4672.307578
4673.333219
4668.717835
4665.640912
4663.58963
4662.563989
4661.538348
4659.487066
4658.461425
4659.487066
4661.025527
4663.58963
4664.10245
4663.58963
4662.563989
4659.487066
4659.999886
4658.461425
4649.743476
4644.615271
4649.743476
4651.794758
4650.769117
4649.743476
4646.666553
4646.666553
4651.794758
4652.820399
4650.256297
4651.281938
4653.84604
4654.871681
4656.922963
4659.487066
4656.410143
4652.820399
4650.256297
4646.153733
4644.615271
4647.179374
4644.615271
4642.563989
4650.769117
4654.358861
4642.051169
4634.871682
4641.538348
4646.153733
4646.666553
4649.230656
4651.794758
4650.256297
4646.153733
4642.051169
4644.102451
4644.102451
4637.948605
4632.8204
4633.33322
4638.974246
4641.025528
4638.974246
4639.999887
4647.692194
4646.153733
4637.435784
4637.435784
4641.025528
4639.999887
4640.512707
4642.051169
4641.025528
4639.999887
4639.999887
4642.051169
4643.58963
4643.07681
4642.563989
4642.563989
4645.128092
4649.743476
4645.640912
4636.410143
4635.384502
4634.358861
4625.640913
4627.692195
4642.051169
4645.128092
4635.384502
4631.794759
4635.384502
4635.384502
4633.846041
4632.8204
4634.871682
4641.025528
4644.615271
4643.58963
4645.640912
4646.153733
4644.615271
4643.07681
4642.051169
4638.974246
4636.922964
4637.435784
4637.948605
4639.487066
4641.538348
4639.999887
4639.487066
4641.538348
4643.07681
4648.205015
4652.820399
4648.205015
4643.58963
4646.666553
4645.640912
4642.563989
4645.128092
4645.640912
4644.102451
4647.692194
4650.256297
4650.256297
4653.33322
4654.358861
4649.743476
4648.717835
4654.871681
4661.538348
4662.563989
4661.538348
4665.128091
4666.666553
4664.10245
4665.640912
4671.281937
4669.230655
4662.563989
4664.615271
4666.153732
4660.512707
4658.461425
4662.051168
4664.615271
4666.153732
4664.615271
4662.051168
4664.10245
4669.230655
4668.717835
4664.10245
4660.512707
4658.461425
4651.794758
4646.153733
4648.717835
4647.692194
4642.563989
4643.58963
4649.743476
4653.84604
4652.820399
4648.717835
4648.717835
4654.358861
4657.435784
4658.974245
4661.538348
4663.58963
4660.512707
4658.461425
4662.563989
4668.717835
4670.256296
4669.743476
4669.230655
4670.769117
4675.897322
4682.051168
4684.61527
4683.589629
4685.640911
4691.281937
4694.87168
4699.487065
4706.153731
4707.179372
4707.179372
4709.743475
4710.769116
4708.717834
4701.538347
4689.230655
4687.692193
4693.333219
4689.743475
4681.025527
4678.974245
4677.948604
4669.230655
4659.999886
4657.948604
4656.410143
4649.230656
4647.692194
4650.769117
4643.07681
4630.769118
4627.179374
4627.179374
4622.56399
4614.871682
4615.384503
4618.461426
4614.871682
4612.8204
4618.974246
4618.974246
4611.281939
4610.256298
4614.358862
4618.974246
4619.999887
4619.487067
4623.07681
4631.281938
4640.512707
4644.615271
4644.102451
4646.153733
4643.58963
4639.999887
4642.563989
4643.58963
4640.512707
4644.615271
4652.820399
4653.33322
4652.820399
4655.897322
4660.512707
4659.999886
4651.794758
4652.307579
4657.435784
4654.358861
4653.84604
4665.128091
4675.384501
4680.512706
4683.589629
4683.589629
4677.948604
4670.769117
4667.179373
4666.666553
4659.999886
4652.820399
4653.84604
4655.897322
4653.84604
4656.410143
4658.974245
4654.871681
4651.794758
4655.384502
4655.897322
4652.820399
4653.33322
4653.84604
4650.256297
4645.640912
4645.128092
4645.640912
4642.563989
4633.846041
4629.743477
4627.692195
4619.999887
4608.205016
4599.999888
4594.358862
4582.05117
4564.615273
4551.28194
4538.974248
4525.640915
4516.410146
4513.846043
4515.384505
4520.51271
4528.205017
4536.410145
4555.897324
4580.512709
4601.025529
4614.871682
4627.692195
4632.307579
4626.666554
4630.769118
4641.538348
4647.692194
4651.281938
4658.461425
4665.640912
4671.281937
4674.35886
4680.512706
4684.61527
4686.666552
4691.794757
4698.974244
4703.076808
4714.87168
4730.256295
4732.307577
4728.205013
4723.589628
4719.999885
4718.974244
4717.948603
4714.358859
4711.794757
4709.230654
4701.538347
4693.846039
4689.230655
4689.230655
4691.281937
4694.35886
4692.820398
4689.230655
4687.692193
4688.205014
4690.769116
4684.61527
4670.256296
4665.640912
4665.640912
4661.538348
4665.128091
4671.281937
4666.153732
4665.640912
4672.820399
4671.281937
4669.230655
4672.307578
4676.922963
4679.999886
4679.999886
4675.384501
4672.820399
4670.769117
4664.615271
4659.487066
4660.512707
4655.384502
4644.615271
4639.487066
4634.871682
4626.153733
4622.56399
4625.640913
4622.051169
4612.30758
4609.743477
4613.333221
4616.922964
4622.56399
4624.102451
4622.56399
4626.153733
4631.281938
4630.256297
4627.692195
4628.205015
4630.256297
4631.281938
4628.205015
4626.153733
4628.717836
4632.8204
4632.8204
4633.33322
4637.948605
4640.512707
4638.461425
4635.897323
4635.897323
4634.871682
4629.743477
4629.743477
4636.922964
4637.948605
4633.33322
4636.922964
4642.051169
4636.410143
4634.871682
4639.999887
4641.538348
4641.025528
4645.128092
4648.717835
4646.153733
4639.999887
4637.948605
4641.025528
4641.025528
4641.025528
4645.128092
4645.128092
4639.999887
4639.487066
4644.102451
4648.717835
4650.769117
4650.256297
4650.256297
4649.230656
4646.666553
4648.205015
4647.692194
4644.102451
4646.666553
4652.307579
4650.256297
4642.051169
4641.538348
4645.640912
4646.666553
4646.153733
4649.230656
4648.717835
4645.128092
4646.153733
4649.230656
4650.769117
4653.84604
4655.384502
4654.871681
4654.871681
4652.820399
4652.307579
4654.358861
4656.410143
4652.820399
4652.307579
4655.384502
4654.358861
4648.205015
4648.717835
4654.358861
4655.384502
4652.307579
4648.717835
4645.640912
4644.615271
4643.58963
4642.563989
4645.640912
4645.640912
4640.512707
4640.512707
4643.07681
4637.435784
4631.281938
4629.230656
4630.769118
4636.410143
4639.999887
4635.897323
4634.871682
4639.487066
4644.102451
4642.563989
4633.846041
4634.358861
4645.128092
4647.692194
4643.07681
4648.205015
4650.769117
4647.179374
4649.230656
4648.717835
4646.666553
4649.743476
4651.281938
4649.230656
4649.230656
4648.717835
4649.743476
4651.281938
4649.743476
4650.769117
4656.410143
4657.435784
4656.922963
4655.384502
4654.871681
4653.33322
4649.743476
4647.179374
4642.051169
4629.743477
4625.640913
4633.846041
4635.897323
4631.281938
4629.230656
4628.717836
4627.692195
4627.692195
4626.666554
