
4422.051174
4417.94861
4418.46143
4412.307584
4404.615277
4410.256302
4418.974251
4413.333225
4405.640918
4409.743482
4413.333225
4411.281943
4411.281943
4409.743482
4408.717841
4408.20502
4403.589636
4403.076815
4408.717841
4405.128097
4405.128097
4412.820405
4413.333225
4408.717841
4411.281943
4415.384507
4416.410148
4415.897328
4409.743482
4406.153738
4408.717841
4413.333225
4412.307584
4413.846046
4420.512712
4416.410148
4407.179379
4411.281943
4419.487071
4418.46143
4417.94861
4419.999892
4415.897328
4411.794764
4410.769123
4408.717841
4407.6922
4411.794764
4420.512712
4422.051174
4415.384507
4406.153738
4404.615277
4412.307584
4416.922969
4408.717841
4403.589636
4409.230661
4414.358866
4417.94861
4414.358866
4401.025533
4391.794764
4405.128097
4418.46143
4407.6922
4398.461431
4407.179379
4410.769123
4405.128097
4405.128097
4408.20502
4403.589636
4396.410149
4401.025533
4409.230661
4407.6922
4404.102456
4410.769123
4415.897328
4412.820405
4402.563995
4396.922969
4401.025533
4406.666559
4403.589636
4397.94861
4396.922969
4395.897328
4391.281944
4392.307585
4399.999892
4402.051174
4397.43579
4394.871687
4402.051174
4407.179379
4402.051174
4394.358867
4392.820405
4397.43579
4401.538354
4392.820405
4381.538354
4382.051175
4384.615277
4381.538354
4376.92297
4379.487072
4386.666559
4375.384508
4354.358868
4357.948611
4378.974252
4396.410149
4403.589636
4404.102456
4401.025533
4395.897328
4398.461431
4403.589636
4396.410149
4394.871687
4410.256302
4418.974251
4412.820405
4406.666559
4401.025533
4392.820405
4391.281944
4393.333226
4392.820405
4389.230662
4388.717841
4387.6922
4390.256303
4396.922969
4391.794764
4380.512713
4378.461431
4382.051175
4379.999893
4382.563995
4392.820405
4393.333226
4383.076816
4378.974252
4383.589636
4389.230662
4390.256303
4391.281944
4394.358867
4393.846046
4393.846046
4395.384508
4391.794764
4382.563995
4378.461431
4382.563995
4387.17938
4386.153739
4384.102457
4387.6922
4393.846046
4392.307585
4381.538354
4369.743483
4370.769124
4379.487072
4382.051175
4379.999893
4377.948611
4384.102457
4393.333226
4395.897328
4393.333226
4396.922969
4395.384508
4379.487072
4372.820406
4387.6922
4392.307585
4379.487072
4375.897329
4379.999893
4376.92297
4377.948611
4382.051175
4384.615277
4390.256303
4391.281944
4384.615277
4379.487072
4379.999893
4381.025534
4386.153739
4386.153739
4385.128098
4389.743482
4388.205021
4387.17938
4387.6922
4383.589636
4382.051175
4381.538354
4373.333226
4371.281944
4380.512713
4383.589636
4378.461431
4373.333226
4370.256303
4380.512713
4391.281944
4381.025534
4365.128098
4367.17938
4371.794765
4370.256303
4376.410149
4378.974252
4375.384508
4374.358867
4374.871688
4378.974252
4381.538354
4369.743483
4369.230662
4385.128098
4384.102457
4369.743483
4372.307585
4377.948611
4374.358867
4376.92297
4382.563995
4379.487072
4374.358867
4378.461431
4375.897329
4362.051175
4357.948611
4369.230662
4370.769124
4361.025534
4363.076816
4370.769124
4373.333226
4376.92297
4372.820406
4368.717842
4376.410149
4371.794765
4353.846047
4354.871688
4365.128098
4362.051175
4361.025534
4364.615278
4363.589637
4361.025534
4364.615278
4366.66656
4362.051175
4361.538355
4366.66656
4366.153739
4366.66656
4377.948611
4383.589636
4380.512713
4386.666559
4396.922969
4394.358867
4392.307585
4394.358867
4389.743482
4386.153739
4388.205021
4385.128098
4381.025534
4385.640918
4388.205021
4385.640918
4382.563995
4378.974252
4376.410149
4372.307585
4366.66656
4369.230662
4373.333226
4373.846047
4377.948611
4386.666559
4385.128098
4375.897329
4372.307585
4372.307585
4369.743483
4367.17938
4370.256303
4370.256303
4363.589637
4369.230662
4385.128098
4381.538354
4370.769124
4372.307585
4375.384508
4373.333226
4376.410149
4377.948611
4369.743483
4359.487073
4357.435791
4363.076816
4369.230662
4377.43579
4382.051175
4371.281944
4361.538355
4364.102457
4361.538355
4353.333227
4349.230663
4355.384509
4366.153739
4370.769124
4370.256303
4370.769124
4367.17938
4361.538355
4364.615278
4365.128098
4359.999893
4355.897329
4359.487073
4371.281944
4377.948611
4368.717842
4359.999893
4366.153739
4367.692201
4352.820406
4339.487073
4337.948612
4341.025535
4344.102458
4351.281945
4362.051175
4368.205021
4365.128098
4365.128098
4378.461431
4382.051175
4374.358867
4378.461431
4388.205021
4390.769123
4397.94861
4399.999892
4390.769123
4390.769123
4397.43579
4390.256303
4377.43579
4377.43579
4377.948611
4372.307585
4367.17938
4370.769124
4377.43579
4382.051175
4386.153739
4388.205021
4389.230662
4391.794764
4390.256303
4387.17938
4388.205021
4386.666559
4378.974252
4382.563995
4395.384508
4395.384508
4389.230662
4388.717841
4392.820405
4400.512713
4406.153738
4400.512713
4401.025533
4408.717841
4408.717841
4402.051174
4399.487072
4395.384508
4390.769123
4396.922969
4400.512713
4387.6922
4377.948611
4388.205021
4390.769123
4378.461431
4375.384508
4378.974252
4372.820406
4369.230662
4375.897329
4387.17938
4396.922969
4398.461431
4387.17938
4378.974252
4383.076816
4386.666559
4386.153739
4387.17938
4388.717841
4383.589636
4381.538354
4386.153739
4390.256303
4386.153739
4373.846047
4368.205021
4373.846047
4376.410149
4372.307585
4373.333226
4374.871688
4372.307585
4369.230662
4371.794765
4378.461431
4373.333226
4357.435791
4356.92297
4367.692201
4368.205021
4365.128098
4367.17938
4364.615278
4360.512714
4364.615278
4374.358867
4377.948611
4377.43579
4385.128098
4389.230662
4385.128098
4383.589636
4394.871687
4404.615277
4398.461431
4384.615277
4383.589636
4386.153739
4381.025534
4378.461431
4381.025534
4383.076816
4382.563995
4380.512713
4376.92297
4381.025534
4392.307585
4391.794764
4378.461431
4375.897329
4386.153739
4386.153739
4379.487072
4378.974252
4381.025534
4381.538354
4384.615277
4388.717841
4387.6922
4383.589636
4381.538354
4386.153739
4391.281944
4386.153739
4377.948611
4379.999893
4388.205021
4385.640918
4376.410149
4372.307585
4373.333226
4371.794765
4372.820406
4381.025534
4387.6922
4391.794764
4390.256303
4384.102457
4379.487072
4387.17938
4394.871687
4386.666559
4372.307585
4370.769124
4378.974252
4385.128098
4387.17938
4385.128098
4387.6922
4388.717841
4380.512713
4378.974252
4384.102457
4381.538354
4378.974252
4377.43579
4373.846047
4382.051175
4391.794764
4388.717841
4386.153739
4382.051175
4374.358867
4377.948611
4385.128098
4387.17938
4387.17938
4379.999893
4370.769124
4371.281944
4372.307585
4370.769124
4371.794765
4374.871688
4381.025534
4385.640918
4379.999893
4376.410149
4384.102457
4387.6922
4385.640918
4385.640918
4385.128098
4383.076816
4385.640918
4385.128098
4384.102457
4378.461431
4368.717842
4367.17938
4371.281944
4364.615278
4365.128098
4375.897329
4376.410149
4373.846047
4378.461431
4382.051175
4383.589636
4384.102457
4377.43579
4370.769124
4369.230662
4369.743483
4375.384508
4381.025534
4379.999893
4381.538354
4387.6922
4388.717841
4387.6922
4390.256303
4390.769123
4389.743482
4385.640918
4374.358867
4370.256303
4377.948611
4383.589636
4375.897329
4372.307585
4378.461431
4385.128098
4385.640918
4383.076816
4382.051175
4382.563995
4379.999893
4376.410149
4378.461431
4374.871688
4365.128098
4364.615278
4370.769124
4372.307585
4373.846047
4379.999893
4379.487072
4371.794765
4378.974252
4394.358867
4395.897328
4388.717841
4385.128098
4381.025534
4375.897329
4377.948611
4383.076816
4386.153739
4383.076816
4380.512713
4382.051175
4382.051175
4379.487072
4377.43579
4376.410149
4374.358867
4367.692201
4368.717842
4381.025534
4387.17938
4377.948611
4368.205021
4373.846047
4383.076816
4383.076816
4377.948611
4378.461431
4373.333226
4369.743483
4383.076816
4390.256303
4379.487072
4373.846047
4378.461431
4378.974252
4374.871688
4373.846047
4375.897329
4379.999893
4385.128098
4390.256303
4389.743482
4381.025534
4375.897329
4374.358867
4377.43579
4382.051175
4383.589636
4382.563995
4386.666559
4391.794764
4388.205021
4382.051175
4380.512713
4383.589636
4386.666559
4388.205021
4387.17938
4383.076816
4378.974252
4383.076816
4391.794764
4388.205021
4382.051175
4389.230662
4394.358867
4387.6922
4384.615277
4391.794764
4395.384508
4389.743482
4385.640918
4383.076816
4378.974252
4383.589636
4390.256303
4383.076816
4379.487072
4379.999893
4374.871688
4374.871688
4383.076816
4384.102457
4382.051175
4386.153739
4391.794764
4395.384508
4386.153739
4377.43579
4383.076816
4391.794764
4390.769123
4392.820405
4393.333226
4383.076816
4381.538354
4390.769123
4392.307585
4389.230662
4391.794764
4390.769123
4391.281944
4392.820405
4385.128098
4382.563995
4391.281944
4388.717841
4381.538354
4385.128098
4395.384508
4397.94861
4396.922969
4398.461431
4403.589636
4399.487072
4388.205021
4388.205021
4392.307585
4397.43579
4409.230661
4419.487071
4415.897328
4405.640918
4397.43579
4393.846046
4393.846046
4399.487072
4405.640918
4404.615277
4402.563995
4406.666559
4407.179379
4404.615277
4406.666559
4406.666559
4403.076815
4397.94861
4394.358867
4394.358867
4397.43579
4399.487072
4404.102456
4405.128097
4405.128097
4409.743482
4410.256302
4403.589636
4398.461431
4397.94861
4403.589636
4407.179379
4399.487072
4400.512713
4412.820405
4410.769123
4395.897328
4398.974251
4405.640918
4400.512713
4398.461431
4401.538354
4394.871687
4387.17938
4392.307585
4397.43579
4392.820405
4387.17938
4389.743482
4395.897328
4397.43579
4392.820405
4388.717841
4387.6922
4386.666559
4384.615277
4385.128098
4389.230662
4390.256303
4387.6922
4388.205021
4390.256303
4388.205021
4392.307585
4397.94861
4392.307585
4386.666559
4390.769123
4388.717841
4380.512713
4375.384508
4377.948611
4384.615277
4390.256303
4388.717841
4385.128098
4380.512713
4374.871688
4376.410149
4381.538354
4381.025534
4382.563995
4389.743482
4389.743482
4382.051175
4375.897329
4373.846047
4375.897329
4385.640918
4385.128098
4375.384508
4385.640918
4404.615277
4397.94861
4378.974252
4381.025534
4386.153739
4377.43579
4375.897329
4379.999893
4371.281944
4359.487073
4358.974252
4359.999893
4359.999893
4369.743483
4375.384508
4372.307585
4370.769124
4378.461431
4384.102457
4379.999893
4376.410149
4377.948611
4382.051175
4376.92297
4373.846047
4381.025534
4388.205021
4385.640918
4382.563995
4381.025534
4379.487072
4378.974252
4383.076816
4391.794764
4391.794764
4382.563995
4381.025534
4385.640918
4385.640918
4384.102457
4382.051175
4386.153739
4392.307585
4385.640918
4374.871688
4376.410149
4382.563995
4385.128098
4384.102457
4381.025534
4380.512713
4381.025534
4383.076816
4384.615277
4384.102457
4380.512713
4379.487072
4381.025534
4381.538354
4377.948611
4376.410149
4383.076816
4385.128098
4381.025534
4385.128098
4394.358867
4394.871687
4387.17938
4381.538354
4380.512713
4378.974252
4377.43579
4374.871688
4372.820406
4366.153739
4360.512714
4362.563996
4372.307585
4378.974252
4381.025534
4381.025534
4381.025534
4377.948611
4372.820406
4371.281944
4366.66656
4361.025534
4365.640919
4375.384508
4377.948611
4378.974252
4383.076816
4383.076816
4375.384508
4373.846047
4376.92297
4373.333226
4369.230662
4369.743483
4368.717842
4364.102457
4364.615278
4370.256303
4375.897329
4375.384508
4374.358867
4379.999893
4385.640918
4382.563995
4376.410149
4372.820406
4370.769124
4361.538355
4358.461432
4368.205021
4372.307585
4362.563996
4354.358868
4363.076816
4368.205021
4362.051175
4360.512714
4361.538355
4347.692201
4336.922971
4348.205022
4362.563996
4366.153739
4365.640919
4364.102457
4363.589637
4363.076816
4363.589637
4364.615278
4359.487073
4361.538355
4372.820406
4375.384508
4372.820406
4375.897329
4374.871688
4377.43579
4385.640918
4373.333226
4351.281945
4348.205022
4353.846047
4354.358868
4353.846047
4353.333227
4357.948611
4364.615278
4368.717842
4370.256303
4370.256303
4368.717842
4370.769124
4371.281944
4369.743483
4369.743483
4365.640919
4362.051175
4361.538355
4359.487073
4357.948611
4365.128098
4367.17938
4366.153739
4372.307585
4375.897329
4365.128098
4354.871688
4352.820406
4346.15374
4337.435791
4345.128099
4361.025534
4365.128098
4356.41015
4343.589637
4332.820407
4333.333227
4345.640919
4353.333227
4352.307586
4346.66656
4340.512714
4335.89733
4337.435791
4339.999894
4335.89733
4330.769125
4336.41015
4337.948612
4331.794766
4338.461432
4348.717842
4343.589637
4341.538355
4346.66656
4335.384509
4321.025535
4327.692202
4341.538355
4342.563996
4338.974253
4340.512714
4339.999894
4337.948612
4339.487073
4342.051176
4339.999894
4345.128099
4360.512714
4370.256303
4363.076816
4352.820406
4356.92297
4366.153739
4367.17938
4368.205021
4370.256303
4368.717842
4363.076816
4355.897329
4352.820406
4363.076816
4371.794765
4368.205021
4370.256303
4373.333226
4367.17938
4367.17938
4377.43579
4375.897329
4364.102457
4355.384509
4351.281945
4348.205022
4350.256304
4361.025534
4371.794765
4375.384508
4374.871688
4374.358867
4373.333226
4381.025534
4390.769123
4390.256303
4385.640918
4385.128098
4382.563995
4378.461431
4376.410149
4379.487072
4381.538354
4377.948611
4374.358867
4375.384508
4371.281944
4371.794765
4379.999893
4378.461431
4384.102457
4401.538354
4405.128097
4390.256303
4385.640918
4389.230662
4386.666559
4383.076816
4381.538354
4377.948611
4377.43579
4382.563995
4381.025534
4375.897329
4378.461431
4383.589636
4385.640918
4384.615277
4376.410149
4369.743483
4367.692201
4367.17938
4367.17938
4364.615278
4362.051175
4366.153739
4371.794765
4369.743483
4365.640919
4365.640919
4367.692201
4367.17938
4363.589637
4363.589637
4366.153739
4362.563996
4358.974252
4361.025534
4365.128098
4364.102457
4364.102457
4367.692201
4367.692201
4360.512714
4356.41015
4359.999893
4357.948611
4349.743483
4349.743483
4357.948611
4359.487073
4357.435791
4358.461432
4358.974252
4357.948611
4359.999893
4357.435791
4352.307586
4355.897329
4360.512714
4358.461432
4359.999893
4358.974252
4348.205022
4344.102458
4347.692201
4346.66656
4344.102458
4348.717842
4352.307586
4354.358868
4352.820406
4350.256304
4351.281945
4352.307586
4351.794765
4350.769124
4349.743483
4353.333227
4356.92297
4350.256304
4342.563996
4344.615278
4350.256304
4347.179381
4339.487073
4340.512714
4350.256304
4352.307586
4351.281945
4361.538355
4373.333226
4368.717842
4359.999893
4363.076816
4361.538355
4348.205022
4341.538355
4341.538355
4335.89733
4335.89733
4338.461432
4336.922971
4341.538355
4351.794765
4355.384509
4355.897329
4360.512714
4366.153739
4369.743483
4369.743483
4367.692201
4364.102457
4356.92297
4350.769124
4351.794765
4355.384509
4356.41015
4356.41015
4361.025534
4364.102457
4363.076816
4361.538355
4361.025534
4367.17938
4374.358867
4367.692201
4351.794765
4349.230663
4358.461432
4363.589637
4360.512714
4358.974252
4357.435791
4351.281945
4350.256304
4355.897329
4353.333227
4347.692201
4356.92297
4367.17938
4361.538355
4355.384509
4361.538355
4368.205021
4367.692201
4368.205021
4370.256303
4362.051175
4355.384509
4356.92297
4357.948611
4355.897329
4361.025534
4362.563996
4353.846047
4353.846047
4361.538355
4359.999893
4355.897329
4361.538355
4364.615278
4362.051175
4360.512714
4363.076816
4365.128098
4365.640919
4369.230662
4373.846047
4368.205021
4359.487073
4359.487073
4356.41015
4354.358868
4359.999893
4361.025534
4353.333227
4353.333227
4362.563996
4369.743483
4373.846047
4374.871688
4367.17938
4357.435791
4353.846047
4359.999893
4368.717842
4368.205021
4357.948611
4356.92297
4365.128098
4365.640919
4361.025534
4356.41015
4355.384509
4353.846047
4351.281945
4353.846047
4366.66656
4373.846047
4373.846047
4372.307585
4368.205021
4363.076816
4360.512714
4358.974252
4361.025534
4368.205021
4367.692201
4359.487073
4359.487073
4369.230662
4371.794765
4362.563996
4354.871688
4360.512714
4364.102457
4356.41015
4356.92297
4366.66656
4367.692201
4368.717842
4376.410149
4379.999893
4378.461431
4375.897329
4371.281944
4366.66656
4366.153739
4371.281944
4378.974252
4378.974252
4379.487072
4383.076816
4384.615277
4382.051175
4376.410149
4371.281944
4368.205021
4370.256303
4369.230662
4367.692201
4370.256303
4371.281944
4367.17938
4373.846047
4385.128098
4384.102457
4380.512713
4384.102457
4381.538354
4374.871688
4376.410149
4382.563995
4387.17938
4385.640918
4384.102457
4385.128098
4384.615277
4376.92297
4364.102457
4360.512714
4372.307585
4377.948611
4374.871688
4379.999893
4383.589636
4375.384508
4374.358867
4385.128098
4391.794764
4385.640918
4370.769124
4361.025534
4365.128098
4377.43579
4376.92297
4370.256303
4373.846047
4385.128098
4395.384508
4405.640918
4407.179379
4391.281944
4377.948611
4379.999893
4383.076816
4384.615277
4392.307585
4403.589636
4408.717841
4405.128097
4400.512713
4392.820405
4381.538354
4377.43579
4385.128098
4389.230662
4389.230662
4396.410149
4406.153738
4405.640918
4399.999892
4398.461431
4391.794764
4383.589636
4382.563995
4382.563995
4381.025534
4385.128098
4387.17938
4382.563995
4377.43579
4375.384508
4376.92297
4379.999893
4381.025534
4381.538354
4378.974252
4374.358867
4375.384508
4380.512713
4386.153739
4386.666559
4384.615277
4383.589636
4382.051175
4377.43579
4377.948611
4379.999893
4376.410149
4370.256303
4372.307585
4377.43579
4377.948611
4381.025534
4386.666559
4386.666559
4381.538354
4384.615277
4389.743482
4388.717841
4383.589636
4382.051175
4381.025534
4377.43579
4382.051175
4389.743482
4383.589636
4371.794765
4370.256303
4368.717842
4363.589637
4366.66656
4370.256303
4368.205021
4369.230662
4373.846047
4382.051175
4381.538354
4372.307585
4368.717842
4374.358867
4375.384508
4370.256303
4363.589637
4363.076816
4367.692201
4362.051175
4356.92297
4364.615278
4367.17938
4365.640919
4374.358867
4378.461431
4371.281944
4367.17938
4367.692201
4370.256303
4373.333226
4370.256303
4364.615278
4367.17938
4366.66656
4363.076816
4367.17938
4368.717842
4361.538355
4363.589637
4373.333226
4375.384508
4371.794765
4374.358867
4378.974252
4378.974252
4376.410149
4374.358867
4373.333226
4376.92297
4379.999893
4373.333226
4367.17938
4373.333226
4378.461431
4369.230662
4365.128098
4371.794765
4371.281944
4362.563996
4366.66656
4374.871688
4371.794765
4371.794765
4372.820406
4362.563996
4360.512714
4373.333226
4375.897329
4367.692201
4369.230662
4374.358867
4370.769124
4367.17938
4366.153739
4367.692201
4371.794765
4375.897329
4370.256303
4364.615278
4368.717842
4375.384508
4374.358867
4367.17938
4361.538355
4357.948611
4357.435791
4364.102457
4372.820406
4369.743483
4362.563996
4365.128098
4375.897329
4382.563995
4384.102457
4379.999893
4371.794765
4370.769124
4378.461431
4380.512713
4375.897329
4375.384508
4374.871688
4373.333226
4371.794765
4375.897329
4380.512713
4378.974252
4371.281944
4372.820406
4382.563995
4384.615277
4378.974252
4375.897329
4376.92297
4375.384508
4371.794765
4372.820406
4376.410149
4381.025534
4386.153739
4383.589636
4377.43579
4373.846047
4372.307585
4371.794765
4374.358867
4373.333226
4370.256303
4371.794765
4372.820406
4373.333226
4375.384508
4371.281944
4368.205021
4375.384508
4376.410149
4367.17938
4368.717842
4381.538354
4383.076816
4377.43579
4372.307585
4366.66656
4367.17938
4373.846047
4373.333226
4369.743483
4371.281944
4370.256303
4370.769124
4375.384508
4375.897329
4370.769124
4369.230662
4372.307585
4371.794765
4362.563996
4358.461432
4368.717842
4375.897329
4370.769124
4370.256303
4371.794765
4367.17938
4366.66656
4372.820406
4375.384508
4371.794765
4372.307585
4377.43579
4379.487072
4377.948611
4382.563995
4387.6922
4384.615277
4375.384508
4373.846047
4378.461431
4375.897329
4371.794765
4375.384508
4379.487072
4377.948611
4383.589636
4387.6922
4379.999893
4379.487072
4384.102457
4377.43579
4375.897329
4382.051175
4377.43579
4372.820406
4380.512713
4386.666559
4386.153739
4386.153739
4388.205021
4395.897328
4402.563995
4401.025533
4393.846046
4391.281944
4388.717841
4382.563995
4374.871688
4375.384508
4386.153739
4393.846046
4394.358867
4393.333226
4393.846046
4397.43579
4403.076815
4398.974251
4386.666559
4381.025534
4383.589636
4390.769123
4395.897328
4389.743482
4384.615277
4388.205021
4391.281944
4391.281944
4394.358867
4398.974251
4397.94861
4394.358867
4394.358867
4395.897328
4392.820405
4390.769123
4391.794764
4396.410149
4399.487072
4395.897328
4387.6922
4385.640918
4389.230662
4390.769123
4389.743482
4391.281944
4397.43579
4398.974251
4395.384508
4394.871687
4397.94861
4399.487072
4401.025533
4396.922969
4389.743482
4391.281944
4401.538354
4399.999892
4387.17938
4385.640918
4395.897328
4394.871687
4387.17938
4389.743482
4397.43579
4396.922969
4391.281944
4395.384508
4403.589636
4404.615277
4401.538354
4402.051174
4400.512713
4399.999892
4402.051174
4403.076815
4405.640918
4409.230661
4409.743482
4406.666559
4401.538354
4397.43579
4399.487072
4401.538354
4397.43579
4395.384508
4398.974251
4401.025533
4400.512713
4403.076815
4404.102456
4399.999892
4404.102456
4409.230661
4402.051174
4401.025533
4410.256302
4409.230661
4398.461431
4392.820405
4396.410149
4403.589636
4401.538354
4395.897328
4399.487072
4405.640918
4407.6922
4408.717841
4405.640918
4405.128097
4409.743482
4407.179379
4401.538354
4401.025533
4407.179379
4412.307584
4409.743482
4403.589636
4406.153738
4409.230661
4406.153738
4405.640918
4409.230661
4406.153738
4402.051174
4406.153738
4405.640918
4401.538354
4405.128097
4413.333225
4411.794764
4409.230661
4406.666559
4399.487072
4399.999892
4409.230661
4411.281943
4407.179379
4402.051174
4397.94861
4398.461431
4407.179379
4414.358866
4413.846046
4410.769123
4405.640918
4404.102456
4406.666559
4406.666559
4405.128097
4407.6922
4408.20502
4411.281943
4414.871687
4409.230661
4405.128097
4411.281943
4419.487071
4423.589635
4422.563994
4412.307584
4406.153738
4409.743482
4412.307584
4408.717841
4404.102456
4398.461431
4397.43579
4401.025533
4405.640918
4411.281943
4415.897328
4411.794764
4405.640918
4407.179379
4410.256302
4413.333225
4419.487071
4417.94861
4408.20502
4406.153738
4411.281943
4411.794764
4408.717841
4408.717841
4411.281943
4411.794764
4406.153738
4407.179379
4410.769123
4402.563995
4398.974251
4405.640918
4401.538354
4392.307585
4395.897328
4397.94861
4393.333226
4402.051174
4418.46143
4416.922969
4407.179379
4410.769123
4414.871687
4407.179379
4404.102456
4409.743482
4410.256302
4405.640918
4402.563995
4408.717841
4416.922969
4415.897328
4408.20502
4411.794764
4415.897328
4407.6922
4404.615277
4412.820405
4411.281943
4400.512713
4399.999892
4409.230661
4411.281943
4404.102456
4398.461431
4401.025533
4406.153738
4404.102456
4404.102456
4405.640918
4401.025533
4395.384508
4395.897328
4399.999892
4404.615277
4406.153738
4402.051174
4399.999892
4401.538354
4400.512713
4397.94861
4397.43579
4393.846046
4389.230662
4391.794764
4401.538354
4403.076815
4399.487072
4401.538354
4407.179379
4406.153738
4401.025533
4397.94861
4399.999892
4401.538354
4397.94861
4396.410149
4400.512713
4403.076815
4401.025533
4399.487072
4399.487072
4400.512713
4395.384508
4390.256303
4395.384508
4402.051174
4398.974251
4395.384508
4398.974251
4399.487072
4399.487072
4402.051174
4402.051174
4398.974251
4397.43579
4398.461431
4403.076815
4405.128097
4404.102456
4401.538354
4400.512713
4401.538354
4407.6922
4412.820405
4415.384507
4415.897328
4411.794764
4409.230661
4411.794764
4414.871687
4408.717841
4404.615277
4408.20502
4408.717841
4408.20502
4411.794764
4409.743482
4400.512713
4402.563995
4411.281943
4408.20502
4403.076815
4405.640918
4402.051174
4393.846046
4392.820405
4400.512713
4407.179379
4409.743482
4403.589636
4399.487072
4397.43579
4396.410149
4397.43579
4398.974251
4398.974251
4397.43579
4394.358867
4396.410149
4406.666559
4410.256302
4398.974251
4386.666559
4388.717841
4395.384508
4394.358867
4389.743482
4388.717841
4390.769123
4391.281944
4385.128098
4384.102457
4393.333226
4397.43579
4396.922969
4397.94861
4396.410149
4392.820405
4401.025533
4406.153738
4398.461431
4394.871687
4395.384508
4388.205021
4389.230662
4399.487072
4399.487072
4394.358867
4394.871687
4394.871687
4395.384508
4397.94861
4397.94861
4404.102456
4409.230661
4402.051174
4393.846046
4394.871687
4394.358867
4388.717841
4386.666559
4393.333226
4395.897328
4388.717841
4386.153739
4392.307585
4389.230662
4379.487072
4378.974252
4385.128098
4388.205021
4384.615277
4380.512713
4385.640918
4396.410149
4398.974251
4397.43579
4399.999892
4400.512713
4396.410149
4395.897328
4397.94861
4397.94861
4399.487072
4398.461431
4390.769123
4386.153739
4391.794764
4396.410149
4398.461431
4401.538354
4403.076815
4397.94861
4391.281944
4387.17938
4387.6922
4389.230662
4388.205021
4391.794764
4398.461431
4395.384508
4386.666559
4386.666559
4385.640918
4380.512713
4382.563995
4382.563995
4375.897329
4377.43579
4383.076816
4386.153739
4390.256303
4395.897328
4398.974251
4399.487072
4398.974251
4391.794764
4382.563995
4380.512713
4389.743482
4393.846046
4392.307585
4387.6922
4384.102457
4387.17938
4389.743482
4387.17938
4388.205021
4389.230662
4380.512713
4373.846047
4378.461431
4384.102457
4383.589636
4383.589636
4387.17938
4393.846046
4394.871687
4389.743482
4383.076816
4386.153739
4388.717841
4384.615277
4383.076816
4389.230662
4387.6922
4377.948611
4381.025534
4392.307585
4392.820405
4386.153739
4384.102457
4384.615277
4382.563995
4381.025534
4385.640918
4390.256303
4387.17938
4382.051175
4383.076816
4388.717841
4393.333226
4389.230662
4385.128098
4393.333226
4401.025533
4394.871687
4388.717841
4389.230662
4385.128098
4385.128098
4392.307585
4391.794764
4382.051175
4379.487072
4385.128098
4388.717841
4388.717841
4392.307585
4395.897328
4390.256303
4389.743482
4397.43579
4396.410149
4384.102457
4380.512713
4386.153739
4387.6922
4385.128098
4388.205021
4392.820405
4394.871687
4394.358867
4396.410149
4400.512713
4398.461431
4391.281944
4393.333226
4395.897328
4388.717841
4389.743482
4395.897328
4393.846046
4394.871687
4402.563995
4396.922969
4387.17938
4387.6922
4386.153739
4381.025534
4385.128098
4392.820405
4392.820405
4386.666559
4384.102457
4390.256303
4394.358867
4390.256303
4387.6922
4388.205021
4382.563995
4386.153739
4396.922969
4393.333226
4383.589636
4386.666559
4389.230662
4385.128098
4388.205021
4389.230662
4383.589636
4381.025534
4380.512713
4380.512713
4384.102457
4390.256303
4393.333226
4387.6922
4387.6922
4396.410149
4390.769123
4381.538354
4390.256303
4392.307585
4382.051175
4387.17938
4395.897328
4394.358867
4394.871687
4397.94861
4390.769123
4388.205021
4395.897328
4401.025533
4395.384508
4389.743482
4389.743482
4389.743482
4389.230662
4391.281944
4394.358867
4390.256303
4383.589636
4380.512713
4379.999893
4384.102457
4390.769123
4390.769123
4391.281944
4397.94861
4401.538354
4398.461431
4396.922969
4395.897328
4397.94861
4402.051174
4401.538354
4398.461431
4399.999892
4399.487072
4394.871687
4395.897328
4394.871687
4389.230662
4388.717841
4397.43579
4404.615277
4406.153738
4398.974251
4389.743482
4394.358867
4401.538354
4395.384508
4391.281944
4400.512713
4402.051174
4393.846046
4393.846046
4405.640918
4406.153738
4396.410149
4397.43579
4398.974251
4390.769123
4394.871687
4403.589636
4397.94861
4394.358867
4400.512713
4396.922969
4388.717841
4392.820405
4399.487072
4398.461431
4391.281944
4389.743482
4390.256303
4389.230662
4390.769123
4398.974251
4397.43579
4389.743482
4393.846046
4398.461431
4391.794764
4389.230662
4394.871687
4399.999892
4398.974251
4392.307585
4388.205021
4390.256303
4393.846046
4397.43579
4399.487072
4396.922969
4395.897328
4401.025533
4402.051174
4394.358867
4390.769123
4397.94861
4398.974251
4391.794764
4394.871687
4403.589636
4396.410149
4384.102457
4385.640918
4394.358867
4395.384508
4396.922969
4405.640918
4410.769123
4405.128097
4397.43579
4394.358867
4393.846046
4396.410149
4403.589636
4408.717841
4406.666559
4401.025533
4395.384508
4396.410149
4401.538354
4404.102456
4402.563995
4394.358867
4387.17938
4394.871687
4408.20502
4406.153738
4397.43579
4392.820405
4386.666559
4385.640918
4393.846046
4400.512713
4402.051174
4401.538354
4406.153738
4408.20502
4403.076815
4399.999892
4401.538354
4402.563995
4407.6922
4407.179379
4400.512713
4405.128097
4407.179379
4399.487072
4402.563995
4408.20502
4401.025533
4400.512713
4411.281943
4416.410148
4415.384507
4414.358866
4414.871687
4414.358866
4406.153738
4402.051174
4410.769123
4412.307584
4407.6922
4405.640918
4401.025533
4398.974251
4408.717841
4419.487071
4422.051174
4420.512712
4416.922969
4413.333225
4411.794764
4414.358866
4412.820405
4399.999892
4390.769123
4398.461431
4404.615277
4402.563995
4402.563995
4404.615277
4408.20502
4414.358866
4409.230661
4400.512713
4407.179379
4422.051174
4418.46143
4409.230661
4415.384507
4423.589635
4420.512712
4416.410148
4415.384507
4411.794764
4409.743482
4408.20502
4408.717841
4411.281943
4412.820405
4414.871687
4419.999892
4419.999892
4418.974251
4413.846046
4400.512713
4392.820405
4401.025533
4409.743482
4405.640918
4404.102456
4416.410148
4419.999892
4407.6922
4404.102456
4411.794764
4415.384507
4408.20502
4401.025533
4408.717841
4426.666558
4433.333225
4427.692199
4423.589635
4419.999892
4416.410148
4413.846046
4413.333225
4409.743482
4410.256302
4414.871687
4417.435789
4416.922969
4418.46143
4417.94861
4411.281943
4409.230661
4418.46143
4425.128097
4421.538353
4419.999892
4429.743481
4440.512712
4439.487071
4428.71784
4417.94861
4416.922969
4415.897328
4411.794764
4410.769123
4418.974251
4432.307584
4431.281943
4416.922969
4417.94861
4429.743481
4426.153738
4421.025533
4430.256302
4433.333225
4427.692199
4430.769122
4431.281943
4418.46143
4409.743482
4418.974251
4427.692199
4428.71784
4434.358866
4434.358866
4418.974251
4409.230661
4416.410148
4419.487071
4414.871687
4418.974251
4421.538353
4409.230661
4402.563995
4408.717841
4412.307584
4409.743482
4414.871687
4422.051174
4422.563994
4422.051174
4424.102456
4424.102456
4417.435789
4414.358866
4416.410148
4419.487071
4422.051174
4425.128097
4424.102456
4421.538353
4419.999892
4418.46143
4419.999892
4426.666558
4428.20502
4425.640917
4424.102456
4426.666558
4434.358866
4436.922968
4433.846045
4430.256302
4424.615276
4416.410148
4414.871687
4416.410148
4417.435789
4418.46143
4415.384507
4410.256302
4417.435789
4422.563994
4413.846046
4411.281943
4417.435789
4415.897328
4411.794764
4416.410148
4415.897328
4412.307584
4414.871687
4421.538353
4421.538353
4417.435789
4417.435789
4415.897328
4409.743482
4411.794764
4423.076815
4427.179379
4420.512712
4412.820405
4413.333225
4422.563994
4425.640917
4415.384507
4407.6922
4406.666559
4406.666559
4410.256302
4417.435789
4423.589635
4428.71784
4428.71784
4426.666558
4427.692199
4425.640917
4424.102456
4427.179379
4429.230661
4428.71784
4426.666558
4416.410148
4415.897328
4427.692199
4427.692199
4416.410148
4414.358866
4419.487071
4422.051174
4422.051174
4421.025533
4422.563994
4424.102456
4420.512712
4415.897328
4422.563994
4426.666558
4419.999892
4415.897328
4423.076815
4426.153738
4419.999892
4413.333225
4412.820405
4415.897328
4416.410148
4410.256302
4411.281943
4422.563994
4422.563994
4418.46143
4428.71784
4434.358866
4424.102456
4423.589635
4429.743481
4428.20502
4426.666558
4429.743481
4430.256302
4427.179379
4425.128097
4427.692199
4431.281943
4430.769122
4432.307584
4435.897327
4432.820404
4430.769122
4433.333225
4431.281943
4429.230661
4430.769122
4431.281943
4426.666558
4425.128097
4429.230661
4429.230661
4423.076815
4423.076815
4425.640917
4429.230661
4439.487071
4436.922968
4417.94861
4413.333225
4426.153738
4425.640917
4417.435789
4422.051174
4428.71784
4424.102456
4420.512712
4425.640917
4428.71784
4425.640917
4423.076815
4424.102456
4429.230661
4436.410148
4442.563994
4443.589635
4436.410148
4430.256302
4432.307584
4439.999891
4445.128096
4440.512712
4433.846045
4435.897327
4437.948609
4438.97425
4438.46143
4430.769122
4434.358866
4442.051173
4431.794763
4423.076815
4428.71784
4425.128097
4420.512712
4427.179379
4431.281943
4428.71784
4428.71784
4431.281943
4430.769122
4430.256302
4435.897327
4441.538353
4437.435789
4430.769122
4424.615276
4421.025533
4425.128097
4433.333225
4438.46143
4440.512712
4435.897327
4432.820404
4435.384507
4429.230661
4425.640917
4431.281943
4428.71784
4419.999892
4420.512712
4421.025533
4424.615276
4435.897327
4441.025532
4437.435789
4434.871686
4434.358866
4437.435789
4436.922968
4428.71784
4423.076815
4425.640917
4429.743481
4429.743481
4432.820404
4435.384507
4429.743481
4420.512712
4422.051174
4426.153738
4424.615276
4422.563994
4418.974251
4416.410148
4426.153738
4433.333225
4426.153738
4416.410148
4416.922969
4418.974251
4418.974251
4420.512712
4419.487071
4425.128097
4435.897327
4437.948609
4425.128097
4418.974251
4426.153738
4429.230661
4430.769122
4436.922968
4428.20502
4412.820405
4421.025533
4433.846045
4430.769122
4429.743481
4432.307584
4425.128097
4422.051174
4423.076815
4418.974251
4418.46143
4424.102456
4423.076815
4421.538353
4424.615276
4424.102456
4423.589635
4434.871686
4437.435789
4424.615276
4422.563994
4431.794763
4431.281943
4420.512712
4419.487071
4428.20502
4430.256302
4429.743481
4436.410148
4434.871686
4425.640917
4427.692199
4432.307584
4426.153738
4423.076815
4430.769122
4432.307584
4424.615276
4423.589635
4430.769122
4429.230661
4417.94861
4415.897328
4422.563994
4422.563994
4424.102456
4432.307584
4433.333225
4424.102456
4419.487071
4424.102456
4428.71784
4429.743481
4430.769122
4431.281943
4428.20502
4426.153738
4430.256302
4431.794763
4424.102456
4418.974251
4416.922969
4412.307584
4415.897328
4430.769122
4435.384507
4429.230661
4432.307584
4434.871686
4423.589635
4419.487071
4426.666558
4427.179379
4423.589635
4425.640917
4430.256302
4430.256302
4429.743481
4428.20502
4423.589635
4418.46143
4421.025533
4425.128097
4425.128097
4429.743481
4429.230661
4421.025533
4425.640917
4434.358866
4425.640917
4420.512712
4428.71784
4431.281943
4424.102456
4422.563994
4421.025533
4420.512712
4425.640917
4424.102456
4415.897328
4417.94861
4426.666558
4423.589635
4414.871687
4416.410148
4422.563994
4417.435789
4411.794764
4413.333225
4414.358866
4412.820405
4414.871687
4414.871687
4412.820405
4414.871687
4415.384507
4414.871687
4415.897328
4412.820405
4409.230661
4415.384507
4420.512712
4414.358866
4408.717841
4410.769123
4416.922969
4423.076815
4417.435789
4403.589636
4398.461431
4406.666559
4411.794764
4406.153738
4399.487072
4402.051174
4412.307584
4413.846046
4403.076815
4396.410149
4405.128097
4412.820405
4410.256302
4406.153738
4408.20502
4404.615277
4399.487072
4408.20502
4416.922969
4410.769123
4403.589636
4406.153738
4407.6922
4410.769123
4412.820405
4405.128097
4399.487072
4409.743482
4416.922969
4413.846046
4411.794764
4408.717841
4403.076815
4408.717841
4421.025533
4417.94861
4407.179379
4403.589636
4411.794764
4423.076815
4426.153738
4418.974251
4413.333225
4414.871687
4424.102456
4426.153738
4416.410148
4410.769123
4415.384507
4414.358866
4409.743482
4415.897328
4421.025533
4418.974251
4421.025533
4425.128097
4423.076815
4424.615276
4424.102456
4416.410148
4415.384507
4418.46143
4415.384507
4412.820405
4412.307584
4417.435789
4430.769122
4432.307584
4414.871687
4403.076815
4402.051174
4399.487072
4402.051174
4406.666559
4407.6922
4408.20502
4410.256302
4406.153738
4398.461431
4399.999892
4408.717841
4405.640918
4397.43579
4403.589636
4413.846046
4412.820405
4405.640918
4403.589636
4405.640918
4410.256302
4414.871687
4417.435789
4415.897328
4410.256302
4405.128097
4403.589636
4409.230661
4411.794764
4407.6922
4410.769123
4415.384507
4410.769123
4411.281943
4415.384507
4415.384507
4418.46143
4423.076815
4423.589635
4426.153738
4428.20502
4424.102456
4418.46143
4419.487071
4424.615276
4424.102456
4414.358866
4410.769123
