
4411.281943
4419.487071
4427.179379
4430.256302
4436.922968
4439.999891
4432.307584
4425.128097
4424.615276
4421.025533
4416.922969
4417.94861
4415.384507
4412.307584
4418.46143
4419.487071
4407.6922
4408.717841
4417.435789
4413.333225
4404.615277
4403.076815
4402.563995
4405.128097
4408.20502
4404.102456
4402.563995
4408.717841
4408.20502
4403.076815
4408.717841
4412.820405
4404.102456
4399.487072
4403.076815
4399.999892
4397.43579
4401.025533
4402.051174
4402.051174
4408.717841
4418.46143
4418.974251
4411.794764
4408.717841
4412.307584
4411.794764
4412.820405
4416.410148
4414.358866
4408.20502
4407.179379
4406.153738
4402.563995
4403.076815
4403.076815
4397.94861
4398.974251
4405.128097
4398.461431
4390.256303
4396.922969
4393.333226
4378.974252
4385.128098
4398.974251
4397.43579
4396.410149
4404.102456
4402.563995
4398.974251
4402.563995
4405.640918
4405.128097
4399.487072
4391.794764
4390.256303
4394.871687
4396.922969
4398.461431
4403.076815
4404.615277
4398.974251
4398.461431
4406.153738
4405.640918
4397.94861
4399.487072
4394.871687
4383.076816
4383.589636
4393.333226
4397.94861
4397.94861
4404.102456
4411.281943
4404.102456
4390.256303
4390.769123
4393.846046
4386.666559
4383.076816
4389.230662
4394.358867
4395.384508
4398.461431
4399.999892
4395.384508
4391.794764
4393.333226
4393.333226
4394.871687
4400.512713
4406.666559
4406.153738
4406.666559
4411.281943
4412.820405
4405.640918
4403.076815
4406.666559
4407.179379
4397.43579
4389.230662
4390.769123
4393.846046
4395.384508
4394.358867
4391.794764
4391.281944
4396.922969
4400.512713
4397.94861
4394.871687
4391.281944
4386.153739
4387.6922
4393.333226
4395.897328
4401.025533
4405.640918
4399.487072
4396.410149
4402.051174
4399.487072
4391.281944
4388.717841
4387.17938
4381.538354
4386.153739
4403.076815
4409.743482
4405.640918
4409.743482
4409.230661
4395.384508
4386.666559
4389.230662
4391.281944
4393.333226
4394.358867
4389.743482
4392.307585
4390.256303
4379.487072
4382.563995
4397.94861
4395.897328
4390.769123
4397.43579
4393.333226
4385.128098
4386.666559
4388.717841
4394.358867
4396.410149
4389.230662
4388.717841
4394.871687
4395.384508
4396.410149
4397.94861
4394.358867
4395.384508
4394.358867
4390.769123
4399.487072
4409.743482
4402.563995
4398.974251
4410.256302
4411.281943
4397.94861
4391.281944
4395.897328
4397.94861
4404.102456
4410.769123
4408.717841
4405.128097
4405.128097
4396.922969
4387.17938
4390.769123
4395.897328
4395.384508
4395.897328
4398.461431
4401.538354
4410.769123
4414.871687
4409.743482
4412.820405
4415.897328
4408.20502
4407.179379
4406.153738
4399.999892
4407.179379
4413.846046
4404.102456
4396.922969
4397.94861
4401.538354
4411.281943
4410.256302
4402.563995
4410.256302
4423.589635
4424.615276
4416.922969
4408.717841
4407.6922
4409.743482
4406.153738
4398.461431
4393.846046
4397.43579
4401.538354
4403.076815
4402.563995
4411.281943
4423.076815
4422.051174
4409.743482
4402.051174
4403.589636
4407.179379
4408.20502
4402.563995
4394.871687
4391.281944
4386.666559
4380.512713
4380.512713
4377.43579
4368.717842
4363.076816
4366.153739
4365.640919
4357.948611
4347.692201
4341.538355
4338.974253
4335.384509
4329.230663
4328.717843
4333.846048
4331.281945
4322.563997
4314.871689
4311.281946
4309.230664
4305.1281
4297.435792
4295.38451
4294.87169
4294.358869
4297.435792
4290.769126
4276.922972
4275.384511
4274.87169
4267.692203
4264.61528
4258.974255
4246.666563
4246.666563
4252.307588
4242.051178
4230.769127
4230.769127
4225.128102
4215.384512
4217.435794
4214.358871
4201.025538
4197.435795
4205.128102
4205.128102
4200.512718
4203.07682
4201.025538
4193.846051
4194.358872
4196.410154
4193.846051
4199.487077
4202.564
4188.205026
4177.435795
4177.948616
4172.30759
4171.281949
4183.589641
4191.794769
4187.179385
4176.922975
4166.666565
4165.640924
4174.358872
4173.846052
4164.102462
4156.410155
4155.384514
4156.410155
4154.871693
4152.820411
4152.307591
4147.179386
4139.487078
4135.384514
4134.358873
4131.794771
4125.640925
4118.461438
4114.358874
4114.871694
4113.333233
4107.179387
4104.102464
4107.692207
4105.128105
4097.948618
4093.846054
4087.692208
4082.564003
4077.435798
4072.820413
4073.846054
4082.564003
4092.820413
4096.410156
4088.205028
4083.076823
4090.25631
4095.897336
4092.820413
4090.769131
4086.666567
4084.102464
4087.692208
4091.281951
4085.640926
4082.051182
4090.25631
4094.871695
4088.205028
4084.615285
4094.358874
4103.076823
4107.692207
4112.307592
4116.922976
4112.820412
4105.128105
4110.76913
4123.589643
4129.743489
4130.256309
4124.102463
4108.205028
4095.384515
4092.820413
4096.410156
4108.717848
4124.615284
4129.743489
4130.76913
4128.717848
4124.102463
4129.743489
4135.897335
4127.179386
4120.51272
4123.076822
4127.179386
4144.102463
4165.640924
4169.743488
4167.692206
4168.717847
4167.692206
4167.179385
4162.05118
4155.897334
4155.897334
4154.358873
4153.333232
4161.025539
4166.666565
4162.05118
4150.769129
4142.564001
4149.743488
4165.128103
4170.769129
4168.205026
4172.30759
4176.922975
4172.30759
4166.153744
4169.743488
4169.743488
4169.743488
4183.589641
4194.358872
4191.281949
4187.692205
4184.102462
4174.358872
4172.820411
4183.076821
4189.230667
4185.128103
4179.999898
4183.076821
4199.487077
4211.794769
4208.205025
4200.512718
4202.564
4209.230666
4211.794769
4211.281948
4212.82041
4215.897333
4213.846051
4216.410153
4227.179384
4230.256307
4217.948615
4207.179384
4216.410153
4234.871691
4244.10246
4250.769127
4258.461434
4255.897332
4241.538358
4233.84605
4233.84605
4230.769127
4233.84605
4245.128101
4251.281947
4248.717845
4249.230665
4253.333229
4265.128101
4274.35887
4270.769126
4269.230665
4275.384511
4269.230665
4257.435793
4258.461434
4265.640921
4266.666562
4264.10246
4264.10246
4268.717844
4266.666562
4265.128101
4276.922972
4284.61528
4277.948613
4275.897331
4284.102459
4287.179382
4282.563998
4278.974254
4278.974254
4276.410152
4272.307588
4272.307588
4274.87169
4280.512716
4282.563998
4282.051177
4288.717844
4295.38451
4290.256305
4290.769126
4297.948613
4297.948613
4295.38451
4302.051177
4309.230664
4313.846048
4314.871689
4310.769125
4311.281946
4313.846048
4311.281946
4311.794766
4318.461433
4318.461433
4314.871689
4312.820407
4311.794766
4314.871689
4326.15374
4331.794766
4325.64092
4325.128099
4334.871689
4342.051176
4346.15374
4350.769124
4345.128099
4340.512714
4345.640919
4345.640919
4346.15374
4356.41015
4353.846047
4342.051176
4344.615278
4353.846047
4349.230663
4344.102458
4348.205022
4343.076817
4338.461432
4348.717842
4353.333227
4349.230663
4359.999893
4370.769124
4364.615278
4359.999893
4360.512714
4352.307586
4351.281945
4363.076816
4365.640919
4358.461432
4358.461432
4362.563996
4358.461432
4356.41015
4356.92297
4358.974252
4366.153739
4372.820406
4368.717842
4365.128098
4366.66656
4368.205021
4369.230662
4372.307585
4375.384508
4376.410149
4374.358867
4368.717842
4368.205021
4368.717842
4367.692201
4370.256303
4375.897329
4379.999893
4382.563995
4381.538354
4381.025534
4382.051175
4382.563995
4383.076816
4386.666559
4385.128098
4379.999893
4382.051175
4385.128098
4381.025534
4378.974252
4382.563995
4389.230662
4393.333226
4393.333226
4391.281944
4391.281944
4394.358867
4395.897328
4395.897328
4390.769123
4391.794764
4392.820405
4385.640918
4384.102457
4389.230662
4396.922969
4402.563995
4399.487072
4389.743482
4386.666559
4388.205021
4392.307585
4398.461431
4402.563995
4404.615277
4402.051174
4390.769123
4387.6922
4395.384508
4396.922969
4393.333226
4395.897328
4397.94861
4400.512713
4408.20502
4411.794764
4408.20502
4403.589636
4401.538354
4397.94861
4398.461431
4402.563995
4401.538354
4394.358867
4394.871687
4404.102456
4404.102456
4398.461431
4398.461431
4398.974251
4387.6922
4379.487072
4387.6922
4401.025533
4402.051174
4393.846046
4391.794764
4394.358867
4394.358867
4395.384508
4398.974251
4399.487072
4395.384508
4392.820405
4393.333226
4399.487072
4409.743482
4409.230661
4404.102456
4403.589636
4403.589636
4402.563995
4406.153738
4408.717841
4403.589636
4396.922969
4396.922969
4399.999892
4397.94861
4392.307585
4396.410149
4411.281943
4420.512712
4415.384507
4406.153738
4399.999892
4394.358867
4398.974251
4406.666559
4403.589636
4403.076815
4411.281943
4413.333225
4412.307584
4417.94861
4423.076815
4426.153738
4426.153738
4416.922969
4412.307584
4422.563994
4424.615276
4418.974251
4418.974251
4417.435789
4416.410148
4426.153738
4430.769122
4420.512712
4413.333225
4416.922969
4424.615276
4430.769122
4428.71784
4423.589635
4422.563994
4419.487071
4412.820405
4407.179379
4406.153738
4407.179379
4408.20502
4411.794764
4420.512712
4428.20502
4425.128097
4412.820405
4410.256302
4425.128097
4429.230661
4417.94861
4420.512712
4429.743481
4425.128097
4428.71784
4441.025532
4441.025532
4435.897327
4439.999891
4441.538353
4437.435789
4435.384507
4431.794763
4425.128097
4424.102456
4430.769122
4434.871686
4432.307584
4428.20502
4430.256302
4435.384507
4440.512712
4442.051173
4439.487071
4431.794763
4427.692199
4433.846045
4437.435789
4433.333225
4433.333225
4435.897327
4432.820404
4440.512712
4455.897327
4452.820404
4442.563994
4450.769122
4458.461429
4449.743481
4442.051173
4445.640917
4445.640917
4443.589635
4443.076814
4447.692199
4453.846045
4451.794763
4443.589635
4437.948609
4440.512712
4447.179378
4450.256301
4446.153737
4447.692199
4451.281942
4446.666558
4439.999891
4442.051173
4446.666558
4444.102455
4438.97425
4438.46143
4445.128096
4451.794763
4450.769122
4443.589635
4441.025532
4442.051173
4442.563994
4438.46143
4436.410148
4445.128096
4449.23066
4438.97425
4439.487071
4451.281942
4449.743481
4441.025532
4442.563994
4444.102455
4437.948609
4440.512712
4454.871686
4462.563993
4457.948609
4457.435788
4458.461429
4455.897327
4455.897327
4453.333224
4446.153737
4443.076814
4442.051173
4438.97425
4439.999891
4446.153737
4452.820404
4455.897327
4450.256301
4443.076814
4448.205019
4457.435788
4455.384506
4443.076814
4443.589635
4452.820404
4456.410147
4461.025532
4467.692198
4464.615275
4457.948609
4456.410147
4453.846045
4449.23066
4450.769122
4455.384506
4453.846045
4458.461429
4469.74348
4474.871685
4468.717839
4466.153737
4468.717839
4466.153737
4463.076814
4463.076814
4464.615275
4464.102455
4467.692198
4475.384506
4476.410147
4469.74348
4464.102455
4461.025532
4461.025532
4461.538352
4457.948609
4449.743481
4450.256301
4460.512711
4465.128096
4462.051173
4462.051173
4464.102455
4462.051173
4460.512711
4459.999891
4459.999891
4458.461429
4457.435788
4457.435788
4458.461429
4461.538352
4467.179378
4470.769121
4471.281942
4468.205019
4458.461429
4454.871686
4461.538352
4461.025532
4455.897327
4464.102455
4468.717839
4464.102455
4466.666557
4471.281942
4470.769121
4472.307583
4468.717839
4458.461429
4460.512711
4467.692198
4465.128096
4461.538352
4462.051173
4462.051173
4466.153737
4470.769121
4473.333224
4475.384506
4471.281942
4460.512711
4456.922968
4458.97425
4458.461429
4455.384506
4458.461429
4469.74348
4477.948608
4474.358865
4470.256301
4470.769121
4462.563993
4454.871686
4455.384506
4456.922968
4456.410147
4458.461429
4460.512711
4461.538352
4455.897327
4447.692199
4450.256301
4457.435788
4452.820404
4451.281942
4459.48707
4460.512711
4459.48707
4465.128096
4467.179378
4460.512711
4459.999891
4463.589634
4466.666557
4467.179378
4462.563993
4453.846045
4453.846045
4463.589634
4467.179378
4463.076814
4461.025532
4467.179378
4472.307583
4473.333224
4472.820403
4473.846044
4473.333224
4467.692198
4465.128096
4466.666557
4466.666557
4468.205019
4473.333224
4477.435788
4474.358865
4466.666557
4468.205019
4475.897326
4471.794762
4459.48707
4454.871686
4456.922968
4459.48707
4458.97425
4456.410147
4456.410147
4458.461429
4456.922968
4456.922968
4459.999891
4462.051173
4458.97425
4455.897327
4454.871686
4452.307583
4452.307583
4454.358865
4455.897327
4453.333224
4450.769122
4444.615276
4441.025532
4447.692199
4454.871686
4454.358865
4447.692199
4439.999891
4436.922968
4440.512712
4447.692199
4458.461429
4469.74348
4468.205019
4455.384506
4454.871686
4463.076814
4462.563993
4458.461429
4460.512711
4458.97425
4455.384506
4457.435788
4457.948609
4456.922968
4455.384506
4451.281942
4454.358865
4462.563993
4463.076814
4459.999891
4459.999891
4461.025532
4456.410147
4450.256301
4444.102455
4438.97425
4438.46143
4442.563994
4447.179378
4447.692199
4446.666558
4447.179378
4449.23066
4450.769122
4457.435788
4466.153737
4465.640916
4459.48707
4457.948609
4458.461429
4460.512711
4457.948609
4448.71784
4445.640917
4450.769122
4458.97425
4465.640916
4466.666557
4462.563993
4458.461429
4453.846045
4458.97425
4469.74348
4466.666557
4456.410147
4457.948609
4459.48707
4456.922968
4457.948609
4458.97425
4457.948609
4461.025532
4464.102455
4462.563993
4455.897327
4450.769122
4458.461429
4465.640916
4463.589634
4464.615275
4469.74348
4466.153737
4461.025532
4463.076814
4465.128096
4465.640916
4464.102455
4461.025532
4456.922968
4454.871686
4454.358865
4453.846045
4453.333224
4455.897327
4456.410147
4451.794763
4449.23066
4453.333224
4453.846045
4450.769122
4454.358865
4460.512711
4461.538352
4463.076814
4463.076814
4456.410147
4448.71784
4447.692199
4453.846045
4453.846045
4451.281942
4453.846045
4453.846045
4450.769122
4454.871686
4454.871686
4450.256301
4453.333224
4453.333224
4446.666558
4445.640917
4446.666558
4449.743481
4454.871686
4453.333224
4449.743481
4452.820404
4450.769122
4440.512712
4436.410148
4440.512712
4443.076814
4442.563994
4442.051173
4442.563994
4444.615276
4446.153737
4451.794763
4455.384506
4451.281942
4443.589635
4435.384507
4435.384507
4442.563994
4446.153737
4441.538353
4438.97425
4438.46143
4438.97425
4441.025532
4442.051173
4441.538353
4437.435789
4432.307584
4430.256302
4435.384507
4444.615276
4444.102455
4430.256302
4426.666558
4430.769122
4421.025533
4416.922969
4435.384507
4448.71784
4448.205019
4445.128096
4442.051173
4444.102455
4450.256301
4445.128096
4437.435789
4434.871686
4433.846045
4446.153737
4458.97425
4461.025532
4458.461429
4457.948609
4457.435788
4458.97425
4460.512711
4456.922968
4447.692199
4441.538353
4446.666558
4453.333224
4456.922968
4461.538352
4462.563993
4456.410147
4447.692199
4444.102455
4452.307583
4457.948609
4456.410147
4455.897327
4464.102455
4472.307583
4469.23066
4460.512711
4457.435788
4461.025532
4469.23066
4477.435788
4478.974249
4477.435788
4474.358865
4462.563993
4445.640917
4442.563994
4452.307583
4455.897327
4447.179378
4443.076814
4446.666558
4444.615276
4444.102455
4446.666558
4443.076814
4435.897327
4440.512712
4449.23066
4447.692199
4443.589635
4449.743481
4457.435788
4458.461429
4454.871686
4450.769122
4448.205019
4454.358865
4461.025532
4455.897327
4444.102455
4443.589635
4456.922968
4463.076814
4455.897327
4449.743481
4455.384506
4462.563993
4462.051173
4457.435788
4456.922968
4458.97425
4459.999891
4458.97425
4461.538352
4468.717839
4473.333224
4479.48707
4486.666557
4487.179377
4486.666557
4490.2563
4488.205018
4484.615275
4481.538352
4475.897326
4469.74348
4463.076814
4457.948609
4456.410147
4452.307583
4443.076814
4436.922968
4439.999891
4445.640917
4450.256301
4453.846045
4448.71784
4439.487071
4432.307584
4423.589635
4416.410148
4419.487071
4421.538353
4419.999892
4420.512712
4419.487071
4417.94861
4418.974251
4417.435789
4412.820405
4410.256302
4410.256302
4409.743482
4407.179379
4411.281943
4415.897328
4419.487071
4418.46143
4412.820405
4413.846046
4421.025533
4428.20502
4437.948609
4448.205019
4448.205019
4446.153737
4447.179378
4442.563994
4432.307584
4425.640917
4428.71784
4434.871686
4434.871686
4437.435789
4443.076814
4450.256301
4456.922968
4459.999891
4455.384506
4449.743481
4450.256301
4452.307583
4456.922968
4464.102455
4463.589634
4453.333224
4450.256301
4450.769122
4441.025532
4431.281943
4428.71784
4426.153738
4424.615276
4423.589635
4423.076815
4424.102456
4422.051174
4419.487071
4422.051174
4423.076815
4417.435789
4414.871687
4412.820405
4409.230661
4409.230661
4408.717841
4405.128097
4400.512713
4392.820405
4390.256303
4398.974251
4404.615277
4404.102456
4405.640918
4401.025533
4387.17938
4387.17938
4396.922969
4403.076815
4408.20502
4419.487071
4427.692199
4431.794763
4434.358866
4429.743481
4416.922969
4406.153738
4413.333225
4430.256302
4437.435789
4440.512712
4453.846045
4465.640916
4464.615275
4462.051173
4468.717839
4475.897326
4474.871685
4472.820403
4474.358865
4469.74348
4463.076814
4460.512711
4461.538352
4467.692198
4475.384506
4480.512711
4486.153736
4495.897326
4500.51271
4502.563992
4498.461428
4489.230659
4478.974249
4467.179378
4456.922968
4449.23066
4441.025532
4436.410148
4438.46143
4439.999891
4440.512712
4448.205019
4452.820404
4448.205019
4451.794763
4454.871686
4444.615276
4434.358866
4433.333225
4425.128097
4410.769123
4398.974251
4387.6922
4379.487072
4376.410149
4379.999893
4382.051175
4377.948611
4376.410149
4376.410149
4372.820406
4374.871688
4384.102457
4392.307585
4391.794764
4392.307585
4396.410149
4405.128097
4413.333225
4414.358866
4413.846046
4420.512712
4431.281943
4438.97425
4447.692199
4449.743481
4438.97425
4418.974251
4390.256303
4364.102457
4346.66656
4325.128099
4304.615279
4292.820408
4288.205023
4286.153741
4282.051177
4276.410152
4275.384511
4281.538357
4304.102459
4346.66656
4375.384508
4386.153739
4416.922969
4468.205019
4489.230659
4469.74348
4454.871686
4459.48707
4458.97425
4459.999891
4489.230659
4532.307581
4557.948606
4556.410145
4527.692197
4484.102454
4451.794763
4436.922968
4427.179379
4419.999892
4412.307584
4397.94861
4383.076816
4379.999893
4385.640918
4382.051175
4378.974252
4392.307585
4405.640918
4408.20502
4409.743482
4418.46143
4421.025533
4415.897328
4415.897328
4425.128097
4430.769122
4429.230661
4422.051174
4411.794764
4413.846046
4427.692199
4432.307584
4430.769122
4432.820404
4430.256302
4426.666558
4432.820404
4438.46143
4439.999891
4451.281942
4454.358865
4441.538353
4432.820404
4441.025532
4441.025532
4431.281943
4425.128097
4415.897328
4403.589636
4396.922969
4393.846046
4393.846046
4402.051174
4408.717841
4412.820405
4424.102456
4437.948609
4439.999891
4432.820404
4431.281943
4437.435789
4436.410148
4429.743481
4431.794763
4434.358866
4425.640917
4414.871687
4411.281943
4406.153738
4397.43579
4394.358867
4401.538354
4412.820405
4414.358866
4409.743482
4415.384507
4421.538353
4406.666559
4387.17938
4387.17938
4401.025533
4411.281943
4411.281943
4408.20502
4412.820405
4417.94861
4418.46143
4425.128097
4433.333225
4431.281943
4428.71784
4427.179379
4414.871687
4407.6922
4419.999892
4425.128097
4419.999892
4425.128097
4430.769122
4428.20502
4430.256302
4441.025532
4446.666558
4444.102455
4437.435789
4437.435789
4441.025532
4441.025532
4434.871686
4427.179379
4425.128097
4430.256302
4430.769122
4425.640917
4425.128097
4428.20502
4436.922968
4445.640917
4438.46143
4431.281943
4442.563994
4447.692199
4438.97425
4434.358866
4430.769122
4423.589635
4422.051174
4424.102456
4427.179379
4434.358866
4434.358866
4428.71784
4426.153738
4427.179379
4428.20502
4424.102456
4421.025533
4423.589635
4424.615276
4429.230661
4438.97425
4443.589635
4438.97425
4431.794763
4428.20502
4430.256302
4429.743481
4424.615276
4428.20502
4434.358866
4429.230661
4423.589635
4426.153738
4426.666558
4424.615276
4424.615276
4428.20502
4433.333225
4439.999891
4441.025532
4436.922968
4439.487071
4446.666558
4439.999891
4424.102456
4423.076815
4425.128097
4416.410148
4409.743482
4410.256302
4412.307584
4420.512712
4424.615276
4415.897328
4410.256302
4415.384507
4417.94861
4414.358866
4413.846046
4413.846046
4413.846046
4416.410148
4415.384507
4409.230661
4406.666559
4408.20502
4408.717841
4410.769123
4415.384507
4414.358866
4410.769123
4410.769123
4417.94861
4422.051174
4417.435789
4416.410148
4417.94861
4416.410148
4418.974251
4427.692199
4431.794763
4430.769122
4426.666558
4426.666558
4429.743481
4426.666558
4423.589635
4426.666558
4426.666558
4426.153738
4429.230661
4432.820404
4435.897327
4437.435789
4438.46143
4439.487071
4444.102455
4442.051173
4432.307584
4421.025533
4418.46143
4423.589635
4429.230661
4431.281943
4433.333225
4440.512712
4445.128096
4446.153737
4446.666558
4443.589635
4440.512712
4444.615276
4440.512712
4429.230661
4432.307584
4444.615276
4444.615276
4439.487071
4439.487071
4443.589635
4440.512712
4435.897327
4438.46143
4441.538353
4438.97425
4441.025532
4445.128096
4436.922968
4428.71784
4428.71784
4430.256302
4428.20502
4427.179379
4425.128097
4422.563994
4419.487071
4416.922969
4420.512712
4426.666558
4426.153738
4424.102456
4426.153738
4427.179379
4425.128097
4427.692199
4433.333225
4433.333225
4432.307584
4434.871686
4433.846045
4434.358866
4442.563994
4437.948609
4426.153738
4431.281943
4441.025532
4441.025532
4433.333225
4429.743481
4438.46143
4450.256301
4444.102455
4428.71784
4425.640917
4435.384507
4441.538353
4437.435789
4438.46143
4449.743481
4450.256301
4439.487071
4436.922968
4443.589635
4441.025532
4434.871686
4438.97425
4440.512712
4434.871686
4433.333225
4438.97425
4439.487071
4438.46143
4439.999891
4443.589635
4445.640917
4448.205019
4453.333224
4448.71784
4441.538353
4447.692199
4457.948609
4454.871686
4445.640917
4443.076814
4449.23066
4456.922968
4457.435788
4453.846045
4452.820404
4448.205019
4446.153737
4452.307583
4451.794763
4443.076814
4444.615276
4457.435788
4459.48707
4453.333224
4453.846045
4458.97425
4456.922968
4453.846045
4452.307583
4445.640917
4439.487071
4438.46143
4441.538353
4445.128096
4447.692199
4444.615276
4442.051173
4446.153737
4450.769122
4450.769122
4453.846045
4458.461429
4453.846045
4446.666558
4448.71784
4449.743481
4447.692199
4448.205019
4446.666558
4442.563994
4444.102455
4445.640917
4439.999891
4441.538353
4450.256301
4446.153737
4430.256302
4423.589635
4427.179379
4431.794763
4438.46143
4447.179378
4451.794763
4457.948609
4461.025532
4451.794763
4439.999891
4438.46143
4438.97425
4435.897327
4437.948609
4438.46143
4433.333225
4432.307584
4436.922968
4435.384507
4434.871686
4441.538353
4446.153737
4445.128096
4444.615276
4441.538353
4437.948609
4436.410148
4436.922968
4438.97425
4439.487071
4442.563994
4447.179378
4445.640917
4442.051173
4446.153737
4449.23066
4445.128096
4442.051173
4442.563994
4439.999891
4436.410148
4440.512712
4444.102455
4440.512712
4438.46143
4442.051173
4443.076814
4445.128096
4446.153737
4445.640917
4444.102455
4436.922968
4430.769122
4435.897327
4443.076814
4441.538353
4437.435789
4438.97425
4441.025532
4443.076814
4446.666558
4447.692199
4446.153737
4446.153737
4443.589635
4437.435789
4438.97425
4439.487071
4434.871686
4436.922968
4443.076814
4442.563994
4444.615276
4449.23066
4448.71784
4446.666558
4445.640917
4444.102455
4441.538353
4439.487071
4437.435789
4435.384507
4433.846045
4431.794763
4430.769122
4433.333225
4437.435789
4441.025532
4441.538353
4437.435789
4437.948609
4446.153737
4441.025532
4430.256302
4434.358866
4443.589635
4442.051173
4439.487071
4450.769122
4457.948609
4452.307583
4448.205019
4452.307583
4452.820404
4451.281942
4456.922968
4462.563993
4459.48707
4455.384506
4450.769122
4448.205019
4454.358865
4455.897327
4449.743481
4452.307583
4464.615275
4467.692198
4458.97425
4453.846045
4458.461429
4462.563993
4459.999891
4462.563993
4473.333224
4475.384506
4463.076814
4457.948609
4472.307583
4482.051172
4471.794762
4465.128096
4467.179378
4463.589634
4461.025532
4472.820403
4479.48707
4471.794762
4466.666557
4469.74348
4469.23066
4463.589634
4453.846045
4440.512712
4431.281943
4434.358866
4444.102455
4442.051173
4439.999891
4441.538353
4435.897327
4426.666558
4419.999892
4407.6922
4406.153738
4421.538353
4426.153738
4425.640917
4435.897327
4441.025532
4433.333225
4427.179379
4422.563994
4412.307584
4405.640918
4413.846046
4422.563994
4422.563994
4428.20502
4442.051173
4443.076814
4435.384507
4436.922968
4440.512712
4442.563994
4445.640917
4448.71784
4442.563994
4433.846045
4429.743481
4428.71784
4425.128097
4423.076815
4420.512712
4422.563994
4428.71784
4429.743481
4428.71784
4432.307584
4430.256302
4425.640917
4436.922968
4449.743481
4445.640917
4439.999891
4442.051173
4443.076814
4439.487071
4429.230661
4424.615276
4423.076815
4413.846046
4410.256302
4423.589635
4431.794763
4421.538353
4416.922969
4425.128097
4427.179379
4418.46143
4416.410148
4419.487071
4419.999892
4422.051174
4426.666558
4425.640917
4426.153738
4430.769122
4437.435789
4441.025532
4438.46143
4439.999891
4447.179378
4448.205019
4442.051173
4439.487071
4439.487071
4439.999891
4443.589635
4446.666558
4443.076814
4439.487071
4438.46143
4441.025532
4442.563994
4442.051173
4438.46143
4434.871686
4435.384507
4434.871686
4430.256302
4425.128097
4426.666558
4430.256302
4431.281943
4429.230661
4425.640917
4427.692199
4433.333225
4431.794763
4427.692199
4425.640917
4424.102456
4425.640917
4431.794763
4433.846045
4427.692199
4426.153738
4427.179379
4423.076815
4420.512712
4424.102456
4422.051174
4419.487071
4422.051174
4421.025533
4420.512712
4427.179379
4427.692199
4418.974251
4410.256302
4407.6922
4412.307584
4416.410148
4421.538353
4423.589635
4422.563994
4424.102456
4426.666558
4424.102456
4424.102456
4424.615276
4419.487071
4420.512712
4429.230661
4431.281943
4423.076815
4414.358866
4414.358866
4419.999892
4421.025533
4417.435789
4411.281943
4413.333225
4421.025533
4419.999892
4413.846046
4417.94861
4422.051174
4416.410148
4414.871687
4422.563994
4428.71784
4424.102456
4414.871687
4414.358866
4423.076815
4426.153738
4417.435789
4409.230661
4417.435789
4424.615276
4418.46143
4412.820405
4413.846046
4414.871687
4417.435789
4423.076815
4426.153738
4429.230661
4429.230661
4426.666558
4430.769122
4436.922968
4437.948609
4439.999891
4442.051173
4440.512712
4438.46143
4441.538353
4445.640917
4446.153737
4442.563994
4433.846045
4432.307584
4441.538353
4445.128096
4437.948609
4438.46143
4445.128096
4444.615276
4447.692199
4455.384506
4450.256301
4440.512712
4436.410148
4435.897327
4437.435789
4438.46143
4437.435789
4446.666558
4456.922968
4450.256301
4440.512712
4442.051173
4444.102455
4440.512712
4444.102455
4446.666558
4441.538353
4438.97425
4443.589635
4444.102455
4443.076814
4443.076814
4435.897327
4426.666558
4430.769122
4439.487071
4436.410148
4429.743481
4432.820404
4433.846045
4423.076815
4422.563994
4431.281943
4426.153738
4420.512712
4429.230661
4431.794763
4422.563994
4417.435789
4425.128097
4436.410148
4437.435789
4431.281943
4431.794763
4434.358866
4428.71784
4424.615276
4422.563994
4421.025533
4424.102456
4426.153738
4423.589635
4425.640917
4430.256302
4428.20502
4427.179379
4429.743481
4429.230661
4426.666558
4426.666558
4426.153738
4426.666558
4427.179379
4428.20502
4435.897327
4440.512712
4436.922968
4436.410148
4434.358866
4430.256302
4430.256302
4432.820404
4435.384507
4436.922968
4434.358866
4433.333225
4437.435789
4436.410148
4434.358866
4435.384507
4434.871686
4428.20502
4424.615276
4424.615276
4425.128097
4429.230661
4436.410148
4443.076814
4445.128096
4441.025532
4435.897327
4435.384507
4432.307584
4430.769122
4432.820404
4428.71784
4420.512712
4421.538353
4427.692199
4435.384507
4442.563994
4450.256301
4455.384506
4455.384506
4452.820404
4449.743481
4445.128096
4442.051173
4437.948609
4431.281943
4434.358866
4445.128096
4451.794763
4455.897327
4456.410147
4446.666558
4442.563994
4449.23066
4453.846045
4455.384506
4455.897327
4453.333224
4450.256301
4450.256301
4449.23066
4452.820404
4456.410147
4457.948609
4461.538352
4467.692198
4465.128096
4452.820404
4436.922968
4426.153738
4424.615276
4427.692199
4430.256302
4432.307584
4441.538353
4448.205019
4443.589635
4446.666558
4465.128096
4469.23066
4459.999891
4458.461429
4460.512711
4449.23066
4434.871686
4429.230661
4430.769122
4431.794763
4432.307584
4436.922968
4434.871686
4429.743481
4429.230661
4426.666558
4422.563994
4424.102456
4421.025533
4414.358866
4408.717841
4399.999892
4394.871687
4404.615277
4415.384507
4416.410148
4414.871687
4413.333225
4409.743482
4409.743482
4412.820405
4410.769123
4409.230661
4412.307584
4418.46143
4423.589635
4424.615276
4413.846046
4403.589636
4403.076815
4407.6922
4405.640918
4399.487072
4396.410149
4395.897328
4398.461431
4401.025533
4396.410149
4390.769123
4397.43579
4406.153738
4406.666559
4404.615277
4404.615277
4398.461431
4392.307585
4392.307585
4394.871687
4390.256303
4383.076816
4383.076816
4384.615277
4385.640918
4386.153739
4382.563995
4381.538354
4390.769123
4393.333226
4383.589636
4377.43579
4382.051175
4385.128098
4385.640918
4387.6922
4392.307585
4392.307585
4389.230662
4390.769123
4392.307585
4393.846046
4394.358867
4393.333226
4395.897328
4402.051174
4399.999892
4388.717841
4379.487072
4374.871688
4370.769124
4371.794765
4379.487072
4384.102457
4381.538354
4381.538354
4385.640918
4387.17938
4386.153739
4379.999893
4374.871688
4380.512713
4389.230662
4388.205021
4387.6922
4392.820405
4398.461431
4397.94861
4392.307585
4392.307585
4399.487072
4401.538354
4394.871687
4393.846046
4398.461431
4397.43579
4392.820405
4397.43579
4405.128097
4411.281943
4418.974251
4419.487071
4410.256302
4407.179379
4407.179379
4405.640918
4407.6922
4407.179379
4405.128097
4414.358866
4424.615276
4425.128097
4423.589635
4421.538353
4423.076815
4426.153738
4427.179379
4427.692199
4428.20502
4432.820404
4443.076814
4449.23066
4446.666558
4453.846045
4464.615275
4456.922968
4447.179378
4455.897327
4458.461429
4445.640917
4439.999891
4447.692199
4450.256301
4450.769122
4452.307583
4452.820404
4452.307583
4448.71784
4449.743481
4452.820404
4446.153737
4431.794763
4421.538353
4415.384507
4413.846046
4413.333225
4407.179379
4401.538354
4405.640918
4408.717841
4407.179379
4409.743482
4412.820405
4412.820405
4417.94861
4428.20502
4433.333225
4434.358866
4433.846045
4435.384507
4437.948609
4446.153737
4455.897327
4461.025532
4461.025532
4464.615275
4473.333224
4485.128095
4493.846044
4495.897326
4496.922967
4501.025531
4505.640915
4514.871684
4529.743479
4543.076812
4555.384504
4559.487068
4557.435786
4554.871683
4546.153735
4526.666556
4516.410146
4511.794761
4496.410146
4486.153736
4481.025531
4471.794762
4461.538352
4450.769122
4435.897327
4425.640917
4424.102456
4422.563994
4413.846046
4403.076815
4390.769123
4377.948611
4365.640919
4352.307586
4339.999894
4337.435791
4335.89733
4326.666561
4326.15374
4333.333227
4332.820407
4328.205022
4328.205022
4328.205022
4329.743484
4336.922971
4345.640919
4353.333227
4368.205021
4378.461431
4384.615277
4394.871687
4402.051174
4397.94861
4398.461431
4407.179379
4404.615277
4401.538354
4407.179379
4411.794764
4411.794764
4414.358866
4413.846046
4417.435789
4424.615276
4419.999892
4409.743482
4405.640918
4406.153738
4417.435789
4439.999891
4456.922968
4466.666557
4475.897326
4478.461429
4471.281942
4458.461429
4448.205019
4444.102455
4436.410148
4425.640917
4419.487071
4419.999892
4421.025533
4422.563994
4420.512712
4416.922969
4421.025533
4426.666558
4426.153738
4421.538353
4421.538353
4417.435789
4409.230661
4403.076815
4396.922969
4386.666559
4375.384508
4364.102457
4354.871688
4346.66656
4332.307586
4309.230664
4288.717844
4270.256306
4242.051178
4206.666564
4176.410154
4145.640924
4109.743489
4083.589644
4068.205029
4069.23067
4086.153746
4111.281951
4132.820412
4174.358872
4236.410153
4295.897331
4343.589637
4385.128098
4408.717841
4410.256302
4417.94861
4427.179379
4431.281943
4440.512712
4456.922968
4468.205019
4476.922967
4481.025531
4484.615275
4489.74348
4502.563992
4527.179376
4553.333222
4569.230657
4585.128093
4609.230657
4621.538349
4619.487067
4609.230657
4595.897324
4583.589632
4582.563991
4583.076811
4573.333222
4563.076811
4553.846042
4537.948607
4521.02553
4511.281941
4507.179377
4507.692197
4510.2563
4511.794761
4508.205018
4513.333223
4522.051171
4505.640915
4469.74348
4458.461429
4461.025532
4452.307583
4448.205019
4455.897327
4456.410147
4452.307583
4461.025532
4468.205019
4469.23066
4473.846044
4480.512711
4483.076813
4484.102454
4478.461429
4470.256301
4464.102455
4457.435788
4447.692199
4439.487071
4430.769122
4416.410148
4402.563995
4384.102457
4362.051175
4352.820406
4359.487073
4358.461432
4351.794765
4354.871688
4358.974252
4361.538355
4373.846047
4379.999893
4378.974252
4384.615277
4390.769123
4388.205021
4390.256303
4400.512713
4403.076815
4403.589636
4404.102456
4399.487072
4395.384508
4397.94861
4397.43579
4396.410149
4404.102456
4412.307584
4411.281943
4407.179379
4407.179379
4410.256302
4404.102456
4398.461431
4407.6922
4414.871687
4411.281943
4414.358866
4424.102456
4417.94861
4412.820405
4422.563994
4429.743481
4429.230661
4432.307584
4431.281943
4423.076815
4420.512712
4424.102456
4427.692199
4427.692199
4432.820404
4439.487071
4443.076814
4439.487071
4437.948609
4438.97425
4443.076814
4448.205019
4449.23066
4446.153737
4445.128096
4450.256301
4452.307583
4443.076814
4437.948609
4444.102455
4445.640917
4439.487071
4434.358866
4433.846045
4435.384507
4442.563994
4448.71784
4447.692199
4442.051173
4442.563994
4448.71784
4448.205019
4445.128096
4450.256301
4456.922968
4457.435788
4454.871686
4451.281942
4452.820404
4456.410147
4456.410147
4452.820404
4456.922968
4464.102455
4458.461429
4445.640917
4444.102455
4449.743481
4453.333224
4453.333224
4448.71784
4442.051173
4435.897327
4430.256302
4428.20502
4432.307584
4429.230661
4419.487071
4417.94861
4424.102456
4421.538353
4412.820405
4403.589636
4395.897328
4402.051174
4418.974251
4427.692199
4424.615276
4424.615276
4427.692199
4428.71784
4419.487071
4411.281943
4413.846046
4424.102456
4430.769122
4434.871686
4441.025532
4448.71784
4449.743481
4448.205019
4453.333224
4456.410147
4453.846045
4457.435788
4462.051173
4456.922968
4459.48707
4472.307583
4479.99989
4483.589634
4489.74348
4487.692198
4482.051172
4481.025531
4478.461429
4472.820403
4469.74348
4470.256301
4462.051173
4435.384507
4417.435789
4425.640917
4430.256302
4418.974251
4410.256302
4410.256302
4405.128097
4402.051174
4402.563995
