
4433.846045
4435.384507
4442.051173
4447.179378
4445.640917
4439.999891
4441.538353
4446.666558
4445.128096
4448.205019
4451.794763
4442.563994
4435.897327
4448.205019
4456.410147
4446.666558
4442.563994
4449.743481
4454.871686
4448.205019
4444.102455
4446.666558
4446.153737
4440.512712
4435.384507
4433.333225
4435.384507
4443.589635
4444.102455
4436.922968
4435.384507
4438.46143
4432.820404
4428.20502
4433.333225
4441.025532
4443.589635
4443.076814
4443.589635
4442.563994
4436.922968
4435.384507
4444.615276
4453.333224
4448.71784
4439.999891
4438.97425
4435.897327
4434.871686
4445.640917
4450.769122
4441.025532
4436.410148
4436.410148
4432.307584
4432.820404
4441.025532
4442.563994
4439.999891
4438.97425
4433.846045
4428.71784
4431.281943
4433.333225
4427.692199
4428.20502
4432.820404
4433.846045
4435.384507
4439.487071
4439.487071
4437.435789
4431.794763
4426.153738
4432.820404
4441.538353
4435.897327
4431.794763
4438.97425
4434.358866
4424.102456
4428.20502
4439.487071
4442.563994
4439.999891
4434.871686
4433.846045
4433.846045
4434.358866
4435.384507
4434.358866
4432.820404
4434.871686
4436.922968
4438.97425
4439.999891
4436.922968
4438.46143
4440.512712
4436.922968
4432.820404
4430.256302
4429.743481
4438.46143
4448.71784
4447.179378
4439.487071
4436.922968
4437.435789
4434.871686
4438.97425
4444.615276
4439.999891
4434.871686
4439.999891
4440.512712
4439.487071
4442.051173
4439.487071
4436.922968
4441.538353
4441.538353
4435.897327
4436.410148
4445.128096
4450.256301
4443.589635
4443.076814
4451.281942
4452.307583
4445.640917
4446.153737
4442.051173
4431.794763
4433.333225
4441.025532
4443.076814
4443.589635
4450.256301
4454.871686
4449.743481
4443.589635
4446.666558
4448.71784
4441.538353
4439.487071
4444.102455
4443.589635
4446.666558
4448.71784
4442.563994
4437.435789
4436.922968
4436.410148
4434.871686
4436.922968
4443.589635
4451.281942
4445.128096
4437.435789
4444.615276
4452.307583
4443.076814
4435.897327
4444.615276
4455.897327
4449.743481
4444.615276
4454.358865
4455.897327
4443.076814
4436.922968
4439.999891
4436.922968
4436.922968
4444.615276
4451.794763
4454.358865
4452.307583
4444.102455
4443.589635
4446.666558
4441.538353
4439.487071
4451.281942
4456.922968
4448.205019
4441.025532
4438.97425
4440.512712
4441.025532
4446.153737
4452.307583
4450.256301
4438.97425
4436.410148
4438.46143
4438.97425
4446.153737
4453.333224
4447.179378
4436.922968
4434.871686
4440.512712
4452.820404
4456.410147
4448.71784
4446.666558
4453.846045
4454.871686
4448.205019
4445.640917
4453.333224
4448.71784
4432.307584
4432.820404
4448.205019
4449.23066
4442.563994
4441.538353
4439.999891
4438.97425
4438.97425
4435.384507
4434.871686
4439.999891
4441.538353
4447.692199
4458.461429
4461.538352
4453.333224
4450.256301
4451.794763
4449.743481
4446.153737
4445.640917
4449.743481
4447.692199
4443.076814
4439.487071
4437.435789
4436.410148
4438.97425
4442.051173
4445.128096
4443.076814
4436.922968
4438.97425
4444.615276
4439.999891
4434.358866
4433.846045
4426.666558
4419.999892
4419.999892
4422.563994
4430.769122
4438.46143
4432.820404
4430.256302
4431.794763
4425.128097
4420.512712
4426.666558
4429.230661
4426.153738
4421.025533
4417.435789
4420.512712
4424.102456
4422.563994
4422.051174
4425.640917
4431.794763
4444.102455
4456.410147
4463.589634
4467.692198
4475.384506
4476.922967
4469.23066
4464.615275
4471.281942
4484.102454
4493.846044
4503.589633
4513.846043
4522.563992
4527.179376
4524.102453
4517.948607
4513.333223
4505.128095
4493.333223
4490.769121
4492.820403
4485.128095
4483.589634
4495.897326
4503.076813
4506.153736
4516.410146
4510.2563
4486.153736
4484.615275
4503.076813
4516.410146
4512.820402
4491.794762
4465.640916
4452.820404
4450.769122
4468.717839
4507.179377
4542.563991
4571.79476
4604.615272
4629.230656
4632.8204
4625.128092
4602.56399
4566.666555
4532.307581
4513.333223
4506.666556
4506.666556
4503.589633
4489.74348
4473.846044
4465.640916
4455.384506
4439.999891
4425.128097
4407.179379
4380.512713
4343.076817
4304.102459
4268.205024
4238.461435
4212.82041
4199.487077
4200.512718
4212.307589
4230.769127
4254.871691
4285.640921
4314.358869
4334.871689
4351.794765
4357.948611
4341.538355
4321.025535
4310.256305
4301.025536
4296.410151
4309.230664
4329.230663
4350.256304
4373.846047
4399.487072
4412.820405
4413.333225
4416.922969
4422.563994
4423.076815
4424.102456
4423.589635
4413.333225
4414.871687
4426.153738
4422.051174
4418.46143
4432.307584
4444.615276
4450.769122
4454.871686
4459.48707
4471.794762
4481.025531
4480.512711
4484.102454
4488.205018
4486.666557
4487.179377
4485.640916
4484.615275
4488.205018
4482.051172
4468.205019
4461.538352
4444.615276
4414.358866
4392.820405
4378.974252
4362.051175
4349.743483
4349.743483
4353.846047
4357.435791
4362.051175
4378.461431
4397.43579
4414.871687
4430.256302
4439.487071
4446.666558
4462.563993
4468.205019
4459.48707
4459.999891
4461.025532
4450.256301
4441.025532
4429.743481
4410.769123
4405.128097
4408.717841
4404.102456
4397.43579
4397.94861
4395.897328
4391.281944
4391.281944
4398.461431
4404.615277
4414.871687
4425.128097
4415.384507
4398.974251
4393.333226
4382.051175
4358.974252
4344.615278
4342.051176
4340.512714
4331.281945
4327.179381
4335.384509
4345.128099
4354.358868
4368.717842
4378.461431
4383.076816
4394.358867
4405.128097
4409.230661
4418.46143
4439.487071
4450.769122
4444.615276
4439.999891
4446.666558
4450.256301
4444.615276
4435.897327
4432.820404
4435.897327
4439.487071
4437.435789
4431.281943
4431.281943
4433.846045
4427.692199
4419.999892
4428.20502
4439.487071
4440.512712
4438.46143
4446.153737
4458.97425
4469.23066
4474.871685
4481.025531
4490.2563
4499.487069
4498.461428
4492.307582
4490.769121
4491.281941
4492.307582
4496.410146
4501.538351
4498.974249
4501.025531
4506.666556
4508.205018
4504.102454
4501.025531
4505.640915
4517.948607
4521.538351
4510.2563
4501.538351
4497.435787
4488.717839
4485.640916
4484.102454
4468.717839
4451.281942
4443.589635
4441.025532
4435.384507
4432.307584
4431.794763
4432.820404
4427.692199
4418.974251
4423.076815
4430.769122
4421.025533
4412.307584
4417.435789
4409.230661
4395.897328
4404.102456
4411.281943
4394.871687
4378.974252
4376.92297
4374.871688
4367.692201
4361.538355
4356.92297
4353.846047
4353.846047
4357.435791
4358.974252
4353.846047
4351.281945
4351.281945
4349.230663
4349.230663
4355.384509
4360.512714
4368.717842
4374.358867
4372.307585
4370.256303
4374.358867
4377.948611
4379.487072
4383.589636
4391.281944
4405.640918
4416.922969
4423.076815
4428.71784
4435.897327
4437.948609
4439.999891
4448.205019
4451.794763
4453.333224
4462.051173
4466.666557
4462.051173
4457.435788
4453.333224
4436.922968
4417.94861
4406.153738
4389.743482
4378.461431
4377.43579
4376.92297
4373.333226
4374.358867
4370.256303
4361.025534
4358.974252
4358.974252
4354.358868
4352.820406
4362.051175
4364.102457
4351.794765
4352.307586
4367.692201
4364.615278
4353.333227
4350.256304
4344.615278
4339.487073
4349.230663
4358.461432
4367.692201
4380.512713
4386.153739
4385.128098
4383.589636
4377.43579
4370.769124
4370.256303
4362.563996
4356.92297
4366.66656
4378.461431
4373.333226
4371.794765
4384.615277
4394.358867
4392.307585
4397.43579
4410.256302
4415.897328
4407.179379
4404.615277
4413.846046
4415.897328
4410.769123
4412.820405
4416.410148
4414.358866
4424.615276
4441.538353
4453.846045
4461.538352
4467.179378
4473.333224
4474.871685
4470.256301
4462.051173
4456.410147
4453.846045
4449.743481
4447.692199
4451.794763
4447.179378
4438.97425
4442.051173
4443.076814
4427.179379
4418.974251
4421.538353
4420.512712
4417.94861
4420.512712
4422.051174
4418.974251
4417.94861
4414.358866
4403.589636
4394.871687
4397.94861
4399.487072
4398.461431
4404.615277
4415.897328
4418.46143
4409.230661
4406.666559
4416.922969
4414.871687
4400.512713
4394.871687
4394.871687
4392.307585
4387.17938
4384.102457
4390.256303
4404.615277
4407.6922
4401.538354
4398.974251
4401.025533
4398.461431
4401.025533
4410.769123
4413.846046
4411.794764
4410.769123
4412.307584
4416.410148
4422.563994
4428.71784
4439.999891
4453.846045
4463.076814
4467.692198
4476.922967
4478.461429
4470.256301
4470.769121
4486.666557
4492.307582
4486.153736
4488.205018
4486.153736
4470.256301
4457.948609
4458.97425
4452.307583
4437.435789
4434.871686
4441.025532
4441.025532
4437.948609
4433.333225
4425.640917
4418.46143
4414.358866
4408.20502
4406.666559
4413.333225
4413.333225
4407.6922
4409.743482
4417.435789
4415.384507
4405.128097
4394.871687
4391.281944
4393.333226
4396.922969
4394.358867
4389.743482
4390.256303
4388.717841
4383.589636
4389.743482
4398.974251
4396.922969
4397.94861
4406.666559
4412.307584
4410.769123
4409.743482
4410.769123
4414.871687
4408.717841
4397.94861
4404.102456
4414.358866
4409.230661
4404.615277
4406.153738
4404.615277
4404.102456
4406.153738
4408.717841
4407.179379
4406.153738
4413.333225
4425.128097
4424.102456
4415.897328
4412.307584
4411.281943
4408.717841
4407.179379
4409.230661
4411.281943
4406.666559
4394.871687
4391.281944
4398.461431
4403.589636
4404.615277
4412.820405
4417.94861
4415.384507
4415.384507
4424.102456
4431.281943
4436.922968
4440.512712
4436.410148
4437.948609
4449.743481
4458.97425
4466.666557
4485.640916
4495.897326
4480.512711
4453.846045
4433.846045
4418.46143
4387.17938
4338.461432
4292.820408
4258.461434
4226.153743
4190.769128
4158.974257
4141.02554
4141.53836
4158.461437
4190.769128
4233.84605
4280.512716
4329.230663
4374.871688
4421.538353
4474.871685
4529.743479
4568.717837
4594.358862
4609.230657
4608.717836
4606.153734
4596.410144
4573.846042
4554.871683
4547.179376
4530.76912
4516.922966
4516.410146
4517.435787
4516.410146
4514.871684
4508.717838
4495.384505
4475.897326
4468.205019
4477.435788
4479.48707
4468.717839
4467.179378
4470.769121
4463.076814
4458.461429
4455.897327
4450.769122
4456.922968
4467.179378
4462.563993
4454.871686
4448.71784
4436.410148
4429.743481
4424.615276
4403.589636
4381.538354
4375.897329
4375.897329
4372.820406
4367.17938
4366.153739
4361.025534
4347.179381
4337.435791
4339.487073
4339.999894
4343.589637
4356.41015
4361.538355
4360.512714
4366.153739
4375.897329
4379.999893
4370.769124
4358.974252
4359.487073
4364.102457
4370.769124
4381.025534
4383.076816
4374.871688
4374.358867
4378.461431
4386.666559
4394.871687
4394.358867
4390.769123
4389.743482
4385.128098
4378.974252
4380.512713
4383.076816
4379.999893
4377.948611
4380.512713
4381.025534
4381.538354
4383.589636
4385.640918
4389.230662
4391.281944
4386.153739
4380.512713
4378.461431
4378.974252
4383.076816
4386.153739
4390.256303
4395.384508
4401.025533
4404.615277
4409.743482
4411.794764
4410.769123
4409.743482
4408.20502
4406.153738
4402.563995
4403.589636
4407.179379
4400.512713
4389.230662
4386.153739
4384.102457
4377.43579
4374.358867
4379.999893
4382.051175
4386.153739
4390.769123
4386.153739
4379.487072
4386.666559
4399.487072
4404.102456
4404.615277
4404.615277
4404.102456
4405.128097
4406.666559
4406.153738
4401.538354
4401.025533
4410.769123
4412.820405
4402.051174
4393.333226
4393.846046
4389.230662
4378.461431
4376.410149
4383.589636
4389.743482
4392.820405
4395.897328
4397.94861
4405.128097
4411.281943
4410.256302
4407.179379
4404.102456
4391.281944
4383.076816
4388.717841
4394.358867
4401.538354
4418.46143
4427.179379
4422.051174
4418.974251
4419.999892
4423.589635
4425.128097
4420.512712
4411.281943
4413.333225
4420.512712
4419.487071
4415.384507
4414.358866
4406.666559
4396.410149
4393.846046
4394.358867
4390.769123
4385.128098
4387.6922
4393.333226
4389.743482
4382.563995
4386.153739
4390.769123
4386.666559
4380.512713
4379.487072
4376.92297
4373.333226
4379.487072
4389.230662
4387.17938
4387.17938
4394.358867
4394.871687
4391.794764
4394.358867
4403.076815
4414.871687
4420.512712
4418.46143
4428.20502
4447.692199
4461.538352
4469.23066
4469.74348
4459.999891
4451.794763
4454.871686
4456.410147
4450.256301
4444.102455
4442.563994
4434.358866
4425.128097
4419.999892
4417.94861
4414.358866
4408.717841
4406.153738
4413.846046
4414.871687
4406.666559
4408.20502
4415.384507
4412.307584
4403.589636
4406.666559
4415.897328
4419.487071
4416.922969
4416.922969
4414.871687
4411.281943
4410.256302
4415.384507
4422.051174
4424.615276
4422.051174
4421.025533
4419.999892
4415.897328
4410.769123
4404.615277
4405.128097
4410.769123
4410.769123
4403.589636
4404.615277
4409.230661
4408.20502
4408.717841
4411.281943
4404.615277
4402.051174
4408.20502
4409.230661
4409.743482
4412.307584
4412.307584
4414.871687
4421.025533
4410.769123
4399.487072
4407.179379
4415.897328
4410.769123
4409.230661
4419.999892
4426.666558
4423.076815
4424.102456
4428.20502
4429.230661
4432.820404
4437.948609
4437.435789
4434.358866
4434.871686
4434.358866
4435.384507
4435.384507
4432.820404
4425.128097
4419.487071
4417.94861
4408.20502
4401.025533
4406.666559
4406.153738
4394.358867
4391.794764
4398.974251
4401.025533
4395.897328
4392.307585
4394.871687
4399.999892
4402.563995
4408.717841
4407.6922
4397.94861
4397.94861
4404.615277
4404.102456
4401.538354
4404.102456
4400.512713
4393.333226
4393.333226
4399.999892
4406.666559
4413.333225
4414.871687
4417.435789
4423.076815
4426.153738
4425.128097
4424.102456
4428.71784
4434.871686
4434.871686
4430.256302
4428.20502
4427.179379
4429.743481
4432.820404
4437.435789
4446.666558
4455.384506
4455.384506
4451.794763
4444.102455
4441.538353
4444.615276
4441.538353
4439.999891
4443.589635
4439.999891
4433.846045
4437.435789
4439.999891
4436.922968
4431.281943
4426.666558
4425.640917
4427.179379
4422.563994
4416.922969
4420.512712
4425.640917
4421.025533
4418.974251
4423.589635
4425.640917
4430.256302
4437.435789
4441.538353
4437.948609
4435.897327
4441.025532
4446.153737
4441.025532
4435.384507
4434.358866
4426.153738
4416.410148
4423.076815
4438.46143
4441.025532
4434.871686
4435.384507
4439.999891
4436.410148
4431.794763
4432.307584
4438.97425
4436.922968
4426.666558
4425.128097
4429.743481
4425.128097
4417.94861
4410.256302
4402.563995
4403.076815
4408.20502
4415.897328
4420.512712
4417.94861
4411.281943
4407.6922
4405.640918
4407.179379
4411.281943
4410.256302
4403.076815
4404.102456
4413.333225
4417.435789
4421.025533
4431.794763
4439.487071
4441.025532
4443.076814
4445.640917
4451.281942
4458.461429
4463.076814
4466.153737
4472.820403
4475.384506
4468.205019
4458.97425
4454.358865
4442.563994
4425.128097
4418.974251
4420.512712
4415.897328
4410.256302
4416.410148
4419.999892
4410.769123
4405.128097
4408.717841
4401.538354
4395.897328
4403.589636
4406.153738
4399.999892
4401.025533
4402.051174
4397.43579
4401.538354
4407.6922
4405.640918
4401.025533
4404.102456
4406.153738
4403.076815
4399.487072
4399.487072
4395.897328
4388.205021
4381.538354
4382.563995
4389.230662
4397.43579
4402.563995
4403.076815
4405.640918
4406.153738
4401.538354
4397.94861
4402.563995
4402.051174
4394.358867
4392.307585
4397.94861
4399.999892
4397.94861
4403.076815
4407.6922
4397.43579
4385.640918
4392.820405
4404.102456
4403.076815
4399.999892
4409.230661
4416.922969
4417.94861
4415.384507
4412.307584
4411.794764
4416.922969
4422.051174
4422.051174
4419.999892
4417.435789
4412.820405
4407.179379
4407.179379
4402.563995
4383.076816
4367.17938
4374.871688
4387.17938
4391.281944
4393.846046
4399.999892
4410.256302
4416.410148
4409.743482
4402.051174
4405.640918
4412.307584
4415.384507
4415.897328
4411.281943
4403.589636
4406.153738
4411.794764
4415.897328
4418.974251
4417.435789
4413.333225
4418.974251
4426.153738
4424.615276
4419.999892
4422.563994
4426.153738
4418.46143
4410.256302
4410.256302
4410.256302
4404.615277
4406.153738
4407.179379
4403.589636
4399.999892
4402.051174
4407.179379
4405.128097
4399.999892
4405.128097
4411.794764
4409.743482
4403.076815
4395.897328
4396.922969
4402.563995
4407.179379
4408.717841
4411.794764
4414.871687
4420.512712
4423.589635
4422.051174
4419.999892
4421.025533
4419.999892
4416.922969
4417.94861
4417.435789
4409.743482
4408.717841
4414.358866
4412.820405
4412.307584
4413.846046
4411.794764
4411.794764
4416.410148
4413.846046
4409.743482
4411.794764
4413.333225
4413.333225
4411.281943
4407.6922
4408.20502
4408.20502
4400.512713
4397.94861
4402.563995
4403.076815
4401.538354
4403.589636
4402.563995
4398.461431
4397.43579
4398.974251
4398.974251
4399.999892
4402.051174
4404.102456
4405.640918
4405.640918
4409.230661
4411.794764
4410.769123
4410.769123
4416.410148
4418.46143
4417.94861
4416.410148
4411.794764
4407.179379
4408.20502
4406.666559
4402.051174
4408.20502
4421.538353
4424.615276
4423.589635
4423.589635
4416.922969
4413.846046
4418.46143
4418.46143
4413.333225
4412.820405
4412.820405
4410.256302
4404.102456
4404.615277
4416.410148
4422.051174
4416.410148
4412.307584
4414.358866
4408.717841
4401.025533
4400.512713
4404.615277
4401.538354
4401.025533
4408.717841
4413.846046
4412.307584
4414.871687
4417.435789
4407.6922
4395.897328
4396.410149
4404.615277
4405.640918
4404.102456
4404.615277
4407.6922
4412.820405
4417.435789
4419.999892
4424.615276
4417.94861
4409.743482
4415.897328
4421.538353
4417.435789
4416.922969
4421.025533
4416.410148
4407.179379
4405.128097
4411.281943
4409.230661
4405.640918
4410.769123
4416.922969
4415.384507
4416.410148
4422.051174
4425.128097
4421.538353
4426.153738
4436.410148
4430.769122
4418.46143
4417.435789
4421.538353
4415.897328
4404.615277
4400.512713
4405.640918
4411.281943
4417.94861
4424.615276
4421.025533
4411.794764
4413.846046
4420.512712
4417.435789
4412.307584
4410.256302
4412.820405
4417.435789
4419.487071
4417.94861
4416.922969
4410.256302
4407.179379
4412.307584
4415.384507
4412.820405
4418.974251
4421.025533
4414.871687
4415.897328
4422.051174
4422.563994
4417.435789
4415.897328
4413.333225
4409.230661
4411.281943
4415.384507
4409.743482
4401.538354
4395.897328
4395.384508
4401.538354
4408.20502
4407.179379
4405.640918
4402.563995
4396.922969
4398.974251
4404.615277
4404.102456
4398.974251
4401.025533
4399.487072
4394.358867
4392.307585
4393.846046
4394.358867
4396.410149
4402.051174
4405.128097
4404.615277
4396.922969
4388.717841
4395.897328
4407.179379
4408.20502
4412.307584
4423.076815
4426.153738
4420.512712
4421.538353
4427.692199
4430.256302
4426.666558
4428.71784
4432.820404
4430.769122
4432.820404
4434.358866
4427.179379
4423.076815
4426.666558
4422.563994
4412.307584
4405.128097
4409.230661
4414.871687
4414.871687
4409.230661
4404.615277
4399.999892
4397.94861
4398.461431
4396.922969
4397.94861
4405.128097
4410.769123
4405.640918
4407.179379
4416.922969
4414.871687
4404.615277
4404.615277
4409.230661
4416.922969
4423.589635
4430.256302
4433.846045
4430.256302
4423.589635
4425.128097
4431.281943
4423.589635
4411.794764
4409.743482
4409.230661
4409.743482
4416.410148
4416.410148
4411.281943
4410.769123
4409.230661
4408.717841
4411.794764
4409.230661
4408.20502
4411.281943
4406.666559
4402.051174
4406.666559
4409.743482
4406.153738
4404.102456
4408.20502
4415.897328
4414.871687
4414.358866
4416.410148
4410.256302
4403.076815
4406.153738
4409.230661
4406.153738
4402.563995
4407.179379
4419.999892
4423.589635
4416.922969
4416.410148
4418.974251
4412.820405
4409.230661
4413.333225
4411.794764
4407.6922
4408.717841
4411.794764
4410.256302
4407.6922
4411.794764
4417.94861
4415.384507
4410.769123
4412.307584
4422.051174
4423.589635
4418.974251
4419.487071
4424.102456
4422.563994
4422.051174
4426.153738
4419.999892
4410.769123
4416.922969
4424.102456
4414.358866
4408.717841
4416.922969
4419.999892
4411.794764
4409.230661
4414.358866
4419.999892
4423.589635
4423.589635
4421.538353
4418.974251
4415.897328
4408.717841
4404.615277
4408.717841
4413.333225
4418.974251
4422.563994
4415.897328
4412.820405
4413.846046
4411.281943
4406.153738
4404.615277
4405.128097
4412.820405
4415.897328
4403.589636
4395.897328
4399.999892
4406.153738
4408.717841
4411.281943
4411.794764
4410.256302
4410.256302
4414.358866
4412.820405
4410.256302
4411.281943
4410.256302
4406.153738
4409.230661
4415.384507
4416.410148
4412.820405
4410.769123
4416.922969
4422.051174
4417.435789
4413.846046
4410.256302
4402.051174
4408.20502
4424.615276
4432.307584
4426.666558
4422.563994
4421.025533
4417.94861
4417.435789
4422.563994
4424.102456
4420.512712
4421.025533
4418.974251
4415.897328
4415.384507
4419.999892
4427.692199
4428.71784
4421.538353
4418.974251
4422.051174
4425.128097
4427.179379
4428.71784
4426.153738
4427.179379
4429.743481
4426.666558
4419.487071
4415.384507
4421.025533
4423.076815
4416.410148
4413.333225
4416.410148
4413.333225
4406.153738
4412.820405
4425.128097
4426.666558
4420.512712
4419.487071
4419.999892
4421.025533
4422.563994
4418.46143
4412.820405
4413.846046
4410.769123
4406.153738
4409.230661
4412.820405
4410.256302
4404.102456
4397.43579
4397.43579
4403.589636
4408.20502
4407.6922
4404.615277
4407.179379
4407.179379
4400.512713
4393.846046
4398.974251
4407.6922
4411.281943
4411.794764
4417.94861
4420.512712
4410.769123
4408.20502
4418.46143
4422.051174
4421.538353
4425.128097
4426.666558
4431.281943
4434.358866
4428.71784
4420.512712
4420.512712
4426.153738
4431.794763
4425.640917
4418.46143
4424.615276
4424.615276
4412.820405
4414.358866
4424.615276
4423.589635
4424.102456
4430.256302
4433.846045
4430.256302
4427.692199
4426.666558
4422.563994
4416.922969
4418.46143
4421.025533
4424.615276
4428.71784
4428.20502
4429.743481
4435.384507
4433.333225
4432.307584
4435.384507
4434.871686
4436.922968
4432.307584
4420.512712
4420.512712
4426.666558
4428.20502
4433.333225
4434.358866
4427.179379
4423.589635
4423.076815
4418.974251
4425.640917
4436.410148
4431.794763
4430.769122
4435.897327
4427.179379
4414.871687
4421.025533
4426.153738
4421.538353
4423.589635
4434.358866
4438.97425
4430.256302
4425.640917
4428.71784
4426.666558
4418.974251
4419.999892
4425.128097
4427.179379
4419.487071
4411.281943
4410.256302
4407.6922
4398.974251
4394.358867
4397.43579
4403.076815
4404.615277
4406.153738
4416.922969
4422.051174
4411.794764
4406.153738
4415.897328
4423.076815
4422.563994
4415.384507
4413.846046
4417.435789
4418.974251
4414.871687
4410.256302
4410.256302
4423.589635
4433.846045
4429.743481
4427.179379
4429.743481
4430.769122
4429.230661
4422.563994
4416.922969
4427.179379
4434.871686
4432.307584
4432.820404
4433.846045
4429.230661
4424.102456
4425.640917
4428.20502
4422.051174
4417.435789
4422.051174
4417.435789
4407.6922
4406.153738
4406.153738
4407.6922
4418.46143
4422.051174
4413.846046
4410.256302
4415.897328
4415.897328
4410.256302
4411.794764
4420.512712
4422.051174
4416.922969
4415.384507
4410.256302
4402.051174
4402.563995
4408.717841
4407.179379
4404.615277
4406.153738
4415.384507
4425.128097
4424.102456
4417.435789
4420.512712
4422.051174
4409.230661
4401.025533
4405.128097
4409.230661
4410.256302
4415.384507
4418.974251
4415.897328
4411.281943
4411.281943
4409.230661
4407.179379
4402.563995
4395.897328
4396.922969
4404.102456
4405.128097
4406.666559
4417.94861
4423.076815
4415.897328
4410.769123
4418.46143
4426.153738
4426.666558
4426.153738
4435.384507
4444.102455
4442.563994
4443.589635
4450.769122
4449.743481
4437.435789
4431.281943
4426.666558
4422.051174
4429.743481
4437.948609
4434.871686
4435.384507
4442.051173
4444.102455
4436.410148
4429.230661
4427.179379
4426.666558
4424.615276
4428.20502
4433.846045
4429.743481
4424.615276
4426.666558
4432.820404
4431.281943
4426.153738
4429.230661
4433.333225
4428.71784
4431.794763
4435.384507
4428.71784
4427.179379
4435.384507
4438.46143
4442.563994
4448.205019
4439.487071
4430.256302
4432.820404
4437.948609
4439.999891
4441.538353
4438.97425
4437.948609
4438.46143
4437.435789
4433.846045
4430.769122
4431.281943
4432.820404
4431.794763
4431.794763
4438.97425
4441.025532
4435.384507
4431.281943
4433.333225
4430.256302
4424.615276
4426.666558
4432.820404
4430.256302
4425.128097
4426.666558
4429.230661
4434.358866
4438.97425
4438.46143
4442.051173
4448.205019
4440.512712
4428.20502
4427.692199
4430.769122
4427.179379
4427.692199
4433.846045
4440.512712
4446.666558
4447.179378
4438.46143
4433.846045
4433.333225
4426.666558
4423.076815
4428.20502
4436.410148
4437.435789
4430.256302
4422.563994
4422.051174
4422.563994
4424.102456
4428.20502
4429.230661
4429.743481
4435.897327
4438.97425
4434.871686
4428.71784
4425.128097
4423.589635
4421.538353
4419.487071
4418.974251
4425.128097
4430.769122
4432.820404
4433.846045
4434.871686
4431.281943
4426.666558
4423.589635
4423.076815
4423.589635
4419.487071
4422.051174
4435.897327
4442.563994
4434.358866
4431.794763
4435.384507
4437.435789
4435.384507
4430.769122
4425.128097
4428.71784
4435.897327
4437.435789
4437.435789
4438.97425
4438.97425
4439.487071
4439.487071
4436.922968
4435.897327
4432.307584
4426.153738
4425.640917
4432.820404
4431.281943
4424.615276
4422.051174
4422.563994
4426.666558
4433.333225
4437.435789
4438.97425
4439.999891
4435.897327
4433.846045
4436.410148
4435.897327
4432.820404
4432.820404
4431.794763
4433.333225
4430.769122
4427.692199
4429.230661
4429.230661
4425.640917
4423.589635
4426.666558
4432.820404
4437.435789
4436.922968
4434.871686
4431.281943
4423.589635
4414.358866
4410.256302
4412.307584
4423.076815
4432.307584
4432.820404
4428.20502
4430.256302
4437.435789
4436.922968
4429.230661
4424.102456
4424.615276
4422.563994
4422.051174
4426.153738
4428.20502
4428.20502
4429.743481
4430.769122
4431.794763
4429.230661
4422.051174
4416.922969
4418.46143
4422.563994
4430.256302
4437.435789
4431.281943
4422.051174
4420.512712
4426.666558
4430.769122
4428.20502
4425.128097
4432.820404
4440.512712
4440.512712
4439.999891
4437.948609
4434.871686
4438.97425
4439.487071
4430.256302
4427.692199
4433.846045
4435.384507
4429.230661
4429.230661
4439.487071
4449.23066
4444.615276
4437.435789
4442.563994
4448.71784
4444.102455
4436.410148
4437.948609
4443.589635
4442.051173
4430.769122
4422.563994
4422.051174
4422.051174
4420.512712
4420.512712
4421.025533
4426.153738
4429.743481
4422.563994
4421.025533
4427.179379
4425.640917
4426.666558
4434.871686
4434.358866
4432.307584
4435.897327
4430.769122
4414.358866
4412.820405
4418.46143
4418.46143
4416.922969
4417.435789
4412.820405
4406.153738
4409.230661
4415.897328
4411.794764
4401.538354
4404.102456
4415.897328
4418.46143
4415.384507
4416.410148
4412.820405
4409.230661
4412.307584
4410.769123
4405.128097
4409.743482
4411.794764
4403.076815
4401.538354
4407.6922
4409.230661
4409.230661
4411.794764
4409.743482
4406.153738
4405.640918
4408.717841
4409.230661
4412.307584
4417.435789
4426.153738
4432.820404
4429.743481
4424.615276
4431.281943
4433.333225
4427.179379
4431.281943
4439.999891
4441.025532
4435.897327
4430.256302
4430.256302
4434.358866
4433.846045
4435.897327
4437.435789
4432.307584
4428.71784
4434.871686
4442.051173
4443.589635
4441.538353
4438.46143
4436.922968
4436.410148
4438.97425
4440.512712
4439.999891
4437.435789
4439.487071
4443.589635
4438.97425
4430.769122
4428.71784
4429.743481
4432.820404
4435.897327
4436.410148
4439.999891
4438.46143
4426.153738
4419.999892
4423.076815
4423.589635
4426.666558
4430.769122
4427.692199
4418.974251
4421.538353
4431.794763
4437.948609
4435.897327
4436.922968
4442.563994
4440.512712
4439.999891
4447.692199
4452.307583
4444.102455
4435.897327
4436.922968
4443.076814
4446.666558
4452.820404
4463.076814
4461.025532
4448.71784
4449.743481
4458.97425
4454.871686
4441.538353
4441.538353
4455.897327
4456.410147
4438.97425
4431.794763
4438.46143
4438.97425
4436.922968
4435.384507
4430.256302
4426.153738
4423.076815
4424.615276
4426.666558
4427.692199
4432.820404
4435.897327
4435.384507
4446.666558
4468.205019
4483.076813
4490.769121
4496.410146
4490.2563
4476.922967
4465.640916
4459.48707
4452.820404
4445.640917
4442.051173
4441.538353
4436.410148
4424.102456
4418.46143
4425.128097
4426.153738
4418.46143
4419.999892
4425.128097
4422.563994
4413.846046
4408.20502
4408.20502
4410.769123
4409.230661
4407.179379
4414.358866
4423.589635
4423.076815
4421.538353
4422.051174
4414.358866
4408.717841
4407.179379
4407.6922
4409.743482
4410.256302
4407.6922
4406.666559
4406.153738
4406.153738
4407.6922
4405.640918
4405.128097
4412.307584
4416.410148
4420.512712
4430.256302
4435.384507
4433.333225
4435.384507
4444.102455
4444.615276
4444.615276
4448.71784
4454.871686
4461.538352
4466.666557
4467.692198
4469.74348
4475.897326
4476.410147
4474.358865
4478.974249
4486.666557
4485.128095
4483.589634
4482.051172
4469.23066
4458.97425
4463.589634
4463.589634
4456.922968
4451.794763
4447.692199
4444.102455
4448.71784
4454.871686
4447.179378
4438.46143
4438.97425
4443.076814
4436.410148
4428.71784
4427.692199
4433.333225
4441.538353
4444.102455
4440.512712
4435.384507
4432.820404
4430.769122
4422.563994
4411.794764
4412.307584
4423.589635
4431.794763
4433.846045
4436.922968
4426.666558
4401.025533
4382.051175
4378.974252
4374.358867
4368.205021
4374.871688
4386.666559
4393.333226
4397.43579
4407.6922
4419.487071
4424.102456
4426.666558
4434.871686
4445.128096
4449.23066
4449.743481
4452.307583
4449.743481
4444.615276
4446.153737
4449.743481
4450.256301
4452.820404
4448.205019
4435.897327
4435.897327
4436.922968
4424.615276
4416.410148
4420.512712
4418.974251
4418.46143
4418.974251
4414.871687
4411.281943
4413.333225
4414.358866
4408.20502
4398.974251
4399.487072
4404.615277
4407.6922
4415.897328
4423.589635
4420.512712
4415.897328
4422.563994
4431.794763
4435.384507
4432.820404
4438.97425
4448.71784
4448.71784
4449.23066
4453.846045
4447.179378
4433.333225
4427.179379
4424.615276
4418.46143
4411.794764
4412.820405
4414.871687
4414.358866
4412.307584
4413.333225
4417.94861
4426.666558
4429.230661
4423.589635
4422.051174
4421.538353
4417.435789
4417.435789
4418.974251
4417.94861
4417.94861
4414.358866
4408.717841
4404.102456
4403.076815
4402.051174
4401.538354
4402.051174
4408.20502
4413.846046
4413.846046
4416.410148
4416.922969
4421.025533
4430.256302
4432.820404
4431.281943
4432.820404
4428.20502
4427.692199
4436.922968
4440.512712
4432.820404
4432.307584
4438.97425
4439.999891
4435.897327
4437.435789
4443.076814
4445.128096
4446.153737
4448.205019
4451.794763
4452.820404
4448.71784
4435.897327
4423.076815
4417.94861
4416.410148
4408.717841
4402.563995
4406.666559
4413.846046
4414.358866
4408.20502
4399.999892
4394.871687
4397.43579
4407.6922
4409.230661
4401.538354
4408.20502
4411.794764
4394.358867
4384.615277
4393.333226
4393.846046
4392.820405
4403.076815
4410.256302
4413.333225
4421.025533
4426.666558
4424.615276
4420.512712
4419.999892
4422.051174
4418.974251
4415.384507
4424.102456
4436.410148
4434.871686
4432.820404
4437.948609
4433.333225
4418.974251
4418.46143
4427.179379
4426.666558
4427.179379
4437.948609
4446.666558
4448.205019
4449.743481
4447.179378
4441.538353
4437.435789
4439.487071
4441.025532
4443.589635
4448.71784
4451.794763
4450.769122
4452.820404
4452.820404
4444.102455
4444.102455
4453.846045
4453.846045
4441.025532
4434.871686
4438.97425
4441.025532
4436.410148
4433.846045
4430.769122
4435.384507
4450.256301
4452.307583
4440.512712
4439.487071
4444.615276
4437.948609
4431.281943
4431.281943
4431.794763
4427.179379
4422.563994
4424.615276
4427.692199
4425.640917
4425.128097
4425.640917
4426.666558
4434.871686
4441.538353
4442.563994
4451.281942
4459.48707
4451.794763
4443.076814
4440.512712
4427.692199
4405.128097
4391.281944
4385.640918
4384.615277
4382.563995
4378.974252
4377.948611
4383.589636
4390.769123
4391.794764
4394.871687
4401.025533
4407.6922
4410.256302
4411.794764
4414.871687
4421.025533
4423.589635
4424.102456
4417.435789
4406.666559
4406.666559
4422.051174
4427.179379
4417.435789
4416.410148
4421.538353
4423.076815
4420.512712
4425.640917
4432.307584
4430.256302
4421.538353
4416.922969
4416.410148
4418.46143
4418.974251
4415.897328
4415.897328
4417.435789
4415.897328
4414.871687
4415.384507
4420.512712
4429.230661
4430.256302
4430.769122
4431.794763
4427.179379
4425.128097
4429.230661
4421.025533
4414.358866
4425.640917
4440.512712
4442.051173
4435.897327
4429.230661
4425.128097
4424.615276
4419.999892
4412.820405
4410.769123
4415.897328
4416.410148
4412.307584
4409.230661
4408.717841
4413.333225
4426.666558
4435.897327
4438.46143
4444.615276
4442.563994
4423.589635
4408.20502
4406.153738
4399.999892
4391.794764
4387.6922
4389.230662
4395.897328
4397.43579
4394.871687
4393.846046
4387.6922
4383.076816
4387.6922
4390.256303
4391.794764
4401.025533
4405.640918
4403.076815
4403.589636
4403.589636
4413.333225
4432.307584
4442.051173
4442.563994
4450.769122
4457.948609
4456.410147
4450.769122
4444.102455
4439.487071
4438.46143
4441.538353
4445.128096
4444.615276
4444.102455
4446.666558
4443.589635
4437.948609
4432.307584
4424.102456
4417.94861
4416.922969
4411.281943
4404.615277
4398.974251
4390.769123
4384.102457
4387.6922
4402.563995
4418.46143
4423.076815
4416.922969
4412.307584
4411.794764
4417.435789
4422.051174
4418.46143
4408.717841
4404.615277
4406.153738
4405.640918
4409.743482
4422.563994
4426.153738
4418.974251
4417.435789
4412.307584
4404.102456
4411.281943
4425.640917
4425.640917
4421.538353
4421.025533
4426.153738
4431.794763
4427.179379
4416.410148
4408.717841
4406.666559
4410.769123
4416.410148
4417.435789
4417.94861
4418.46143
4416.922969
4419.999892
4426.666558
4426.666558
4428.20502
4430.256302
4425.128097
4422.563994
4428.20502
4430.256302
4424.615276
4419.999892
4422.563994
4426.153738
4424.615276
4424.102456
4421.538353
4418.46143
4426.153738
4433.333225
4423.589635
4417.435789
4424.102456
4429.230661
4428.71784
4426.153738
4425.640917
4425.128097
4422.563994
4422.563994
4424.102456
4420.512712
4418.974251
4420.512712
4422.563994
4423.076815
4421.538353
4414.871687
4411.281943
4413.333225
4411.281943
4406.666559
4406.666559
4409.743482
4411.794764
4408.717841
4406.153738
4410.769123
4416.922969
4420.512712
4422.563994
4419.999892
4413.333225
4411.794764
4413.333225
4415.897328
4419.999892
4421.538353
4423.589635
4426.153738
4425.128097
4423.076815
4420.512712
4416.410148
4415.897328
4416.922969
4419.999892
4427.692199
4435.897327
4435.384507
4437.435789
4439.999891
4436.922968
4438.46143
4443.076814
4438.97425
4432.820404
4436.410148
4443.076814
4444.615276
4438.46143
4434.358866
4434.358866
4431.794763
4427.179379
4423.076815
4418.46143
4414.871687
4416.410148
4422.563994
4425.640917
4421.538353
4423.589635
4435.897327
4442.051173
4437.948609
4437.435789
4435.897327
4430.256302
4423.076815
4415.897328
4409.743482
4413.333225
4417.435789
4412.820405
4410.256302
4415.384507
4411.794764
4405.640918
4407.179379
4407.6922
4412.307584
4414.871687
4409.743482
4407.6922
4411.281943
4412.820405
4417.435789
4422.051174
4423.076815
4423.076815
4422.051174
4421.538353
4422.051174
4422.563994
4422.563994
4413.846046
4410.256302
4427.179379
4433.846045
4424.615276
4427.692199
4433.333225
4430.256302
4436.922968
4439.999891
4432.307584
4432.307584
4437.948609
4439.999891
4439.487071
4440.512712
4442.051173
4443.076814
4441.025532
4439.487071
4436.922968
4433.333225
4430.256302
4425.640917
4420.512712
4419.999892
4421.538353
4420.512712
4416.922969
4416.410148
4415.897328
4409.743482
4404.615277
4403.076815
4405.128097
4409.230661
4408.20502
4398.974251
4399.487072
4406.153738
4408.20502
4410.769123
4412.820405
4411.281943
4412.307584
