
4435.384507
4440.512712
4439.487071
4436.922968
4441.025532
4446.153737
4451.794763
4452.820404
4449.743481
4448.205019
4447.692199
4443.076814
4444.615276
4452.307583
4454.871686
4452.307583
4452.307583
4448.71784
4443.589635
4444.102455
4441.538353
4434.358866
4429.230661
4435.384507
4447.179378
4456.410147
4452.307583
4448.71784
4449.743481
4441.538353
4433.846045
4437.948609
4438.46143
4437.435789
4443.589635
4447.179378
4443.589635
4441.025532
4442.563994
4444.102455
4442.563994
4436.922968
4435.384507
4434.358866
4434.358866
4436.410148
4437.948609
4432.307584
4426.153738
4427.179379
4429.743481
4426.153738
4425.128097
4432.307584
4439.487071
4448.205019
4454.358865
4447.179378
4436.410148
4434.871686
4433.333225
4433.846045
4442.563994
4450.256301
4446.666558
4445.640917
4449.23066
4444.615276
4433.333225
4423.076815
4419.999892
4426.153738
4431.281943
4425.128097
4422.563994
4432.820404
4444.615276
4443.589635
4437.435789
4433.846045
4431.281943
4428.71784
4432.307584
4439.487071
4437.435789
4432.820404
4430.769122
4429.230661
4426.153738
4428.71784
4435.897327
4440.512712
4439.999891
4438.97425
4438.97425
4444.102455
4445.128096
4439.487071
4434.358866
4435.897327
4438.97425
4433.333225
4429.743481
4432.307584
4434.358866
4433.846045
4438.97425
4443.076814
4441.025532
4437.435789
4435.384507
4436.922968
4440.512712
4438.97425
4435.384507
4437.435789
4444.102455
4449.743481
4442.051173
4427.179379
4425.128097
4436.410148
4441.538353
4437.948609
4435.897327
4443.589635
4446.666558
4443.076814
4447.179378
4454.358865
4446.666558
4438.97425
4444.102455
4438.46143
4422.051174
4420.512712
4427.692199
4425.128097
4426.666558
4433.333225
4425.128097
4414.358866
4418.974251
4423.589635
4422.051174
4425.128097
4432.820404
4435.384507
4432.820404
4430.256302
4425.128097
4419.487071
4419.999892
4420.512712
4417.435789
4428.20502
4435.897327
4425.128097
4421.025533
4432.307584
4430.256302
4422.051174
4432.307584
4439.487071
4432.820404
4436.410148
4448.71784
4447.179378
4443.076814
4445.128096
4445.128096
4442.051173
4445.128096
4451.794763
4455.897327
4450.769122
4447.692199
4452.307583
4455.384506
4449.743481
4443.589635
4444.615276
4442.051173
4437.435789
4445.640917
4456.410147
4451.281942
4447.692199
4445.640917
4442.051173
4447.179378
4453.333224
4443.076814
4430.256302
4430.256302
4436.922968
4438.97425
4433.333225
4437.435789
4446.153737
4442.051173
4440.512712
4452.307583
4452.307583
4439.487071
4434.358866
4436.922968
4433.846045
4432.820404
4435.384507
4436.922968
4441.025532
4449.23066
4455.897327
4457.948609
4456.410147
4453.846045
4453.333224
4447.692199
4445.640917
4450.769122
4451.281942
4443.589635
4444.102455
4444.615276
4438.97425
4439.487071
4445.640917
4447.179378
4448.71784
4454.358865
4452.820404
4443.076814
4435.897327
4433.333225
4437.435789
4447.179378
4445.128096
4440.512712
4446.153737
4445.640917
4434.358866
4430.769122
4430.769122
4429.230661
4433.846045
4437.435789
4437.435789
4438.46143
4446.666558
4452.307583
4449.23066
4442.051173
4437.948609
4437.435789
4445.128096
4453.846045
4454.871686
4452.307583
4449.743481
4453.846045
4466.666557
4474.358865
4469.74348
4477.948608
4495.384505
4496.922967
4487.179377
4489.230659
4497.948608
4498.461428
4496.410146
4499.487069
4497.948608
4494.358864
4493.846044
4492.307582
4490.769121
4490.2563
4484.102454
4478.461429
4484.615275
4488.205018
4491.281941
4496.922967
4496.410146
4494.871685
4498.974249
4494.358864
4479.99989
4467.179378
4460.512711
4457.435788
4449.743481
4437.948609
4429.743481
4419.999892
4407.6922
4398.974251
4380.512713
4364.615278
4362.563996
4356.92297
4346.66656
4350.769124
4356.41015
4352.307586
4345.640919
4345.640919
4352.820406
4355.384509
4353.846047
4359.999893
4369.230662
4371.794765
4374.871688
4380.512713
4379.487072
4370.256303
4364.102457
4361.538355
4364.102457
4372.307585
4378.461431
4375.897329
4371.794765
4369.230662
4367.692201
4373.846047
4374.871688
4369.230662
4368.205021
4373.846047
4379.999893
4389.230662
4393.333226
4388.205021
4386.666559
4384.102457
4370.769124
4362.563996
4363.076816
4364.102457
4375.384508
4393.846046
4402.563995
4407.6922
4414.358866
4402.563995
4387.6922
4387.6922
4392.820405
4386.666559
4380.512713
4385.128098
4393.333226
4393.846046
4389.743482
4396.410149
4408.20502
4418.46143
4423.589635
4419.999892
4422.051174
4431.794763
4429.230661
4427.179379
4437.435789
4438.46143
4433.846045
4450.256301
4471.281942
4473.846044
4468.205019
4461.538352
4456.922968
4454.358865
4450.769122
4450.256301
4453.333224
4451.281942
4458.461429
4468.205019
4465.640916
4462.563993
4473.333224
4477.948608
4477.435788
4486.153736
4496.922967
4510.76912
4526.666556
4535.384504
4542.051171
4555.897324
4574.871683
4594.358862
4603.589631
4604.615272
4608.717836
4616.922964
4617.948605
4609.743477
4601.538349
4590.256298
4572.307581
4558.461427
4555.897324
4554.871683
4557.948606
4575.384504
4586.153734
4580.512709
4578.461427
4576.922965
4570.256298
4561.025529
4544.102453
4519.999889
4500.51271
4480.512711
4455.897327
4441.538353
4440.512712
4436.922968
4426.153738
4421.538353
4428.71784
4434.358866
4431.794763
4441.025532
4458.97425
4469.74348
4467.692198
4459.999891
4448.205019
4439.487071
4438.97425
4437.435789
4430.256302
4429.230661
4438.46143
4437.948609
4435.384507
4447.179378
4457.435788
4450.256301
4443.076814
4435.897327
4419.999892
4414.871687
4422.563994
4416.922969
4406.666559
4405.640918
4403.076815
4396.410149
4389.230662
4377.948611
4368.205021
4369.743483
4369.230662
4361.025534
4358.974252
4368.717842
4371.794765
4368.205021
4372.307585
4384.102457
4389.230662
4393.846046
4404.615277
4413.333225
4419.487071
4421.025533
4419.999892
4422.563994
4419.999892
4398.974251
4385.128098
4390.769123
4391.794764
4386.153739
4391.281944
4389.743482
4370.256303
4358.974252
4358.974252
4355.384509
4350.769124
4355.897329
4365.128098
4380.512713
4393.333226
4394.871687
4391.281944
4388.717841
4377.43579
4364.615278
4355.384509
4344.615278
4333.846048
4328.205022
4329.230663
4332.820407
4334.358868
4334.358868
4339.999894
4345.128099
4347.179381
4347.692201
4347.179381
4347.692201
4358.974252
4368.205021
4373.333226
4386.153739
4397.43579
4395.897328
4396.410149
4402.563995
4405.640918
4411.794764
4419.999892
4422.563994
4417.435789
4416.922969
4418.46143
4415.897328
4415.897328
4426.666558
4428.71784
4422.563994
4423.076815
4424.102456
4425.640917
4432.307584
4429.743481
4422.051174
4429.230661
4429.230661
4412.820405
4400.512713
4399.487072
4398.974251
4397.43579
4394.871687
4402.051174
4415.897328
4417.435789
4416.410148
4431.281943
4449.743481
4457.435788
4465.128096
4473.846044
4478.974249
4475.384506
4461.025532
4442.563994
4439.487071
4447.179378
4442.051173
4429.230661
4430.256302
4435.897327
4438.46143
4439.487071
4439.487071
4443.589635
4454.871686
4467.179378
4466.666557
4468.205019
4477.948608
4480.512711
4475.384506
4480.512711
4490.2563
4486.153736
4473.333224
4465.640916
4462.051173
4453.333224
4447.692199
4455.897327
4466.666557
4471.281942
4475.384506
4469.74348
4456.410147
4448.71784
4440.512712
4427.179379
4422.051174
4429.743481
4435.897327
4437.948609
4440.512712
4437.948609
4436.922968
4440.512712
4441.538353
4442.051173
4444.102455
4444.615276
4442.051173
4438.46143
4433.846045
4441.025532
4450.769122
4443.589635
4428.71784
4425.128097
4423.589635
4412.820405
4405.128097
4404.615277
4399.999892
4392.820405
4392.307585
4392.820405
4396.410149
4405.640918
4407.6922
4401.538354
4406.666559
4417.94861
4421.025533
4421.538353
4429.230661
4439.487071
4438.46143
4435.897327
4439.999891
4442.051173
4436.410148
4433.846045
4429.230661
4424.102456
4424.615276
4426.153738
4422.563994
4422.563994
4425.128097
4429.743481
4435.897327
4433.333225
4425.640917
4430.769122
4443.076814
4442.051173
4445.128096
4458.97425
4468.717839
4465.128096
4453.846045
4442.563994
4445.128096
4451.794763
4447.692199
4446.666558
4449.23066
4448.71784
4450.256301
4449.23066
4440.512712
4447.692199
4460.512711
4455.384506
4452.820404
4466.153737
4470.256301
4461.538352
4450.256301
4440.512712
4440.512712
4447.179378
4448.205019
4450.256301
4450.769122
4442.563994
4437.435789
4440.512712
4447.692199
4456.410147
4465.640916
4462.051173
4454.358865
4450.769122
4447.692199
4439.999891
4436.922968
4443.589635
4452.820404
4455.384506
4448.71784
4447.692199
4449.23066
4438.97425
4429.230661
4440.512712
4452.820404
4451.281942
4446.153737
4441.538353
4435.897327
4435.897327
4435.897327
4436.922968
4442.563994
4447.179378
4443.589635
4439.999891
4449.743481
4462.563993
4457.435788
4449.743481
4459.999891
4461.025532
4451.281942
4449.23066
4451.794763
4449.743481
4451.281942
4453.846045
4453.846045
4454.358865
4452.820404
4445.640917
4436.410148
4432.307584
4433.333225
4436.922968
4434.358866
4431.794763
4434.871686
4433.333225
4423.589635
4418.974251
4418.974251
4423.589635
4431.794763
4439.999891
4446.153737
4449.23066
4447.692199
4443.589635
4436.922968
4432.820404
4443.076814
4448.71784
4439.487071
4435.897327
4448.205019
4453.846045
4446.153737
4445.128096
4451.794763
4449.743481
4440.512712
4437.435789
4435.897327
4434.871686
4435.384507
4435.384507
4429.743481
4424.102456
4418.974251
4416.410148
4422.563994
4429.230661
4421.025533
4412.307584
4421.538353
4437.435789
4442.051173
4437.435789
4437.948609
4444.615276
4443.589635
4438.97425
4446.153737
4445.640917
4432.820404
4431.794763
4438.46143
4436.410148
4437.948609
4442.051173
4439.487071
4437.948609
4436.922968
4437.435789
4448.205019
4457.435788
4448.205019
4437.948609
4443.076814
4449.743481
4445.128096
4447.179378
4452.307583
4446.666558
4438.97425
4441.025532
4447.692199
4450.256301
4449.23066
4448.71784
4448.71784
4443.076814
4439.487071
4438.46143
4439.487071
4441.025532
4441.025532
4445.128096
4452.307583
4447.692199
4437.948609
4438.46143
4445.128096
4449.23066
4444.102455
4441.538353
4445.128096
4443.076814
4435.384507
4434.358866
4438.46143
4445.128096
4449.743481
4452.820404
4454.358865
4453.333224
4449.743481
4449.23066
4447.179378
4446.666558
4448.71784
4447.692199
4446.666558
4451.281942
4453.333224
4446.153737
4442.051173
4441.538353
4437.948609
4431.794763
4431.794763
4437.435789
4443.589635
4439.999891
4433.333225
4437.435789
4441.538353
4434.871686
4425.128097
4423.589635
4429.743481
4435.897327
4438.97425
4445.128096
4445.640917
4443.076814
4444.102455
4444.102455
4438.46143
4437.948609
4438.97425
4440.512712
4447.692199
4451.794763
4450.769122
4450.256301
4448.71784
4451.281942
4458.461429
4454.871686
4445.128096
4442.051173
4441.538353
4437.435789
4441.538353
4442.563994
4438.97425
4443.589635
4441.538353
4426.153738
4420.512712
4432.307584
4434.871686
4428.71784
4427.179379
4432.307584
4434.358866
4430.256302
4432.307584
4438.46143
4433.333225
4425.640917
4429.230661
4432.820404
4432.307584
4436.410148
4441.538353
4438.46143
4435.897327
4435.384507
4434.358866
4440.512712
4451.281942
4449.743481
4444.102455
4438.97425
4434.358866
4427.179379
4419.487071
4414.358866
4420.512712
4432.307584
4437.435789
4438.46143
4434.358866
4425.640917
4417.94861
4419.999892
4424.102456
4426.153738
4430.769122
4436.922968
4436.410148
4430.769122
4430.256302
4436.922968
4439.999891
4436.922968
4432.820404
4426.666558
4422.051174
4424.615276
4432.820404
4436.410148
4433.333225
4426.153738
4423.076815
4419.999892
4411.794764
4409.230661
4419.487071
4424.102456
4419.487071
4422.563994
4431.281943
4435.384507
4431.794763
4428.71784
4428.71784
4425.640917
4415.384507
4420.512712
4434.871686
4432.307584
4419.999892
4420.512712
4423.076815
4419.999892
4420.512712
4422.563994
4419.999892
4418.974251
4416.922969
4409.743482
4410.769123
4419.999892
4424.615276
4426.666558
4434.871686
4431.794763
4422.051174
4419.487071
4416.922969
4405.640918
4405.128097
4415.897328
4417.435789
4416.410148
4423.076815
4423.076815
4413.846046
4413.846046
4416.922969
4414.871687
4414.358866
4418.974251
4419.487071
4422.051174
4425.128097
4424.615276
4424.615276
4428.71784
4434.358866
4439.487071
4441.025532
4431.794763
4423.076815
4426.666558
4434.358866
4436.410148
4437.435789
4437.435789
4435.897327
4435.384507
4434.871686
4429.230661
4423.589635
4418.974251
4417.94861
4422.051174
4425.640917
4427.692199
4426.666558
4428.71784
4431.281943
4429.743481
4424.615276
4423.076815
4421.025533
4420.512712
4424.102456
4430.769122
4435.384507
4435.384507
4432.820404
4434.358866
4438.97425
4437.948609
4430.769122
4427.179379
4432.307584
4431.281943
4428.20502
4429.743481
4433.846045
4435.384507
4429.743481
4424.102456
4430.769122
4435.384507
4424.102456
4419.999892
4426.666558
4433.333225
4435.897327
4428.71784
4417.435789
4419.999892
4425.128097
4418.974251
4414.358866
4420.512712
4423.076815
4419.487071
4425.128097
4434.358866
4429.743481
4419.999892
4418.46143
4418.974251
4424.615276
4430.769122
4426.153738
4414.358866
4411.794764
4418.46143
4421.025533
4419.487071
4422.051174
4421.025533
4415.384507
4418.46143
4422.563994
4417.94861
4418.974251
4432.820404
4436.922968
4426.666558
4416.410148
4415.384507
4414.358866
4410.769123
4409.230661
4418.46143
4427.692199
4426.666558
4428.20502
4434.871686
4428.71784
4414.358866
4414.358866
4421.538353
4418.46143
4413.846046
4414.358866
4416.922969
4425.128097
4425.128097
4412.820405
4405.128097
4413.333225
4419.487071
4413.333225
4408.717841
4413.333225
4423.076815
4426.153738
4419.487071
4412.820405
4412.307584
4413.846046
4421.538353
4429.743481
4425.640917
4411.794764
4415.897328
4424.102456
4422.051174
4424.615276
4430.769122
4433.333225
4436.922968
4435.384507
4431.794763
4434.871686
4436.410148
4429.230661
4423.076815
4423.076815
4421.025533
4421.025533
4423.589635
4431.281943
4438.97425
4435.384507
4425.640917
4421.538353
4422.563994
4421.538353
4421.025533
4422.563994
4423.589635
4424.102456
4423.076815
4422.051174
4421.538353
4414.871687
4413.846046
4418.974251
4415.897328
4408.20502
4412.820405
4422.563994
4424.102456
4424.615276
4430.256302
4438.97425
4439.999891
4433.333225
4428.20502
4427.179379
4425.640917
4424.102456
4419.487071
4415.897328
4418.46143
4424.102456
4426.666558
4432.820404
4438.46143
4433.846045
4430.256302
4434.871686
4434.358866
4422.563994
4417.435789
4421.025533
4426.153738
4424.615276
4426.666558
4434.358866
4435.384507
4429.230661
4431.794763
4438.46143
4436.922968
4434.871686
4432.307584
4429.230661
4429.743481
4429.743481
4427.692199
4433.333225
4438.97425
4437.435789
4429.743481
4430.256302
4433.333225
4429.230661
4428.71784
4433.333225
4427.692199
4423.076815
4435.897327
4441.538353
4437.948609
4437.948609
4432.307584
4423.589635
4423.076815
4423.076815
4423.589635
4426.666558
4429.743481
4432.820404
4437.435789
4439.487071
4442.563994
4450.769122
4456.410147
4454.358865
4451.281942
4453.333224
4449.23066
4446.153737
4450.769122
4454.358865
4449.743481
4445.128096
4437.435789
4436.922968
4442.051173
4439.487071
4430.769122
4428.20502
4432.820404
4434.358866
4431.281943
4428.71784
4427.692199
4419.999892
4417.94861
4424.615276
4427.179379
4425.128097
4431.281943
4436.922968
4431.281943
4426.666558
4430.256302
4435.384507
4437.435789
4439.487071
4437.948609
4429.230661
4421.025533
4418.974251
4423.589635
4431.794763
4435.384507
4438.97425
4440.512712
4429.230661
4416.410148
4421.538353
4433.333225
4437.435789
4433.333225
4427.692199
4431.794763
4436.922968
4436.922968
4436.922968
4437.435789
4430.256302
4429.743481
4432.307584
4425.128097
4421.538353
4431.281943
4433.846045
4426.153738
4424.615276
4430.256302
4435.897327
4434.871686
4428.71784
4426.666558
4430.256302
4433.846045
4444.615276
4448.205019
4439.487071
4437.948609
4445.128096
4443.589635
4439.999891
4437.948609
4434.871686
4432.820404
4432.820404
4434.871686
4434.358866
4430.256302
4425.128097
4430.769122
4438.46143
4436.922968
4427.179379
4427.692199
4432.820404
4428.20502
4428.20502
4438.97425
4444.102455
4438.97425
4435.897327
4435.897327
4433.846045
4432.307584
4435.384507
4437.435789
4435.897327
4429.230661
4426.153738
4432.307584
4438.46143
4438.97425
4440.512712
4439.999891
4435.897327
4436.410148
4436.922968
4435.897327
4438.97425
4439.999891
4441.025532
4448.71784
4451.794763
4454.871686
4458.97425
4456.922968
4453.333224
4456.410147
4451.794763
4441.025532
4439.487071
4441.538353
4438.97425
4434.871686
4436.410148
4437.948609
4439.487071
4446.666558
4450.256301
4442.051173
4434.871686
4434.358866
4434.871686
4438.97425
4447.179378
4447.692199
4443.589635
4438.97425
4433.846045
4430.769122
4431.794763
4435.897327
4441.025532
4446.666558
4443.076814
4436.410148
4433.333225
4435.384507
4433.333225
4428.71784
4429.230661
4432.307584
4432.820404
4434.358866
4441.025532
4442.563994
4434.358866
4432.307584
4441.538353
4444.102455
4439.487071
4433.333225
4426.666558
4426.153738
4433.333225
4430.769122
4429.743481
4438.97425
4443.076814
4442.563994
4442.563994
4444.102455
4444.615276
4444.615276
4446.153737
4450.256301
4446.666558
4439.487071
4445.128096
4454.871686
4449.743481
4442.563994
4446.153737
4451.794763
4452.307583
4451.281942
4453.333224
4458.97425
4460.512711
4450.256301
4437.948609
4434.871686
4437.948609
4442.051173
4444.615276
4441.025532
4437.948609
4439.999891
4447.692199
4452.820404
4451.794763
4445.640917
4445.640917
4452.307583
4455.897327
4456.922968
4459.999891
4468.717839
4471.281942
4460.512711
4449.23066
4447.179378
4446.666558
4450.256301
4456.922968
4458.461429
4455.384506
4451.281942
4447.179378
4442.051173
4439.999891
4443.589635
4447.179378
4445.640917
4449.743481
4452.307583
4446.153737
4447.692199
4454.358865
4447.692199
4443.076814
4449.23066
4455.897327
4457.948609
4454.358865
4451.794763
4452.307583
4449.743481
4443.589635
4445.128096
4448.205019
4448.205019
4448.205019
4450.256301
4451.794763
4451.281942
4450.256301
4452.820404
4448.205019
4440.512712
4447.692199
4456.922968
4452.307583
4443.076814
4448.71784
4455.897327
4450.769122
4449.23066
4461.538352
4462.051173
4449.23066
4443.589635
4447.179378
4458.97425
4470.256301
4465.128096
4461.538352
4466.153737
4459.48707
4458.461429
4470.256301
4472.307583
4468.205019
4471.794762
4466.666557
4461.025532
4466.153737
4467.179378
4456.922968
4449.743481
4451.794763
4452.820404
4449.743481
4447.692199
4449.23066
4454.358865
4455.897327
4446.666558
4446.153737
4453.333224
4450.256301
4443.589635
4449.23066
4452.307583
4448.205019
4450.769122
4455.384506
4452.820404
4450.256301
4448.71784
4442.051173
4442.563994
4450.769122
4456.410147
4457.948609
4458.97425
4458.461429
4460.512711
4459.48707
4453.333224
4455.897327
4457.435788
4447.692199
4442.563994
4441.538353
4441.538353
4449.743481
4452.820404
4444.615276
4439.487071
4443.589635
4444.615276
4442.051173
4436.410148
4432.820404
4434.358866
4438.97425
4441.025532
4438.46143
4438.97425
4442.051173
4442.051173
4440.512712
4445.640917
4450.256301
4449.23066
4450.769122
4455.384506
4451.794763
4444.615276
4439.999891
4435.384507
4434.358866
4439.999891
4441.025532
4438.46143
4435.897327
4433.333225
4434.871686
4433.846045
4430.769122
4429.743481
4430.769122
4429.743481
4432.307584
4433.846045
4433.846045
4434.871686
4437.435789
4434.358866
4425.640917
4426.666558
4436.922968
4441.025532
4441.538353
4444.615276
4446.153737
4447.179378
4443.589635
4435.384507
4432.307584
4432.307584
4431.281943
4434.358866
4432.820404
4431.281943
4438.46143
4445.128096
4449.743481
4451.794763
4441.025532
4430.769122
4436.410148
4439.487071
4433.333225
4436.410148
4448.205019
4450.769122
4444.102455
4435.897327
4435.897327
4435.897327
4431.794763
4433.333225
4437.948609
4437.435789
4434.871686
4439.487071
4441.538353
4433.846045
4425.128097
4430.256302
4438.46143
4437.435789
4436.922968
4442.051173
4439.999891
4437.948609
4446.153737
4453.846045
4454.358865
4452.820404
4453.333224
4455.384506
4455.384506
4449.23066
4444.102455
4450.769122
4452.307583
4435.897327
4424.615276
4427.692199
4430.256302
4432.307584
4448.71784
4453.333224
4439.487071
4440.512712
4445.640917
4440.512712
4436.922968
4437.948609
4432.820404
4434.358866
4438.46143
4433.333225
4429.743481
4440.512712
4450.769122
4446.666558
4436.410148
4434.871686
4433.333225
4429.743481
4435.897327
4438.46143
4437.948609
4441.538353
4441.025532
4437.435789
4439.999891
4438.46143
4431.281943
4426.666558
4428.71784
4430.256302
4431.281943
4438.97425
4442.051173
4431.794763
4429.743481
4441.538353
4444.615276
4444.102455
4447.179378
4435.897327
4424.102456
4427.179379
4427.179379
4425.128097
4428.71784
4434.871686
4434.358866
4432.307584
4433.846045
4434.358866
4434.358866
4432.307584
4433.333225
4430.256302
4425.128097
4427.692199
4433.846045
4435.384507
4437.948609
4445.640917
4444.615276
4430.769122
4429.230661
4443.076814
4448.205019
4443.076814
4441.538353
4441.025532
4439.487071
4442.051173
4442.051173
4436.922968
4431.794763
4430.769122
4430.769122
4427.179379
4417.94861
4416.922969
4428.71784
4437.435789
4437.435789
4443.589635
4450.769122
4439.999891
4431.794763
4435.897327
4436.922968
4437.948609
4444.102455
4442.563994
4442.051173
4448.205019
4450.256301
4447.179378
4446.666558
4442.051173
4430.769122
4431.281943
4447.692199
4452.820404
4438.97425
4435.384507
4443.589635
4443.589635
4438.46143
4440.512712
4444.615276
4445.640917
4448.205019
4457.948609
4462.563993
4454.358865
4445.128096
4444.615276
4445.128096
4441.025532
4436.410148
4439.487071
4453.333224
4458.461429
4453.846045
4450.769122
4452.307583
4448.205019
4437.948609
4436.922968
4450.256301
4459.999891
4456.410147
4451.281942
4452.307583
4455.384506
4454.358865
4448.205019
4442.051173
4437.948609
4441.538353
4451.281942
4449.743481
4448.71784
4453.846045
4447.692199
4435.384507
4436.410148
4437.435789
4436.410148
4441.025532
4437.435789
4433.846045
4442.051173
4444.102455
4433.333225
4432.820404
4442.563994
4446.666558
4437.948609
4429.230661
4430.256302
4443.076814
4450.256301
4442.563994
4432.820404
4435.384507
4439.999891
4433.333225
4430.769122
4434.871686
4438.46143
4434.871686
4431.794763
4434.358866
4436.410148
4434.358866
4436.410148
4439.487071
4436.922968
4434.358866
4438.97425
4443.589635
4444.102455
4442.051173
4438.97425
4434.358866
4430.769122
4430.769122
4434.871686
4444.102455
4446.666558
4438.46143
4435.897327
4439.999891
4434.871686
4428.71784
4434.871686
4439.487071
4431.281943
4423.589635
4427.179379
4431.281943
4433.846045
4433.846045
4435.384507
4436.922968
4439.487071
4433.846045
4428.20502
4429.743481
4431.794763
4432.307584
4430.769122
4428.20502
4429.230661
4434.871686
4435.897327
4432.820404
4432.820404
4436.410148
4434.358866
4426.666558
4429.230661
4445.640917
4445.128096
4431.794763
4429.743481
4434.358866
4429.230661
4421.025533
4420.512712
4428.20502
4434.871686
4426.666558
4423.076815
4429.230661
4429.743481
4422.563994
4421.538353
4425.128097
4429.743481
4431.281943
4431.281943
4432.307584
4432.820404
4433.846045
4432.307584
4424.615276
4424.102456
4432.307584
4429.743481
4429.230661
4436.922968
4437.948609
4432.307584
4430.256302
4432.307584
4437.948609
4435.897327
4427.692199
4427.179379
4431.281943
4435.384507
4438.97425
4438.97425
4434.358866
4437.435789
4437.948609
4433.333225
4432.307584
4433.333225
4434.358866
4442.051173
4446.666558
4446.153737
4446.666558
4445.640917
4439.487071
4435.384507
4437.435789
4444.102455
4450.256301
4448.71784
4438.46143
4423.076815
4416.410148
4420.512712
4424.615276
4428.71784
4438.46143
4441.538353
4435.897327
4435.384507
4441.538353
4442.051173
4436.410148
4430.256302
4421.538353
4418.46143
4423.076815
4426.666558
4430.769122
4434.871686
4428.20502
4424.102456
4428.20502
4425.640917
4420.512712
4425.128097
4426.153738
4420.512712
4420.512712
4421.025533
4422.563994
4423.076815
4419.999892
4419.487071
4429.230661
4433.333225
4425.128097
4415.897328
4415.897328
4421.538353
4424.615276
4424.102456
4423.589635
4421.025533
4418.974251
4425.640917
4430.256302
4425.128097
4426.153738
4441.025532
4441.538353
4420.512712
4406.666559
4416.410148
4421.538353
4416.922969
4416.410148
4423.076815
4426.153738
4419.487071
4413.846046
4417.435789
4418.46143
4408.20502
4408.20502
4421.025533
4431.794763
4428.20502
4424.615276
4433.846045
4437.435789
4424.102456
4415.384507
4418.46143
4419.999892
4422.563994
4423.589635
4421.025533
4419.487071
4423.589635
4427.692199
4433.846045
4437.948609
4435.384507
4425.640917
4419.999892
4418.974251
4421.538353
4422.563994
4421.538353
4421.538353
4419.487071
4413.333225
4413.846046
4416.922969
4412.820405
4414.871687
4425.128097
4428.71784
4422.051174
4416.410148
4414.358866
4418.974251
4429.230661
4435.897327
4435.384507
4433.846045
4433.333225
4429.743481
4432.307584
4437.948609
4439.999891
4441.538353
4442.051173
4434.871686
4425.128097
4421.025533
4422.051174
4419.487071
4417.435789
4419.487071
4426.153738
4429.230661
4430.256302
4430.769122
4424.615276
4420.512712
4427.179379
4429.743481
4419.487071
4425.128097
4441.538353
4438.97425
4423.076815
4419.487071
4425.128097
4425.128097
4418.974251
4416.410148
4419.487071
4421.538353
4427.179379
4432.820404
4424.615276
4409.230661
4409.230661
4415.897328
4417.435789
4416.922969
4422.563994
4424.615276
4422.563994
4419.487071
4417.435789
4412.307584
4409.230661
4413.846046
4417.94861
4415.897328
4414.358866
4419.487071
4421.538353
4421.538353
4424.102456
4426.153738
4425.128097
4424.615276
4418.46143
4409.743482
4406.153738
4406.666559
4407.6922
4407.6922
4412.820405
4416.922969
4409.230661
4401.025533
4407.179379
4412.820405
4410.769123
4408.717841
4409.743482
4408.717841
4407.179379
4405.128097
4407.179379
4409.743482
4412.307584
4414.871687
4413.333225
4411.281943
4411.794764
4413.333225
4413.333225
4416.922969
4422.051174
4422.051174
4419.487071
4423.589635
4427.179379
4424.102456
4418.46143
4419.999892
4427.179379
4432.820404
4436.410148
4440.512712
4441.538353
4439.487071
4438.97425
4436.922968
4432.307584
4428.71784
4431.794763
4438.46143
4438.46143
4435.384507
4441.538353
4444.615276
4439.999891
4436.410148
4432.307584
4424.102456
4423.076815
4430.256302
4424.102456
4415.897328
4426.153738
4438.97425
4431.794763
4418.46143
4417.435789
4419.487071
4414.871687
4413.333225
4418.974251
4426.666558
4433.846045
4438.97425
4435.384507
4428.20502
4428.71784
4434.358866
4441.025532
4443.076814
4447.692199
4456.922968
4463.076814
4461.538352
4463.589634
4468.205019
4467.179378
4461.538352
4458.97425
4466.153737
4478.974249
4493.333223
4501.538351
4503.589633
4504.102454
4503.589633
4493.333223
4484.615275
4484.102454
4482.563993
4488.205018
4501.538351
4503.076813
4495.897326
4492.307582
4487.179377
4482.563993
4479.48707
4472.307583
4465.128096
4466.666557
4471.794762
4475.897326
4473.846044
4465.128096
4454.871686
4451.794763
4448.205019
4437.948609
4437.435789
4451.281942
4455.897327
4448.71784
4450.256301
4453.846045
4450.769122
4449.23066
4453.333224
4451.794763
4449.23066
4456.922968
4469.74348
4466.666557
4464.102455
4477.435788
4478.461429
4460.512711
4457.948609
4470.769121
4478.974249
4482.563993
4485.640916
4492.307582
4500.51271
4501.538351
4490.769121
4482.563993
4489.230659
4497.948608
4493.333223
4488.205018
4487.692198
4482.563993
4479.99989
4478.461429
4470.769121
4465.128096
4464.615275
4458.461429
4452.307583
4444.615276
4439.999891
4436.922968
4424.615276
4409.743482
4407.6922
4402.563995
4391.281944
4386.153739
4374.358867
4365.128098
4369.743483
4375.384508
4375.897329
4382.563995
4384.615277
4374.358867
4367.17938
4372.307585
4378.461431
4377.43579
4371.794765
4366.66656
4362.563996
4361.538355
4362.051175
4357.435791
4350.256304
4341.538355
4333.846048
4332.307586
4339.999894
4344.615278
4346.15374
4343.589637
4332.820407
4323.076817
4319.999894
4313.846048
4306.666561
4305.1281
4305.1281
4298.461433
4290.256305
4294.87169
4310.769125
4322.051176
4317.948612
4319.999894
4329.743484
4331.281945
4329.230663
4340.512714
4355.897329
4365.128098
4366.153739
4359.487073
4361.538355
4371.794765
4376.92297
4380.512713
4389.743482
4395.897328
4398.461431
4392.307585
4386.666559
4387.17938
4383.589636
4377.43579
4379.487072
4382.051175
4380.512713
4381.538354
4378.461431
4369.743483
4368.205021
4372.307585
4369.230662
4365.640919
4365.640919
4371.281944
4372.820406
4364.615278
4358.461432
4367.692201
4378.461431
4379.487072
4373.846047
4371.794765
4374.871688
4375.897329
4368.717842
4363.076816
4365.128098
4365.128098
4362.051175
4354.358868
4349.230663
4351.794765
4359.999893
4365.640919
4368.717842
4374.358867
4387.6922
4400.512713
4402.563995
4404.102456
4413.846046
4424.615276
4425.128097
4422.051174
4426.666558
4434.871686
4434.358866
4436.922968
4442.051173
4434.358866
4430.256302
4444.102455
4447.179378
4431.281943
4427.692199
4435.897327
4435.897327
4430.256302
4427.692199
4426.153738
4425.128097
4422.563994
4420.512712
4417.94861
4416.922969
4415.897328
4415.384507
4411.281943
4404.102456
4398.974251
4394.358867
4390.769123
4389.743482
4397.43579
4404.102456
4403.589636
4401.538354
4403.076815
4395.897328
4388.205021
4384.615277
4377.948611
4372.307585
4377.43579
4382.051175
4379.487072
4384.615277
4395.897328
4395.384508
4385.640918
4385.640918
4396.410149
4406.153738
4412.307584
4425.640917
4434.358866
4429.230661
4423.076815
4422.563994
4426.153738
4433.333225
4434.871686
4429.230661
4432.820404
4439.999891
4443.076814
4451.794763
4460.512711
4454.358865
4446.666558
4447.179378
4456.922968
4463.076814
4462.051173
4461.538352
4465.640916
4464.102455
4461.025532
4465.128096
4470.769121
4470.769121
4467.692198
4466.153737
4465.640916
4467.692198
4462.563993
4453.846045
4456.922968
4467.179378
4467.692198
4464.102455
4464.102455
4472.820403
4481.025531
4478.461429
4476.922967
4482.563993
4477.948608
4463.076814
4457.435788
4461.538352
4464.615275
4458.461429
4459.999891
4475.384506
4477.948608
4466.153737
4464.615275
4468.205019
4467.692198
4467.692198
4469.74348
4466.666557
4463.076814
4462.563993
4457.435788
4452.820404
4454.358865
4454.871686
4450.256301
4451.281942
4448.71784
4441.025532
4443.589635
4452.307583
4453.333224
4450.769122
4450.769122
4445.128096
4437.948609
4437.435789
4437.435789
4436.922968
4445.128096
4452.820404
4459.48707
4462.563993
4456.410147
4440.512712
4428.71784
4428.20502
4430.769122
4427.179379
4417.435789
4414.358866
4417.435789
4416.410148
4407.6922
4399.487072
4399.999892
4400.512713
4393.846046
4392.820405
4400.512713
4414.358866
4423.076815
4422.051174
4417.435789
4422.051174
4431.794763
4431.794763
4433.846045
4444.615276
4448.205019
4444.615276
4455.384506
4471.794762
4478.974249
4481.538352
4486.666557
4493.333223
4502.051172
4511.794761
4522.051171
4530.76912
4538.974248
4546.666555
4548.205017
4550.769119
4554.871683
4553.333222
4541.02553
4532.307581
4523.589633
4508.717838
4497.435787
4494.358864
4483.589634
4462.563993
4451.794763
4451.794763
4451.281942
4450.256301
4452.820404
4452.820404
4455.384506
4466.666557
4475.897326
4471.794762
4465.640916
4462.051173
4457.435788
4453.333224
4451.281942
4442.563994
4426.153738
4411.794764
4403.076815
4398.974251
4403.076815
4406.666559
4402.563995
4397.94861
4395.384508
4394.358867
4396.922969
4399.999892
4390.769123
4381.025534
4381.025534
4376.92297
4367.692201
4370.256303
4378.974252
4377.948611
4378.461431
4385.640918
4390.256303
4388.205021
4388.717841
4392.820405
4396.410149
4394.358867
4392.820405
4394.871687
4396.922969
4397.94861
4403.076815
4406.153738
4401.025533
4395.384508
4394.871687
4402.563995
4415.897328
4419.999892
4414.358866
4414.871687
4415.384507
4409.230661
4406.666559
4417.435789
4427.692199
4428.20502
4425.640917
4431.281943
4433.846045
4428.71784
4430.256302
4436.410148
4434.871686
4428.71784
4425.640917
4425.640917
4431.794763
4433.333225
4432.820404
4437.435789
4444.102455
4441.025532
4433.846045
4438.97425
4446.153737
4441.538353
4436.922968
4445.640917
4449.23066
4439.999891
4435.384507
4442.563994
4448.71784
4445.640917
4438.46143
4437.435789
4440.512712
4444.102455
4447.692199
4449.743481
4452.307583
4456.410147
4456.922968
4452.307583
4450.256301
4452.307583
4453.846045
4450.256301
4447.692199
4449.743481
4453.333224
4452.820404
4452.820404
4448.205019
4438.97425
4437.435789
4438.97425
4432.307584
4426.153738
4428.71784
4432.307584
4435.897327
4431.794763
4423.589635
4428.71784
4437.435789
4427.692199
4416.410148
4418.46143
4417.94861
4412.820405
4415.897328
4419.487071
4415.897328
4407.6922
4405.640918
4414.871687
4422.563994
4423.589635
4429.230661
4432.820404
4423.589635
4419.487071
4419.999892
4412.820405
4408.20502
4410.256302
4410.769123
4407.6922
4402.563995
4396.410149
4395.897328
4393.846046
4383.076816
4379.999893
4388.717841
4384.102457
4373.846047
4370.256303
4363.589637
4355.384509
4359.999893
4367.692201
4378.461431
4395.384508
4410.256302
4422.563994
4427.692199
4425.640917
4429.230661
4437.435789
4431.281943
4423.076815
4427.692199
4435.897327
4433.846045
4429.230661
4424.615276
4416.922969
4407.179379
4398.974251
4393.846046
4387.17938
4381.025534
4385.640918
4393.846046
4391.281944
4391.281944
4402.051174
4411.794764
4413.846046
4416.922969
4421.025533
4427.692199
4438.97425
4452.820404
4472.307583
4490.2563
4489.230659
4478.461429
4485.128095
4494.358864
4493.333223
4500.51271
4521.02553
4530.256299
4526.153735
4529.230658
4541.02553
4540.512709
4532.307581
4529.230658
4527.692197
4528.717838
4524.102453
4496.410146
4464.102455
4449.743481
4443.589635
4446.153737
4453.846045
4448.71784
4434.871686
4427.179379
4427.692199
4432.307584
4429.230661
4422.051174
4419.999892
4414.358866
4410.769123
4417.94861
4425.128097
4421.025533
4422.051174
4430.256302
4434.358866
4428.71784
4419.487071
4407.179379
4394.358867
4385.128098
4374.358867
4356.92297
4348.717842
4349.230663
4341.538355
4324.615279
4310.256305
4304.102459
4298.461433
4284.102459
4271.794767
4274.35887
4279.487075
4280.512716
4287.692203
4308.205023
4330.256304
4344.615278
4352.820406
4357.948611
4364.615278
4367.17938
4372.820406
4392.307585
4410.769123
4414.871687
4422.563994
4435.897327
4439.487071
4434.871686
4441.538353
4456.922968
4472.307583
4482.051172
4491.794762
4502.051172
4511.794761
4523.589633
4530.76912
4533.846043
4536.410145
4549.230658
4562.05117
4563.076811
4561.025529
4568.205016
4571.281939
4569.230657
4571.281939
4569.743478
4561.53835
4559.487068
4561.025529
4554.358863
4550.256299
4556.410145
4556.922965
4541.53835
4532.307581
4538.461427
4541.53835
4533.333222
4538.461427
4553.846042
4558.974247
4558.974247
4564.615273
4566.666555
4559.487068
4551.28194
4544.615273
4534.358863
4518.974248
4513.846043
4515.384505
4505.128095
4490.769121
4486.666557
4478.974249
4466.153737
4454.871686
4449.23066
4448.205019
4451.794763
4454.871686
4454.358865
4463.076814
4479.48707
4491.281941
4496.410146
4497.948608
4494.871685
4499.487069
4512.307582
4520.51271
4525.640915
4532.307581
4527.179376
4516.410146
4506.153736
4493.846044
4478.974249
4464.102455
4446.666558
4428.71784
4423.589635
4421.538353
4414.871687
4415.897328
4426.153738
4420.512712
4404.102456
4393.846046
4379.999893
4366.153739
4365.128098
4358.974252
4346.15374
4345.128099
4351.794765
4352.820406
4350.769124
4355.384509
4361.538355
4359.487073
4357.435791
4366.153739
4374.358867
4382.051175
4386.153739
4384.102457
4387.17938
4397.94861
4401.025533
4394.871687
4392.307585
4387.6922
4383.589636
4379.999893
4374.871688
4369.230662
