
4379.487072
4446.153737
4506.153736
4559.487068
4611.281939
4651.794758
4682.051168
4718.974244
4753.846038
4777.948601
4792.820396
4793.333216
4783.076806
4766.66655
4739.999884
4706.153731
4675.897322
4651.794758
4632.8204
4614.871682
4602.05117
4596.410144
4594.358862
4586.153734
4585.128093
4594.358862
4595.897324
4587.179375
4576.922965
4567.692196
4559.999888
4556.410145
4556.922965
4558.461427
4554.871683
4547.179376
4539.999889
4530.76912
4525.640915
4522.563992
4510.76912
4497.948608
4489.74348
4482.563993
4475.384506
4471.794762
4464.102455
4459.48707
4455.897327
4442.563994
4428.20502
4428.20502
4432.820404
4425.128097
4423.589635
4429.230661
4419.999892
4404.615277
4401.538354
4404.102456
4408.717841
4413.333225
4410.769123
4397.94861
4388.717841
4392.307585
4394.871687
4387.6922
4384.102457
4388.205021
4389.230662
4389.743482
4389.743482
4388.205021
4392.820405
4398.461431
4397.94861
4394.358867
4389.230662
4386.666559
4389.743482
4395.897328
4395.384508
4395.384508
4398.461431
4394.358867
4389.230662
4391.281944
4392.820405
4388.717841
4391.794764
4404.102456
4409.230661
4398.461431
4390.256303
4397.94861
4404.102456
4395.897328
4384.102457
4384.615277
4388.717841
4379.999893
4376.410149
4386.666559
4385.640918
4374.871688
4374.358867
4381.025534
4384.615277
4384.615277
4379.999893
4381.025534
4385.640918
4388.717841
4392.307585
4390.769123
4388.717841
4391.281944
4389.230662
4391.281944
4408.717841
4406.153738
4388.205021
4397.43579
4414.871687
4401.025533
4383.076816
4384.615277
4387.17938
4388.717841
4391.794764
4395.384508
4399.487072
4399.999892
4394.871687
4394.358867
4401.538354
4399.999892
4387.6922
4383.076816
4387.6922
4385.128098
4372.307585
4370.769124
4374.871688
4367.692201
4363.076816
4368.717842
4371.794765
4375.384508
4379.487072
4370.769124
4368.205021
4381.025534
4389.230662
4386.153739
4382.051175
4375.384508
4366.153739
4361.025534
4357.948611
4344.102458
4321.538356
4294.358869
4264.61528
4237.948614
4212.82041
4185.128103
4159.999898
4148.205027
4151.28195
4161.025539
4169.743488
4192.30759
4222.051179
4241.025537
4262.563998
4293.846049
4310.256305
4324.102458
4356.41015
4391.281944
4422.051174
4451.794763
4474.358865
4491.794762
4510.2563
4528.205017
4542.051171
4537.435786
4521.02553
4514.871684
4517.435787
4519.487069
4521.538351
4518.461428
4512.307582
4512.820402
4507.179377
4499.487069
4498.461428
4499.487069
4501.025531
4506.666556
4515.384505
4528.717838
4534.358863
4521.02553
4506.153736
4508.205018
4514.358864
4511.794761
4505.640915
4503.076813
4502.051172
4508.205018
4522.051171
4515.897325
4493.846044
4486.666557
4489.74348
4488.205018
4494.871685
4505.128095
4508.205018
4507.692197
4508.205018
4510.2563
4513.846043
4514.871684
4509.743479
4509.743479
4513.846043
4510.76912
4501.538351
4499.99989
4502.563992
4500.51271
4490.2563
4477.948608
4475.897326
4472.307583
4463.589634
4459.48707
4459.48707
4459.999891
4457.435788
4446.153737
4438.97425
4440.512712
4436.922968
4429.743481
4427.179379
4426.153738
4432.307584
4441.025532
4444.102455
4447.692199
4445.128096
4435.384507
4435.384507
4435.384507
4429.743481
4438.97425
4436.922968
4409.743482
4402.563995
4422.563994
4425.640917
4417.435789
4425.640917
4434.871686
4432.307584
4430.256302
4429.743481
4423.589635
4425.128097
4434.358866
4434.871686
4432.307584
4436.410148
4439.999891
4446.666558
4443.076814
4427.179379
4427.179379
4448.205019
4455.384506
4449.23066
4452.820404
4455.384506
4452.307583
4455.384506
4462.563993
4459.999891
4451.794763
4445.640917
4443.076814
4445.128096
4450.256301
4451.281942
4449.23066
4449.743481
4450.769122
4446.666558
4445.640917
4448.71784
4441.538353
4434.871686
4447.692199
4457.948609
4455.384506
4462.051173
4475.384506
4477.948608
4473.333224
4471.281942
4471.281942
4475.384506
4477.435788
4478.461429
4477.435788
4473.333224
4476.410147
4486.153736
4482.051172
4472.307583
4475.384506
4478.974249
4474.358865
4475.897326
4479.99989
4474.871685
4472.820403
4479.99989
4475.384506
4458.461429
4456.922968
4466.666557
4464.102455
4457.948609
4453.846045
4449.23066
4449.743481
4453.333224
4444.102455
4433.846045
4437.948609
4441.025532
4436.922968
4442.563994
4447.692199
4443.076814
4440.512712
4436.922968
4431.281943
4429.743481
4427.692199
4423.589635
4429.230661
4437.948609
4435.384507
4428.20502
4425.128097
4423.589635
4419.999892
4418.974251
4419.999892
4410.769123
4400.512713
4397.43579
4398.974251
4403.589636
4410.256302
4416.410148
4415.384507
4406.153738
4400.512713
4404.615277
4407.6922
4413.846046
4424.102456
4417.94861
4406.153738
4407.179379
4409.230661
4402.563995
4398.461431
4400.512713
4406.666559
4413.333225
4419.487071
4425.640917
4427.692199
4428.71784
4428.20502
4415.384507
4405.640918
4411.281943
4417.94861
4414.871687
4413.333225
4419.487071
4423.589635
4424.102456
4425.128097
4426.153738
4425.640917
4425.640917
4427.692199
4429.230661
4426.666558
4419.999892
4415.897328
4418.974251
4427.179379
4434.358866
4427.179379
4421.538353
4432.820404
4436.922968
4432.820404
4436.410148
4441.538353
4437.435789
4434.358866
4433.846045
4436.922968
4439.487071
4435.897327
4430.256302
4432.307584
4434.871686
4432.307584
4429.743481
4430.256302
4428.71784
4427.692199
4430.256302
4431.794763
4430.256302
4427.692199
4431.794763
4432.307584
4418.974251
4414.871687
4425.640917
4423.076815
4415.384507
4422.563994
4433.846045
4432.820404
4428.71784
4429.230661
4432.307584
4433.846045
4434.358866
4431.794763
4422.563994
4425.640917
4435.384507
4435.384507
4432.307584
4435.897327
4432.307584
4424.102456
4424.615276
4422.563994
4413.333225
4411.794764
4419.999892
4425.640917
4429.230661
4435.897327
4438.46143
4433.846045
4428.20502
4425.128097
4425.640917
4430.256302
4435.897327
4430.769122
4421.025533
4419.999892
4420.512712
4416.410148
4416.922969
4417.435789
4413.333225
4411.794764
4411.281943
4410.769123
4411.281943
4408.717841
4410.769123
4420.512712
4421.025533
4420.512712
4424.102456
4416.410148
4408.20502
4413.846046
4416.922969
4404.102456
4398.974251
4407.6922
4412.820405
4406.153738
4403.076815
4406.666559
4411.281943
4413.333225
4410.769123
4406.153738
4402.563995
4402.051174
4405.640918
4412.307584
4416.410148
4416.922969
4422.563994
4427.692199
4421.538353
4413.846046
4414.358866
4416.410148
4410.769123
4406.666559
4410.769123
4419.999892
4422.051174
4416.922969
4413.846046
4418.974251
4422.563994
4418.46143
4412.820405
4408.20502
4408.717841
4411.794764
4410.769123
4407.6922
4413.333225
4418.46143
4418.46143
4422.563994
4422.051174
4414.358866
4415.384507
4413.846046
4404.102456
4405.640918
4422.051174
4433.333225
4427.179379
4414.358866
4410.769123
4413.846046
4412.820405
4414.871687
4416.922969
4414.358866
4415.384507
4422.563994
4431.794763
4437.435789
4434.358866
4427.692199
4430.769122
4434.871686
4433.333225
4433.333225
4432.820404
4428.20502
4430.256302
4436.922968
4440.512712
4438.97425
4439.487071
4445.640917
4448.71784
4448.71784
4455.384506
4458.97425
4452.820404
4448.71784
4448.205019
4446.153737
4443.076814
4448.71784
4452.820404
4449.743481
4449.23066
4454.358865
4451.794763
4445.128096
4446.666558
4453.333224
4455.897327
4459.48707
4468.205019
4464.615275
4450.769122
4451.794763
4456.410147
4446.666558
4443.076814
4448.71784
4450.256301
4450.256301
4453.333224
4455.384506
4453.846045
4447.179378
4444.615276
4449.743481
4445.128096
4431.794763
4433.846045
4445.640917
4447.692199
4443.076814
4437.435789
4434.871686
4436.410148
4435.897327
4432.307584
4432.307584
4431.794763
4423.589635
4417.94861
4419.487071
4425.128097
4430.769122
4431.281943
4428.20502
4427.179379
4427.692199
4425.640917
4426.153738
4431.794763
4426.153738
4418.974251
4432.307584
4446.153737
4438.97425
4431.281943
4435.897327
4438.46143
4447.692199
4458.97425
4454.871686
4447.179378
4445.640917
4442.563994
4444.102455
4450.769122
4451.794763
4445.640917
4443.076814
4440.512712
4435.384507
4434.358866
4436.410148
4438.46143
4439.487071
4439.487071
4436.410148
4429.743481
4425.640917
4426.666558
4424.102456
4422.051174
4427.692199
4431.281943
4421.538353
4410.769123
4407.6922
4407.6922
4406.666559
4408.20502
4414.358866
4414.871687
4410.256302
4412.307584
4413.333225
4404.615277
4402.051174
4406.666559
4408.20502
4410.256302
4422.563994
4429.743481
4422.051174
4411.794764
4411.281943
4415.384507
4414.871687
4416.410148
4425.128097
4435.897327
4436.922968
4432.307584
4431.794763
4434.871686
4433.846045
4429.743481
4424.615276
4421.538353
4421.538353
4420.512712
4419.487071
4422.563994
4424.615276
4421.025533
4416.410148
4410.769123
4408.717841
4415.384507
4419.999892
4418.46143
4422.051174
4426.153738
4427.692199
4430.769122
4428.71784
4420.512712
4416.922969
4416.922969
4414.358866
4418.974251
4426.666558
4430.769122
4434.358866
4436.922968
4436.922968
4434.358866
4425.128097
4412.820405
4411.281943
4421.025533
4425.640917
4424.615276
4432.820404
4442.051173
4433.846045
4422.051174
4425.128097
4430.256302
4425.128097
4417.94861
4420.512712
4425.640917
4427.692199
4427.179379
4426.666558
4426.666558
4425.128097
4418.974251
4418.46143
4427.179379
4428.71784
4424.615276
4426.666558
4429.743481
4427.692199
4424.102456
4424.615276
4433.846045
4440.512712
4437.948609
4433.846045
4428.71784
4423.589635
4426.666558
4435.384507
4435.897327
4434.358866
4435.897327
4434.871686
4431.794763
4433.846045
4435.897327
4433.846045
4430.256302
4430.256302
4435.897327
4438.97425
4435.897327
4439.999891
4442.563994
4435.897327
4437.948609
4445.128096
4439.487071
4431.794763
4435.384507
4436.922968
4433.333225
4431.281943
4436.410148
4436.410148
4425.640917
4421.025533
4432.307584
4435.384507
4424.102456
4422.563994
4430.256302
4430.256302
4428.71784
4431.794763
4430.256302
4428.20502
4429.230661
4429.743481
4429.743481
4432.307584
4436.410148
4441.025532
4436.922968
4428.71784
4426.153738
4428.71784
4430.256302
4430.769122
4430.256302
4427.692199
4426.153738
4429.230661
4436.922968
4436.922968
4429.743481
4427.179379
4429.230661
4429.230661
4430.256302
4431.794763
4431.794763
4433.333225
4428.20502
4422.563994
4425.640917
4426.666558
4421.025533
4419.487071
4416.922969
4412.820405
4418.46143
4429.743481
4434.358866
4432.307584
4426.666558
4426.666558
4431.281943
4430.769122
4423.076815
4416.410148
4417.94861
4427.179379
4432.820404
4427.692199
4425.128097
4427.692199
4429.743481
4427.692199
4424.102456
4422.563994
4425.128097
4428.20502
4428.71784
4423.589635
4416.922969
4420.512712
4425.640917
4424.615276
4426.153738
4428.20502
4425.128097
4427.692199
4430.256302
4428.71784
4428.20502
4432.307584
4435.384507
4435.384507
4435.384507
4432.820404
4426.153738
4424.615276
4434.358866
4437.435789
4430.769122
4430.769122
4431.281943
4426.666558
4432.307584
4443.589635
4449.743481
4450.769122
4448.205019
4441.538353
4434.358866
4435.384507
4433.846045
4426.153738
4417.94861
4411.794764
4406.666559
4410.769123
4421.025533
4428.20502
4434.871686
4438.46143
4428.71784
4419.487071
4417.94861
4421.025533
4424.615276
4428.71784
4433.846045
4438.46143
4444.615276
4448.71784
4442.051173
4429.743481
4427.692199
4429.230661
4425.640917
4421.538353
4423.076815
4432.307584
4443.076814
4444.615276
4444.615276
4445.640917
4439.487071
4432.820404
4434.871686
4435.897327
4428.71784
4427.179379
4433.333225
4434.358866
4429.743481
4431.281943
4433.846045
4433.846045
4436.410148
4438.97425
4435.897327
4434.358866
4437.948609
4437.948609
4433.846045
4434.871686
4433.846045
4424.615276
4426.153738
4433.846045
4432.307584
4431.794763
4432.307584
4426.666558
4426.666558
4428.20502
4421.025533
4415.897328
4423.589635
4432.820404
4436.922968
4434.871686
4431.281943
4430.256302
4430.769122
4430.256302
4428.71784
4427.179379
4427.692199
4429.743481
4423.589635
4414.358866
4415.384507
4419.999892
4416.410148
4411.281943
4411.794764
4412.307584
4413.846046
4412.820405
4408.20502
4399.999892
4396.922969
4398.974251
4401.025533
4402.563995
4407.6922
4413.333225
4415.384507
4418.974251
4425.640917
4426.666558
4426.666558
4431.281943
4434.871686
4434.358866
4434.358866
4439.999891
4445.128096
4448.205019
4449.23066
4453.333224
4455.384506
4450.256301
4441.025532
4440.512712
4444.615276
4443.076814
4445.128096
4450.769122
4446.666558
4444.615276
4456.410147
4464.615275
4461.538352
4452.820404
4438.97425
4424.102456
4423.076815
4433.333225
4436.410148
4426.153738
4413.333225
4405.128097
4397.43579
4387.17938
4375.384508
4367.17938
4365.128098
4362.051175
4355.384509
4357.435791
4362.051175
4360.512714
4354.871688
4348.717842
4342.051176
4349.743483
4377.43579
4404.102456
4426.153738
4447.179378
4453.846045
4447.692199
4448.71784
4446.666558
4435.897327
4432.820404
4441.025532
4447.179378
4446.153737
4444.615276
4447.692199
4451.794763
4448.205019
4441.538353
4443.589635
4449.743481
4443.076814
4428.71784
4429.743481
4441.538353
4441.538353
4437.435789
4440.512712
4448.71784
4453.333224
4453.846045
4450.769122
4450.256301
4448.71784
4446.666558
4444.102455
4441.538353
4444.102455
4445.128096
4441.538353
4443.076814
4452.307583
4453.846045
4446.666558
4437.948609
4436.922968
4435.897327
4431.281943
4432.307584
4434.871686
4428.71784
4432.820404
4445.128096
4445.128096
4442.563994
4445.640917
4443.589635
4441.538353
4443.589635
4438.46143
4435.897327
4443.589635
4444.615276
4437.948609
4439.487071
4444.615276
4437.948609
4430.256302
4429.743481
4428.71784
4427.179379
4428.20502
4425.128097
4425.128097
4432.820404
4441.025532
4443.589635
4442.563994
4440.512712
4438.46143
4430.256302
4417.94861
4415.384507
4420.512712
4424.102456
4422.563994
4418.46143
4416.410148
4415.384507
4409.743482
4403.589636
4406.153738
4410.769123
4414.358866
4421.025533
4417.435789
4405.640918
4405.640918
4406.666559
4397.94861
4395.384508
4402.563995
4407.6922
4411.794764
4414.871687
4414.358866
4411.794764
4408.717841
4404.615277
4406.153738
4409.743482
4406.666559
4405.128097
4411.281943
4411.281943
4404.102456
4403.589636
4408.717841
4413.846046
4414.871687
4415.897328
4419.999892
4421.538353
4413.333225
4407.179379
4411.281943
4416.410148
4410.256302
4404.615277
4409.743482
4414.871687
4410.769123
4409.743482
4414.358866
4415.897328
4419.487071
4424.102456
4423.076815
4419.999892
4423.076815
4422.563994
4417.435789
4417.435789
4416.922969
4410.769123
4408.717841
4415.384507
4419.487071
4417.435789
4415.897328
4423.589635
4428.71784
4421.025533
4414.358866
4418.974251
4422.563994
4416.922969
4409.743482
4404.102456
4398.461431
4393.333226
4382.563995
4364.615278
4340.512714
4312.820407
4282.051177
4244.10246
4201.025538
4167.179385
4149.743488
4143.589642
4147.179386
4159.487078
4186.153744
4229.230666
4274.35887
4313.846048
4370.256303
4438.46143
4492.307582
4532.307581
4573.333222
4610.769118
4632.307579
4644.102451
4643.07681
4638.461425
4639.999887
4640.512707
4632.307579
4624.102451
4624.615272
4621.538349
4607.692195
4592.820401
4582.05117
4567.692196
4552.820401
4548.717837
4545.640914
4535.384504
4536.410145
4548.205017
4561.53835
4570.769119
4568.717837
4561.025529
4561.53835
4555.897324
4541.02553
4538.974248
4540.512709
4528.205017
4516.410146
4514.358864
4507.692197
4497.948608
4491.794762
4485.128095
4478.974249
4476.922967
4470.769121
4466.666557
4470.256301
4472.307583
4464.102455
4455.384506
4448.71784
4445.640917
4447.179378
4449.23066
4458.97425
4463.589634
4449.743481
4437.948609
4441.025532
4439.999891
4432.307584
4426.153738
4423.076815
4422.563994
4423.076815
4422.563994
4426.153738
4430.256302
4430.769122
4427.179379
4416.410148
4410.769123
4415.384507
4418.46143
4414.871687
4417.94861
4427.692199
4431.281943
4430.256302
4432.307584
4433.846045
4426.153738
4417.435789
4416.922969
4414.358866
4412.307584
4422.563994
4428.71784
4418.974251
4407.6922
4410.769123
4409.743482
4409.230661
4416.410148
4415.897328
4411.281943
4414.358866
4413.846046
4411.794764
4413.846046
4412.820405
4410.256302
4408.20502
4397.94861
4394.358867
4407.6922
4413.333225
4407.179379
4402.051174
4401.025533
4399.487072
4404.102456
4413.846046
4416.410148
4412.307584
4406.666559
4402.051174
4401.538354
4401.538354
4393.846046
4387.17938
4386.153739
4387.17938
4390.256303
4398.974251
4400.512713
4396.410149
4401.025533
4404.102456
4392.820405
4387.17938
4397.94861
4411.281943
4417.94861
4417.94861
4414.871687
4410.256302
4404.102456
4397.43579
4393.846046
4386.666559
4381.025534
4385.128098
4389.230662
4387.17938
4392.307585
4395.384508
4383.076816
4372.307585
4370.769124
4368.717842
4374.358867
4385.128098
4383.076816
4376.410149
4379.999893
4383.076816
4379.999893
4385.640918
4403.076815
4414.871687
4409.743482
4411.281943
4427.179379
4433.846045
4428.71784
4428.71784
4436.410148
4443.076814
4444.615276
4445.128096
4453.846045
4463.076814
4462.563993
4463.076814
4467.692198
4468.205019
4467.179378
4461.025532
4457.435788
4460.512711
4453.333224
4441.025532
4442.563994
4448.205019
4443.076814
4440.512712
4439.487071
4431.281943
4423.076815
4423.076815
4426.666558
4429.743481
4429.743481
4429.230661
4435.384507
4439.999891
4433.333225
4427.692199
4433.333225
4436.922968
4431.281943
4425.128097
4423.589635
4425.640917
4433.846045
4436.922968
4429.230661
4420.512712
4420.512712
4423.076815
4424.102456
4428.71784
4433.846045
4432.820404
4429.230661
4430.769122
4428.71784
4424.102456
4423.589635
4426.666558
4427.179379
4423.589635
4419.487071
4419.999892
4419.999892
4412.820405
4406.153738
4403.589636
4405.128097
4406.666559
4401.025533
4393.333226
4395.897328
4408.717841
4412.820405
4405.128097
4404.615277
4409.230661
4412.820405
4418.46143
4421.538353
4416.922969
4414.358866
4413.333225
4410.769123
4416.410148
4424.102456
4430.769122
4434.871686
4435.897327
4437.435789
4441.025532
4437.435789
4432.820404
4434.358866
4435.384507
4432.820404
4432.820404
4430.256302
4424.615276
4424.615276
4430.256302
4429.230661
4425.128097
4425.640917
4427.692199
4427.692199
4422.563994
4414.358866
4411.794764
4421.538353
4428.20502
4421.025533
4413.846046
4421.538353
4424.615276
4415.897328
4417.94861
4429.230661
4433.333225
4435.897327
4439.999891
4441.025532
4446.153737
4449.23066
4446.666558
4450.256301
4457.948609
4449.23066
4431.281943
4423.589635
4423.589635
4426.666558
4429.230661
4429.230661
4426.666558
4424.615276
4421.538353
4419.999892
4418.46143
4415.897328
4414.358866
4414.871687
4418.974251
4428.71784
4431.281943
4423.076815
4419.487071
4420.512712
4421.025533
4420.512712
4416.922969
4411.794764
4415.384507
4418.974251
4409.230661
4402.051174
4405.640918
4405.640918
4403.589636
4409.743482
4413.846046
4411.281943
4416.410148
4419.999892
4412.820405
4410.769123
4414.871687
4413.846046
4411.794764
4414.358866
4411.794764
4407.179379
4406.153738
4404.102456
4401.538354
4408.717841
4417.94861
4412.307584
4401.025533
4404.102456
4412.307584
4412.307584
4411.794764
4415.897328
4419.487071
4413.333225
4408.20502
4415.384507
4422.051174
4418.46143
4419.999892
4423.589635
4420.512712
4418.46143
4417.94861
4414.871687
4412.307584
4408.717841
4412.307584
4424.102456
4430.256302
4426.666558
4416.922969
4410.256302
4413.846046
4417.94861
4409.230661
4403.589636
4405.640918
4406.153738
4407.179379
4407.179379
4404.102456
4406.153738
4413.333225
4413.333225
4408.717841
4411.281943
4416.410148
4416.922969
4417.435789
4416.922969
4415.384507
4417.435789
4424.615276
4425.640917
4418.46143
4416.922969
4420.512712
4418.46143
4415.384507
4417.435789
4419.487071
4421.538353
4427.692199
4428.20502
4418.974251
4413.846046
4415.897328
4417.94861
4416.922969
4422.563994
4429.230661
4426.153738
4422.563994
4430.256302
4433.333225
4428.20502
4426.666558
4428.71784
4432.820404
4437.948609
4439.487071
4435.384507
4431.281943
4424.102456
4422.563994
4426.153738
4424.102456
4426.666558
4436.410148
4438.46143
4431.794763
4432.307584
4435.384507
4432.820404
4429.743481
4429.743481
4429.743481
4429.743481
4426.153738
4425.128097
4431.281943
4437.435789
4436.410148
4433.333225
4431.794763
4434.358866
4433.333225
4418.974251
4413.333225
4424.102456
4431.281943
4434.871686
4441.538353
4439.487071
4433.846045
4435.384507
4436.410148
4436.922968
4443.076814
4444.615276
4442.563994
4441.538353
4434.358866
4428.20502
4431.281943
4432.820404
4423.076815
4416.410148
4421.025533
4429.743481
4433.333225
4437.435789
4443.076814
4445.128096
4443.589635
4437.948609
4431.794763
4429.230661
4434.871686
4436.922968
4432.820404
4435.897327
4444.102455
4443.589635
4442.051173
4443.076814
4435.897327
4427.179379
4431.794763
4437.948609
4433.846045
4430.256302
4438.97425
4446.153737
4437.435789
4431.794763
4441.025532
4448.71784
4444.102455
4442.563994
4446.153737
4441.025532
4432.307584
4431.794763
4425.640917
4416.922969
4421.025533
4430.769122
4435.897327
4440.512712
4443.589635
4439.487071
4428.20502
4422.563994
4427.179379
4424.102456
4417.94861
4424.102456
4432.307584
4433.846045
4437.948609
4437.435789
4428.20502
4426.666558
4428.20502
4420.512712
4412.307584
4414.871687
4417.435789
4414.871687
4418.974251
4428.71784
4429.743481
4425.640917
4423.076815
4422.051174
4418.46143
4411.794764
4409.230661
4419.999892
4430.769122
4434.358866
4437.435789
4436.922968
4434.358866
4431.794763
4431.281943
4428.71784
4424.102456
4422.051174
4426.666558
4430.769122
4431.794763
4433.333225
4428.20502
4419.999892
4418.974251
4420.512712
4421.025533
4419.999892
4415.897328
4413.846046
4419.487071
4420.512712
4412.307584
4408.717841
4409.230661
4408.20502
4408.717841
4407.6922
4403.589636
4409.230661
4416.410148
4408.717841
4401.025533
4407.6922
4415.384507
4411.794764
4409.743482
4413.846046
4418.46143
4418.974251
4414.871687
4409.743482
4411.794764
4415.897328
4415.384507
4416.922969
4421.025533
4420.512712
4419.487071
4422.051174
4423.589635
4427.179379
4427.692199
4422.563994
4421.025533
4424.102456
4423.076815
4425.640917
4432.820404
4434.871686
4433.333225
4428.71784
4420.512712
4417.435789
4419.487071
4418.974251
4418.974251
4427.179379
4436.922968
4445.128096
4454.358865
4449.743481
4436.922968
4434.358866
4434.358866
4425.640917
4426.153738
4428.71784
4422.051174
4419.999892
4422.051174
4415.897328
4405.640918
4399.999892
4396.922969
4395.897328
4398.461431
4403.589636
4412.820405
4424.102456
4428.20502
4424.102456
4418.46143
4414.358866
4412.307584
4409.230661
4402.563995
4400.512713
4408.20502
4413.846046
4413.333225
4412.307584
4417.94861
4423.589635
4423.076815
4421.025533
4424.615276
4431.281943
4432.820404
4428.20502
4427.692199
4430.769122
4426.153738
4421.538353
4422.051174
4419.999892
4422.051174
4433.333225
4436.922968
4434.358866
4434.358866
4435.384507
4433.846045
4429.230661
4421.538353
4422.051174
4428.20502
4426.666558
4422.051174
4423.076815
4426.153738
4426.153738
4428.20502
4432.307584
4430.769122
4424.615276
4425.640917
4434.358866
4434.358866
4426.153738
4426.153738
4428.71784
4430.256302
4439.999891
4445.128096
4432.820404
4428.20502
4444.102455
4452.820404
4445.128096
4441.538353
4444.102455
4440.512712
4437.948609
4439.999891
4436.922968
4429.230661
4427.692199
4434.358866
4441.025532
4438.46143
4430.256302
4429.230661
4431.794763
4430.256302
4426.153738
4425.640917
4432.820404
4445.128096
4450.769122
4444.102455
4434.358866
4436.410148
4443.589635
4441.025532
4435.897327
4439.999891
4445.640917
4445.128096
4442.563994
4435.384507
4428.71784
4426.666558
4428.71784
4430.256302
4433.846045
4432.307584
4429.230661
4433.333225
4436.922968
4433.846045
4431.794763
4434.871686
4434.871686
4431.794763
4429.230661
4428.71784
4432.307584
4430.769122
4424.615276
4426.153738
4431.794763
4431.281943
4432.307584
4442.051173
4446.666558
4442.563994
4445.640917
4451.794763
4448.71784
4447.692199
4454.871686
4456.922968
4457.435788
4458.461429
4458.461429
4454.358865
4445.128096
4437.948609
4443.076814
4443.076814
4432.307584
4431.794763
4435.897327
4432.820404
4429.230661
4433.846045
4438.46143
4436.922968
4431.794763
4429.743481
4427.692199
4426.666558
4432.820404
4435.897327
4432.307584
4429.743481
4428.20502
4427.179379
4432.307584
4437.435789
4428.20502
4416.922969
4415.897328
4421.025533
4424.102456
4421.538353
4424.102456
4427.692199
4426.153738
4424.102456
4424.615276
4420.512712
4416.922969
4422.051174
4427.692199
4428.71784
4424.102456
4419.487071
4420.512712
4423.076815
4426.666558
4431.281943
4430.769122
4426.666558
4425.128097
4428.71784
4432.820404
4434.358866
4435.384507
4435.897327
4429.743481
4423.589635
4427.692199
4432.820404
4433.846045
4430.256302
4426.153738
4426.153738
4428.20502
4428.71784
4432.820404
4428.20502
4415.897328
4416.410148
4419.487071
4413.846046
4418.46143
4430.769122
4430.769122
4422.563994
4417.94861
4411.794764
4405.128097
4408.717841
4413.333225
4410.256302
4408.717841
4418.974251
4425.640917
4424.102456
4421.025533
4417.435789
4416.922969
4424.102456
4430.256302
4429.743481
4432.307584
4437.435789
4436.922968
4432.820404
4432.820404
4432.820404
4432.820404
4433.333225
4432.307584
4432.820404
4434.871686
4429.230661
4426.153738
4429.743481
4428.71784
4428.20502
4426.666558
4419.999892
4416.410148
4423.076815
4427.692199
4424.615276
4422.563994
4430.769122
4437.948609
4429.230661
4412.820405
4408.20502
4413.333225
4414.358866
4411.281943
4412.307584
4416.922969
4417.435789
4417.435789
4422.563994
4422.051174
4412.820405
4406.153738
4401.538354
4394.871687
4383.076816
4371.281944
4361.538355
4353.846047
4349.743483
4347.692201
4343.076817
4329.230663
4307.179382
4295.38451
4299.999895
4297.435792
4283.589639
4277.948613
4275.384511
4262.051178
4256.922973
4268.205024
4278.461434
4282.051177
4281.025536
4262.563998
4226.666563
4190.769128
4170.256308
4169.743488
4182.564
4198.461436
4217.435794
4246.153742
4280.512716
4322.051176
4371.794765
4426.153738
4472.820403
4511.794761
4556.410145
4606.153734
4648.205015
4677.948604
4697.435783
4704.61527
4701.538347
4687.692193
4662.563989
4631.794759
4608.205016
4586.153734
4564.102452
4548.205017
4534.871684
4517.435787
4505.128095
4492.820403
4471.281942
4458.97425
4459.999891
4459.999891
4457.948609
4457.948609
4453.333224
4443.589635
4435.897327
4437.948609
4441.025532
4439.999891
4435.897327
4433.846045
4439.487071
4441.538353
4432.820404
4424.102456
4429.230661
4431.281943
4418.46143
4409.230661
4414.871687
4420.512712
4418.974251
4410.256302
4401.025533
4392.820405
4385.640918
4381.538354
4379.999893
4374.358867
4367.17938
4365.128098
4366.66656
4364.102457
4363.076816
4371.281944
4382.051175
4383.076816
4382.051175
4390.256303
4395.384508
4394.358867
4393.846046
4396.410149
4397.94861
4396.410149
4402.051174
4412.307584
4416.410148
4416.410148
4418.974251
4417.94861
4415.384507
4416.922969
4424.102456
4432.820404
4434.358866
4432.820404
4438.46143
4437.948609
4432.307584
4435.897327
4441.538353
4441.538353
4438.97425
4437.948609
4434.871686
4430.256302
4429.230661
4432.307584
4427.692199
4426.153738
4434.871686
4441.025532
4439.487071
4441.538353
4444.102455
4445.128096
4441.538353
4436.410148
4437.435789
4442.051173
4444.102455
4444.102455
4445.640917
4449.743481
4452.307583
4445.640917
4437.948609
4435.384507
4438.46143
4447.692199
4452.307583
4445.128096
4439.999891
4442.051173
4447.179378
4449.743481
4446.666558
4446.153737
4451.794763
4451.281942
4443.076814
4443.589635
4448.205019
4451.281942
4454.871686
4458.461429
4461.538352
4464.102455
4461.025532
4458.461429
4461.538352
4462.563993
4457.435788
4455.897327
4456.922968
4452.820404
4451.281942
4454.358865
4459.48707
4462.563993
4461.025532
4456.922968
4458.461429
4462.051173
4456.922968
4451.281942
4450.769122
4451.281942
4447.692199
4449.743481
4451.281942
4447.692199
4447.692199
4453.333224
4457.435788
4460.512711
4456.922968
4449.23066
4448.71784
4456.410147
4461.025532
4462.563993
4466.666557
4472.307583
4472.820403
4464.615275
4459.999891
4464.102455
4468.205019
4468.717839
4471.281942
4473.846044
4473.333224
4472.307583
4473.333224
4470.256301
4460.512711
4453.333224
4453.846045
4450.769122
4442.051173
4445.128096
4453.333224
4450.256301
4445.640917
4450.769122
4454.358865
4449.23066
4440.512712
4439.487071
4442.563994
4444.615276
4448.205019
4452.820404
4456.410147
4454.871686
4450.769122
4449.743481
4453.333224
4456.922968
4456.410147
4455.384506
4457.948609
4461.538352
4463.589634
4459.999891
4449.743481
4442.051173
4447.179378
4455.384506
4457.435788
4456.410147
4453.333224
4452.820404
4454.871686
4450.769122
4445.128096
4443.589635
4436.410148
4427.692199
4428.20502
4432.307584
4429.743481
4429.743481
4434.358866
4432.307584
4426.153738
4422.563994
4418.974251
4414.358866
4415.384507
4418.46143
4415.384507
4408.20502
4409.230661
4415.384507
4413.333225
4409.743482
4413.846046
4419.999892
4421.538353
4420.512712
4419.487071
4422.051174
4426.153738
4427.692199
4428.71784
4434.871686
4436.922968
4434.871686
4433.846045
4433.846045
4430.256302
4428.71784
4428.20502
4422.563994
4419.999892
4427.179379
4430.256302
4425.640917
4424.615276
4421.538353
4416.922969
4418.974251
4418.974251
4415.384507
4422.563994
4427.179379
4417.94861
4412.307584
4417.94861
4416.922969
4409.743482
4415.384507
4424.615276
4421.025533
4415.897328
4414.358866
4412.820405
4420.512712
4427.692199
4421.538353
4420.512712
4426.666558
4422.563994
4417.94861
4413.333225
4404.102456
4402.051174
4403.589636
4403.076815
4408.20502
4410.769123
4406.153738
4408.20502
4413.846046
4414.871687
4414.358866
4415.897328
4414.358866
4412.307584
4418.46143
4424.102456
4421.025533
4415.897328
4415.897328
4416.410148
4418.46143
4424.102456
4428.71784
4429.230661
4432.307584
4434.871686
4430.256302
4426.153738
4435.384507
4439.487071
4434.358866
4442.563994
4456.410147
4455.384506
4450.256301
4452.820404
4450.769122
4447.179378
4451.794763
4462.051173
4470.256301
4467.692198
4459.48707
4463.589634
4474.358865
4477.435788
4478.461429
4483.589634
4489.74348
4496.410146
4498.461428
4495.384505
4496.922967
4498.974249
4497.435787
4498.974249
4500.51271
4494.358864
4488.717839
4489.230659
4484.102454
4468.717839
4463.589634
4462.563993
4451.794763
4446.153737
4450.769122
4440.512712
4420.512712
4410.256302
4399.487072
4385.128098
4378.974252
4375.384508
4368.205021
4367.692201
4367.17938
4359.999893
4354.871688
4349.743483
4343.589637
4348.205022
4351.794765
4344.615278
4346.66656
4359.487073
4363.589637
4364.102457
4367.692201
4366.153739
4359.487073
4359.487073
4370.256303
4379.999893
4378.974252
4376.410149
4382.563995
4386.666559
4382.051175
4381.025534
4390.256303
4395.897328
4390.769123
4390.256303
4400.512713
4408.20502
4403.589636
4395.384508
4388.717841
4389.230662
4394.358867
4397.43579
4397.94861
4399.487072
4404.615277
4407.179379
4403.589636
4397.43579
4401.538354
4408.20502
4406.666559
4405.128097
4405.128097
4405.640918
4408.20502
4402.051174
4386.666559
4382.051175
4394.358867
4401.538354
4402.051174
4406.153738
4412.820405
4418.46143
4413.333225
4396.922969
4387.17938
4394.871687
4403.589636
4402.563995
4402.051174
4411.281943
4418.974251
4417.435789
4417.435789
4427.179379
4432.307584
4424.102456
4416.410148
4418.46143
4420.512712
4426.153738
4438.97425
4439.487071
4428.71784
4432.820404
4445.128096
4440.512712
4434.358866
4436.410148
4437.435789
4437.948609
4439.487071
4439.487071
4442.051173
4446.153737
4439.999891
4433.333225
4436.410148
4434.871686
4427.692199
4430.769122
4439.487071
4435.897327
4424.615276
4423.589635
4423.589635
4415.897328
4415.384507
4427.179379
4428.20502
4419.999892
4420.512712
4424.102456
4422.051174
4418.46143
4419.999892
4425.128097
4427.692199
4422.563994
4421.538353
4427.179379
4432.307584
4433.333225
4431.794763
4428.71784
4426.666558
4428.20502
4428.20502
4426.153738
4426.666558
4431.281943
4435.897327
4434.358866
4426.153738
4426.153738
4432.820404
4433.333225
4432.307584
4435.897327
4433.846045
4425.128097
4421.538353
4423.589635
4426.153738
4422.051174
4416.922969
4417.94861
4418.46143
4418.46143
4424.102456
4427.692199
4422.563994
4413.846046
4413.333225
4419.999892
4418.974251
4411.281943
4415.384507
4424.615276
4425.640917
4427.179379
4428.71784
4427.692199
4427.179379
4427.179379
4424.102456
4421.025533
4422.051174
4427.179379
4428.71784
4428.20502
4431.281943
4434.871686
4436.922968
4436.922968
4433.333225
4433.846045
4437.435789
4434.871686
4432.307584
4431.794763
4427.692199
4425.128097
4430.256302
4426.666558
4415.897328
4411.794764
4411.281943
4407.6922
4409.230661
4414.871687
4415.384507
4414.358866
4420.512712
4423.076815
4413.333225
4411.281943
4419.999892
4419.999892
4414.358866
4419.999892
4426.153738
4424.102456
4426.666558
4432.820404
4437.948609
4438.46143
4434.358866
4431.281943
4432.307584
4432.307584
4431.794763
4432.307584
4435.897327
4437.948609
4433.333225
4424.102456
4419.999892
4418.974251
4422.563994
4423.589635
4416.410148
4415.384507
4425.128097
4429.230661
4424.102456
4418.46143
4413.333225
4411.281943
4419.999892
4436.410148
4449.23066
4449.23066
4438.97425
4428.20502
4425.128097
4427.179379
4424.102456
4421.025533
4425.640917
4431.794763
4438.97425
4446.666558
4448.205019
4444.102455
4439.999891
4439.487071
4442.563994
4441.025532
4442.051173
4448.71784
4447.692199
4443.076814
4446.153737
4449.23066
4447.179378
4449.23066
4450.769122
4451.794763
4453.333224
4454.358865
4452.820404
4449.23066
4447.692199
4448.205019
4447.692199
4446.153737
4447.692199
4454.871686
4459.48707
4462.051173
4463.589634
4457.948609
4453.846045
4455.384506
4453.846045
4447.179378
4443.589635
4442.051173
4441.538353
4442.563994
4443.589635
4447.179378
4449.23066
4442.051173
4436.922968
4433.846045
4422.563994
4415.897328
4424.102456
4430.769122
4424.102456
4424.102456
4432.820404
4431.281943
4418.46143
4411.794764
4413.846046
4415.897328
4414.358866
4419.999892
4428.20502
4430.256302
4427.179379
4422.051174
4417.94861
4414.871687
4407.179379
4395.897328
4392.307585
4388.205021
4375.897329
4359.999893
4344.102458
4327.692202
4316.922971
4303.589638
4280.512716
4252.820409
4237.435794
4228.205025
4216.922974
4207.692205
4202.051179
4202.051179
4211.281948
4236.922973
4273.846049
4316.410151
4360.512714
4399.999892
4434.871686
4477.435788
4518.974248
4542.563991
4558.974247
4579.487068
4595.897324
4601.538349
4604.102452
4607.179375
4608.205016
4602.05117
4593.846042
4581.025529
4567.179375
4557.948606
4548.717837
4540.512709
4532.820402
4517.435787
4502.051172
4490.2563
4478.461429
4471.794762
4465.640916
4457.948609
4457.435788
4454.358865
4438.97425
4430.769122
4427.179379
4418.46143
4410.256302
4411.281943
4414.871687
4407.6922
4397.43579
4398.974251
4396.922969
4385.128098
4387.17938
4401.538354
4407.6922
4410.256302
4410.256302
4401.538354
4396.922969
4397.94861
4389.743482
4383.076816
4393.846046
4399.487072
4388.717841
4386.153739
4398.974251
4405.128097
4395.384508
4389.230662
4396.410149
4405.640918
4404.102456
4408.717841
4419.999892
4426.153738
4428.20502
4433.333225
4442.563994
4447.179378
4440.512712
4441.538353
4450.256301
4444.102455
4433.333225
4437.435789
4447.179378
4448.205019
4443.589635
4432.820404
4432.307584
4440.512712
4441.025532
4431.794763
4433.333225
4447.692199
4444.102455
4432.307584
4438.46143
4444.102455
4433.846045
4432.820404
4443.076814
4434.358866
4424.615276
4437.435789
4437.435789
4420.512712
4426.666558
4439.999891
4435.897327
4444.615276
4454.358865
4442.051173
4435.384507
4445.640917
4453.846045
4450.256301
4446.666558
4452.820404
4454.358865
