
4474.871685
4474.358865
4468.205019
4451.281942
4431.281943
4419.487071
4417.94861
4417.435789
4415.897328
4412.307584
4410.769123
4415.897328
4422.563994
4424.615276
4421.538353
4423.076815
4426.666558
4427.179379
4429.230661
4437.948609
4437.948609
4428.20502
4428.20502
4437.435789
4438.46143
4434.358866
4430.256302
4423.589635
4425.128097
4429.743481
4426.153738
4424.102456
4430.256302
4435.384507
4433.846045
4430.256302
4430.769122
4428.71784
4426.666558
4435.897327
4447.692199
4449.743481
4452.307583
4452.820404
4447.692199
4453.333224
4465.640916
4466.666557
4461.025532
4458.461429
4449.23066
4435.897327
4432.307584
4434.358866
4428.71784
4429.230661
4436.922968
4434.871686
4426.153738
4426.153738
4428.71784
4427.692199
4424.615276
4412.820405
4404.615277
4413.846046
4422.563994
4413.846046
4415.384507
4427.179379
4424.102456
4417.94861
4424.102456
4426.666558
4427.692199
4431.794763
4432.307584
4429.743481
4427.692199
4426.153738
4420.512712
4416.410148
4426.666558
4439.487071
4436.410148
4436.922968
4443.589635
4443.076814
4445.640917
4453.333224
4444.102455
4436.410148
4452.820404
4461.025532
4450.256301
4453.846045
4459.48707
4441.538353
4429.230661
4434.358866
4435.897327
4427.692199
4423.076815
4423.076815
4424.102456
4422.563994
4420.512712
4422.563994
4421.025533
4421.025533
4425.640917
4426.666558
4427.692199
4433.333225
4429.743481
4421.025533
4411.794764
4396.922969
4387.6922
4400.512713
4411.794764
4409.743482
4408.717841
4405.640918
4397.94861
4397.43579
4410.769123
4418.974251
4413.846046
4405.128097
4402.563995
4410.769123
4418.974251
4424.102456
4434.871686
4434.871686
4419.999892
4413.333225
4417.435789
4415.897328
4415.384507
4416.922969
4410.256302
4407.179379
4412.820405
4414.358866
4407.179379
4404.615277
4403.589636
4395.384508
4392.307585
4402.563995
4400.512713
4401.538354
4422.563994
4424.615276
4399.999892
4394.871687
4409.743482
4414.871687
4418.974251
4422.563994
4412.820405
4400.512713
4394.871687
4385.640918
4374.871688
4373.333226
4379.487072
4381.025534
4385.128098
4391.794764
4390.769123
4391.794764
4403.076815
4410.769123
4408.20502
4406.153738
4408.717841
4418.974251
4426.153738
4424.615276
4427.179379
4438.46143
4448.71784
4449.23066
4444.615276
4445.128096
4446.153737
4436.410148
4430.256302
4436.922968
4436.410148
4431.281943
4434.871686
4438.46143
4435.897327
4434.358866
4436.410148
4436.410148
4436.410148
4441.538353
4451.794763
4451.794763
4446.666558
4451.794763
4466.153737
4470.769121
4455.897327
4439.999891
4429.230661
4412.820405
4398.461431
4406.666559
4413.846046
4407.179379
4404.102456
4410.256302
4421.538353
4426.666558
4423.589635
4429.743481
4433.333225
4426.666558
4428.20502
4433.333225
4430.769122
4431.281943
4437.435789
4442.051173
4444.615276
4435.897327
4429.230661
4439.999891
4447.179378
4433.846045
4421.538353
4424.102456
4429.743481
4429.743481
4428.20502
4424.102456
4421.025533
4428.20502
4432.307584
4431.281943
4429.743481
4427.692199
4426.153738
4430.769122
4437.435789
4451.794763
4463.076814
4457.435788
4451.281942
4454.871686
4462.051173
4469.23066
4473.333224
4465.640916
4449.743481
4427.692199
4413.846046
4413.333225
4406.153738
4392.307585
4393.846046
4407.6922
4417.94861
4418.974251
4416.922969
4421.025533
4430.769122
4436.410148
4438.97425
4442.051173
4435.897327
4424.102456
4417.94861
4426.153738
4434.358866
4435.384507
4433.333225
4436.410148
4444.615276
4448.205019
4444.615276
4438.46143
4431.281943
4429.230661
4431.794763
4428.20502
4426.666558
4439.487071
4444.615276
4428.71784
4422.051174
4429.230661
4427.692199
4425.128097
4432.820404
4434.358866
4430.769122
4429.230661
4423.076815
4417.435789
4414.358866
4411.794764
4413.846046
4419.999892
4423.589635
4428.20502
4434.871686
4437.435789
4433.333225
4431.281943
4432.820404
4433.846045
4433.846045
4434.871686
4432.820404
4428.71784
4431.794763
4439.487071
4444.102455
4437.948609
4434.871686
4442.051173
4446.153737
4442.051173
4441.025532
4442.051173
4439.999891
4443.076814
4451.794763
4457.948609
4461.538352
4454.358865
4435.384507
4424.615276
4423.076815
4417.94861
4412.820405
4416.922969
4424.102456
4430.256302
4433.846045
4437.435789
4436.410148
4428.71784
4422.563994
4425.128097
4433.846045
4442.051173
4442.563994
4437.435789
4439.487071
4437.948609
4427.179379
4419.999892
4422.563994
4422.051174
4424.615276
4432.307584
4433.846045
4434.871686
4434.871686
4425.640917
4419.999892
4427.179379
4430.769122
4426.666558
4426.153738
4426.153738
4417.94861
4404.615277
4395.897328
4393.846046
4394.358867
4399.999892
4409.230661
4418.46143
4422.051174
4427.179379
4436.410148
4438.46143
4434.871686
4434.358866
4439.487071
4439.999891
4436.410148
4434.358866
4435.897327
4433.333225
4431.794763
4437.435789
4438.46143
4437.948609
4443.076814
4445.640917
4439.999891
4442.051173
4452.307583
4454.358865
4448.205019
4446.666558
4446.153737
4440.512712
4432.307584
4422.563994
4412.307584
4412.307584
4417.94861
4420.512712
4425.128097
4433.333225
4440.512712
4442.563994
4441.025532
4436.922968
4434.358866
4432.820404
4437.435789
4445.640917
4451.794763
4451.281942
4444.615276
4434.871686
4434.358866
4442.563994
4446.153737
4448.205019
4457.435788
4460.512711
4450.769122
4443.076814
4440.512712
4435.897327
4423.076815
4415.897328
4426.153738
4443.589635
4446.153737
4439.999891
4440.512712
4444.102455
4439.999891
4427.179379
4425.128097
4433.333225
4435.384507
4433.333225
4436.922968
4436.410148
4437.948609
4443.076814
4440.512712
4436.410148
4446.153737
4452.820404
4449.743481
4450.769122
4451.281942
4442.051173
4432.307584
4436.410148
4436.410148
4419.999892
4401.538354
4399.999892
4412.820405
4424.615276
4428.71784
4434.358866
4442.051173
4444.102455
4437.948609
4435.384507
4438.46143
4441.025532
4442.563994
4443.076814
4441.538353
4440.512712
4448.71784
4453.333224
4449.23066
4442.563994
4441.025532
4443.076814
4448.71784
4452.307583
4445.128096
4433.333225
4422.563994
4406.153738
4394.871687
4399.999892
4411.794764
4416.922969
4411.281943
4409.230661
4416.922969
4421.538353
4415.897328
4414.871687
4413.333225
4405.128097
4406.153738
4418.974251
4425.640917
4422.563994
4420.512712
4425.640917
4432.820404
4430.769122
4424.615276
4427.179379
4438.97425
4439.487071
4436.410148
4442.051173
4440.512712
4424.615276
4418.974251
4424.102456
4425.128097
4429.743481
4437.948609
4434.871686
4425.128097
4422.051174
4422.051174
4424.615276
4426.666558
4425.640917
4421.538353
4423.589635
4426.666558
4424.615276
4425.128097
4429.743481
4431.794763
4434.871686
4438.97425
4441.538353
4440.512712
4437.435789
4438.46143
4437.948609
4436.410148
4438.46143
4444.615276
4443.076814
4432.820404
4424.102456
4424.615276
4425.128097
4422.051174
4421.025533
4421.025533
4421.025533
4422.563994
4424.102456
4425.640917
4425.128097
4421.025533
4420.512712
4421.025533
4418.974251
4416.410148
4419.487071
4426.153738
4430.256302
4430.769122
4433.333225
4435.384507
4432.307584
4429.230661
4432.307584
4438.46143
4431.794763
4418.46143
4421.025533
4429.230661
4426.666558
4424.615276
4419.487071
4413.846046
4425.128097
4434.358866
4422.051174
4421.538353
4442.563994
4443.589635
4421.538353
4411.794764
4430.256302
4450.256301
4444.615276
4431.794763
4439.487071
4443.076814
4425.640917
4409.230661
4407.6922
4408.717841
4405.640918
4404.102456
4411.281943
4422.051174
4423.076815
4423.076815
4427.179379
4422.563994
4414.358866
4419.487071
4422.563994
4415.897328
4418.974251
4425.128097
4423.589635
4423.076815
4423.076815
4418.974251
4420.512712
4428.71784
4434.358866
4430.769122
4427.179379
4432.307584
4438.97425
4442.563994
4448.71784
4448.205019
4443.076814
4441.538353
4438.46143
4431.794763
4439.999891
4458.461429
4460.512711
4444.102455
4436.410148
4444.615276
4439.487071
4422.051174
4422.563994
4430.256302
4425.640917
4424.102456
4420.512712
4406.153738
4398.461431
4405.128097
4412.307584
4414.358866
4410.769123
4412.307584
4421.538353
4424.102456
4423.589635
4425.640917
4427.692199
4431.794763
4431.794763
4425.128097
4428.71784
4434.358866
4430.256302
4427.179379
4431.281943
4435.384507
4436.922968
4436.410148
4432.307584
4439.999891
4452.307583
4451.794763
4445.640917
4445.128096
4442.563994
4441.025532
4442.563994
4437.435789
4430.256302
4426.153738
4415.897328
4409.743482
4419.999892
4427.692199
4421.538353
4413.333225
4415.384507
4428.20502
4436.922968
4436.410148
4434.871686
4431.281943
4430.769122
4432.820404
4435.384507
4443.076814
4447.179378
4437.435789
4426.153738
4419.999892
4410.769123
4404.102456
4408.20502
4421.025533
4434.358866
4442.051173
4442.051173
4440.512712
4438.97425
4441.025532
4445.640917
4449.743481
4451.281942
4449.743481
4442.563994
4434.871686
4437.948609
4441.538353
4434.871686
4428.71784
4432.307584
4432.307584
4426.153738
4424.615276
4433.846045
4441.538353
4440.512712
4434.871686
4431.281943
4430.769122
4428.20502
4423.076815
4423.589635
4427.692199
4424.615276
4419.487071
4416.410148
4417.94861
4424.615276
4424.102456
4413.846046
4415.384507
4426.666558
4430.769122
4427.692199
4425.640917
4423.076815
4426.153738
4431.281943
4426.666558
4423.076815
4427.179379
4428.71784
4425.128097
4422.563994
4418.46143
4419.487071
4425.128097
4429.230661
4432.307584
4438.46143
4441.025532
4432.820404
4428.71784
4430.256302
4430.769122
4435.384507
4443.589635
4440.512712
4433.846045
4432.820404
4429.230661
4421.538353
4418.974251
4418.46143
4416.922969
4411.281943
4408.20502
4412.820405
4417.94861
4418.46143
4418.974251
4426.666558
4434.358866
4438.46143
4441.025532
4441.538353
4433.846045
4423.076815
4416.922969
4422.051174
4426.666558
4429.230661
4437.948609
4442.051173
4431.281943
4423.076815
4427.179379
4427.692199
4423.076815
4422.051174
4422.563994
4423.589635
4430.769122
4435.897327
4432.820404
4428.20502
4427.692199
4424.102456
4422.563994
4423.076815
4421.538353
4422.051174
4427.692199
4432.820404
4436.922968
4436.922968
4432.307584
4438.97425
4443.076814
4428.71784
4415.897328
4419.999892
4419.487071
4411.794764
4411.794764
4420.512712
4429.230661
4435.897327
4437.435789
4438.46143
4450.256301
4457.435788
4445.128096
4429.230661
4429.230661
4434.871686
4434.871686
4430.769122
4426.666558
4425.128097
4424.615276
4427.692199
4431.281943
4427.692199
4428.20502
4435.384507
4438.46143
4438.46143
4436.410148
4433.333225
4433.846045
4439.999891
4438.97425
4436.922968
4439.999891
4441.025532
4436.922968
4434.871686
4436.922968
4432.307584
4422.051174
4419.999892
4429.230661
4434.358866
4436.410148
4444.102455
4445.128096
4432.307584
4422.563994
4414.358866
4407.6922
4407.6922
4410.769123
4411.794764
4416.922969
4422.563994
4422.051174
4425.640917
4434.871686
4438.97425
4433.846045
4427.692199
4421.025533
4414.358866
4408.717841
4406.153738
4408.717841
4413.333225
4411.281943
4410.769123
4409.743482
4402.051174
4398.974251
4411.794764
4421.538353
4416.922969
4416.922969
4425.128097
4428.71784
4417.94861
4406.666559
4406.153738
4412.307584
4411.281943
4410.769123
4419.487071
4426.666558
4429.230661
4424.102456
4416.410148
4416.410148
4418.46143
4404.615277
4393.333226
4393.846046
4389.230662
4376.92297
4376.410149
4387.17938
4388.717841
4385.128098
4391.281944
4403.589636
4411.281943
4422.051174
4432.307584
4430.769122
4427.692199
4430.256302
4427.692199
4428.71784
4429.743481
4422.051174
4426.153738
4441.025532
4437.435789
4427.692199
4437.435789
4446.666558
4443.589635
4441.025532
4447.692199
4454.871686
4450.256301
4441.538353
4445.128096
4446.153737
4441.538353
4448.71784
4457.435788
4457.435788
4460.512711
4462.051173
4452.820404
4442.051173
4435.384507
4436.410148
4437.948609
4434.358866
4432.820404
4439.487071
4440.512712
4426.666558
4413.846046
4413.333225
4409.743482
4401.025533
4399.487072
4404.615277
4405.128097
4403.589636
4408.717841
4416.410148
4413.333225
4407.179379
4416.410148
4430.769122
4432.820404
4430.769122
4432.307584
4431.281943
4431.281943
4432.307584
4433.846045
4436.410148
4441.025532
4444.102455
4443.076814
4443.076814
4446.666558
4446.153737
4441.025532
4448.205019
4457.435788
4451.281942
4444.102455
4449.743481
4450.769122
4442.563994
4436.922968
4440.512712
4448.205019
4449.743481
4443.589635
4438.97425
4439.487071
4444.102455
4452.307583
4462.563993
4466.666557
4462.563993
4458.461429
4454.871686
4453.846045
4459.48707
4462.563993
4455.897327
4449.743481
4447.692199
4443.589635
4436.410148
4427.692199
4429.230661
4436.410148
4432.820404
4426.666558
4429.230661
4429.230661
4427.179379
4428.71784
4435.897327
4449.23066
4456.922968
4454.358865
4455.384506
4456.922968
4449.23066
4448.205019
4455.897327
4456.922968
4449.23066
4446.666558
4452.820404
4459.999891
4456.410147
4448.71784
4447.179378
4446.153737
4446.666558
4451.794763
4451.794763
4451.281942
4458.461429
4462.563993
4455.897327
4447.692199
4441.025532
4429.230661
4424.102456
4439.999891
4452.820404
4442.051173
4434.871686
4436.410148
4427.179379
4416.410148
4415.897328
4413.333225
4413.333225
4421.538353
4426.666558
4431.794763
4441.025532
4450.256301
4456.922968
4460.512711
4458.97425
4460.512711
4462.563993
4459.48707
4462.051173
4464.102455
4448.71784
4438.97425
4445.640917
4443.589635
4431.281943
4426.666558
4432.820404
4435.384507
4426.666558
4421.025533
4424.615276
4423.589635
4421.025533
4424.102456
4422.051174
4414.358866
4418.974251
4426.666558
4427.179379
4430.256302
4429.230661
4418.46143
4410.769123
4404.102456
4389.743482
4393.846046
4416.410148
4423.076815
4420.512712
4428.71784
4430.769122
4424.615276
4421.025533
4414.871687
4407.179379
4404.615277
4404.615277
4406.666559
4414.871687
4424.615276
4432.820404
4438.46143
4446.666558
4455.897327
4455.897327
4451.281942
4446.153737
4442.051173
4445.640917
4449.23066
4447.179378
4445.640917
4444.102455
4436.922968
4431.794763
4431.281943
4433.846045
4443.076814
4448.71784
4447.179378
4446.153737
4444.615276
4436.922968
4432.307584
4430.769122
4424.102456
4416.410148
4419.999892
4427.692199
4427.179379
4427.692199
4426.153738
4425.640917
4436.410148
4449.743481
4452.307583
4451.281942
4443.589635
4430.769122
4433.333225
4436.410148
4418.46143
4406.666559
4410.256302
4408.717841
4410.769123
4424.615276
4432.307584
4432.307584
4443.076814
4451.794763
4449.743481
4447.179378
4448.205019
4445.128096
4437.435789
4427.692199
4421.538353
4416.922969
4410.256302
4408.20502
4413.846046
4420.512712
4422.563994
4418.46143
4413.333225
4414.358866
4412.820405
4409.743482
4411.794764
4409.743482
4401.025533
4395.897328
4396.922969
4398.974251
4399.999892
4398.461431
4390.769123
4382.051175
4382.563995
4381.538354
4376.410149
4383.589636
4404.615277
4409.743482
4397.94861
4399.999892
4412.820405
4409.230661
4398.974251
4398.974251
4398.974251
4398.461431
4405.640918
4410.256302
4412.307584
4416.922969
4416.922969
4417.435789
4426.666558
4436.922968
4443.076814
4446.153737
4445.640917
4444.615276
4445.640917
4451.281942
4459.48707
4464.102455
4462.051173
4456.410147
4454.358865
4457.948609
4461.025532
4453.333224
4445.128096
4449.23066
4456.922968
4456.410147
4458.461429
4467.179378
4471.794762
4470.256301
4469.74348
4468.205019
4462.563993
4464.102455
4473.333224
4473.333224
4469.23066
4476.410147
4482.051172
4468.205019
4451.281942
4450.256301
4450.256301
4446.666558
4444.615276
4441.538353
4434.358866
4430.769122
4429.743481
4431.281943
4432.820404
4420.512712
4399.487072
4393.333226
4403.076815
4409.743482
4410.769123
4413.333225
4423.076815
4434.358866
4436.922968
4434.358866
4435.384507
4433.333225
4426.666558
4432.307584
4443.589635
4441.025532
4431.794763
4428.20502
4423.076815
4417.435789
4415.897328
4412.307584
4406.666559
4409.230661
4414.871687
4415.897328
4411.794764
4412.820405
4413.333225
4403.076815
4392.307585
4393.846046
4399.999892
4405.128097
4414.871687
4415.384507
4407.179379
4399.487072
4398.974251
4404.102456
4406.666559
4406.666559
4411.281943
4418.46143
4415.384507
4406.666559
4403.589636
4404.615277
4407.6922
4413.333225
4412.307584
4405.640918
4404.102456
4411.281943
4419.487071
4422.563994
4422.563994
4421.538353
4421.025533
4426.153738
4430.769122
4425.640917
4421.538353
4429.743481
4436.922968
4430.256302
4422.051174
4421.538353
4419.999892
4407.6922
4399.999892
4403.589636
4409.743482
4414.358866
4411.281943
4406.153738
4406.153738
4404.615277
4396.410149
4389.743482
4388.717841
4385.640918
4382.563995
4387.17938
4395.384508
4401.538354
4399.999892
4396.410149
4397.94861
4406.666559
4411.281943
4412.307584
4414.871687
4414.871687
4417.94861
4422.563994
4423.589635
4424.615276
4423.589635
4418.46143
4418.46143
4422.563994
4421.025533
4418.974251
4424.102456
4426.153738
4423.076815
4420.512712
4416.410148
4410.256302
4410.769123
4412.820405
4400.512713
4394.871687
4406.666559
4406.153738
4389.230662
4388.717841
4393.846046
4390.256303
4388.717841
4390.256303
4386.153739
4377.43579
4365.640919
4357.435791
4358.974252
4363.076816
4366.66656
4367.17938
4365.128098
4371.794765
4393.333226
4406.666559
4400.512713
4395.384508
4399.999892
4400.512713
4397.43579
4397.43579
4400.512713
4407.6922
4415.384507
4418.974251
4419.487071
4420.512712
4419.999892
4420.512712
4425.640917
4433.846045
4435.384507
4435.897327
4440.512712
4444.615276
4447.179378
4448.205019
4438.97425
4429.230661
4428.20502
4426.666558
4423.076815
4421.025533
4418.974251
4414.358866
4411.794764
4408.717841
4408.20502
4408.717841
4407.179379
4404.102456
4402.563995
4406.666559
4409.743482
4407.179379
4409.230661
4416.410148
4415.384507
4412.307584
4415.384507
4418.974251
4421.538353
4429.743481
4433.846045
4421.538353
4406.666559
4408.20502
4410.769123
4400.512713
4396.410149
4404.102456
4406.153738
4403.589636
4409.230661
4418.974251
4425.640917
4428.71784
4433.333225
4436.410148
4433.333225
4431.281943
4434.871686
4441.025532
4446.153737
4448.205019
4445.640917
4441.025532
4436.922968
4430.256302
4427.179379
4426.666558
4423.076815
4422.051174
4423.589635
4424.615276
4425.640917
4429.743481
4430.256302
4431.794763
4434.871686
4425.640917
4405.640918
4401.538354
4411.281943
4400.512713
4391.794764
4419.487071
4442.563994
4431.281943
4423.076815
4426.153738
4416.922969
4393.846046
4375.384508
4373.333226
4385.128098
4391.281944
4391.794764
4401.538354
4410.769123
4410.256302
4408.717841
4416.922969
4426.153738
4423.076815
4413.846046
4411.794764
4417.94861
4425.640917
4428.71784
4429.230661
4429.230661
4431.794763
4430.256302
4425.640917
4425.128097
4424.615276
4417.94861
4411.794764
4413.333225
4408.717841
4404.102456
4408.717841
4414.871687
4412.820405
4413.333225
4419.999892
4416.410148
4401.025533
4388.205021
4388.205021
4387.6922
4378.461431
4382.051175
4407.6922
4423.589635
4416.922969
4411.281943
4412.307584
4409.230661
4407.179379
4407.6922
4399.487072
4390.769123
4398.461431
4415.897328
4424.102456
4424.615276
4429.230661
4435.897327
4433.333225
4425.640917
4422.051174
4421.538353
4427.179379
4437.948609
4433.333225
4420.512712
4418.974251
4419.999892
4411.794764
4401.025533
4399.487072
4408.717841
4409.230661
4393.333226
4383.076816
4384.102457
4389.743482
4393.846046
4394.871687
4395.897328
4400.512713
4399.999892
4392.820405
4392.820405
4399.487072
4404.102456
4402.563995
4395.897328
4389.743482
4392.307585
4399.999892
4404.615277
4406.153738
4403.589636
4397.94861
4394.871687
4390.769123
4388.205021
4387.6922
4394.358867
4412.820405
4428.71784
4432.820404
4440.512712
4449.743481
4448.71784
4444.102455
4442.563994
4444.615276
4448.205019
4447.179378
4441.025532
4440.512712
4448.205019
4450.256301
4441.025532
4436.410148
4442.051173
4446.666558
4447.692199
4445.128096
4438.46143
4436.922968
4445.640917
4446.153737
4434.358866
4424.102456
4426.153738
4430.256302
4429.743481
4428.71784
4427.692199
4427.179379
4423.589635
4419.999892
4425.640917
4428.20502
4416.410148
4409.743482
4415.384507
4414.871687
4410.256302
4416.410148
4423.076815
4419.487071
4414.358866
4413.333225
4415.384507
4425.128097
4432.307584
4428.71784
4435.897327
4453.333224
4457.435788
4455.384506
4461.538352
4463.076814
4458.461429
4454.358865
4447.692199
4435.897327
4433.846045
4444.102455
4450.769122
4447.692199
4442.563994
4441.538353
4443.076814
4442.051173
4442.051173
4446.666558
4445.128096
4434.358866
4426.666558
4428.71784
4430.256302
4428.20502
4418.974251
4411.281943
4414.358866
4422.563994
4424.615276
4425.128097
4428.20502
4424.615276
4422.051174
4419.999892
4417.435789
4417.435789
4415.897328
4415.897328
4427.179379
4434.871686
4429.743481
4424.615276
4425.128097
4430.256302
4441.025532
4441.025532
4434.358866
4435.384507
4438.46143
4440.512712
4447.179378
4452.307583
4453.333224
4459.999891
4459.48707
4444.615276
4437.948609
4448.205019
4452.820404
4445.640917
4439.487071
4437.435789
4436.410148
4434.871686
4430.256302
4426.666558
4426.666558
4424.615276
4418.974251
4415.897328
4415.897328
4415.384507
4415.384507
4409.743482
4399.487072
4394.871687
4392.820405
4392.307585
4401.538354
4414.358866
4417.94861
4419.999892
4419.487071
4416.410148
4422.563994
4431.281943
4423.076815
4414.358866
4422.051174
4430.256302
4419.487071
4401.025533
4397.43579
4410.769123
4424.615276
4439.487071
4449.23066
4448.71784
4453.333224
4459.48707
4451.281942
4443.076814
4447.179378
4444.615276
4441.538353
4443.076814
4438.46143
4433.846045
4435.384507
4432.820404
4430.769122
4432.307584
4431.794763
4431.794763
4426.153738
4413.846046
4410.769123
4415.384507
4412.307584
4406.666559
4409.230661
4415.897328
4409.743482
4404.102456
4413.333225
4410.769123
4391.794764
4389.230662
4401.538354
4403.076815
4402.051174
4404.615277
4401.538354
4396.922969
4396.922969
4399.999892
4401.538354
4403.076815
4404.102456
4405.128097
4404.615277
4402.051174
4401.538354
4414.358866
4436.922968
4445.640917
4443.589635
4452.820404
4459.999891
4458.461429
4461.025532
4466.666557
4460.512711
4455.897327
4451.794763
4443.589635
4437.948609
4440.512712
4444.102455
4438.46143
4428.71784
4427.179379
4428.71784
4422.563994
4413.846046
4405.128097
4392.820405
4384.102457
4386.153739
4389.230662
4386.153739
4383.076816
4382.563995
4382.051175
4385.128098
4385.640918
4385.128098
4392.307585
4403.076815
4413.333225
4421.538353
4422.563994
4422.563994
4428.20502
4425.640917
4411.281943
4399.487072
4390.256303
4386.153739
4395.384508
4408.717841
4416.922969
4426.666558
4436.410148
4440.512712
4440.512712
4440.512712
4441.025532
4448.205019
4454.871686
4453.333224
4450.256301
4447.179378
4442.563994
4442.051173
4439.999891
4434.358866
4434.358866
4443.589635
4448.71784
4443.076814
4434.358866
4427.692199
4424.615276
4424.102456
4423.076815
4419.487071
4418.46143
4423.076815
4428.71784
4434.358866
4435.384507
4427.692199
4422.563994
4426.666558
4428.71784
4427.692199
4434.871686
4442.051173
4440.512712
4443.076814
4451.794763
4463.589634
4469.74348
4465.128096
4451.281942
4432.307584
4417.435789
4412.307584
4411.281943
4413.846046
4421.025533
4426.153738
4430.769122
4442.563994
4445.128096
4437.948609
4438.97425
4446.153737
4447.179378
4439.999891
4438.46143
4447.179378
4455.897327
4451.794763
4449.23066
4455.897327
4458.461429
4453.846045
4449.23066
4446.153737
4445.128096
4442.563994
4434.358866
4432.307584
4435.897327
4434.358866
4428.20502
4425.640917
4432.307584
4438.97425
4433.333225
4426.153738
4429.230661
4425.128097
4414.871687
4417.94861
4430.256302
4434.358866
4428.20502
4427.692199
4442.563994
4458.461429
4463.076814
4463.076814
4461.025532
4444.615276
4425.640917
4417.94861
4413.333225
4412.820405
4421.538353
4429.743481
4430.769122
4431.794763
4430.769122
4429.230661
4436.922968
4445.128096
4444.615276
4442.563994
4441.025532
4433.846045
4423.589635
4419.487071
4422.563994
4425.128097
4425.128097
4423.076815
4421.025533
4421.538353
4426.153738
4422.563994
4413.846046
4413.846046
4418.974251
4416.922969
4411.281943
4411.281943
4413.333225
4413.846046
4421.025533
4434.871686
4438.97425
4434.358866
4430.256302
4417.94861
4401.538354
4393.333226
4388.205021
4388.205021
4393.846046
4399.487072
4407.6922
4415.897328
4412.820405
4409.230661
4413.333225
4418.46143
4424.102456
4422.051174
4416.410148
4417.435789
4417.435789
4411.281943
4410.256302
4409.743482
4406.666559
4408.717841
4414.871687
4416.410148
4418.974251
4416.922969
4404.615277
4397.43579
4406.153738
4415.897328
4419.487071
4429.743481
4438.46143
4436.922968
4428.20502
4419.999892
4417.435789
4416.922969
4409.230661
4405.640918
4408.717841
4411.794764
4412.307584
4412.307584
4412.820405
4407.179379
4402.563995
4411.281943
4421.025533
4408.717841
4385.640918
4377.948611
4386.153739
4391.794764
4392.307585
4397.43579
4405.640918
4409.230661
4412.307584
4412.820405
4408.20502
4408.717841
4407.6922
4402.051174
4406.153738
4421.538353
4430.256302
4427.179379
4420.512712
4418.46143
4418.46143
4416.922969
4412.820405
4407.179379
4399.999892
4399.999892
4408.717841
4413.846046
4415.897328
4414.871687
4414.871687
4416.922969
4418.974251
4423.076815
4429.230661
4427.692199
4427.692199
4431.281943
4426.666558
4420.512712
4426.153738
4433.333225
4437.948609
4441.025532
4434.358866
4422.563994
4417.94861
4413.846046
4399.999892
4387.6922
4385.640918
4388.205021
4394.871687
4405.640918
4406.666559
4398.461431
4395.897328
4396.922969
4398.461431
4406.153738
4417.435789
4415.897328
4407.179379
4399.999892
4393.333226
4388.717841
4388.205021
4387.6922
4391.281944
4399.487072
4406.153738
4412.307584
4417.94861
4414.358866
4406.666559
4398.461431
4391.794764
4392.820405
4395.384508
4392.307585
4391.281944
4398.461431
4407.179379
4418.974251
4428.71784
4430.256302
4426.666558
4419.999892
4417.94861
4429.743481
4445.128096
4442.051173
4428.20502
4421.538353
4419.487071
4411.794764
4399.999892
4389.743482
4384.615277
4386.666559
4393.846046
4398.461431
4396.410149
4393.333226
4394.358867
4398.974251
4400.512713
4401.025533
4405.128097
4406.666559
4401.538354
4396.922969
4394.871687
4397.94861
4403.589636
4408.717841
4415.897328
4423.076815
4420.512712
4413.846046
4409.230661
4407.179379
4404.615277
4397.43579
4385.128098
4375.384508
4373.333226
4374.871688
4379.487072
4388.205021
4401.538354
4414.871687
4426.666558
4439.487071
4448.71784
4448.205019
4445.128096
4450.769122
4456.922968
4446.666558
4426.153738
4412.307584
4410.256302
4411.281943
4405.640918
4401.538354
4403.589636
4406.666559
4408.20502
4414.871687
4421.538353
4422.563994
4418.46143
4412.820405
4410.769123
4408.20502
4403.076815
4396.922969
4399.487072
4409.230661
4407.6922
4393.333226
4389.230662
4394.358867
4392.307585
4385.128098
4386.666559
4389.743482
4388.205021
4384.615277
4380.512713
4378.461431
4382.563995
4389.230662
4387.6922
4391.794764
4405.640918
4410.256302
4403.589636
4403.076815
4413.846046
4426.153738
4433.333225
4438.97425
4444.615276
4447.179378
4442.563994
4433.846045
4428.20502
4425.640917
4423.589635
4417.94861
4414.871687
4414.358866
4413.333225
4406.153738
4402.051174
4409.230661
4420.512712
4423.076815
4423.589635
4427.692199
4431.281943
4428.71784
4421.538353
4414.358866
4408.20502
4406.666559
4409.230661
4410.769123
4412.307584
4413.846046
4409.230661
4406.666559
4411.281943
4414.871687
4411.794764
4405.128097
4399.999892
4397.94861
4401.538354
4403.589636
4402.051174
4399.999892
4401.025533
4406.153738
4412.820405
4415.384507
4413.846046
4409.743482
4401.025533
4391.794764
4389.743482
4382.563995
4370.256303
4369.743483
4379.999893
4390.769123
4397.94861
4397.94861
4394.871687
4394.358867
4392.820405
4401.538354
4414.358866
4412.820405
4409.230661
4421.025533
4433.333225
4442.563994
4449.23066
4441.538353
4431.794763
4431.794763
4432.307584
4429.743481
4425.640917
4423.076815
4427.692199
4427.692199
4423.589635
4425.128097
4424.615276
4422.051174
4421.538353
4418.46143
4415.897328
4416.410148
4411.794764
4409.230661
4408.717841
4405.640918
4403.589636
4404.102456
4404.615277
4412.307584
4418.46143
4406.666559
4383.076816
4370.256303
4371.281944
4376.410149
4381.025534
4386.153739
4393.846046
4402.051174
4408.20502
4423.076815
4442.051173
4448.205019
4448.205019
4450.256301
4445.640917
4434.871686
4438.46143
4448.71784
4440.512712
4424.102456
4429.743481
4444.615276
4439.999891
4428.20502
4429.230661
4433.846045
4427.179379
4414.871687
4406.666559
4401.025533
4398.461431
4403.589636
4413.333225
4421.025533
4418.46143
4412.307584
4411.794764
4415.384507
4414.358866
4410.769123
4415.897328
4424.615276
4424.615276
4419.487071
4418.974251
4413.846046
4397.43579
4388.717841
4399.487072
4409.743482
4407.179379
4404.615277
4410.256302
4415.897328
4423.589635
4431.281943
4431.281943
4434.358866
4443.076814
4445.640917
4442.563994
4441.538353
4439.999891
4438.97425
4438.46143
4437.948609
4435.384507
4432.820404
4431.794763
4431.281943
4432.307584
4432.307584
4430.256302
4425.128097
4419.999892
4414.358866
4411.281943
4415.384507
4419.487071
4413.846046
4410.769123
4418.46143
4421.025533
4415.384507
4412.307584
4410.769123
4411.281943
4415.384507
4417.94861
4416.922969
4410.256302
4400.512713
4398.461431
4404.102456
4404.615277
4402.563995
4398.461431
4395.897328
4396.922969
4402.563995
4412.307584
4426.153738
4435.897327
4443.076814
4449.743481
4449.23066
4441.538353
4431.281943
4426.666558
4427.179379
4426.153738
4421.025533
4416.922969
4415.897328
4421.538353
4427.692199
4430.256302
4431.281943
4427.179379
4418.46143
4413.846046
4416.922969
4417.435789
4414.871687
4412.307584
4415.384507
4418.46143
4418.46143
4419.487071
4419.999892
4414.358866
4410.769123
4417.94861
4425.128097
4427.692199
4430.769122
4433.846045
4430.256302
4421.025533
4407.6922
4398.461431
4392.820405
4384.102457
4372.820406
4368.717842
4370.769124
4370.769124
4371.281944
4377.948611
4389.743482
4399.487072
4400.512713
4394.871687
4397.43579
4406.666559
4406.666559
4403.589636
4408.20502
4410.769123
4409.230661
4405.640918
4402.563995
4399.487072
4402.051174
4410.769123
4411.794764
4407.179379
4407.179379
4405.128097
4399.999892
4401.025533
4401.538354
4407.179379
4425.128097
4432.820404
4420.512712
4414.358866
4421.538353
4426.153738
4425.640917
4435.897327
4444.615276
4437.435789
4432.307584
4429.743481
4412.820405
4398.974251
4397.94861
4392.820405
4393.846046
4405.128097
4409.743482
4411.794764
4415.897328
4415.384507
4416.410148
4421.538353
4421.538353
4418.974251
4423.076815
4421.538353
4413.333225
4411.794764
4406.666559
4395.897328
4393.333226
4392.307585
4385.128098
4391.794764
4406.666559
4411.281943
4409.230661
4405.128097
4398.974251
4395.897328
4389.743482
4379.487072
4375.897329
4379.487072
4381.538354
4374.871688
4368.205021
4363.589637
4361.025534
4369.743483
4389.743482
4409.230661
4420.512712
4424.615276
4426.153738
4436.922968
4449.743481
4452.820404
4452.820404
4452.820404
4447.179378
4440.512712
4439.487071
4444.615276
4447.692199
4446.666558
4449.23066
4459.48707
4463.589634
4459.999891
4459.48707
4456.922968
4452.307583
4451.794763
4444.102455
4427.179379
4424.615276
4437.948609
4446.153737
4446.666558
4448.205019
4443.589635
4429.743481
4417.94861
4417.94861
4425.128097
4424.102456
4418.46143
4424.102456
4432.820404
4431.281943
4431.794763
4436.410148
4434.358866
4420.512712
4402.563995
4392.820405
4389.743482
4384.615277
4384.615277
4385.128098
4387.17938
4399.487072
4412.820405
4417.94861
4422.051174
4425.640917
4426.153738
4427.692199
4428.20502
4428.71784
4429.743481
4429.230661
4433.333225
4444.615276
4456.410147
4456.922968
4446.666558
4441.538353
4447.179378
4447.692199
4435.897327
4426.666558
4427.179379
4428.71784
4431.794763
4437.435789
4445.640917
4446.153737
4438.46143
4432.820404
4429.743481
4422.563994
4416.922969
4412.820405
4408.20502
4410.769123
4416.922969
4419.999892
4420.512712
4418.46143
4413.333225
4411.794764
4409.230661
4406.666559
4414.871687
4425.640917
4430.256302
4438.46143
4447.692199
4447.179378
4443.076814
4441.025532
4436.922968
4431.794763
4430.256302
4431.794763
4430.769122
4427.179379
4428.71784
4427.179379
4417.435789
4414.871687
4425.640917
4426.153738
4416.922969
4416.410148
4422.051174
4422.563994
4417.435789
4412.307584
4406.666559
4403.589636
4405.128097
4403.076815
4392.820405
4385.640918
4386.666559
4388.717841
4387.17938
4389.743482
4399.999892
4413.846046
4416.410148
4415.384507
4424.102456
4426.153738
4416.410148
4414.871687
4414.871687
4404.615277
4403.589636
4414.358866
4417.435789
4417.94861
4426.153738
4430.769122
4429.743481
4435.384507
4443.589635
4439.999891
4432.307584
4428.71784
4421.538353
4416.922969
4423.589635
4431.794763
4426.153738
4413.333225
4403.076815
4399.487072
4398.461431
4398.461431
4397.94861
4396.410149
4394.871687
4396.922969
4401.025533
4398.461431
4397.43579
4402.051174
4406.666559
4409.230661
4414.358866
4421.025533
4426.666558
4426.666558
4423.076815
4421.025533
4417.435789
4412.307584
4410.769123
4409.230661
4408.717841
4413.846046
4424.615276
4430.769122
4430.256302
4433.333225
4436.922968
4434.358866
4432.307584
4432.307584
4424.102456
4415.897328
4420.512712
4423.076815
4411.281943
4408.717841
4414.871687
4413.846046
4411.794764
4410.256302
4405.640918
4399.999892
4398.974251
4399.487072
4400.512713
4397.94861
4390.256303
4387.17938
4393.846046
4401.538354
4407.179379
4416.410148
4425.640917
4426.153738
4419.999892
4411.281943
4409.230661
4413.846046
4416.922969
4424.615276
4430.256302
4426.153738
4427.692199
4440.512712
4444.102455
4437.948609
4434.871686
4435.897327
4433.846045
4428.71784
4427.179379
4429.230661
4434.871686
4437.948609
4430.256302
4419.487071
4417.435789
4419.999892
4419.999892
4419.487071
4419.487071
4417.94861
4414.358866
4411.281943
4410.769123
4410.769123
4411.281943
4416.922969
4428.71784
4440.512712
4446.666558
4447.692199
4445.128096
4437.948609
4423.076815
4406.666559
4392.307585
4387.17938
4391.281944
4396.410149
4398.461431
4403.589636
4410.256302
4414.871687
4422.051174
4427.179379
4427.692199
4428.20502
4427.179379
4423.076815
4420.512712
4416.922969
4412.820405
4408.20502
4399.999892
4391.794764
4390.769123
4395.384508
4399.999892
4405.128097
4404.615277
4402.051174
4404.615277
4407.6922
4403.589636
4397.94861
4395.897328
4389.230662
4382.563995
4391.281944
4418.46143
4443.589635
4455.384506
4457.435788
4447.692199
4432.820404
4425.128097
4415.897328
4403.589636
4403.076815
4414.358866
4419.999892
4422.051174
4429.230661
4432.820404
4428.20502
4428.20502
4432.307584
4430.769122
4425.640917
4427.692199
4432.307584
4424.102456
4410.769123
4407.6922
4410.769123
4407.6922
4401.538354
4394.871687
4385.128098
4377.948611
4376.92297
4381.025534
4388.205021
4396.922969
4410.256302
4424.102456
4426.666558
4423.076815
4417.435789
4406.666559
4393.333226
4388.205021
4389.743482
4394.871687
4404.102456
4407.6922
4409.230661
4413.846046
4414.358866
4417.94861
4426.153738
4424.102456
4413.333225
4417.435789
4429.230661
4426.666558
4415.897328
4410.256302
4405.128097
4396.922969
4397.43579
4400.512713
4397.43579
4394.358867
4386.153739
4367.17938
4366.66656
4398.461431
4418.46143
4414.871687
4415.897328
4423.076815
4425.128097
4418.46143
4400.512713
4385.128098
4379.999893
4377.43579
4380.512713
4390.769123
4392.820405
4396.922969
4412.820405
4419.999892
4414.358866
4413.846046
4425.128097
4432.820404
4427.692199
4413.333225
4407.179379
4408.717841
4398.974251
4384.615277
4389.743482
4404.615277
4404.615277
4394.358867
4386.666559
4386.153739
4391.281944
4397.43579
4398.461431
4398.974251
4407.6922
4419.999892
4422.563994
4418.46143
4405.640918
4390.256303
4389.743482
4394.871687
4390.256303
4388.205021
4391.794764
4399.999892
4413.333225
4417.94861
4410.769123
4409.230661
4411.281943
4413.846046
4423.589635
4425.128097
4419.999892
4418.46143
4415.384507
4411.281943
4415.897328
4415.897328
4403.076815
4400.512713
4405.640918
4401.025533
4394.358867
4394.358867
4395.897328
4398.974251
4396.410149
4388.205021
4381.538354
4381.025534
4381.025534
4374.358867
4365.128098
4368.205021
4382.563995
4399.487072
4412.307584
4412.820405
4411.281943
4413.333225
4403.076815
4390.256303
4391.281944
4392.820405
4399.999892
4414.871687
4422.563994
4422.051174
4418.46143
4410.769123
4409.743482
4414.871687
4414.358866
4410.769123
4413.846046
4417.94861
4415.384507
4407.179379
4401.025533
4403.589636
4404.102456
4393.846046
4384.102457
4388.205021
4390.256303
4377.43579
4370.769124
4370.769124
4361.538355
4351.281945
4349.230663
4347.179381
4349.230663
4362.051175
4378.461431
4385.128098
4387.17938
4390.256303
4393.846046
4397.43579
4400.512713
4396.410149
4396.922969
4410.256302
4418.974251
4414.358866
4411.794764
4412.307584
4410.769123
4421.025533
4432.307584
4426.666558
4416.410148
4417.435789
4416.922969
4411.281943
4406.666559
4404.102456
4397.43579
4387.17938
4388.205021
4396.922969
4390.769123
4377.948611
4379.487072
4380.512713
4373.846047
4376.410149
4386.666559
4388.717841
4394.358867
4399.999892
4395.897328
4399.487072
4412.307584
4409.230661
4402.563995
4414.871687
4426.666558
4425.128097
4426.153738
4426.153738
4417.435789
4412.307584
4413.846046
4419.487071
4426.153738
