4490.769121
4483.076813
4494.358864
4519.487069
4527.179376
4523.589633
4532.820402
4536.922966
4538.974248
4542.563991
4528.205017
4511.794761
4518.461428
4532.820402
4534.871684
4535.897325
4543.589632
4549.743478
4555.384504
4556.410145
4544.102453
4528.717838
4523.589633
4521.538351
4515.384505
4512.820402
4509.230659
4500.51271
4495.897326
4502.051172
4508.717838
4504.615274
4497.948608
4498.974249
4507.692197
4517.948607
4520.51271
4517.435787
4516.922966
4519.487069
4523.589633
4520.51271
4511.794761
4512.820402
4526.153735
4533.333222
4536.410145
4547.692196
4550.256299
4541.53835
4546.153735
4557.948606
4560.512709
4566.153734
4576.410145
4576.922965
4571.281939
4568.717837
4568.717837
4562.563991
4554.358863
4551.28194
4550.769119
4559.487068
4572.820401
4573.846042
4571.281939
4573.846042
4574.871683
4572.307581
4569.230657
4565.128093
4576.410145
4594.358862
4595.897324
4583.589632
4578.974247
4586.153734
4589.743478
4584.102452
4593.846042
4613.333221
4613.333221
4608.205016
4611.794759
4608.717836
4606.666554
4614.871682
4613.333221
4607.179375
4610.256298
4611.281939
4604.102452
4596.410144
4598.461426
4606.666554
4605.128093
4599.999888
4604.102452
4612.8204
4613.846041
4608.717836
4601.025529
4595.384503
4599.999888
4610.769118
4619.999887
4621.025528
4614.358862
4611.281939
4619.999887
4624.615272
4621.025528
4618.974246
4609.230657
4602.05117
4613.333221
4616.410144
4599.999888
4590.769119
4594.358862
4597.948606
4596.922965
4598.974247
4606.666554
4607.692195
4598.461426
4598.974247
4605.640913
4603.589631
4599.999888
4603.589631
4602.56399
4593.333221
4593.846042
4604.102452
4604.102452
4597.948606
4602.56399
4611.794759
4608.717836
4598.461426
4599.487067
4602.05117
4594.871683
4590.256298
4594.358862
4591.281939
4581.025529
4580.512709
4590.769119
4594.871683
4586.153734
4580.512709
4583.076811
4591.281939
4603.589631
4598.974247
4582.563991
4590.769119
4599.487067
4583.589632
4579.487068
4595.384503
4598.461426
4590.256298
4590.769119
4585.640914
4568.717837
4567.179375
4588.717837
4593.846042
4574.871683
4565.128093
4575.384504
4584.102452
4578.974247
4572.307581
4579.487068
4585.640914
4580.512709
4582.563991
4595.384503
4601.538349
4598.974247
4597.948606
4599.999888
4593.846042
4583.076811
4593.846042
4613.846041
4607.179375
4588.205016
4591.79476
4602.05117
4599.999888
4602.05117
4609.743477
4607.692195
4601.538349
4602.05117
4603.076811
4595.897324
4584.102452
4583.076811
4588.205016
4586.666555
4579.999888
4579.999888
4580.512709
4581.53835
4588.205016
4595.384503
4601.538349
4605.640913
4612.8204
4615.384503
4605.128093
4599.999888
4604.102452
4595.384503
4588.205016
4598.974247
4593.333221
4579.999888
4595.384503
4602.56399
4588.717837
4590.769119
4601.025529
4598.461426
4597.948606
4599.487067
4592.30758
4585.640914
4581.53835
4583.589632
4585.640914
4579.487068
4570.256298
4571.281939
4580.512709
4583.589632
4583.076811
4589.230657
4588.717837
4581.025529
4583.076811
4583.076811
4573.333222
4567.179375
4573.846042
4580.512709
4569.743478
4553.846042
4550.769119
4554.358863
4554.358863
4552.307581
4546.153735
4538.461427
4543.589632
4543.076812
4528.205017
4523.076812
4530.256299
4533.333222
4527.179376
4524.102453
4531.28194
4541.02553
4529.230658
4506.666556
4510.2563
4519.487069
4510.76912
4505.128095
4503.589633
4494.358864
4487.692198
4492.307582
4503.589633
4510.2563
4501.025531
4491.281941
4493.846044
4491.794762
4483.589634
4478.974249
4474.871685
4478.974249
4489.74348
4488.717839
4489.74348
4498.974249
4492.820403
4482.563993
4478.974249
4467.179378
4466.666557
4487.692198
4491.794762
4483.589634
4489.230659
4495.384505
4486.666557
4475.384506
4469.23066
4470.769121
4473.333224
4477.948608
4491.281941
4504.102454
4506.153736
4503.589633
4502.563992
4501.025531
4504.102454
4502.051172
4489.230659
4483.589634
4487.692198
4481.025531
4469.74348
4471.794762
4476.410147
4471.794762
4472.820403
4475.897326
4466.666557
4467.692198
4477.948608
4474.871685
4467.692198
4475.897326
4489.230659
4486.153736
4470.769121
4467.692198
4475.897326
4478.974249
4471.794762
4460.512711
4453.333224
4461.538352
4471.281942
4471.281942
4475.384506
4479.48707
4481.538352
4488.205018
4489.230659
4480.512711
4480.512711
4490.769121
4496.410146
4503.589633
4515.897325
4513.333223
4506.666556
4515.384505
4515.384505
4495.384505
4487.692198
4503.076813
4513.846043
4523.589633
4528.205017
4512.820402
4496.410146
4500.51271
4508.205018
4507.692197
4505.640915
4507.179377
4508.205018
4510.76912
4517.435787
4530.76912
4538.974248
4531.28194
4521.02553
4521.02553
4527.692197
4525.128094
4520.51271
4532.307581
4540.512709
4537.948607
4543.589632
4546.666555
4542.051171
4551.28194
4559.999888
4551.28194
4547.692196
4554.871683
4557.948606
4555.897324
4551.28194
4555.384504
4563.589632
4563.076811
4559.487068
4557.948606
4553.846042
4550.256299
4547.692196
4544.615273
4544.102453
4540.512709
4544.102453
4565.128093
4569.230657
4545.640914
4536.410145
4549.230658
4550.256299
4538.461427
4534.358863
4538.461427
4546.666555
4554.871683
4558.461427
4564.615273
4567.179375
4554.358863
4539.999889
4543.589632
4549.230658
4548.205017
4552.820401
4556.922965
4549.230658
4552.820401
4564.615273
4552.820401
4534.871684
4547.179376
4560.512709
4547.179376
4539.999889
4549.743478
4557.948606
4558.974247
4558.461427
4554.358863
4547.179376
4543.076812
4552.307581
4559.999888
4548.717837
4538.461427
4557.435786
4574.871683
4563.076811
4552.307581
4562.05117
4571.281939
4566.666555
4554.871683
4554.871683
4567.179375
4554.871683
4529.230658
4529.230658
4538.974248
4534.358863
4536.410145
4551.79476
4559.999888
4560.512709
4551.28194
4535.897325
4529.230658
4532.307581
4535.897325
4538.974248
4540.512709
4543.076812
4547.179376
4544.615273
4534.358863
4531.794761
4536.922966
4541.53835
4541.02553
4536.922966
4534.871684
4539.999889
4541.53835
4536.410145
4537.948607
4542.563991
4544.102453
4546.153735
4547.692196
4543.589632
4540.512709
4541.53835
4541.53835
4538.461427
4541.02553
4552.820401
4558.974247
4545.128094
4530.256299
4534.871684
4538.461427
4535.897325
4538.974248
4543.076812
4545.128094
4550.256299
4548.205017
4537.435786
4534.358863
4537.435786
4528.205017
4521.538351
4530.256299
4537.948607
4545.640914
4561.53835
4567.692196
4558.974247
4567.692196
4580.512709
4561.53835
4538.461427
4546.666555
4559.487068
4553.333222
4546.666555
4552.820401
4557.948606
4548.717837
4535.897325
4539.999889
4551.28194
4551.28194
4556.922965
4566.153734
4562.05117
4557.435786
4569.743478
4579.487068
4564.615273
4547.692196
4549.230658
4549.230658
4543.076812
4549.230658
4557.435786
4553.333222
4550.256299
4553.333222
4557.948606
4556.410145
4553.333222
4557.435786
4558.974247
4556.410145
4553.846042
4546.153735
4544.615273
4555.897324
4554.871683
4545.640914
4552.307581
4559.999888
4558.974247
4559.999888
4566.666555
4570.256298
4573.846042
4579.999888
4586.666555
4579.999888
4562.563991
4552.820401
4547.179376
4539.487068
4533.333222
4524.102453
4517.435787
4525.640915
4525.640915
4513.333223
4514.358864
4517.948607
4514.358864
4522.051171
4523.589633
4497.948608
4473.333224
4469.74348
4471.794762
4473.846044
4476.922967
4479.48707
4483.076813
4484.102454
4480.512711
4476.922967
4475.384506
4474.871685
4479.48707
4485.640916
4488.205018
4492.820403
4496.410146
4491.794762
4482.051172
4472.820403
4470.769121
4479.99989
4487.692198
4479.48707
4477.435788
4492.820403
4489.230659
4464.102455
4458.461429
4464.615275
4454.358865
4445.640917
4446.153737
4442.051173
4444.615276
4456.922968
4454.358865
4443.589635
4446.153737
4452.307583
4442.563994
4429.230661
4425.128097
4423.076815
4419.999892
4413.333225
4406.666559
4408.20502
4414.871687
4410.256302
4402.051174
4410.256302
4420.512712
4412.820405
4403.589636
4405.128097
4406.666559
4408.717841
4413.846046
4418.46143
4422.051174
4420.512712
4410.256302
4402.563995
4402.563995
4405.640918
4403.589636
4397.94861
4399.999892
4406.153738
4406.153738
4403.076815
4411.794764
4425.640917
4418.974251
4398.974251
4399.487072
4405.128097
4390.769123
4383.589636
4398.461431
4404.102456
4399.999892
4404.615277
4412.307584
4405.640918
4391.794764
4388.717841
4389.743482
4388.205021
4387.6922
4392.307585
4397.94861
4396.922969
4392.307585
4397.94861
4401.025533
4392.307585
4391.794764
4403.589636
4408.717841
4405.128097
4403.076815
4405.128097
4405.640918
4405.128097
4410.256302
4415.897328
4413.846046
4408.20502
4407.6922
4410.256302
4416.922969
4420.512712
4426.666558
4432.307584
4426.153738
4413.846046
4413.333225
4419.487071
4416.922969
4411.281943
4416.922969
4429.743481
4434.358866
4429.743481
4425.640917
4428.20502
4427.179379
4417.94861
4408.717841
4413.846046
4419.999892
4408.717841
4400.512713
4409.230661
4417.435789
4425.640917
4440.512712
4439.999891
4428.71784
4437.948609
4450.769122
4444.615276
4439.999891
4450.256301
4454.871686
4449.743481
4451.281942
4452.820404
4450.769122
4451.281942
4442.563994
4430.769122
4438.46143
4450.769122
4448.205019
4445.640917
4447.692199
4444.102455
4435.384507
4434.358866
4436.410148
4433.333225
4431.281943
4438.97425
4440.512712
4434.358866
4442.563994
4457.948609
4456.922968
4449.743481
4445.640917
4439.487071
4437.435789
4441.538353
4443.076814
4442.563994
4447.179378
4446.666558
4444.615276
4446.153737
4436.410148
4425.640917
4429.743481
4435.897327
4432.307584
4437.435789
4445.128096
4438.46143
4430.256302
4431.794763
4432.307584
4423.076815
4414.871687
4420.512712
4426.153738
4417.94861
4403.589636
4401.025533
4399.487072
4395.897328
4401.538354
4406.153738
4401.538354
4398.974251
4408.717841
4414.358866
4407.6922
4398.974251
4400.512713
4407.6922
4410.769123
4411.794764
4409.743482
4393.846046
4377.948611
4378.461431
4378.974252
4369.230662
4369.230662
4376.410149
4375.384508
4376.410149
4378.461431
4375.384508
4374.358867
4371.281944
4366.66656
4372.820406
4374.871688
4364.615278
4358.461432
4360.512714
4360.512714
4356.41015
4354.358868
4356.41015
4355.384509
4341.538355
4332.820407
4340.512714
4348.717842
4347.692201
4350.769124
4358.974252
4359.487073
4354.871688
4354.358868
4359.487073
4360.512714
4359.487073
4362.051175
4360.512714
4353.846047
4356.41015
4367.692201
4371.281944
4369.230662
4376.92297
4389.743482
4394.871687
4397.94861
4409.743482
4423.076815
4425.128097
4430.256302
4444.102455
4452.307583
4454.358865
4455.384506
4458.461429
4466.666557
4473.333224
4475.897326
4481.538352
4487.179377
4477.435788
4468.717839
4481.025531
4497.948608
4501.538351
4499.487069
4500.51271
4507.692197
4518.461428
4521.02553
4524.615274
4532.307581
4532.820402
4529.743479
4528.717838
4530.76912
4545.128094
4560.512709
4565.128093
4574.358863
4588.717837
4595.384503
4598.461426
4593.846042
4574.358863
4546.666555
4512.307582
4477.948608
4452.307583
4436.922968
4421.538353
4407.6922
4404.615277
4402.051174
4384.615277
4363.076816
4342.563996
4305.64092
4268.205024
4278.461434
4328.717843
4358.461432
4367.692201
4391.281944
4410.769123
4405.128097
4404.615277
4415.897328
4423.076815
4426.666558
4430.256302
4436.922968
4448.205019
4453.333224
4457.435788
4464.102455
4460.512711
4449.743481
4437.435789
4427.692199
4437.948609
4465.128096
4481.025531
4490.769121
4508.205018
4524.615274
4531.794761
4536.410145
4538.974248
4536.410145
4516.410146
4475.897326
4437.948609
4412.820405
4385.640918
4362.563996
4368.717842
4382.563995
4383.589636
4380.512713
4379.999893
4387.6922
4411.281943
4421.538353
4393.333226
4351.794765
4317.435792
4297.435792
4295.38451
4300.512715
4301.025536
4308.205023
4335.384509
4350.769124
4351.794765
4404.615277
4493.333223
4543.076812
4562.563991
4577.948606
4552.820401
4548.205017
4644.615271
4755.89732
4803.589626
4843.589625
4926.153726
5005.128083
5047.179364
5082.051158
5133.333208
5183.589617
5215.897308
5245.640897
5276.922948
5292.307563
5298.461409
5299.99987
5297.435768
5291.281922
5282.563973
5274.358845
5254.358846
5225.128077
5205.128078
5191.281924
5168.717822
5155.89731
5159.487053
5158.974233
5155.384489
5153.333207
5142.051156
5138.974233
5141.538336
5121.025516
5096.922952
5093.846029
5084.61526
5068.205004
5062.563979
5056.410133
5051.794748
5052.820389
5047.179364
5037.435774
5030.769108
5007.179365
4972.820391
4945.128084
4923.589623
4902.563983
4875.384496
4838.974241
4809.230652
4789.230652
4771.281935
4769.743473
4787.692191
4795.384498
4792.820396
4807.17937
4825.128087
4832.820395
4830.769113
4824.102446
4818.974241
4810.769113
4798.461421
4793.846037
4789.230652
4769.743473
4752.820397
4743.076807
4734.871679
4735.89732
4741.025525
4744.102448
4750.256294
4757.435781
4768.205012
4786.153729
4798.461421
4799.487062
4811.794754
4832.307574
4830.769113
4817.9486
4812.307575
4799.999883
4775.384499
4758.974243
4747.692192
4728.717833
4712.307577
4707.179372
4699.487065
4685.640911
4676.922963
4679.487065
4681.025527
4672.820399
4669.230655
4669.743476
4657.435784
4634.358861
4624.615272
4618.461426
4597.948606
4578.974247
4567.179375
4551.79476
4537.948607
4528.717838
4518.461428
4515.897325
4507.692197
4482.051172
4471.281942
4482.051172
4482.051172
4472.820403
4463.076814
4455.897327
4457.948609
4456.410147
4445.640917
4446.666558
4447.179378
4436.410148
4445.640917
4461.538352
4458.461429
4452.307583
4455.384506
4454.871686
4452.307583
4459.48707
4464.102455
4452.307583
4440.512712
4438.46143
4429.230661
4411.794764
4408.20502
4411.794764
4408.717841
4404.102456
4400.512713
4395.897328
4379.487072
4360.512714
4353.846047
4350.769124
4344.102458
4346.15374
4350.256304
4345.128099
4343.589637
4345.128099
4341.025535
4343.589637
4355.897329
4361.025534
4354.871688
4350.256304
4351.794765
4352.820406
4349.743483
4353.846047
4363.076816
4361.538355
4366.66656
4387.17938
4395.897328
4393.333226
4395.897328
4388.717841
4370.769124
4361.025534
4359.487073
4362.051175
4365.640919
4367.692201
4366.153739
4361.538355
4354.871688
4352.820406
4347.179381
4338.974253
4339.999894
4345.128099
4338.974253
4335.89733
4334.871689
4322.051176
4313.846048
4320.512715
4321.538356
4309.230664
4304.102459
4297.948613
4281.538357
4279.999895
4291.794767
4288.205023
4281.538357
4286.666562
4283.589639
4281.025536
4288.205023
4284.61528
4275.384511
4278.461434
4286.153741
4294.358869
4301.025536
4298.461433
4304.102459
4317.435792
4323.589638
4324.615279
4326.666561
4327.179381
4326.15374
4328.205022
4341.538355
4347.179381
4334.358868
4321.538356
4322.051176
4324.102458
4327.179381
4328.205022
4317.435792
4313.333228
4318.974253
4325.64092
4323.589638
4316.922971
4323.589638
4339.487073
4342.051176
4338.461432
4346.15374
4355.384509
4352.820406
4350.256304
4348.717842
4350.256304
4357.948611
4364.615278
4371.794765
4379.999893
4384.102457
4390.256303
4404.102456
4403.589636
4388.717841
4383.589636
4392.307585
4403.589636
4410.769123
4408.717841
4408.20502
4417.435789
4421.538353
4415.384507
4413.333225
4422.051174
4430.256302
4428.20502
4431.794763
4445.640917
4448.71784
4445.128096
4450.256301
4452.307583
4446.666558
4451.281942
4458.461429
4450.256301
4439.487071
4441.538353
4448.71784
4454.358865
4462.051173
4466.666557
4462.051173
4454.871686
4455.897327
4462.051173
4469.74348
4481.025531
4486.153736
4484.102454
4493.333223
4513.846043
4511.794761
4491.794762
4497.948608
4522.563992
4527.179376
4519.999889
4531.28194
4547.179376
4543.076812
4534.871684
4541.02553
4545.128094
4538.974248
4530.76912
4548.205017
4545.128094
4527.692197
4557.435786
4581.53835
4566.153734
4549.743478
4567.179375
4555.897324
4542.563991
4548.205017
4552.307581
4544.102453
4534.871684
4540.512709
4546.666555
4555.897324
4565.128093
4561.53835
4554.358863
4547.179376
4539.487068
4546.153735
4557.435786
4550.769119
4533.333222
4524.102453
4523.076812
4525.640915
4519.999889
4506.153736
4488.205018
4475.897326
4476.922967
4477.948608
4475.897326
4479.99989
4484.615275
4479.48707
4472.307583
4474.358865
4482.051172
4476.410147
4458.461429
4449.23066
4447.692199
4443.589635
4435.897327
4436.410148
4448.205019
4452.820404
4439.487071
4433.846045
4437.435789
4432.820404
4431.281943
4437.948609
4437.948609
4437.948609
4444.615276
4455.897327
4464.102455
4463.589634
4457.948609
4460.512711
4472.820403
4479.48707
4478.974249
4477.435788
4483.589634
4493.333223
4494.358864
4491.794762
4496.922967
4488.205018
4474.871685
4488.717839
4508.205018
4509.743479
4511.794761
4517.948607
4509.743479
4493.333223
4488.205018
4502.563992
4513.846043
4507.692197
4502.051172
4507.179377
4508.205018
4504.615274
4504.102454
4504.615274
4501.538351
4497.435787
4493.846044
4488.205018
4482.563993
4478.974249
4473.846044
4466.153737
4460.512711
4456.922968
4454.358865
4453.333224
4455.897327
4461.538352
4468.205019
4478.461429
4474.871685
4446.153737
4425.128097
4434.358866
4446.666558
4449.23066
4457.435788
4476.922967
4490.769121
4486.153736
4479.99989
4488.205018
4495.897326
4491.281941
4483.589634
4481.538352
4494.871685
4511.281941
4502.051172
4490.2563
4497.435787
4490.2563
4467.692198
4469.74348
4479.48707
4463.076814
4450.769122
4462.051173
4469.23066
4468.717839
4471.281942
4469.74348
4463.589634
4463.589634
4470.256301
4468.717839
4452.820404
4438.97425
4443.076814
4461.025532
4471.794762
4474.871685
4477.435788
4475.384506
4471.281942
4475.384506
4474.358865
4460.512711
4456.410147
4466.666557
4474.871685
4482.051172
4494.358864
4502.563992
4495.897326
4487.179377
4490.769121
4491.281941
4488.205018
4489.230659
4491.281941
4495.384505
4505.128095
4507.179377
4506.666556
4510.76912
4510.2563
4508.205018
4506.153736
4507.692197
4512.307582
4498.974249
4475.384506
4470.769121
4482.563993
4490.2563
4482.051172
4472.820403
4479.48707
4491.794762
4491.281941
4492.307582
4506.666556
4518.461428
4520.51271
4521.538351
4528.717838
4522.563992
4503.589633
4498.974249
4502.051172
4489.74348
4483.589634
4492.820403
4493.846044
4487.692198
4492.307582
4496.922967
4492.820403
4495.384505
4506.153736
4511.794761
4511.794761
4519.999889
4525.128094
4526.666556
4529.230658
4526.153735
4522.051171
4528.717838
4529.743479
4521.02553
4526.666556
4545.640914
4539.999889
4512.820402
4508.205018
4526.153735
4528.205017
4511.794761
4507.179377
4518.461428
4527.692197
4531.28194
4534.871684
4533.333222
4533.846043
4542.051171
4539.999889
4531.28194
4539.999889
4552.820401
4547.692196
4538.974248
4540.512709
4545.128094
4545.640914
4547.692196
4552.307581
4553.846042
4555.384504
4559.487068
4552.820401
4538.461427
4533.846043
4543.589632
4553.333222
4552.307581
4554.358863
4562.05117
4558.461427
4543.076812
4539.999889
4541.53835
4532.820402
4514.358864
4507.692197
4516.922966
4524.615274
4526.153735
4535.384504
4545.640914
4545.128094
4545.128094
4548.717837
4548.205017
4549.230658
4550.769119
4548.717837
4549.743478
4545.640914
4533.333222
4530.76912
4540.512709
4539.999889
4533.333222
4537.435786
4543.076812
4540.512709
4536.922966
4542.051171
4548.205017
4539.999889
4531.28194
4541.53835
4545.128094
4539.487068
4546.153735
4558.974247
4562.05117
4561.025529
4564.102452
4565.128093
4558.974247
4550.256299
4547.692196
4547.179376
4542.563991
4541.53835
4543.076812
4542.051171
4542.563991
4546.666555
4546.666555
4535.384504
4528.205017
4531.28194
4530.76912
4529.230658
4534.358863
4541.02553
4536.922966
4529.230658
4532.307581
4534.358863
4532.820402
4540.512709
4545.640914
4535.384504
4536.410145
4546.666555
4533.846043
4521.02553
4533.846043
4547.692196
4543.076812
4536.410145
4536.410145
4534.871684
4532.820402
4534.358863
4535.384504
4524.615274
4519.487069
4529.743479
4536.922966
4534.358863
4537.948607
4541.53835
4539.999889
4541.02553
4542.051171
4544.102453
4552.820401
4554.871683
4541.02553
4530.256299
4536.922966
4550.256299
4548.205017
4536.922966
4532.820402
4533.333222
4531.28194
4531.794761
4532.820402
4531.28194
4533.333222
4533.846043
4525.128094
4515.897325
4515.384505
4522.563992
4525.640915
4521.538351
4517.435787
4518.974248
4522.563992
4518.461428
4516.410146
4517.435787
4517.435787
4511.794761
4506.153736
4507.179377
4508.205018
4504.615274
4502.563992
4512.307582
4521.538351
4519.999889
4517.435787
4512.820402
4504.102454
4505.640915
4506.666556
4501.025531
4500.51271
4498.974249
4486.153736
4482.563993
4487.179377
4483.076813
4477.435788
4473.846044
4464.615275
4452.307583
4450.769122
4456.922968
4454.358865
4444.615276
4443.589635
4450.256301
4448.205019
4444.615276
4450.256301
4452.307583
4445.640917
4436.922968
4436.922968
4441.025532
4442.563994
4445.128096
4449.743481
4454.871686
4456.410147
4455.384506
4455.384506
4462.051173
4457.435788
4443.076814
4444.615276
4455.384506
4454.871686
4454.871686
4469.74348
4480.512711
4474.871685
4467.179378
4465.640916
4469.74348
4478.974249
4481.025531
4471.281942
4471.794762
4487.692198
4490.2563
4485.640916
4494.358864
4506.153736
4509.743479
4509.230659
4501.025531
4482.563993
4473.846044
4484.102454
4495.384505
4494.358864
4495.384505
4499.99989
4496.410146
4488.717839
4484.615275
4478.974249
4479.48707
4491.281941
4502.051172
4505.128095
4509.743479
4517.435787
4523.589633
4530.256299
4533.846043
4531.28194
4526.666556
4524.102453
4519.487069
4520.51271
4530.256299
4533.333222
4527.179376
4523.076812
4532.820402
4539.999889
4529.743479
4524.102453
4535.897325
4546.666555
4537.948607
4526.153735
4527.692197
4540.512709
4552.307581
4546.666555
4539.487068
4544.615273
4547.179376
4541.02553
4544.102453
4555.897324
4559.999888
4561.025529
4556.922965
4556.410145
4562.05117
4557.948606
4548.717837
4555.384504
4566.153734
4561.025529
4558.461427
4572.820401
4577.948606
4567.179375
4564.102452
4568.717837
4565.640914
4565.128093
4573.846042
4576.410145
4571.79476
4571.79476
4581.025529
4586.153734
4585.640914
4583.589632
4580.512709
4580.512709
4581.53835
4573.333222
4563.589632
4572.820401
4590.256298
4591.281939
4583.589632
4584.615273
4586.153734
4585.128093
4580.512709
4573.333222
4572.820401
4577.948606
4574.358863
4568.205016
4568.717837
4575.897324
4579.999888
4569.230657
4554.871683
4555.897324
4559.487068
4554.358863
4551.79476
4554.358863
4559.487068
4557.435786
4551.79476
4547.692196
4545.128094
4545.640914
4553.846042
4554.871683
4546.666555
4546.153735
4551.79476
4557.435786
4567.179375
4572.820401
4569.230657
4566.666555
4569.230657
4560.512709
4546.153735
4551.79476
4565.640914
4562.563991
4558.974247
4569.230657
4569.743478
4566.153734
4570.769119
4573.846042
4574.358863
4573.333222
4570.256298
4570.769119
4572.820401
4572.820401
4573.333222
4572.820401
4572.307581
4571.281939
4572.307581
4569.230657
4554.871683
4545.128094
4549.230658
4549.743478
4547.692196
4559.487068
4568.717837
4566.153734
4558.974247
4552.820401
4551.79476
4556.410145
4553.333222
4543.076812
4543.589632
4551.28194
4550.256299
4548.205017
4555.384504
4554.358863
4541.53835
4542.051171
4554.358863
4559.487068
4559.999888
4562.05117
4569.230657
4576.922965
4579.487068
4580.512709
4577.435786
4572.820401
4569.743478
4559.487068
4545.640914
4544.615273
4549.230658
4552.307581
4551.28194
4543.076812
4543.589632
4555.897324
4554.871683
4543.589632
4538.461427
4535.897325
4534.871684
4542.051171
4546.666555
4534.358863
4524.102453
4534.358863
4542.051171
4534.871684
4534.871684
4544.102453
4543.589632
4537.948607
4539.999889
4539.999889
4537.948607
4539.999889
4542.563991
4539.487068
4531.794761
4523.076812
4518.461428
4518.461428
4512.820402
4504.615274
4508.205018
4516.922966
4511.281941
4501.538351
4497.435787
4497.435787
4495.897326
4488.205018
4483.589634
4491.281941
4485.640916
4463.589634
4461.538352
4474.358865
4471.794762
4464.615275
4470.769121
4472.307583
4462.563993
4453.333224
4454.871686
4460.512711
4465.128096
4465.128096
4461.538352
4462.051173
4468.717839
4469.23066
4463.589634
4465.640916
4470.769121
4471.281942
4472.307583
4471.794762
4470.769121
4475.384506
4476.410147
4464.615275
4455.897327
4462.563993
4471.281942
4474.358865
4473.846044
4471.281942
4465.640916
4466.666557
4470.769121
4459.999891
4445.128096
4443.589635
4450.256301
4451.794763
4447.692199
4446.153737
4452.820404
4461.538352
4466.666557
4468.717839
4465.640916
4462.563993
4468.205019
4472.307583
4475.384506
4481.025531
4479.48707
4477.948608
4486.153736
4490.769121
4484.102454
4488.717839
4494.871685
4482.563993
4474.358865
4484.102454
4490.769121
4490.769121
4494.871685
4504.615274
4511.794761
4509.230659
4500.51271
4494.871685
4496.410146
4502.563992
4505.128095
4495.897326
4489.230659
4498.974249
4508.717838
4504.102454
4502.051172
4504.615274
4508.205018
4516.922966
4519.999889
4514.871684
4522.563992
4532.820402
4524.615274
4517.435787
4524.102453
4529.230658
4527.692197
4530.256299
4535.384504
4539.487068
4537.435786
4534.358863
4533.846043
4542.563991
4558.974247
4559.999888
4544.102453
4540.512709
4548.717837
4544.102453
4537.948607
4543.076812
4545.640914
4548.717837
4565.128093
4575.897324
4572.820401
4576.410145
4584.615273
4572.820401
4560.512709
4567.692196
4572.820401
4566.153734
4564.102452
4565.640914
4564.102452
4568.205016
4573.333222
4573.846042
4575.897324
4577.435786
4575.897324
4582.563991
4579.999888
4558.461427
4550.769119
4568.205016
4583.076811
4584.102452
4580.512709
4577.435786
4575.897324
4570.256298
4565.128093
4563.076811
4559.999888
4556.922965
4558.461427
4563.589632
4570.256298
4568.205016
4559.487068
4553.846042
4550.769119
4548.717837
4550.256299
4547.692196
4539.487068
4538.974248
4544.615273
4546.153735
4541.02553
4538.461427
4543.589632
4547.179376
4538.974248
4536.410145
4547.692196
4553.846042
4544.615273
4542.051171
4554.871683
4565.128093
4569.230657
4570.256298
4572.307581
4575.897324
4574.358863
4565.640914
4558.974247
4563.076811
4577.435786
4587.692196
4593.333221
4601.025529
4601.025529
4593.333221
4591.79476
4592.30758
4587.692196
4583.589632
4584.615273
4586.153734
4576.410145
4564.615273
4568.205016
4576.922965
4573.846042
4574.871683
4579.999888
4575.384504
4570.769119
4576.410145
4576.922965
4569.743478
4578.461427
4594.358862
4590.256298
4577.948606
4576.922965
4571.79476
4559.999888
4551.28194
4537.435786
4520.51271
4519.487069
4528.205017
4533.333222
4534.871684
4529.743479
4523.076812
4523.589633
4526.666556
4526.666556
4529.743479
4532.820402
4531.28194
4523.076812
4521.02553
4520.51271
4512.820402
4510.76912
4516.410146
4515.384505
4512.307582
4523.076812
4528.717838
4515.897325
4509.743479
4516.410146
4518.974248
4519.487069
4521.538351
4514.871684
4506.153736
4507.179377
4507.692197
4506.666556
4505.640915
4500.51271
4496.410146
4494.358864
4490.2563
4488.205018
4486.153736
4473.846044
4469.74348
4474.871685
4469.74348
4463.589634
4467.692198
4471.281942
4464.615275
4454.358865
4447.179378
4444.102455
4442.563994
4438.46143
4437.948609
4448.205019
4458.97425
4453.333224
4443.076814
4441.538353
4437.435789
4430.769122
4425.640917
4422.563994
4429.230661
4434.871686
4424.102456
4418.974251
4419.999892
4408.717841
4408.20502
4422.051174
4415.897328
4404.615277
4422.563994
4445.128096
4448.205019
4444.615276
4441.538353
4436.410148
4434.358866
4433.846045
4430.256302
4431.794763
4435.384507
4430.769122
4426.666558
4433.333225
4440.512712
4443.076814
4444.102455
4445.640917
4456.410147
4467.179378
4462.563993
4455.384506
4449.743481
4446.666558
4450.256301
4458.461429
4458.97425
4455.384506
4453.846045
4447.179378
4442.051173
4441.025532
4442.051173
4442.563994
4446.666558
4455.384506
4462.563993
4462.563993
4458.461429
4457.948609
4460.512711
4459.999891
4456.922968
4454.871686
4460.512711
4476.410147
4488.205018
4484.615275
4481.025531
4489.230659
4495.897326
4492.307582
4482.563993
4472.820403
4468.205019
4469.23066
4472.820403
4481.025531
4485.640916
4485.640916
4489.230659
4486.666557
4477.435788
4475.384506
4485.640916
4489.74348
4483.076813
4477.435788
4481.538352
4491.794762
4501.538351
4510.2563
4520.51271
4528.717838
4523.076812
4513.846043
4522.051171
4530.256299
4525.640915
4523.076812
4529.743479
4537.435786
4541.02553
4543.589632
4547.179376
4547.179376
4539.999889
4537.435786
4542.563991
4547.179376
4547.179376
4544.102453
4542.563991
4550.769119
4563.589632
4562.563991
4555.384504
4561.025529
4563.076811
4547.692196
4542.563991
4552.307581
4552.820401
4547.692196
4555.384504
4560.512709
4548.717837
4545.640914
4551.79476
4539.999889
4528.717838
4538.974248
4550.256299
4552.820401
4552.820401
4550.769119
4548.717837
4546.153735
4540.512709
4542.563991
4541.53835
4533.846043
4533.333222
4538.974248
4538.974248
4537.948607
4536.410145
4531.794761
4536.922966
4541.53835
4535.897325
4531.28194
4537.435786
4546.153735
4549.230658
4540.512709
4530.76912
4531.28194
4528.205017
4521.538351
4526.666556
4531.794761
4524.102453
4520.51271
4528.717838
4533.846043
4531.28194
4529.743479
4531.28194
4533.846043
4536.922966
4540.512709
4540.512709
4535.897325
4534.871684
4542.051171
4546.666555
4553.846042
4563.076811
4552.820401
4538.974248
4538.461427
4538.974248
4532.307581
4528.205017
4531.794761
4540.512709
4540.512709
4529.230658
4527.692197
4528.717838
4515.897325
4510.2563
4516.922966
4518.461428
4513.333223
4507.179377
4510.2563
4524.102453
4531.28194
4528.205017
4528.205017
4533.333222
4538.974248
4535.384504
4526.153735
4522.563992
4526.666556
4532.820402
4533.846043
4529.743479
4527.692197
4531.28194
4532.820402
4528.205017
4520.51271
4523.076812
4526.666556
4515.384505
4507.179377
4512.820402
4514.358864
4507.692197
4505.640915
4509.743479
4509.230659
4502.563992
4493.333223
4486.666557
4482.563993
4483.589634
4489.74348
4495.384505
4494.871685
4488.205018
4487.692198
4487.179377
4484.102454
4486.153736
4485.128095
4477.435788
4474.871685
4485.640916
4493.846044
4489.230659
4486.153736
4484.615275
4471.794762
4459.48707
4456.410147
4453.333224
4444.615276
4436.410148
4429.743481
4430.769122
4436.922968
4437.948609
4435.897327
4436.922968
4435.897327
4432.307584
4428.20502
4422.563994
4421.538353
4428.20502
4431.794763
4428.20502
4426.666558
4424.615276
4417.94861
4412.820405
4410.256302
4410.769123
4417.435789
4429.230661
4433.846045
4432.820404
4434.358866
4439.487071
4447.179378
4449.743481
4438.97425
4435.897327
4450.256301
4461.025532
4465.128096
4472.820403
4469.23066
4456.922968
4455.384506
4449.743481
4438.97425
4438.97425
4444.102455
4441.025532
4434.871686
4431.281943
4436.410148
4445.128096
4443.076814
4435.897327
4441.025532
4446.153737
4439.487071
4434.871686
4437.435789
4430.256302
4423.589635
4435.897327
4449.743481
4455.897327
4461.025532
4463.076814
4458.97425
4462.563993
4471.281942
4468.717839
4462.051173
4466.153737
4476.410147
4482.563993
4485.128095
4497.435787
4512.820402
4511.794761
4501.538351
4503.589633
4510.2563
4501.538351
4489.74348
4496.922967
4510.2563
4505.128095
4495.897326
4504.615274
4513.846043
4513.846043
4517.435787
4522.051171
4521.538351
4521.538351
4517.948607
4515.384505
4525.128094
4529.230658
4519.999889
4518.974248
4524.102453
4525.640915
4524.102453
4523.076812
4521.02553
4524.102453
4531.28194
4532.307581
4532.307581
4532.307581
4531.28194
4534.871684
4546.153735
4551.28194
4547.692196
4551.79476
4560.512709
4559.999888
4555.384504
4555.897324
4561.025529
4557.435786
4545.640914
4542.563991
4549.230658
4548.205017
4538.461427
4534.871684
4537.948607
4541.53835
4539.999889
4535.384504
4533.846043
4529.743479
4522.051171
4523.589633
4525.128094
4521.02553
4524.615274
4528.205017
4527.179376
4534.358863
4545.640914
4547.179376
4547.179376
4550.256299
4549.230658
4554.871683
4567.179375
4563.589632
4550.769119
4547.692196
4545.640914
4536.410145
4537.435786
4547.692196
4552.820401
4554.871683
4558.461427
4561.025529
4553.333222
4543.589632
4538.974248
4535.384504
4526.666556
4519.487069
4523.589633
4535.384504
4538.461427
4533.846043
4535.384504
4540.512709
4537.435786
4531.28194
4528.205017
4519.999889
4511.794761
4511.281941
4511.794761
4513.333223
4523.589633
4530.256299
4527.692197
4525.128094
4532.307581
4539.487068
4525.128094
4507.692197
4512.307582
4522.051171
4522.563992
4528.205017
4538.461427
4541.02553
4539.487068
4538.974248
4539.487068
4540.512709
4544.615273
4548.205017
4539.487068
4532.307581
4538.974248
4545.128094
4543.076812
4538.461427
4531.28194
4520.51271
4512.820402
4511.794761
4516.922966
4519.487069
4516.922966
4519.999889
4528.717838
4526.666556
4515.897325
4505.128095
4500.51271
4501.538351
4504.102454
4508.205018
4514.358864
4519.487069
4525.640915
4530.256299
4524.615274
4521.02553
4529.230658
4537.435786
4536.922966
4529.743479
4518.461428
4512.820402
4513.846043
4519.487069
4529.230658
4532.307581
4532.307581
4535.897325
4533.333222
4517.948607
4504.615274
4499.487069
4497.435787
4492.307582
4491.281941
4500.51271
4501.538351
4483.076813
4469.23066
4466.153737
4463.076814
4463.076814
4466.666557
4468.717839
4468.205019
4469.74348
4475.897326
4482.563993
4478.974249
4472.307583
4464.615275
4455.384506
4449.23066
4442.051173
4427.179379
4420.512712
4422.051174
4421.025533
4419.999892
4421.538353
4424.102456
4422.051174
4421.025533
4423.589635
4423.589635
4417.435789
4415.384507
4418.974251
4415.897328
4410.256302
4412.820405
4412.307584
4403.076815
4405.640918
4418.974251
4422.563994
4413.846046
4413.846046
4423.076815
4423.076815
4413.333225
4410.256302
4414.358866
4413.333225
4407.6922
4409.230661
4412.820405
4413.846046
4414.358866
4418.46143
4425.640917
4432.820404
4433.333225
4427.692199
4429.230661
4431.281943
4431.794763
4435.897327
4439.487071
4439.487071
4435.897327
4436.410148
4446.153737
4449.23066
4445.128096
4447.179378
4447.179378
4443.589635
4447.692199
4445.640917
4439.999891
4451.794763
4457.435788
4447.692199
4438.46143
4427.179379
4415.897328
4421.538353
4420.512712
4398.461431
4394.871687
4416.922969
4423.076815
4416.410148
4426.153738
4430.256302
4411.794764
4395.897328
4398.974251
4405.128097
4412.820405
4420.512712
4415.897328
4407.6922
4412.820405
