
4318.461433
4312.307587
4311.794766
4312.820407
4309.230664
4306.153741
4309.743484
4314.358869
4315.89733
4318.461433
4316.922971
4313.846048
4310.769125
4315.89733
4313.333228
4315.38451
4318.974253
4318.974253
4310.769125
4313.333228
4311.281946
4308.717843
4311.281946
4308.205023
4305.1281
4307.179382
4307.179382
4299.487074
4301.025536
4301.538356
4303.076818
4299.999895
4301.538356
4307.692202
4316.922971
4317.948612
4320.512715
4326.666561
4333.846048
4336.922971
4335.384509
4337.948612
4338.461432
4337.435791
4334.871689
4336.41015
4327.692202
4325.128099
4325.64092
4324.615279
4318.974253
4320.512715
4320.512715
4319.999894
4321.025535
4323.589638
4323.589638
4319.999894
4319.999894
4318.974253
4318.461433
4315.38451
4319.487074
4321.025535
4322.051176
4316.410151
4317.435792
4318.974253
4318.974253
4322.563997
4329.743484
4326.666561
4316.922971
4317.948612
4322.563997
4320.512715
4310.256305
4307.179382
4305.64092
4306.666561
4305.64092
4312.820407
4314.358869
4314.871689
4312.820407
4312.820407
4313.333228
4311.281946
4309.743484
4310.256305
4313.846048
4310.769125
4307.692202
4304.102459
4305.64092
4302.563997
4302.051177
4298.974254
4302.051177
4301.025536
4303.589638
4305.64092
4308.717843
4308.205023
4309.743484
4314.358869
4314.871689
4315.89733
4314.871689
4317.435792
4313.333228
4311.281946
4311.794766
4316.410151
4315.89733
4316.410151
4314.871689
4316.922971
4319.999894
4322.051176
4322.051176
4317.948612
4315.38451
4316.410151
4320.512715
4314.871689
4314.871689
4312.820407
4313.333228
4313.333228
4314.358869
4312.307587
4316.922971
4320.512715
4324.102458
4324.615279
4322.563997
4319.487074
4319.999894
4323.076817
4319.487074
4318.974253
4317.948612
4322.051176
4317.948612
4317.435792
4314.358869
4315.38451
4315.38451
4315.89733
4317.435792
4318.974253
4319.487074
4318.461433
4324.102458
4324.615279
4322.051176
4319.999894
4326.666561
4325.128099
4320.512715
4315.89733
4320.512715
4322.051176
4321.538356
4318.974253
4318.461433
4317.948612
4318.974253
4322.563997
4321.538356
4322.051176
4323.589638
4326.666561
4322.051176
4322.051176
4322.051176
4321.538356
4314.871689
4317.435792
4319.999894
4318.974253
4315.38451
4317.948612
4321.025535
4317.948612
4318.461433
4322.563997
4325.64092
4323.589638
4324.102458
4317.435792
4315.89733
4316.410151
4318.974253
4317.948612
4320.512715
4318.974253
4317.948612
4315.89733
4316.922971
4320.512715
4319.999894
4318.974253
4316.922971
4319.999894
4319.999894
4321.538356
4318.461433
4321.538356
4321.538356
4321.538356
4319.999894
4321.538356
4320.512715
4321.538356
4323.076817
4323.076817
4322.563997
4320.512715
4318.461433
4315.38451
4321.538356
4319.999894
4316.410151
4312.820407
4315.38451
4313.846048
4316.922971
4317.948612
4318.461433
4318.974253
4320.512715
4320.512715
4319.999894
4319.487074
4317.435792
4318.461433
4315.89733
4317.948612
4316.410151
4317.435792
4316.922971
4318.461433
4315.38451
4318.461433
4319.487074
4316.410151
4316.922971
4320.512715
4321.025535
4320.512715
4323.589638
4322.563997
4323.589638
4317.948612
4314.871689
4314.871689
4319.999894
4316.410151
4319.487074
4321.538356
4321.538356
4320.512715
4321.538356
4319.999894
4321.538356
4324.102458
4321.025535
4322.051176
4321.025535
4322.563997
4321.538356
4321.025535
4316.922971
4320.512715
4319.487074
4317.948612
4318.461433
4321.538356
4319.487074
4318.974253
4321.538356
4321.025535
4317.435792
4317.948612
4323.076817
4316.922971
4315.38451
4317.435792
4320.512715
4317.948612
4318.974253
4316.922971
4316.922971
4315.38451
4317.948612
4319.487074
4319.487074
4322.051176
4321.538356
4322.563997
4322.051176
4318.461433
4309.230664
4314.358869
4316.922971
4315.38451
4315.38451
4321.538356
4316.410151
4313.333228
4314.871689
4318.974253
4320.512715
4316.922971
4315.89733
4317.435792
4320.512715
4317.435792
4319.999894
4316.410151
4317.948612
4317.435792
4317.435792
4313.333228
4312.820407
4313.846048
4316.410151
4318.461433
4321.025535
4323.589638
4325.128099
4331.794766
4337.435791
4336.922971
4328.717843
4326.15374
4319.487074
4316.922971
4315.38451
4314.871689
4307.692202
4312.307587
4320.512715
4323.076817
4322.051176
4323.076817
4326.15374
4324.615279
4321.538356
4310.256305
4309.743484
4313.333228
4316.922971
4312.820407
4313.333228
4311.281946
4313.846048
4317.435792
4319.487074
4318.461433
4321.025535
4322.051176
4320.512715
4322.051176
4318.974253
4314.871689
4312.307587
4317.435792
4312.307587
4308.717843
4308.717843
4312.307587
4311.281946
4312.307587
4309.230664
4307.179382
4309.230664
4309.743484
4309.230664
4308.205023
4311.794766
4309.230664
4306.666561
4303.589638
4307.179382
4305.64092
4309.230664
4312.820407
4314.358869
4313.333228
4318.461433
4321.025535
4320.512715
4316.922971
4314.358869
4320.512715
4323.589638
4322.051176
4318.974253
4322.563997
4317.435792
4315.38451
4316.410151
4321.538356
4318.974253
4322.563997
4326.15374
4327.179381
4325.64092
4324.615279
4323.076817
4319.487074
4321.538356
4321.025535
4318.461433
4312.307587
4316.410151
4315.38451
4315.38451
4316.922971
4320.512715
4316.922971
4317.948612
4320.512715
4321.538356
4321.538356
4319.999894
4321.025535
4324.102458
4327.692202
4328.205022
4334.871689
4335.384509
4334.871689
4330.256304
4328.205022
4322.051176
4324.615279
4327.692202
4327.692202
4317.948612
4313.333228
4320.512715
4323.076817
4322.051176
4322.051176
4323.589638
4318.461433
4323.589638
4323.076817
4321.025535
4317.435792
4320.512715
4316.410151
4316.410151
4315.89733
4316.410151
4314.871689
4316.410151
4322.563997
4322.563997
4319.999894
4319.487074
4326.15374
4325.64092
4326.666561
4325.64092
4325.64092
4319.999894
4321.025535
4320.512715
4324.615279
4326.15374
4325.128099
4326.15374
4325.64092
4324.102458
4319.487074
4319.999894
4317.435792
4322.051176
4318.974253
4319.487074
4320.512715
4321.025535
4317.948612
4317.435792
4315.38451
4315.89733
4315.89733
4312.820407
4313.846048
4313.846048
4316.922971
4318.461433
4320.512715
4317.435792
4323.589638
4325.128099
4323.589638
4322.563997
4328.205022
4326.666561
4326.666561
4331.794766
4334.358868
4331.281945
4329.743484
4334.358868
4332.307586
4331.794766
4331.281945
4334.358868
4330.769125
4330.769125
4330.256304
4334.358868
4332.307586
4330.256304
4330.256304
4334.871689
4334.871689
4329.230663
4327.179381
4325.128099
4327.692202
4325.64092
4322.051176
4317.435792
4321.538356
4318.461433
4316.410151
4317.435792
4321.025535
4317.948612
4315.89733
4314.871689
4313.333228
4312.307587
4311.281946
4314.358869
4313.846048
4315.89733
4314.871689
4318.974253
4314.871689
4311.794766
4312.307587
4316.410151
4313.846048
4314.358869
4315.38451
4315.38451
4314.871689
4314.871689
4315.38451
4315.38451
4315.89733
4313.846048
4313.846048
4311.794766
4315.38451
4314.871689
4318.974253
4321.025535
4319.487074
4315.89733
4320.512715
4322.563997
4319.999894
4322.563997
4326.15374
4329.230663
4326.666561
4325.128099
4324.102458
4328.717843
4329.230663
4328.717843
4324.102458
4325.64092
4325.128099
4325.64092
4324.615279
4325.64092
4325.64092
4324.102458
4324.102458
4326.666561
4329.230663
4328.205022
4332.307586
4335.89733
4334.871689
4326.15374
4326.15374
4324.102458
4322.563997
4318.974253
4321.025535
4321.025535
4322.563997
4324.615279
4323.589638
4323.076817
4322.051176
4323.589638
4321.538356
4323.589638
4319.999894
4317.948612
4315.89733
4320.512715
4319.487074
4316.410151
4318.461433
4324.615279
4321.025535
4314.871689
4314.358869
4315.89733
4315.38451
4312.820407
4315.38451
4314.358869
4315.38451
4310.769125
4310.769125
4306.153741
4306.666561
4309.743484
4310.769125
4293.846049
4285.640921
4304.102459
4249.743486
4186.153744
4255.897332
4325.64092
4197.435795
4059.48708
4063.076824
4106.153746
4108.717848
4123.076822
4154.871693
4179.487077
4188.717846
4199.999897
4226.153743
4239.487076
4249.743486
4244.615281
4240.512717
4239.487076
4258.974255
4262.051178
4262.563998
4256.922973
4242.051178
4222.051179
4243.076819
4282.563998
4285.640921
4289.230664
4280.512716
4234.871691
4169.743488
4172.820411
4197.435795
4236.410153
4273.846049
4306.153741
4308.717843
4303.589638
4298.461433
4305.64092
4324.102458
4325.128099
4324.615279
4327.692202
4331.281945
4322.051176
4325.128099
4325.128099
4323.076817
4320.512715
4321.025535
4316.922971
4319.487074
4324.102458
4322.563997
4323.076817
4326.15374
4325.64092
4324.102458
4327.692202
4330.769125
4338.461432
4347.179381
4349.230663
4345.128099
4352.820406
4378.461431
4382.563995
4344.615278
4315.89733
4324.615279
4334.871689
4329.743484
4329.743484
4332.307586
4332.820407
4332.820407
4331.281945
4331.794766
4333.846048
4333.846048
4332.307586
4333.333227
4336.41015
4335.89733
4333.333227
4331.281945
4330.256304
4330.769125
4332.307586
4332.820407
4329.743484
4329.743484
4332.820407
4333.846048
4332.307586
4329.743484
4328.717843
4330.769125
4332.307586
4329.743484
4328.717843
4331.794766
4331.281945
4331.281945
4333.846048
4332.307586
4329.230663
4328.717843
4331.281945
4330.769125
4329.743484
4329.743484
4330.256304
4331.281945
4331.281945
4330.769125
4330.769125
4331.794766
4331.281945
4331.794766
4332.307586
4331.281945
4330.256304
4331.281945
4330.769125
4328.717843
4328.205022
4328.717843
4328.717843
4330.256304
4330.769125
4329.230663
4329.230663
4330.769125
4329.743484
4328.205022
4330.256304
4330.256304
4329.743484
4330.256304
4329.743484
4329.230663
4330.769125
4330.769125
4328.717843
4329.230663
4331.281945
4330.769125
4330.256304
4332.307586
4335.89733
4337.948612
4335.384509
4333.333227
4330.769125
4329.743484
4333.333227
4335.384509
4331.794766
4330.256304
4334.358868
4336.41015
4335.89733
4336.41015
4335.89733
4332.820407
4330.256304
4331.794766
4332.307586
4329.743484
4329.230663
4329.743484
4329.743484
4330.256304
4329.743484
4330.769125
4332.307586
4331.794766
4331.794766
4333.846048
4330.769125
4328.717843
4331.281945
4333.846048
4333.846048
4332.307586
4331.281945
4333.333227
4332.820407
4330.256304
4333.846048
4335.384509
4330.256304
4328.717843
4330.256304
4330.256304
4329.743484
4330.256304
4330.256304
4329.743484
4329.230663
4328.717843
4328.205022
4327.179381
4326.666561
4326.666561
4328.205022
4329.230663
4329.230663
4329.230663
4326.666561
4323.589638
4324.615279
4328.205022
4326.666561
4323.076817
4322.051176
4323.076817
4324.102458
4325.128099
4324.615279
4323.076817
4323.076817
4323.589638
4323.589638
4323.076817
4324.102458
4324.615279
4324.102458
4324.102458
4325.64092
4324.102458
4321.538356
4322.051176
4324.102458
4324.102458
4324.102458
4324.615279
4324.615279
4322.563997
4322.051176
4322.051176
4324.102458
4326.15374
4325.64092
4323.589638
4323.589638
4324.102458
4324.102458
4325.64092
4325.128099
4322.563997
4323.589638
4326.666561
4326.15374
4325.128099
4328.717843
4329.743484
4325.64092
4324.615279
4325.64092
4325.128099
4324.102458
4324.102458
4328.205022
4329.743484
4326.15374
4324.615279
4327.692202
4328.717843
4326.15374
4324.102458
4324.615279
4327.692202
4327.692202
4326.15374
4327.692202
4328.205022
4326.666561
4325.64092
4326.15374
4322.563997
4319.999894
4321.025535
4322.563997
4325.128099
4325.128099
4323.589638
4324.615279
4326.15374
4324.102458
4323.589638
4327.179381
4327.179381
4324.102458
4325.128099
4328.205022
4326.15374
4323.589638
4324.102458
4324.102458
4322.051176
4325.128099
4326.666561
4323.589638
4323.076817
4324.102458
4323.076817
4323.589638
4324.102458
4323.076817
4326.15374
4328.205022
4325.128099
4324.615279
4325.128099
4326.15374
4327.179381
4324.615279
4322.563997
4327.179381
4328.717843
4322.563997
4322.563997
4325.64092
4324.615279
4320.512715
4322.051176
4328.205022
4328.205022
4323.589638
4323.076817
4325.128099
4324.102458
4323.076817
4322.563997
4323.076817
4321.538356
4319.487074
4320.512715
4323.589638
4322.051176
4320.512715
4322.563997
4324.102458
4323.589638
4322.563997
4319.999894
4318.461433
4321.025535
4321.025535
4317.948612
4319.487074
4323.076817
4322.051176
4320.512715
4320.512715
4322.051176
4325.128099
4325.128099
4324.102458
4323.589638
4324.102458
4323.589638
4323.076817
4322.563997
4324.615279
4325.64092
4324.102458
4324.102458
4325.64092
4326.666561
4326.666561
4324.102458
4323.076817
4323.076817
4320.512715
4319.487074
4323.076817
4323.589638
4322.051176
4322.563997
4323.589638
4323.589638
4323.589638
4323.589638
4322.563997
4321.538356
4321.538356
4321.538356
4322.051176
4322.563997
4322.051176
4323.076817
4322.051176
4319.999894
4319.999894
4321.538356
4322.563997
4324.102458
4325.128099
4323.589638
4323.589638
4325.128099
4325.64092
4324.102458
4324.102458
4325.128099
4323.589638
4324.102458
4322.563997
4318.461433
4319.487074
4323.589638
4322.563997
4321.538356
4323.076817
4323.589638
4321.538356
4319.487074
4321.538356
4325.128099
4321.538356
4317.435792
4318.974253
4321.025535
4323.076817
4324.615279
4323.589638
4323.589638
4323.589638
4322.051176
4322.051176
4322.563997
4321.538356
4319.487074
4317.948612
4317.435792
4321.025535
4322.563997
4318.974253
4315.38451
4316.410151
4318.974253
4318.974253
4318.974253
4319.999894
4321.538356
4322.051176
4321.538356
4321.025535
4323.076817
4324.102458
4322.051176
4320.512715
4321.025535
4318.974253
4318.461433
4322.051176
4321.025535
4315.38451
4316.922971
4322.563997
4323.076817
4322.563997
4322.563997
4322.051176
4321.538356
4319.999894
4320.512715
4317.435792
4314.358869
4319.999894
4325.128099
4322.563997
4319.487074
4318.974253
4318.461433
4320.512715
4321.538356
4319.487074
4321.025535
4322.563997
4320.512715
4318.974253
4319.487074
4321.025535
4321.025535
4321.025535
4322.051176
4323.076817
4320.512715
4321.025535
4322.051176
4318.974253
4317.948612
4321.538356
4322.051176
4321.538356
4321.538356
4319.487074
4319.487074
4321.538356
4321.538356
4320.512715
4321.538356
4324.102458
4323.589638
4318.974253
4319.999894
4322.563997
4321.538356
4321.025535
4322.051176
4320.512715
4319.487074
4322.563997
4324.102458
4322.563997
4322.051176
4324.615279
4323.589638
4320.512715
4321.538356
4322.563997
4322.051176
4320.512715
4320.512715
4322.051176
4321.538356
4321.538356
4322.563997
4322.563997
4322.051176
4322.563997
4322.051176
4319.487074
4319.999894
4321.025535
4318.974253
4318.974253
4321.025535
4318.974253
4318.461433
4321.025535
4322.051176
4322.051176
4321.025535
4318.974253
4318.461433
4319.487074
4320.512715
4319.999894
4316.410151
4316.922971
4319.487074
4318.974253
4316.922971
4318.461433
4319.999894
4320.512715
4321.025535
4321.538356
4321.025535
4318.974253
4321.025535
4323.076817
4321.025535
4321.025535
4321.538356
4321.025535
4321.025535
4321.538356
4320.512715
4318.974253
4317.948612
4317.948612
4319.999894
4319.999894
4319.999894
4319.999894
4319.487074
4317.948612
4319.487074
4322.051176
4317.948612
4313.846048
4317.435792
4322.563997
4321.025535
4320.512715
4321.025535
4319.487074
4319.487074
4318.974253
4319.487074
4322.051176
4322.051176
4321.025535
4321.538356
4321.025535
4320.512715
4319.999894
4321.025535
4321.538356
4319.999894
4319.487074
4321.025535
4321.538356
4322.051176
4323.589638
4321.025535
4319.487074
4322.051176
4321.025535
4319.999894
4322.563997
4321.538356
4319.999894
4323.589638
4324.102458
4320.512715
4321.025535
4321.538356
4317.948612
4316.922971
4319.487074
4318.461433
4318.974253
4321.538356
4322.051176
4320.512715
4319.487074
4319.999894
4316.410151
4313.333228
4317.435792
4321.538356
4318.461433
4317.948612
4320.512715
4319.999894
4320.512715
4321.025535
4319.487074
4319.999894
4321.025535
4320.512715
4321.025535
4322.563997
4323.589638
4321.538356
4321.025535
4323.076817
4322.051176
4319.999894
4320.512715
4319.999894
4318.974253
4318.974253
4320.512715
4320.512715
4318.974253
4318.461433
4319.487074
4322.563997
4324.615279
4322.051176
4318.461433
4319.487074
4319.999894
4317.435792
4318.461433
4321.025535
4319.999894
4319.999894
4321.025535
4321.025535
4319.999894
4321.025535
4321.025535
4319.487074
4321.025535
4321.025535
4319.999894
4321.025535
4322.563997
4322.051176
4321.538356
4321.025535
4321.538356
4320.512715
4318.461433
4320.512715
4323.076817
4323.076817
4320.512715
4318.461433
4319.487074
4320.512715
4319.487074
4319.999894
4321.025535
4321.025535
4322.051176
4322.563997
4320.512715
4317.948612
4317.435792
4319.487074
4321.538356
4321.025535
4319.999894
4320.512715
4321.538356
4322.563997
4323.076817
4321.538356
4321.538356
4320.512715
4318.461433
4317.435792
4315.38451
4317.435792
4322.051176
4319.999894
4317.435792
4320.512715
4322.051176
4320.512715
4319.999894
4319.999894
4321.538356
4322.051176
4321.025535
4321.538356
4320.512715
4316.922971
4319.487074
4322.563997
4319.999894
4316.922971
4317.948612
4317.948612
4316.922971
4315.38451
4316.410151
4316.922971
4315.89733
4313.846048
4315.38451
4315.89733
4314.871689
4315.89733
4315.38451
4312.307587
4313.333228
4317.435792
4317.435792
4315.89733
4320.512715
4321.538356
4318.461433
4318.461433
4318.461433
4314.871689
4317.948612
4322.051176
4319.487074
4317.435792
4319.999894
4321.025535
4321.025535
4322.051176
4319.999894
4316.410151
4315.89733
4317.435792
4316.922971
4316.410151
4318.974253
4318.461433
4317.435792
4316.922971
4316.922971
4317.948612
4316.922971
4315.89733
4315.38451
4315.89733
4315.89733
4316.922971
4317.435792
4316.922971
4317.435792
4317.435792
4315.89733
4317.435792
4317.948612
4315.38451
4314.871689
4316.410151
4316.410151
4313.846048
4313.333228
4314.358869
4313.846048
4313.333228
4316.410151
4319.487074
4317.948612
4316.410151
4316.410151
4315.38451
4316.410151
4317.435792
4317.435792
4318.974253
4317.948612
4315.38451
4315.89733
4317.948612
4320.512715
4321.025535
4317.435792
4314.871689
4318.461433
4319.487074
4316.410151
4316.410151
4318.974253
4320.512715
4316.922971
4315.38451
4317.435792
4315.89733
4316.410151
4322.051176
4321.538356
4317.435792
4320.512715
4321.538356
4317.948612
4321.025535
4321.025535
4317.435792
4319.487074
4321.538356
4320.512715
4320.512715
4321.538356
4322.563997
4323.589638
4324.102458
4324.102458
4322.563997
4321.025535
4322.051176
4322.051176
4321.025535
4321.025535
4322.051176
4323.589638
4323.076817
4319.487074
4319.487074
4321.025535
4319.487074
4318.461433
4318.974253
4319.487074
4318.974253
4322.051176
4324.615279
4321.025535
4317.435792
4319.999894
4322.051176
4319.999894
4316.410151
4315.38451
4318.461433
4318.461433
4316.410151
4316.922971
4318.461433
4316.922971
4316.922971
4316.922971
4315.89733
4315.89733
4316.922971
4315.89733
4313.846048
4315.38451
4317.948612
4317.948612
4318.974253
4320.512715
4319.487074
4317.435792
4315.89733
4316.410151
4319.999894
4319.487074
4316.922971
4319.999894
4323.076817
4322.563997
4322.563997
4323.589638
4319.999894
4315.89733
4317.435792
4319.487074
4320.512715
4322.563997
4322.051176
4321.025535
4320.512715
4318.974253
4317.948612
4319.999894
4320.512715
4321.025535
4318.974253
4317.435792
4319.487074
4320.512715
4318.461433
4316.922971
4317.435792
4316.922971
4314.358869
4315.38451
4317.435792
4317.435792
4318.461433
4322.051176
4322.051176
4319.999894
4320.512715
4321.025535
4322.051176
4322.051176
4319.487074
4319.999894
4318.461433
4318.461433
4318.974253
4315.89733
4316.410151
4322.563997
4323.076817
4320.512715
4321.025535
4321.025535
4320.512715
4319.999894
4316.922971
4316.922971
4318.974253
4316.922971
4314.358869
4315.89733
4319.487074
4319.487074
4316.410151
4315.89733
4321.538356
4323.076817
4316.410151
4314.871689
4318.461433
4316.922971
4316.410151
4320.512715
4319.999894
4317.435792
4318.461433
4320.512715
4320.512715
4321.025535
4320.512715
4319.487074
4321.025535
4321.025535
4318.461433
4319.487074
4323.589638
4325.128099
4323.076817
4320.512715
4321.025535
4318.974253
4315.38451
4315.89733
4315.89733
4315.89733
4319.999894
4321.538356
4318.974253
4322.051176
4324.615279
4321.538356
4317.948612
4315.38451
4317.948612
4322.051176
4321.025535
4319.999894
4321.025535
4321.538356
4321.025535
4319.999894
4318.974253
4319.999894
4319.999894
4319.487074
4321.025535
4321.538356
4319.999894
4318.461433
4318.461433
4318.974253
4321.025535
4319.487074
4317.435792
4318.461433
4321.538356
4321.025535
4320.512715
4323.076817
4324.102458
4320.512715
4321.025535
4321.538356
4317.435792
4315.89733
4317.948612
4317.948612
4316.410151
4316.410151
4317.948612
4320.512715
4319.487074
4319.999894
4321.025535
4315.89733
4315.38451
4318.974253
4316.922971
4313.333228
4313.846048
4314.358869
4314.358869
4313.333228
4314.871689
4318.461433
4318.461433
4316.410151
4318.461433
4319.487074
4319.487074
4318.461433
4318.461433
4317.948612
4316.410151
4316.922971
4318.461433
4317.435792
4317.435792
4320.512715
4317.948612
4316.410151
4317.948612
4318.461433
4318.974253
4319.487074
4315.89733
4313.333228
4317.435792
4317.948612
4313.333228
4314.871689
4320.512715
4318.461433
4314.358869
4317.948612
4322.051176
4318.974253
4315.89733
4315.38451
4316.410151
4316.922971
4316.922971
4317.435792
4316.922971
4316.410151
4315.89733
4314.871689
4314.871689
4317.435792
4317.435792
4314.871689
4316.410151
4318.461433
4317.435792
4315.89733
4315.38451
4315.89733
4316.922971
4314.358869
4314.358869
4319.999894
4318.974253
4313.846048
4316.410151
4319.487074
4317.948612
4315.89733
4315.38451
4316.410151
4316.410151
4315.89733
4317.435792
4319.999894
4319.999894
4320.512715
4321.538356
4319.487074
4318.461433
4319.487074
4317.435792
4315.38451
4317.435792
4318.974253
4316.922971
4316.922971
4316.922971
4318.974253
4324.102458
4321.538356
4317.435792
4321.538356
4323.076817
4319.487074
4318.974253
4322.051176
4322.051176
4321.025535
4321.025535
4322.563997
4322.051176
4319.999894
4320.512715
4318.974253
4315.89733
4317.948612
4322.051176
4320.512715
4315.38451
4315.38451
4319.487074
4320.512715
4318.461433
4318.974253
4319.487074
4318.461433
4320.512715
4323.076817
4319.487074
4314.871689
4316.410151
4321.538356
4321.025535
4316.410151
4313.846048
4317.435792
4321.025535
4316.410151
4315.38451
4323.076817
4322.563997
4316.922971
4318.974253
4319.999894
4318.461433
4321.025535
4322.051176
4321.538356
4323.589638
4321.025535
4317.435792
4317.948612
4316.922971
4315.38451
4315.89733
4317.435792
4316.922971
4319.487074
4323.076817
4322.051176
4317.948612
4315.89733
4317.435792
4321.025535
4320.512715
4314.871689
4316.410151
4322.563997
4319.487074
4313.846048
4314.871689
4317.948612
4316.922971
4318.974253
4323.076817
4318.461433
4314.358869
4318.461433
4319.487074
4313.846048
4312.820407
4317.948612
4318.974253
4316.922971
4317.948612
4319.999894
4319.487074
4318.461433
4319.999894
4319.999894
4318.974253
4319.487074
4321.025535
4322.051176
4319.487074
4318.461433
4318.461433
4316.410151
4316.410151
4319.487074
4321.538356
4320.512715
4319.999894
4321.025535
4321.025535
4321.025535
4321.538356
4317.948612
4313.846048
4315.38451
4316.922971
4315.38451
4318.974253
4319.487074
4316.410151
4315.38451
4315.89733
4316.922971
4317.435792
4316.410151
4315.89733
4315.89733
4315.38451
4315.89733
4314.358869
4311.794766
4314.871689
4316.410151
4316.922971
4316.410151
4316.922971
4320.512715
4318.974253
4317.435792
4319.487074
4317.948612
4314.358869
4318.974253
4322.051176
4318.461433
4319.487074
4318.974253
4316.410151
4317.435792
4319.999894
4317.948612
4314.358869
4316.922971
4318.974253
4315.89733
4313.846048
4317.948612
4317.948612
4314.358869
4316.410151
4317.435792
4317.435792
4319.487074
4319.487074
4317.948612
4318.461433
4318.461433
4315.38451
4315.89733
4316.922971
4315.38451
4313.846048
4317.948612
4321.025535
4316.410151
4314.358869
4317.435792
4317.435792
4317.435792
4318.974253
4320.512715
4321.538356
4319.999894
4316.922971
4318.974253
4322.563997
4319.999894
4315.89733
4316.410151
4317.948612
4316.410151
4317.435792
4318.461433
4316.922971
4319.487074
4319.487074
4315.89733
4315.89733
4317.948612
4316.922971
4314.871689
4314.871689
4314.871689
4314.358869
4313.846048
4315.38451
4317.948612
4319.487074
4316.922971
4313.333228
4314.358869
4316.922971
4316.410151
4315.89733
4316.410151
4314.358869
4313.333228
4314.871689
4316.410151
4313.333228
4311.281946
4314.871689
4316.410151
4313.333228
4312.820407
4314.358869
4314.871689
4316.410151
4317.948612
4317.948612
4318.461433
4315.89733
4313.333228
4314.871689
4316.410151
4315.89733
4315.38451
4315.89733
4317.948612
4317.435792
4316.922971
4317.435792
4316.922971
4314.871689
4314.358869
4316.410151
4317.435792
4314.358869
4313.333228
4314.871689
4316.410151
4317.435792
4317.948612
4318.461433
4318.461433
4316.410151
4315.38451
4317.435792
4318.974253
4318.461433
4317.435792
4317.435792
4321.025535
4319.999894
4315.89733
4317.435792
4321.025535
4318.461433
4315.89733
4317.435792
4316.410151
4315.38451
4319.999894
4322.563997
4319.487074
4319.487074
4318.974253
4314.358869
4315.89733
4318.461433
4316.922971
4315.89733
4316.410151
4318.461433
4318.974253
4314.358869
4312.820407
4314.871689
4316.922971
4319.487074
4321.025535
4316.922971
4313.846048
4315.89733
4317.435792
4316.410151
4318.461433
4319.487074
4317.435792
4316.410151
4316.922971
4316.922971
4319.487074
4319.487074
4318.974253
4319.999894
4321.025535
4319.487074
4319.487074
4318.461433
4316.922971
4319.999894
4323.589638
4322.563997
4319.487074
4320.512715
4322.051176
4322.051176
4321.025535
4319.487074
4319.487074
4320.512715
4321.025535
4318.461433
4317.948612
4318.974253
4317.435792
4316.922971
4319.999894
4319.487074
4317.435792
4318.974253
4319.999894
4320.512715
4317.948612
4315.89733
4318.461433
4318.974253
4317.948612
4319.999894
4319.999894
4318.461433
4322.051176
4322.563997
4319.487074
4320.512715
4321.025535
4319.999894
4319.487074
4321.538356
4318.974253
4317.948612
4323.076817
4321.025535
4313.846048
4315.89733
4320.512715
4316.922971
4316.922971
4321.025535
4323.076817
4322.051176
4315.89733
4314.358869
4322.051176
4322.563997
4314.358869
4315.38451
4323.076817
4322.051176
4316.922971
4317.435792
4318.461433
4315.89733
4317.435792
4321.025535
4320.512715
4318.461433
4319.999894
4321.025535
4321.025535
4323.076817
4319.999894
4317.435792
4319.999894
4320.512715
4318.974253
4321.025535
4321.025535
4319.999894
4322.563997
4318.461433
4313.333228
4316.922971
4317.435792
4313.846048
4317.948612
4321.025535
4317.435792
4316.410151
4318.974253
4319.487074
4318.974253
4318.461433
4316.410151
4315.38451
4317.948612
4321.025535
4317.435792
4314.871689
4318.974253
4317.435792
4313.333228
4316.410151
4320.512715
4320.512715
4317.435792
4318.461433
4321.025535
4317.435792
4312.820407
4318.974253
4324.102458
4318.974253
4315.38451
4314.871689
4315.38451
4316.410151
4317.435792
4316.922971
4315.38451
4316.410151
4319.487074
4318.974253
4318.461433
4319.999894
4317.948612
4314.871689
4319.487074
4323.076817
4317.435792
4315.38451
4317.435792
4316.410151
4314.871689
4315.38451
4315.38451
4315.38451
4315.89733
4315.89733
4316.922971
4316.922971
4315.38451
4316.922971
4319.487074
4316.410151
4313.846048
4316.922971
4317.435792
4313.846048
4314.871689
4316.410151
4316.922971
4319.999894
4319.487074
4314.871689
4317.435792
4321.025535
4318.461433
4316.922971
4318.461433
4318.461433
4316.410151
4316.410151
4316.922971
4314.358869
4315.89733
4319.487074
4317.948612
4316.922971
4319.487074
4316.410151
4312.307587
4318.974253
4324.615279
4319.487074
4315.38451
4316.410151
4317.435792
4316.922971
4316.410151
4314.358869
4314.871689
4315.89733
4315.38451
4316.922971
4317.435792
4317.435792
4318.461433
4317.435792
4315.38451
4315.38451
4314.871689
4315.38451
4318.974253
4318.461433
4315.38451
4314.871689
4317.435792
4318.974253
4315.38451
4315.38451
4317.948612
4318.461433
4316.922971
4316.410151
4316.922971
4316.922971
4316.410151
4316.922971
4319.999894
4319.999894
4317.948612
4317.435792
4319.487074
4320.512715
4315.89733
4313.333228
4316.410151
4318.974253
4316.922971
4315.89733
4316.922971
4317.435792
4316.410151
4315.38451
4314.871689
4315.89733
4318.461433
4319.487074
4315.89733
4313.846048
4316.922971
4318.974253
4316.410151
4316.410151
4317.948612
4314.871689
4313.846048
4316.410151
4317.435792
4318.461433
4317.435792
4315.89733
4320.512715
4320.512715
4315.89733
4315.89733
4319.487074
4318.461433
4316.410151
4315.89733
4317.948612
4319.999894
4317.948612
4314.871689
4317.948612
4321.025535
4318.461433
4317.435792
4318.461433
4317.435792
4317.435792
4317.948612
4316.922971
4316.410151
4315.89733
4315.38451
4316.410151
4316.410151
4316.922971
4321.538356
4323.589638
4320.512715
4318.461433
4315.38451
4314.358869
4316.922971
4317.948612
4316.922971
4316.410151
4316.410151
4318.974253
4323.076817
4318.974253
4312.820407
4317.948612
4322.563997
4316.922971
4314.358869
4318.461433
4318.974253
4316.922971
4318.974253
4320.512715
4319.999894
4318.974253
4316.922971
4315.38451
4317.948612
4318.974253
4316.410151
4316.410151
4316.922971
4316.922971
4316.922971
4316.922971
4315.89733
4317.435792
4318.461433
4315.89733
4315.38451
4316.922971
4317.948612
4317.435792
4315.89733
4315.89733
4317.435792
4317.948612
4315.89733
4315.89733
4318.974253
4317.948612
4315.89733
4316.922971
4318.461433
4316.922971
4314.871689
4315.38451
4317.435792
4317.435792
4318.974253
4320.512715
4317.948612
4314.358869
4317.948612
4322.051176
4318.974253
4315.38451
4317.435792
4320.512715
4318.461433
4315.89733
4315.89733
4318.461433
4319.999894
4317.435792
4314.871689
4315.89733
4317.435792
4317.948612
4317.435792
4318.974253
4321.538356
4320.512715
4318.461433
4317.948612
4316.922971
4315.89733
4317.435792
4317.948612
4316.922971
4317.948612
4316.922971
4315.89733
4315.38451
4314.358869
4316.922971
4319.999894
4317.435792
4315.89733
4318.974253
4317.435792
4316.410151
4319.999894
4321.025535
4318.974253
4318.974253
4319.487074
4318.461433
4318.974253
4317.948612
4316.922971
4315.89733
4317.948612
4321.538356
4319.487074
4316.410151
4317.948612
4319.487074
4318.461433
4319.999894
4320.512715
4319.487074
4319.487074
4322.051176
4320.512715
4317.435792
4318.461433
4319.999894
4319.999894
4317.435792
4316.410151
4317.435792
4317.948612
4316.922971
4316.410151
4317.435792
4316.922971
4316.922971
4315.38451
4314.871689
4317.435792
4316.922971
4315.89733
4317.948612
4317.948612
4316.922971
4316.410151
4315.38451
4315.89733
4316.410151
4316.922971
4319.487074
4319.999894
4316.922971
4317.948612
4318.974253
4315.38451
4314.871689
4316.922971
4315.38451
4314.871689
4316.410151
4316.922971
4316.410151
4318.461433
4318.461433
4315.89733
4315.89733
4317.948612
4315.89733
4314.358869
4316.922971
4317.435792
4312.820407
4312.307587
4316.922971
4318.461433
4316.410151
4313.333228
4314.871689
4319.999894
4319.999894
4316.922971
4317.435792
4317.948612
4318.461433
4318.461433
4314.871689
4313.333228
4316.410151
4316.922971
4315.89733
4316.922971
4316.410151
4315.89733
4317.948612
4317.435792
4314.871689
4314.871689
4315.38451
4316.410151
4316.922971
4315.89733
4313.333228
4314.358869
4317.435792
4315.89733
4312.820407
4313.846048
4315.89733
4315.89733
4315.89733
4315.89733
4314.871689
4314.358869
4315.38451
4315.89733
4316.922971
4317.948612
4317.435792
4314.871689
4316.922971
4318.461433
4314.871689
4312.820407
4314.871689
4315.38451
4314.358869
4315.89733
4316.922971
4315.89733
4317.948612
4321.025535
4319.999894
4320.512715
4318.974253
4315.38451
4313.333228
4313.846048
4315.89733
4318.461433
4317.948612
4314.871689
4314.871689
4315.38451
4315.38451
4316.922971
4315.89733
4314.871689
4315.89733
4317.948612
4321.538356
4320.512715
4315.89733
4315.89733
4318.974253
4316.922971
4314.871689
4316.410151
4316.922971
4316.922971
4317.435792
4318.461433
4317.948612
4313.846048
4315.38451
4322.051176
4321.025535
4315.38451
4315.38451
4318.461433
4316.922971
4315.38451
4315.89733
4314.871689
4315.38451
4316.410151
4315.38451
4315.89733
4316.410151
4314.871689
4313.333228
4315.89733
4316.410151
4313.846048
4317.948612
4322.051176
4317.435792
4313.333228
4321.025535
4323.589638
4314.871689
4312.820407
4318.974253
4318.461433
4315.38451
4319.487074
4320.512715
4314.871689
4314.358869
4318.461433
4317.435792
4313.846048
4316.410151
4323.589638
4324.102458
4315.89733
4313.333228
4316.922971
4316.410151
4313.333228
4313.846048
4315.89733
4315.38451
4316.922971
4317.948612
4316.922971
4319.487074
4321.538356
4317.435792
4313.846048
4315.38451
4316.922971
4316.410151
4316.922971
4316.922971
4316.922971
4315.38451
4315.38451
4315.89733
4316.410151
4316.922971
4315.38451
4314.358869
4317.435792
4316.410151
4313.333228
4314.871689
4316.922971
4315.89733
4317.435792
4318.461433
4316.410151
4316.410151
4317.435792
4316.922971
4317.435792
4315.89733
4314.358869
4313.333228
4316.410151
4319.487074
4316.410151
4314.871689
4317.435792
4317.435792
4315.89733
4317.435792
4318.461433
4317.948612
4317.948612
4316.410151
4317.435792
4317.435792
4315.38451
4313.333228
4314.871689
4316.410151
4316.410151
4315.89733
4315.89733
4315.89733
4312.820407
4313.333228
4318.461433
4318.461433
4314.358869
4314.358869
4316.410151
4315.38451
4314.358869
4315.38451
4314.871689
4315.89733
4317.435792
4315.38451
4314.871689
4316.410151
4316.922971
4316.922971
4316.410151
4313.333228
4314.871689
4316.922971
4313.846048
4313.846048
4316.410151
4314.871689
4318.461433
4323.076817
4318.461433
4315.38451
4318.974253
4317.948612
4315.38451
4316.922971
4316.922971
4316.410151
4317.435792
4318.461433
4315.89733
4313.333228
4315.89733
4318.974253
4317.435792
4316.410151
4316.922971
4314.871689
4313.846048
4317.948612
4321.538356
4318.461433
4314.871689
4318.461433
4322.051176
4318.974253
4318.461433
4320.512715
4318.461433
4317.435792
4320.512715
4319.487074
4318.461433
4318.974253
4319.999894
4319.999894
4319.999894
4321.025535
4322.563997
4321.025535
4319.487074
4321.025535
4322.051176
4322.051176
4321.025535
4318.461433
4317.948612
4320.512715
4320.512715
4316.922971
4317.948612
4321.538356
4320.512715
4318.461433
4321.025535
4318.974253
4313.846048
4316.922971
4319.487074
4316.922971
4314.871689
4315.89733
4318.974253
4318.974253
4316.410151
4315.89733
4318.461433
4317.435792
4320.512715
4324.102458
4317.948612
4313.333228
4318.974253
4322.563997
4316.410151
4314.871689
4317.948612
4316.922971
4315.38451
4315.89733
4314.871689
4314.871689
4316.922971
4317.435792
4315.89733
4316.922971
4316.922971
4315.89733
4314.358869
4314.871689
4318.974253
4319.487074
4315.38451
4314.358869
4315.89733
4316.410151
4320.512715
4323.076817
4319.999894
4320.512715
4324.615279
4321.538356
4315.89733
4318.461433
4321.538356
4317.435792
4316.410151
4321.538356
4319.487074
4315.38451
4316.922971
4315.89733
4317.435792
4322.051176
4321.025535
4318.974253
4322.051176
4324.102458
4322.563997
4318.461433
4313.846048
4316.922971
4322.563997
4318.461433
4314.871689
4317.435792
4317.948612
4315.38451
4314.358869
4316.922971
4320.512715
4321.025535
4317.948612
4317.435792
4319.999894
4317.948612
4315.89733
4317.435792
4315.38451
4315.89733
4317.948612
4316.410151
4314.358869
4313.846048
4318.461433
4322.563997
4318.974253
4316.410151
4319.999894
4318.461433
4313.846048
4315.38451
4315.38451
4314.871689
4316.922971
4317.435792
4316.410151
4317.435792
4318.461433
4318.974253
4318.974253
4319.487074
4321.025535
4321.025535
4320.512715
4319.487074
4319.487074
4320.512715
4318.974253
4317.948612
4317.948612
4318.974253
4318.974253
4318.974253
4317.435792
4318.974253
4319.999894
4317.948612
4317.435792
4321.025535
4321.538356
4319.999894
4319.487074
4318.461433
4320.512715
4318.461433
4312.820407
4316.922971
4323.076817
4318.974253
4313.333228
4315.38451
4319.487074
4318.974253
4317.948612
4319.487074
4317.435792
4314.358869
4316.922971
4318.974253
4317.435792
4317.435792
4317.435792
4318.461433
4321.538356
4321.538356
4317.948612
4318.461433
4319.999894
4319.487074
4318.461433
4319.487074
4320.512715
4320.512715
4318.974253
4316.922971
4318.974253
4319.487074
4317.948612
4317.948612
4316.410151
4316.410151
4318.974253
4320.512715
4319.999894
4318.461433
4318.461433
4320.512715
4317.435792
4314.358869
4318.974253
4321.538356
4316.410151
4314.871689
4316.922971
4316.922971
4317.435792
4318.974253
4317.948612
4314.871689
4315.38451
4316.410151
4314.871689
4317.948612
4319.999894
4316.922971
4316.410151
4319.999894
4317.948612
4315.89733
4319.999894
4318.974253
4315.38451
4317.435792
4321.025535
4319.487074
4319.487074
4321.538356
4320.512715
4317.948612
4316.410151
4316.410151
4316.922971
4317.948612
4319.999894
4322.563997
4317.948612
4315.38451
4318.974253
4318.461433
4315.89733
4320.512715
4322.051176
4316.922971
4317.948612
4320.512715
4319.487074
4320.512715
4319.999894
4317.948612
4319.487074
4319.487074
4316.410151
4317.435792
4321.025535
4318.461433
4316.922971
4318.461433
4315.89733
4312.820407
4315.89733
4318.974253
4315.89733
4313.333228
4315.38451
4318.461433
4315.38451
4312.307587
4316.410151
4318.461433
4317.435792
4319.487074
4320.512715
4318.461433
4318.461433
4317.948612
4318.461433
4321.538356
4319.487074
4318.974253
4319.487074
4318.974253
