
4327.179381
4326.666561
4327.179381
4327.692202
4327.179381
4327.179381
4328.717843
4329.230663
4327.692202
4325.64092
4326.666561
4331.281945
4331.281945
4328.205022
4328.717843
4330.256304
4328.717843
4328.205022
4331.281945
4332.307586
4328.205022
4327.692202
4331.794766
4330.769125
4326.666561
4327.179381
4329.230663
4329.743484
4331.281945
4329.230663
4328.717843
4331.281945
4327.692202
4324.102458
4327.692202
4330.769125
4327.692202
4327.692202
4330.256304
4329.230663
4328.717843
4330.256304
4331.281945
4330.256304
4328.717843
4330.256304
4331.281945
4331.794766
4331.794766
4331.794766
4331.281945
4330.769125
4329.743484
4328.717843
4329.230663
4331.794766
4331.794766
4329.230663
4330.256304
4332.307586
4332.820407
4332.820407
4329.743484
4327.179381
4330.256304
4332.307586
4330.256304
4329.743484
4331.281945
4330.769125
4331.281945
4331.281945
4330.256304
4331.281945
4333.333227
4332.820407
4331.281945
4330.769125
4330.769125
4331.281945
4332.307586
4332.307586
4332.307586
4331.794766
4331.281945
4329.743484
4329.743484
4331.281945
4332.307586
4331.794766
4332.307586
4330.256304
4332.307586
4336.41015
4333.846048
4329.230663
4331.281945
4332.307586
4330.256304
4333.333227
4336.41015
4332.820407
4331.281945
4333.333227
4331.281945
4329.743484
4332.307586
4333.333227
4331.794766
4330.769125
4329.230663
4331.794766
4335.89733
4333.846048
4330.256304
4331.794766
4334.358868
4332.820407
4329.743484
4330.769125
4330.769125
4328.717843
4329.743484
4332.307586
4330.256304
4329.230663
4331.794766
4330.769125
4330.769125
4331.794766
4331.794766
4329.743484
4329.743484
4331.281945
4331.281945
4331.794766
4332.307586
4330.769125
4329.743484
4331.794766
4331.281945
4329.743484
4330.256304
4330.256304
4328.717843
4330.769125
4330.769125
4329.230663
4330.769125
4331.281945
4330.256304
4329.743484
4329.743484
4330.256304
4331.794766
4331.281945
4330.256304
4329.230663
4329.743484
4333.333227
4333.846048
4330.256304
4329.743484
4330.769125
4329.743484
4329.743484
4330.769125
4330.256304
4330.256304
4329.743484
4330.256304
4330.769125
4330.769125
4330.256304
4329.230663
4330.256304
4331.794766
4330.769125
4330.769125
4331.794766
4330.256304
4329.743484
4329.743484
4328.717843
4328.717843
4330.256304
4330.769125
4329.743484
4329.230663
4329.230663
4330.256304
4331.281945
4330.256304
4329.743484
4331.794766
4332.820407
4329.743484
4328.717843
4330.256304
4330.256304
4328.717843
4328.717843
4329.230663
4331.281945
4331.794766
4329.743484
4329.743484
4330.769125
4329.743484
4329.230663
4328.717843
4327.692202
4330.769125
4332.307586
4329.230663
4328.205022
4328.717843
4328.205022
4328.205022
4328.205022
4327.179381
4329.230663
4328.717843
4324.102458
4324.615279
4327.692202
4325.64092
4323.076817
4323.589638
4322.563997
4321.538356
4319.999894
4315.38451
4314.358869
4316.922971
4316.410151
4314.871689
4314.358869
4314.358869
4315.38451
4316.922971
4317.948612
4317.948612
4316.922971
4316.922971
4316.922971
4315.89733
4314.358869
4312.820407
4314.358869
4317.948612
4316.410151
4314.358869
4318.461433
4321.538356
4319.487074
4319.999894
4323.589638
4323.589638
4318.461433
4316.922971
4317.948612
4316.410151
4315.38451
4317.435792
4317.435792
4316.410151
4317.435792
4320.512715
4323.589638
4319.999894
4314.871689
4315.89733
4318.974253
4316.922971
4314.871689
4317.948612
4321.538356
4321.538356
4321.538356
4323.076817
4324.102458
4324.615279
4324.102458
4323.076817
4324.102458
4328.717843
4328.717843
4327.179381
4327.692202
4327.179381
4324.102458
4324.102458
4325.128099
4323.076817
4323.076817
4324.102458
4323.589638
4322.563997
4323.076817
4325.128099
4324.615279
4324.102458
4326.666561
4328.205022
4326.666561
4328.717843
4330.256304
4328.205022
4327.692202
4328.205022
4328.717843
4328.717843
4328.717843
4328.717843
4330.769125
4330.769125
4329.230663
4330.256304
4331.281945
4331.281945
4329.743484
4331.794766
4332.820407
4329.743484
4329.743484
4332.307586
4332.307586
4330.769125
4331.794766
4332.820407
4332.307586
4330.769125
4329.230663
4330.256304
4330.256304
4329.230663
4330.769125
4331.281945
4330.256304
4329.230663
4328.205022
4326.15374
4327.179381
4329.743484
4327.692202
4325.64092
4328.205022
4330.256304
4328.205022
4327.179381
4328.205022
4327.179381
4326.666561
4328.205022
4327.692202
4325.64092
4325.128099
4325.128099
4323.076817
4323.076817
4324.615279
4323.589638
4324.102458
4325.64092
4325.128099
4325.64092
4329.230663
4329.230663
4326.666561
4327.179381
4328.717843
4328.205022
4327.692202
4327.692202
4327.179381
4327.692202
4328.205022
4326.666561
4328.205022
4329.230663
4329.230663
4329.743484
4329.743484
4327.692202
4328.205022
4331.281945
4332.307586
4330.769125
4328.205022
4328.717843
4330.769125
4327.692202
4325.128099
4327.179381
4330.769125
4329.743484
4326.666561
4327.692202
4329.230663
4328.717843
4328.205022
4328.717843
4329.743484
4330.256304
4329.230663
4327.179381
4329.743484
4331.794766
4329.743484
4329.743484
4331.281945
4330.256304
4328.717843
4328.717843
4330.256304
4331.281945
4330.256304
4330.256304
4330.769125
4329.743484
4329.743484
4329.743484
4328.717843
4328.205022
4330.256304
4331.281945
4328.717843
4328.205022
4330.769125
4330.256304
4328.717843
4330.256304
4330.769125
4328.205022
4329.230663
4331.794766
4330.256304
4327.179381
4328.717843
4331.794766
4329.743484
4327.179381
4328.205022
4329.230663
4327.179381
4326.666561
4328.717843
4329.743484
4328.717843
4328.205022
4328.205022
4327.179381
4326.666561
4328.205022
4329.743484
4330.256304
4329.743484
4330.256304
4329.743484
4328.717843
4329.743484
4329.743484
4327.692202
4327.692202
4328.717843
4328.205022
4328.205022
4328.717843
4328.205022
4328.717843
4329.743484
4329.743484
4328.205022
4327.179381
4327.179381
4327.692202
4327.692202
4327.692202
4328.717843
4328.205022
4328.717843
4330.769125
4329.230663
4325.64092
4327.692202
4332.307586
4331.281945
4328.205022
4328.205022
4328.205022
4326.15374
4327.179381
4329.743484
4329.743484
4328.717843
4328.717843
4329.230663
4327.692202
4328.717843
4329.230663
4328.205022
4326.666561
4328.205022
4328.717843
4327.692202
4327.692202
4327.179381
4326.15374
4327.692202
4329.230663
4329.230663
4328.205022
4328.717843
4328.717843
4328.717843
4330.769125
4331.794766
4328.717843
4324.615279
4326.15374
4330.256304
4328.717843
4326.15374
4327.179381
4330.256304
4329.230663
4327.692202
4327.692202
4329.743484
4329.230663
4326.666561
4325.64092
4326.666561
4326.15374
4324.102458
4325.128099
4328.205022
4328.717843
4326.666561
4326.666561
4328.717843
4328.205022
4327.179381
4326.666561
4325.64092
4325.128099
4326.15374
4327.179381
4326.666561
4325.64092
4324.102458
4324.615279
4326.666561
4326.666561
4325.128099
4326.15374
4328.205022
4327.179381
4323.589638
4324.102458
4326.666561
4325.64092
4327.179381
4330.256304
4327.692202
4325.64092
4325.64092
4325.128099
4327.179381
4327.692202
4325.64092
4326.666561
4326.666561
4323.589638
4324.615279
4324.615279
4321.538356
4323.076817
4327.179381
4326.15374
4322.563997
4325.64092
4328.205022
4324.615279
4321.025535
4326.15374
4328.717843
4324.102458
4323.589638
4327.692202
4325.64092
4321.538356
4326.666561
4331.281945
4325.64092
4322.051176
4324.102458
4323.076817
4319.487074
4321.025535
4325.128099
4321.538356
4316.922971
4320.512715
4325.64092
4323.076817
4320.512715
4321.025535
4321.025535
4318.974253
4321.025535
4322.051176
4320.512715
4318.974253
4318.974253
4321.025535
4319.999894
4318.461433
4318.974253
4319.487074
4319.999894
4319.999894
4321.538356
4323.589638
4324.102458
4321.025535
4321.025535
4323.589638
4323.076817
4322.051176
4323.589638
4323.076817
4321.025535
4321.025535
4322.051176
4322.563997
4324.615279
4325.128099
4323.076817
4322.051176
4321.538356
4320.512715
4321.538356
4321.025535
4318.974253
4319.487074
4321.025535
4319.999894
4319.487074
4321.538356
4323.589638
4323.589638
4322.563997
4322.051176
4322.051176
4320.512715
4319.487074
4319.487074
4321.538356
4324.102458
4322.051176
4320.512715
4323.076817
4322.051176
4318.461433
4318.461433
4319.999894
4319.487074
4318.461433
4319.487074
4322.051176
4323.076817
4319.487074
4320.512715
4323.589638
4323.076817
4321.025535
4321.538356
4324.102458
4323.076817
4319.487074
4317.948612
4319.487074
4320.512715
4319.999894
4319.487074
4321.025535
4323.076817
4324.102458
4324.102458
4323.076817
4321.538356
4321.538356
4319.487074
4319.999894
4323.589638
4324.102458
4323.076817
4323.076817
4323.589638
4324.615279
4323.076817
4321.538356
4321.538356
4319.999894
4318.974253
4323.076817
4324.615279
4321.025535
4319.487074
4320.512715
4321.025535
4319.487074
4318.461433
4321.025535
4323.589638
4323.589638
4322.563997
4323.076817
4324.102458
4324.615279
4322.563997
4320.512715
4322.051176
4322.563997
4322.051176
4320.512715
4319.487074
4319.999894
4323.076817
4324.615279
4322.051176
4321.025535
4324.102458
4324.102458
4322.051176
4322.563997
4323.589638
4323.076817
4325.128099
4325.64092
4323.589638
4323.076817
4324.102458
4324.102458
4322.563997
4322.563997
4323.589638
4325.128099
4325.128099
4324.102458
4325.128099
4327.692202
4326.666561
4324.615279
4325.128099
4324.615279
4322.563997
4323.589638
4325.64092
4325.128099
4321.538356
4323.589638
4328.205022
4326.666561
4324.615279
4327.692202
4326.666561
4322.563997
4325.128099
4328.717843
4326.15374
4322.563997
4323.589638
4323.589638
4323.076817
4324.615279
4324.102458
4322.563997
4325.64092
4328.717843
4327.179381
4325.64092
4326.666561
4327.692202
4326.15374
4323.076817
4325.64092
4329.743484
4327.692202
4327.692202
4329.743484
4328.205022
4325.128099
4325.128099
4326.15374
4327.179381
4328.205022
4325.64092
4323.076817
4324.102458
4327.179381
4328.205022
4329.230663
4329.743484
4326.666561
4323.589638
4323.589638
4326.15374
4328.717843
4327.692202
4325.64092
4327.692202
4329.230663
4326.666561
4325.128099
4326.15374
4327.179381
4328.205022
4326.666561
4323.589638
4324.102458
4327.179381
4327.692202
4325.64092
4324.102458
4325.128099
4327.179381
4327.179381
4326.15374
4328.205022
4328.717843
4327.692202
4328.205022
4327.179381
4327.179381
4328.717843
4326.15374
4322.563997
4326.666561
4330.256304
4326.666561
4324.615279
4326.15374
4328.205022
4326.666561
4325.128099
4327.179381
4326.666561
4322.051176
4322.051176
4326.666561
4325.64092
4324.102458
4323.589638
4322.051176
4319.999894
4320.512715
4323.589638
4324.102458
4322.563997
4321.538356
4321.538356
4322.051176
4322.563997
4322.563997
4320.512715
4321.025535
4323.076817
4322.051176
4321.538356
4322.563997
4321.538356
4319.999894
4322.051176
4322.051176
4318.974253
4318.974253
4321.538356
4322.563997
4322.563997
4322.563997
4324.102458
4324.102458
4322.563997
4321.025535
4322.051176
4323.589638
4323.589638
4323.076817
4322.051176
4322.051176
4323.076817
4324.615279
4325.128099
4326.15374
4329.743484
4329.230663
4326.666561
4328.205022
4329.743484
4327.179381
4326.15374
4329.743484
4330.256304
4329.230663
4329.743484
4330.256304
4331.281945
4331.281945
4325.64092
4319.999894
4321.025535
4323.589638
4322.563997
4323.076817
4324.615279
4323.589638
4324.615279
4325.128099
4324.615279
4326.666561
4328.205022
4327.179381
4327.692202
4327.692202
4327.179381
4330.256304
4329.743484
4324.615279
4326.666561
4329.743484
4326.15374
4323.076817
4323.589638
4320.512715
4318.461433
4322.563997
4324.102458
4324.102458
4327.692202
4328.205022
4325.128099
4327.179381
4331.794766
4330.769125
4325.64092
4323.076817
4323.589638
4324.615279
4324.102458
4321.538356
4314.358869
4313.333228
4321.025535
4323.589638
4324.102458
4326.666561
4326.666561
4322.051176
4320.512715
4321.538356
4321.025535
4319.999894
4319.487074
4316.410151
4310.256305
4310.256305
4317.435792
4318.461433
4318.461433
4325.64092
4321.025535
4304.615279
4309.230664
4325.128099
4321.025535
4314.871689
4318.974253
4324.102458
4327.179381
4329.230663
4329.743484
4329.230663
4331.281945
4334.358868
4335.89733
4335.384509
4333.846048
4333.333227
4332.307586
4331.794766
4329.230663
4328.205022
4330.256304
4328.717843
4326.666561
4325.128099
4324.615279
4324.102458
4318.461433
4317.435792
4319.487074
4318.461433
4316.410151
4320.512715
4323.589638
4324.102458
4326.15374
4327.692202
4328.717843
4329.230663
4332.307586
4336.922971
4336.922971
4333.846048
4335.89733
4337.435791
4331.794766
4330.256304
4334.871689
4333.846048
4329.230663
4329.743484
4331.794766
4331.281945
4327.692202
4325.64092
4326.666561
4325.128099
4320.512715
4320.512715
4322.051176
4322.051176
4322.051176
4322.563997
4322.051176
4324.615279
4325.128099
4321.025535
4319.487074
4321.025535
4318.974253
4317.948612
4318.974253
4320.512715
4321.538356
4317.948612
4315.89733
4316.410151
4314.358869
4312.307587
4313.333228
4312.307587
4311.794766
4314.358869
4313.333228
4312.820407
4316.410151
4317.435792
4317.435792
4317.435792
4317.435792
4318.461433
4317.435792
4316.922971
4321.025535
4321.025535
4316.410151
4316.922971
4320.512715
4321.538356
4322.051176
4323.589638
4323.076817
4323.076817
4325.128099
4323.076817
4322.051176
4324.615279
4325.128099
4324.615279
4326.666561
4326.666561
4325.64092
4327.692202
4327.179381
4324.615279
4323.589638
4324.102458
4325.64092
4327.179381
4327.179381
4325.128099
4323.076817
4321.538356
4321.538356
4321.538356
4321.538356
4322.051176
4319.999894
4315.89733
4315.89733
4319.487074
4320.512715
4318.974253
4320.512715
4322.563997
4323.076817
4325.64092
4325.64092
4323.076817
4326.666561
4329.743484
4325.64092
4325.128099
4328.205022
4324.102458
4320.512715
4322.051176
4325.128099
4328.205022
4328.205022
4324.615279
4323.076817
4324.615279
4325.128099
4324.615279
4324.102458
4322.563997
4321.538356
4322.563997
4323.076817
4323.076817
4323.076817
4323.589638
4321.538356
4321.025535
4322.563997
4323.589638
4321.538356
4319.487074
4319.487074
4320.512715
4321.538356
4319.999894
4320.512715
4323.589638
4324.615279
4323.076817
4324.102458
4327.692202
4326.666561
4325.128099
4327.692202
4329.743484
4326.666561
4323.076817
4323.589638
4323.589638
4322.051176
4321.538356
4323.589638
4325.128099
4324.102458
4323.076817
4323.076817
4323.589638
4325.128099
4326.666561
4327.692202
4328.205022
4326.666561
4325.64092
4324.102458
4322.563997
4325.128099
4328.205022
4325.128099
4322.051176
4326.666561
4327.179381
4323.589638
4323.589638
4324.615279
4323.589638
4324.102458
4324.102458
4322.051176
4320.512715
4321.538356
4322.563997
4323.076817
4323.076817
4323.589638
4323.589638
4323.076817
4325.64092
4328.205022
4327.692202
4329.743484
4332.820407
4329.743484
4325.64092
4328.717843
4331.794766
4330.256304
4329.743484
4329.230663
4328.717843
4331.794766
4336.41015
4335.89733
4331.281945
4331.281945
4333.846048
4330.769125
4328.205022
4330.769125
4331.794766
4329.743484
4330.256304
4331.281945
4328.717843
4326.15374
4325.128099
4325.64092
4327.179381
4329.743484
4328.717843
4326.15374
4326.666561
4327.692202
4327.179381
4328.205022
4329.743484
4328.205022
4323.076817
4322.563997
4325.128099
4323.589638
4323.076817
4330.256304
4331.794766
4326.15374
4326.15374
4328.717843
4328.717843
4329.743484
4332.307586
4331.281945
4329.230663
4329.743484
4330.769125
4329.230663
4328.717843
4330.769125
4329.230663
4325.128099
4325.64092
4325.64092
4323.076817
4323.589638
4325.64092
4324.102458
4322.051176
4322.051176
4323.076817
4321.025535
4318.461433
4319.487074
4322.051176
4319.487074
4317.435792
4320.512715
4324.102458
4323.589638
4321.538356
4322.563997
4322.563997
4320.512715
4321.025535
4326.15374
4326.15374
4327.692202
4330.256304
4326.666561
4324.102458
4324.102458
4324.615279
4318.974253
4314.871689
4314.871689
4321.025535
4325.128099
4323.589638
4322.051176
4323.589638
4326.15374
4324.102458
4323.076817
4325.64092
4323.076817
4319.999894
4322.051176
4323.589638
4323.076817
4325.128099
4327.692202
4330.256304
4330.256304
4328.205022
4326.666561
4325.128099
4323.076817
4324.615279
4326.15374
4326.666561
4329.230663
4330.769125
4328.205022
4327.692202
4329.230663
4329.230663
4328.717843
4328.205022
4326.666561
4327.692202
4328.717843
4325.64092
4322.563997
4323.076817
4322.563997
4322.563997
4323.589638
4322.563997
4321.025535
4321.538356
4324.615279
4326.15374
4323.589638
4323.076817
4324.615279
4324.615279
4323.589638
4322.051176
4321.538356
4323.589638
4325.128099
4323.076817
4322.563997
4325.64092
4326.15374
4321.538356
4318.974253
4321.025535
4321.538356
4319.999894
4318.461433
4321.025535
4324.102458
4323.589638
4323.589638
4324.102458
4323.589638
4324.102458
4328.205022
4330.769125
4329.230663
4325.128099
4324.615279
4327.692202
4329.743484
4329.230663
4328.717843
4328.717843
4328.717843
4329.743484
4331.281945
4331.281945
4333.846048
4336.922971
4335.89733
4334.358868
4338.461432
4340.512714
4337.948612
4337.948612
4339.487073
4337.948612
4336.41015
4333.846048
4330.256304
4334.358868
4338.974253
4332.820407
4326.666561
4327.692202
4324.102458
4317.435792
4317.948612
4320.512715
4319.487074
4317.435792
4318.974253
4324.102458
4325.64092
4322.563997
4322.563997
4325.128099
4323.589638
4323.589638
4324.615279
4326.15374
4327.179381
4329.230663
4330.256304
4326.15374
4321.025535
4321.025535
4323.076817
4323.589638
4325.64092
4326.666561
4322.563997
4316.410151
4313.333228
4315.38451
4317.435792
4318.974253
4321.025535
4322.051176
4321.025535
4318.461433
4317.948612
4318.974253
4321.538356
4322.051176
4322.051176
4322.051176
4323.589638
4324.615279
4323.589638
4323.076817
4321.538356
4318.461433
4317.948612
4321.025535
4323.589638
4326.15374
4328.717843
4329.230663
4327.692202
4326.666561
4325.128099
4325.64092
4327.179381
4324.615279
4323.076817
4325.128099
4321.025535
4317.948612
4321.538356
4319.487074
4313.333228
4315.89733
4321.025535
4316.922971
4316.410151
4319.487074
4316.410151
4314.358869
4315.89733
4315.38451
4311.281946
4309.230664
4310.769125
4314.358869
4315.38451
4314.358869
4315.89733
4317.435792
4321.025535
4322.563997
4321.025535
4318.974253
4317.435792
4314.871689
4313.846048
4315.89733
4315.38451
4313.846048
4317.435792
4318.461433
4315.89733
4317.435792
4318.461433
4317.948612
4321.025535
4321.538356
4316.922971
4317.435792
4319.999894
4321.025535
4322.051176
4319.999894
4321.538356
4323.589638
4316.922971
4313.333228
4317.435792
4317.435792
4315.38451
4317.948612
4315.89733
4314.358869
4318.461433
4316.922971
4316.410151
4322.051176
4323.076817
4321.025535
4322.563997
4325.64092
4321.538356
4317.948612
4321.025535
4325.64092
4324.102458
4322.563997
4323.076817
4321.538356
4322.563997
4326.15374
4324.102458
4322.051176
4322.563997
4322.563997
4324.102458
4327.692202
4328.205022
4326.666561
4325.128099
4323.076817
4322.563997
4325.64092
4327.692202
4327.179381
4326.15374
4324.615279
4324.102458
4326.666561
4325.64092
4321.538356
4322.563997
4325.128099
4323.589638
4324.615279
4326.666561
4325.64092
4324.615279
4325.128099
4324.615279
4323.589638
4323.589638
4323.076817
4322.051176
4322.051176
4321.025535
4319.487074
4322.051176
4324.615279
4324.102458
4326.15374
4327.179381
4324.102458
4323.076817
4321.025535
4318.974253
4323.076817
4323.076817
4320.512715
4323.589638
4326.15374
4325.128099
4326.15374
4325.64092
4324.102458
4324.102458
4322.563997
4322.563997
4326.15374
4327.179381
4326.15374
4325.128099
4324.615279
4326.666561
4328.205022
4327.179381
4326.15374
4328.717843
4331.281945
4329.743484
4327.179381
4328.717843
4330.769125
4330.769125
4330.769125
4329.743484
4329.230663
4331.281945
4331.281945
4329.230663
4331.281945
4333.846048
4331.281945
4329.743484
4332.307586
4333.333227
4331.794766
4330.256304
4329.743484
4330.256304
4332.307586
4333.846048
4333.333227
4334.871689
4335.89733
4332.307586
4330.256304
4331.794766
4330.256304
4329.230663
4332.307586
4334.871689
4331.794766
4327.692202
4328.717843
4330.769125
4330.256304
4329.230663
4330.769125
4331.794766
4330.256304
4330.256304
4329.230663
4329.230663
4330.769125
4329.743484
4330.769125
4333.333227
4330.769125
4329.230663
4331.281945
4329.743484
4328.205022
4330.256304
4329.230663
4329.743484
4332.307586
4330.769125
4330.769125
4333.333227
4331.794766
4329.230663
4330.256304
4331.281945
4329.230663
4328.205022
4328.717843
4330.256304
4330.256304
4328.717843
4328.205022
4329.230663
4330.256304
4329.743484
4329.743484
4330.769125
4330.256304
4329.230663
4330.256304
4330.769125
4328.717843
4327.692202
4328.205022
4327.692202
4327.692202
4329.230663
4330.256304
4329.743484
4329.230663
4328.717843
4328.205022
4328.717843
4328.717843
4329.230663
4330.256304
4328.717843
4326.15374
4327.692202
4329.230663
4327.692202
4328.205022
4329.743484
4329.230663
4327.179381
4327.692202
4329.743484
4330.256304
4328.205022
4329.230663
4330.769125
4329.230663
4327.179381
4328.717843
4329.743484
4328.717843
4328.717843
4329.230663
4329.230663
4328.717843
4329.230663
4329.230663
4328.205022
4327.692202
4328.205022
4326.666561
4326.15374
4329.743484
4330.256304
4324.615279
4324.102458
4328.205022
4329.230663
4329.230663
4331.794766
4332.820407
4330.769125
4330.256304
4330.256304
4329.743484
4329.743484
4329.230663
4328.205022
4330.256304
4332.307586
4328.717843
4328.205022
4329.230663
4325.64092
4323.076817
4319.999894
4318.974253
4322.563997
4326.15374
4327.692202
4327.179381
4326.15374
4328.717843
4330.769125
4326.15374
4324.615279
4328.717843
4326.15374
4322.051176
4324.615279
4327.179381
4326.15374
4325.64092
4325.64092
4325.128099
4326.666561
4330.256304
4329.230663
4325.64092
4326.15374
4328.717843
4329.743484
4329.743484
4329.230663
4328.717843
4328.205022
4329.743484
4329.743484
4327.179381
4326.666561
4326.15374
4325.128099
4325.64092
4328.205022
4328.205022
4328.717843
4330.256304
4328.205022
4326.15374
4326.666561
4327.179381
4326.15374
4326.666561
4326.15374
4325.128099
4328.205022
4330.769125
4328.717843
4328.205022
4329.230663
4329.743484
4330.256304
4329.743484
4329.230663
4329.743484
4329.743484
4328.717843
4329.743484
4331.281945
4331.281945
4329.743484
4328.205022
4330.256304
4332.307586
4330.769125
4329.230663
4329.743484
4329.230663
4326.15374
4327.692202
4329.743484
4328.205022
4326.666561
4327.692202
4328.717843
4328.717843
4329.743484
4329.230663
4328.717843
4329.743484
4328.205022
4325.128099
4324.102458
4325.64092
4325.128099
4323.076817
4321.538356
4324.102458
4325.128099
4321.538356
4321.025535
4322.563997
4323.589638
4325.64092
4326.666561
4325.128099
4324.102458
4325.128099
4325.64092
4327.179381
4325.64092
4324.615279
4324.102458
4323.076817
4323.076817
4323.076817
4322.563997
4325.128099
4327.692202
4326.15374
4325.128099
4327.179381
4327.692202
4325.64092
4323.589638
4323.589638
4324.615279
4323.589638
4324.615279
4327.692202
4327.692202
4323.589638
4324.102458
4328.205022
4326.15374
4324.102458
4327.692202
4330.256304
4327.692202
4324.102458
4324.102458
4325.64092
4325.128099
4324.615279
4324.615279
4324.102458
4325.128099
4327.692202
4329.230663
4325.64092
4324.102458
4327.179381
4325.128099
4321.538356
4326.15374
4330.256304
4327.179381
4327.692202
4330.256304
4329.230663
4328.205022
4328.205022
4328.717843
4328.205022
4328.205022
4328.717843
4328.717843
4329.230663
4331.281945
4331.794766
4329.230663
4327.179381
4328.717843
4329.743484
4328.717843
4330.256304
4331.281945
4329.230663
4328.205022
4327.692202
4328.717843
4328.717843
4327.179381
4327.179381
4328.205022
4325.64092
4325.64092
4329.230663
4328.205022
4326.666561
4329.743484
4331.281945
4328.717843
4327.692202
4329.230663
4328.205022
4327.692202
4328.717843
4328.717843
4327.179381
4326.15374
4326.666561
4327.179381
4327.179381
4325.128099
4323.589638
4326.15374
4324.615279
4323.076817
4326.15374
4326.666561
4323.076817
4322.563997
4323.589638
4321.025535
4321.538356
4323.076817
4320.512715
4321.538356
4325.128099
4324.102458
4321.538356
4322.563997
4322.051176
4321.538356
4321.538356
4321.025535
4322.563997
4324.102458
4321.538356
4320.512715
4323.589638
4324.615279
4321.025535
4319.999894
4322.051176
4321.538356
4321.538356
4323.076817
4321.538356
4319.999894
4321.025535
4322.563997
4324.102458
4324.615279
4322.563997
4319.999894
4321.025535
4323.076817
4322.563997
4323.589638
4324.102458
4323.076817
4321.538356
4321.538356
4322.051176
4321.025535
4319.487074
4318.974253
4321.025535
4321.538356
4319.487074
4319.999894
4321.538356
4322.051176
4321.025535
4320.512715
4321.538356
4322.051176
4321.538356
4320.512715
4320.512715
4319.999894
4322.051176
4322.051176
4318.974253
4318.461433
4319.487074
4318.974253
4319.999894
4322.563997
4322.563997
4321.025535
4320.512715
4321.025535
4323.589638
4322.051176
4317.435792
4319.999894
4323.076817
4318.974253
4317.948612
4322.563997
4322.051176
4319.487074
4322.563997
4323.076817
4321.025535
4323.076817
4323.076817
4319.999894
4321.538356
4325.128099
4324.102458
4321.538356
4322.051176
4322.051176
4320.512715
4320.512715
4322.051176
4322.051176
4321.538356
4322.563997
4323.076817
4321.025535
4319.487074
4322.051176
4324.102458
4324.102458
4323.076817
4322.051176
4322.563997
4322.563997
4321.025535
4322.051176
4325.128099
4323.589638
4320.512715
4322.563997
4323.589638
4321.538356
4322.563997
4323.589638
4323.076817
4322.051176
4322.051176
4323.076817
4324.102458
4323.076817
4322.051176
4322.563997
4323.076817
4321.538356
4320.512715
4319.999894
4319.999894
4321.538356
4325.128099
4324.102458
4321.538356
4323.076817
4322.563997
4320.512715
4320.512715
4319.487074
4318.974253
4319.487074
4319.999894
4320.512715
4320.512715
4318.974253
4319.999894
4321.025535
4321.538356
4323.076817
4323.589638
4323.076817
4323.076817
4320.512715
4321.538356
4324.102458
4322.563997
4320.512715
4322.051176
4324.615279
4325.128099
4322.563997
4320.512715
4322.563997
4322.563997
4321.538356
4322.563997
4322.563997
4320.512715
4320.512715
4319.999894
4319.999894
4322.051176
4322.051176
4319.999894
4322.563997
4325.64092
4325.128099
4323.589638
4325.64092
4327.692202
4326.15374
4325.128099
4324.615279
4323.589638
4322.051176
4322.563997
4324.615279
4322.563997
4320.512715
4322.051176
4322.563997
4320.512715
4319.999894
4321.538356
4319.999894
4318.461433
4319.487074
4321.538356
4321.538356
4319.487074
4318.974253
4321.538356
4323.589638
4322.051176
4321.025535
4323.076817
4323.076817
4322.563997
4324.102458
4324.615279
4322.563997
4319.999894
4321.538356
4323.076817
4322.563997
4322.563997
4321.025535
4319.487074
4322.051176
4323.589638
4319.487074
4319.999894
4321.025535
4320.512715
4321.025535
4320.512715
4319.487074
4321.538356
4321.025535
4319.999894
4321.025535
4320.512715
4320.512715
4324.615279
4323.589638
4320.512715
4320.512715
4321.025535
4320.512715
4321.538356
4322.563997
4320.512715
4321.025535
4322.563997
4320.512715
4317.948612
4318.974253
4323.076817
4324.615279
4321.538356
4316.922971
4317.948612
4322.051176
4323.076817
4322.051176
4321.538356
4322.051176
4321.538356
4318.974253
4316.922971
4319.999894
4319.999894
4316.410151
4316.922971
4321.025535
4321.538356
4317.948612
4318.461433
4321.538356
4322.563997
4319.487074
4319.487074
4322.051176
4321.538356
4321.025535
4319.999894
4319.487074
4320.512715
4319.487074
4319.487074
4319.487074
4320.512715
4317.948612
4314.871689
4318.461433
4322.051176
4319.487074
4318.974253
4322.563997
4318.974253
4315.38451
4320.512715
4322.051176
4317.948612
4318.974253
4323.076817
4323.589638
4322.051176
4323.589638
4325.128099
4323.076817
4322.051176
4322.051176
4320.512715
4319.487074
4322.563997
4323.589638
4321.025535
4321.538356
4323.076817
4320.512715
4318.974253
4321.538356
4322.051176
4320.512715
4319.487074
4318.974253
4320.512715
4321.538356
4321.025535
4319.999894
4322.051176
4322.563997
4321.538356
4323.076817
4322.563997
4321.538356
4321.538356
4322.051176
4322.563997
4324.102458
4323.589638
4323.589638
4324.102458
4324.102458
4324.615279
4323.076817
4321.538356
4323.589638
4325.128099
4323.076817
4323.076817
4324.102458
4322.051176
4319.487074
4320.512715
4324.102458
4325.128099
4324.615279
4324.615279
4322.563997
4319.487074
4321.538356
4325.64092
4322.051176
4318.974253
4322.563997
4322.051176
4319.999894
4322.563997
4322.563997
4317.948612
4319.487074
4324.102458
4322.563997
4321.538356
4322.563997
4322.563997
4322.051176
4323.076817
4322.563997
4323.589638
4324.615279
4324.102458
4323.076817
4324.102458
4324.615279
4323.589638
4322.563997
4321.538356
4321.025535
4323.589638
4325.128099
4322.051176
4320.512715
4322.563997
4322.563997
4323.076817
4323.589638
4321.538356
4320.512715
4322.051176
4322.563997
4323.076817
4324.102458
4325.64092
4324.615279
4323.076817
4324.102458
4322.051176
4318.974253
4320.512715
4323.076817
4320.512715
4320.512715
4323.076817
4324.102458
4323.076817
4323.076817
4322.563997
4322.051176
4322.563997
4321.538356
4322.051176
4324.615279
4324.615279
4322.563997
4321.538356
4320.512715
4321.538356
4323.589638
4323.589638
4322.051176
4323.076817
4323.589638
4321.538356
4320.512715
4320.512715
4321.538356
4322.051176
4322.051176
4323.076817
4322.563997
4321.538356
4323.076817
4321.538356
4317.948612
4319.999894
4322.563997
4320.512715
4321.025535
4322.563997
4324.102458
4325.64092
4322.563997
4320.512715
4322.563997
4321.025535
4319.487074
4322.563997
4322.563997
4321.025535
4324.615279
4324.615279
4319.999894
4319.999894
4323.076817
4322.051176
4319.999894
4319.487074
4319.487074
4321.025535
4322.051176
4319.487074
4318.461433
4320.512715
4321.538356
4321.025535
4321.538356
4322.051176
4321.025535
4322.051176
4322.051176
4322.563997
4323.076817
4323.589638
4323.076817
4320.512715
4317.435792
4319.999894
4323.589638
4322.563997
4322.563997
4323.589638
4321.025535
4319.487074
4321.538356
4322.051176
4321.538356
4322.563997
4321.025535
4319.999894
4320.512715
4319.999894
4319.487074
4319.487074
4319.999894
4321.025535
4321.538356
4318.974253
4319.487074
4322.563997
4322.563997
4319.487074
4319.487074
4321.538356
4321.025535
4319.999894
4319.487074
4320.512715
4320.512715
4320.512715
4321.538356
4319.999894
4319.487074
4321.025535
4319.999894
4317.948612
4319.487074
4318.974253
4316.410151
4314.871689
4314.871689
4318.974253
4322.051176
4320.512715
4319.487074
4321.538356
4323.589638
4321.025535
4315.38451
4316.922971
4323.076817
4323.589638
4322.051176
4321.538356
4321.025535
4321.538356
4322.051176
4320.512715
4321.025535
4322.051176
4322.051176
4321.538356
4321.538356
4322.051176
4320.512715
4320.512715
4319.999894
4319.487074
4320.512715
4319.999894
4319.999894
4320.512715
4318.461433
4316.922971
4321.025535
4323.589638
4321.538356
4321.025535
4321.538356
4321.538356
4321.025535
4320.512715
4320.512715
4320.512715
4320.512715
4320.512715
4320.512715
4322.051176
4322.051176
4321.025535
4322.051176
4323.076817
4319.999894
4320.512715
4323.076817
4324.102458
4323.589638
4323.589638
4323.589638
4324.615279
4322.563997
4319.999894
4321.025535
4322.563997
4321.538356
4321.025535
4319.999894
4318.461433
4318.461433
4319.487074
4318.974253
4319.999894
4320.512715
4319.999894
4319.999894
4319.999894
4321.538356
4322.051176
4321.025535
4322.051176
4324.102458
4323.076817
4320.512715
4321.025535
4321.025535
4322.051176
4323.076817
4322.051176
4322.051176
4324.102458
4324.615279
4322.563997
4321.025535
4321.025535
4322.051176
4319.487074
4319.487074
4322.563997
4321.025535
4318.461433
4321.025535
4322.563997
4321.025535
4319.487074
4321.025535
4323.076817
4323.076817
4321.538356
4323.076817
4322.051176
4318.974253
4318.974253
4322.051176
4321.025535
4317.435792
4319.487074
4323.076817
4323.589638
4323.589638
4322.563997
4321.538356
4323.589638
4322.563997
4318.974253
4319.999894
4322.051176
4323.076817
4324.102458
4322.563997
4319.999894
4322.563997
4323.076817
4321.025535
4322.051176
4323.589638
4321.538356
4319.999894
4322.051176
4323.589638
4322.051176
4321.025535
4323.076817
4324.102458
4322.051176
4321.025535
4323.589638
4324.615279
4321.538356
4318.461433
4319.487074
4318.461433
4318.461433
4321.025535
4322.051176
4322.563997
4324.615279
4324.102458
4323.589638
4323.589638
4320.512715
4319.487074
4322.051176
4323.076817
4322.051176
4319.999894
4318.974253
4319.999894
4320.512715
4321.538356
4322.563997
4321.538356
4318.974253
4318.461433
4320.512715
4322.051176
4321.025535
4319.487074
4319.999894
4319.487074
4319.487074
4318.461433
4318.974253
4321.025535
4321.538356
4319.487074
4319.487074
4320.512715
4319.487074
4319.487074
4319.487074
4319.487074
4322.051176
4321.538356
4320.512715
4324.102458
4321.538356
4316.922971
4320.512715
4324.615279
4321.025535
4319.999894
4320.512715
4319.487074
4318.974253
4320.512715
4321.025535
4320.512715
4319.487074
4319.999894
4322.563997
4319.487074
4314.871689
4316.410151
4321.025535
4318.974253
4317.435792
4319.999894
4321.025535
4319.999894
4318.461433
4318.461433
4318.974253
4318.974253
4319.487074
4319.999894
4318.461433
4318.461433
4322.051176
4321.538356
4317.948612
4318.974253
4323.076817
4318.974253
4315.89733
4322.051176
4322.051176
4317.948612
4319.999894
4323.076817
4319.999894
4317.948612
4318.461433
4319.999894
4322.563997
4318.461433
4314.358869
4318.461433
4320.512715
4316.922971
4317.948612
4319.999894
4319.487074
4321.025535
4319.999894
4316.922971
4321.025535
4324.102458
4317.948612
4315.38451
4318.974253
4318.461433
4316.410151
4321.025535
4319.487074
4313.846048
4318.461433
4324.102458
4319.999894
4318.461433
4321.538356
4321.025535
4317.948612
4318.974253
4318.974253
4317.948612
4320.512715
4323.589638
4322.051176
4320.512715
4322.051176
4319.487074
4319.487074
4321.025535
4318.974253
4318.974253
4322.563997
4321.538356
4318.461433
4319.487074
4320.512715
4320.512715
4317.435792
4315.38451
4316.410151
4317.948612
4315.38451
4313.846048
4314.358869
4315.38451
4314.871689
4314.358869
4315.89733
4314.358869
4312.820407
4317.948612
4320.512715
4318.461433
4318.461433
4321.025535
4321.025535
4317.435792
4314.871689
4317.948612
4323.076817
4322.051176
4318.974253
4319.487074
4321.538356
4322.051176
4321.538356
4322.563997
4323.589638
4322.051176
4318.974253
4317.435792
4318.974253
4321.025535
4318.974253
4318.461433
4322.051176
