
4401.538354
4397.94861
4388.205021
4372.307585
4367.17938
4373.333226
4383.076816
4388.205021
4388.205021
4385.128098
4379.487072
4375.384508
4378.461431
4382.051175
4376.92297
4374.358867
4376.92297
4375.897329
4376.92297
4377.43579
4375.384508
4379.999893
4385.640918
4375.897329
4364.102457
4366.66656
4365.640919
4364.615278
4371.794765
4371.281944
4362.563996
4353.846047
4347.692201
4350.769124
4364.102457
4374.358867
4374.871688
4370.256303
4362.563996
4357.948611
4360.512714
4368.205021
4375.897329
4377.948611
4381.538354
4381.538354
4377.948611
4379.999893
4382.051175
4376.410149
4367.692201
4367.17938
4368.205021
4365.640919
4369.230662
4372.820406
4369.230662
4368.717842
4373.846047
4376.92297
4381.538354
4392.820405
4399.999892
4402.563995
4402.051174
4395.384508
4389.230662
4398.461431
4410.769123
4410.256302
4408.20502
4405.640918
4401.025533
4400.512713
4400.512713
4397.43579
4394.871687
4386.666559
4381.538354
4390.769123
4403.076815
4407.179379
4411.794764
4415.384507
4414.358866
4412.307584
4409.230661
4415.897328
4422.051174
4408.717841
4393.846046
4404.102456
4415.384507
4410.256302
4406.666559
4409.230661
4409.743482
4411.281943
4416.410148
4423.076815
4422.051174
4414.358866
4410.769123
4413.333225
4410.256302
4399.487072
4392.820405
4392.307585
4398.974251
4408.717841
4413.846046
4412.307584
4415.897328
4419.999892
4415.897328
4412.820405
4411.794764
4402.563995
4396.922969
4405.640918
4408.717841
4404.615277
4408.717841
4413.846046
4406.666559
4395.384508
4388.205021
4386.153739
4383.076816
4385.640918
4396.410149
4403.076815
4403.076815
4403.589636
4403.076815
4407.6922
4412.820405
4408.717841
4410.256302
4415.897328
4408.717841
4400.512713
4406.153738
4406.153738
4398.974251
4392.820405
4392.820405
4397.43579
4402.051174
4404.102456
4400.512713
4396.410149
4401.025533
4410.769123
4420.512712
4429.230661
4430.769122
4426.153738
4419.999892
4412.307584
4406.153738
4408.20502
4408.717841
4400.512713
4394.871687
4399.999892
4404.615277
4404.615277
4401.538354
4395.384508
4391.281944
4389.230662
4386.666559
4389.743482
4397.43579
4398.974251
4401.538354
4407.179379
4403.589636
4396.922969
4402.051174
4411.281943
4407.6922
4401.538354
4407.6922
4411.281943
4406.153738
4408.20502
4415.897328
4415.384507
4411.794764
4411.794764
4407.179379
4402.051174
4402.563995
4404.615277
4401.025533
4396.922969
4397.94861
4396.922969
4393.333226
4395.897328
4400.512713
4397.43579
4392.307585
4397.43579
4409.230661
4410.769123
4406.153738
4409.743482
4416.922969
4414.871687
4408.717841
4406.666559
4412.820405
4421.025533
4419.487071
4415.384507
4413.333225
4414.358866
4412.307584
4408.20502
4406.666559
4402.051174
4392.820405
4392.307585
4396.922969
4397.43579
4398.974251
4404.615277
4408.20502
4411.794764
4409.743482
4405.640918
4407.6922
4406.666559
4401.025533
4395.897328
4397.43579
4415.897328
4429.743481
4414.358866
4400.512713
4415.384507
4430.769122
4428.20502
4422.563994
4420.512712
4419.487071
4417.94861
4417.435789
4424.615276
4431.794763
4426.153738
4421.025533
4429.743481
4436.922968
4439.487071
4440.512712
4437.948609
4436.410148
4434.871686
4431.281943
4436.922968
4444.615276
4441.025532
4436.922968
4436.922968
4437.948609
4435.384507
4435.897327
4446.666558
4452.820404
4437.948609
4425.128097
4426.666558
4422.563994
4417.435789
4426.666558
4434.871686
4434.358866
4439.487071
4449.23066
4450.769122
4442.051173
4430.256302
4417.94861
4416.922969
4421.538353
4421.538353
4426.666558
4439.487071
4438.97425
4425.640917
4421.538353
4429.743481
4433.846045
4431.281943
4424.102456
4418.974251
4427.179379
4434.871686
4424.615276
4409.743482
4405.640918
4403.076815
4401.538354
4409.230661
4418.46143
4414.358866
4403.589636
4399.999892
4404.102456
4407.6922
4405.128097
4398.974251
4395.897328
4399.487072
4401.025533
4402.563995
4405.640918
4395.897328
4381.025534
4374.358867
4362.563996
4353.846047
4361.538355
4366.153739
4362.563996
4367.692201
4368.717842
4364.615278
4371.794765
4373.846047
4369.230662
4375.897329
4388.717841
4385.128098
4375.897329
4369.230662
4362.051175
4363.589637
4378.974252
4393.846046
4402.051174
4405.128097
4398.461431
4385.128098
4379.487072
4378.461431
4373.333226
4373.333226
4383.076816
4393.846046
4396.922969
4390.256303
4377.948611
4366.153739
4355.897329
4352.820406
4362.051175
4372.307585
4371.281944
4370.769124
4377.43579
4377.43579
4373.846047
4375.384508
4374.871688
4369.743483
4371.281944
4371.281944
4365.128098
4366.66656
4371.794765
4369.230662
4367.692201
4367.17938
4361.025534
4355.897329
4357.435791
4358.461432
4353.333227
4350.769124
4353.333227
4360.512714
4371.281944
4381.025534
4384.615277
4378.974252
4366.66656
4353.333227
4349.230663
4358.974252
4370.256303
4372.307585
4369.743483
4369.743483
4374.871688
4379.999893
4384.102457
4377.948611
4367.17938
4364.102457
4370.769124
4374.871688
4378.461431
4383.076816
4384.102457
4385.640918
4389.230662
4386.153739
4383.076816
4389.743482
4393.846046
4390.769123
4387.6922
4383.589636
4374.871688
4369.230662
4369.743483
4366.153739
4358.461432
4364.102457
4382.051175
4391.281944
4389.743482
4386.666559
4382.563995
4378.974252
4377.43579
4373.846047
4376.92297
4381.538354
4382.563995
4384.615277
4386.666559
4387.6922
4393.846046
4392.820405
4384.102457
4388.717841
4399.999892
4393.846046
4382.051175
4376.92297
4370.256303
4365.640919
4368.205021
4370.256303
4365.640919
4357.435791
4348.205022
4350.256304
4358.974252
4356.41015
4349.230663
4346.15374
4345.128099
4345.128099
4347.692201
4347.692201
4345.640919
4343.076817
4342.051176
4345.640919
4354.871688
4356.41015
4349.743483
4354.358868
4363.589637
4354.871688
4342.563996
4345.640919
4350.769124
4346.66656
4339.999894
4342.051176
4345.640919
4341.025535
4338.974253
4348.205022
4351.794765
4347.179381
4348.717842
4358.974252
4360.512714
4349.743483
4344.102458
4349.743483
4353.333227
4347.179381
4338.461432
4335.89733
4344.102458
4353.846047
4353.846047
4348.717842
4347.692201
4348.717842
4351.794765
4357.948611
4359.487073
4351.281945
4343.589637
4343.076817
4345.640919
4348.205022
4346.66656
4343.076817
4348.205022
4361.025534
4363.076816
4356.92297
4354.871688
4356.92297
4352.820406
4349.743483
4351.794765
4350.769124
4344.615278
4350.769124
4364.615278
4365.128098
4356.92297
4355.897329
4359.999893
4358.461432
4357.948611
4366.66656
4370.769124
4362.051175
4352.820406
4346.66656
4343.589637
4347.179381
4346.15374
4335.89733
4333.333227
4337.435791
4336.41015
4335.384509
4337.948612
4343.589637
4350.769124
4351.281945
4345.640919
4349.743483
4354.358868
4352.820406
4360.512714
4373.333226
4371.794765
4358.461432
4349.230663
4350.769124
4357.948611
4363.589637
4368.205021
4369.230662
4359.487073
4347.692201
4351.794765
4360.512714
4366.153739
4373.333226
4376.92297
4369.230662
4364.615278
4369.743483
4371.794765
4370.769124
4374.871688
4379.999893
4383.076816
4386.153739
4386.666559
4386.666559
4391.281944
4396.922969
4394.358867
4392.820405
4398.974251
4407.179379
4408.20502
4410.769123
4417.94861
4413.846046
4395.384508
4381.025534
4387.6922
4399.999892
4400.512713
4393.846046
4397.43579
4402.563995
4402.563995
4408.20502
4411.794764
4409.230661
4413.846046
4415.897328
4407.6922
4406.153738
4408.717841
4403.589636
4403.589636
4416.922969
4427.179379
4425.640917
4421.538353
4422.051174
4426.153738
4429.230661
4430.769122
4436.410148
4440.512712
4434.358866
4425.640917
4427.179379
4433.846045
4434.871686
4431.794763
4424.615276
4419.999892
4417.94861
4418.974251
4428.20502
4436.410148
4431.794763
4425.128097
4423.589635
4423.076815
4422.051174
4419.487071
4412.820405
4410.256302
4407.6922
4400.512713
4401.025533
4404.102456
4400.512713
4395.897328
4394.871687
4391.794764
4388.717841
4381.025534
4373.333226
4375.384508
4378.461431
4377.43579
4386.666559
4396.410149
4393.333226
4389.230662
4391.281944
4397.43579
4405.640918
4414.358866
4417.94861
4414.358866
4398.974251
4385.640918
4362.051175
4318.974253
4280.512716
4263.589639
4248.205024
4219.999897
4197.948615
4178.974257
4118.461438
3965.128108
3714.358884
3422.564019
3206.666588
3159.999923
3281.538381
3495.89735
3717.948627
3906.153751
4050.256311
4146.666565
4210.769128
4269.230665
4314.871689
4335.89733
4352.307586
4378.461431
4403.589636
4416.922969
4422.563994
4426.153738
4428.71784
4440.512712
4456.410147
4466.153737
4471.794762
4477.435788
4484.102454
4491.794762
4499.99989
4498.974249
4491.794762
4485.640916
4482.563993
4488.717839
4505.640915
4516.410146
4513.846043
4507.692197
4506.153736
4502.051172
4493.333223
4484.102454
4482.563993
4481.538352
4477.435788
4475.384506
4472.820403
4472.820403
4472.307583
4469.23066
4474.358865
4488.717839
4494.358864
4495.897326
4499.99989
4503.589633
4504.615274
4506.153736
4514.358864
4524.615274
4527.692197
4528.717838
4531.794761
4529.230658
4526.153735
4523.076812
4519.487069
4519.487069
4523.589633
4523.589633
4524.615274
4534.871684
4542.051171
4537.948607
4533.333222
4535.897325
4540.512709
4537.435786
4529.230658
4528.205017
4526.666556
4517.948607
4514.871684
4529.743479
4542.563991
4539.487068
4528.205017
4526.666556
4533.333222
4535.384504
4532.307581
4531.794761
4526.153735
4517.948607
4519.487069
4529.230658
4538.974248
4541.53835
4539.487068
4531.28194
4527.692197
4537.435786
4548.205017
4539.487068
4527.692197
4536.410145
4544.615273
4532.820402
4526.153735
4531.794761
4531.794761
4521.02553
4514.358864
4514.871684
4512.307582
4510.2563
4512.307582
4515.384505
4509.743479
4503.589633
4506.153736
4514.871684
4516.410146
4510.76912
4507.179377
4501.538351
4495.384505
4496.410146
4495.897326
4490.2563
4493.333223
4499.99989
4499.99989
4495.384505
4495.384505
4494.871685
4491.281941
4490.769121
4490.2563
4484.102454
4477.948608
4472.307583
4465.128096
4465.128096
4468.205019
4467.692198
4465.128096
4468.205019
4482.051172
4495.897326
4487.179377
4473.846044
4478.974249
4486.666557
4474.871685
4465.128096
4471.794762
4474.871685
4466.153737
4458.97425
4460.512711
4461.025532
4459.48707
4462.563993
4470.256301
4473.333224
4473.333224
4472.307583
4467.179378
4466.666557
4472.820403
4467.179378
4460.512711
4458.461429
4449.743481
4444.102455
4442.563994
4440.512712
4439.487071
4442.563994
4442.563994
4441.025532
4443.589635
4450.769122
4454.871686
4449.743481
4445.640917
4453.846045
4457.948609
4453.846045
4453.846045
4453.333224
4445.640917
4439.999891
4441.538353
4442.051173
4439.999891
4432.820404
4428.20502
4429.230661
4428.71784
4422.563994
4420.512712
4426.153738
4431.281943
4428.71784
4430.256302
4435.384507
4431.281943
4424.102456
4422.051174
4422.563994
4417.435789
4413.846046
4410.256302
4406.153738
4406.153738
4406.666559
4405.640918
4411.281943
4419.487071
4419.999892
4415.897328
4415.384507
4417.435789
4416.410148
4409.743482
4405.640918
4408.20502
4402.563995
4394.358867
4398.461431
4402.051174
4394.358867
4393.846046
4406.153738
4414.358866
4416.410148
4419.999892
4419.999892
4417.94861
4418.46143
4417.435789
4416.922969
4413.846046
4411.794764
4409.230661
4407.6922
4407.179379
4409.230661
4411.794764
4417.435789
4425.128097
4430.769122
4434.871686
4433.846045
4424.102456
4418.974251
4421.538353
4421.025533
4416.922969
4411.281943
4407.179379
4407.179379
4402.051174
4386.153739
4374.358867
4369.743483
4361.025534
4359.487073
4369.230662
4372.307585
4361.538355
4355.384509
4361.025534
4362.563996
4351.281945
4348.717842
4353.846047
4349.743483
4344.102458
4346.66656
4348.205022
4344.615278
4338.461432
4334.358868
4337.948612
4344.615278
4346.66656
4352.307586
4357.948611
4351.794765
4343.589637
4342.563996
4345.640919
4345.128099
4342.051176
4339.999894
4346.66656
4353.333227
4351.281945
4345.128099
4339.999894
4334.871689
4331.794766
4334.871689
4341.025535
4347.692201
4353.333227
4354.871688
4350.769124
4351.794765
4358.461432
4361.538355
4353.333227
4345.128099
4345.640919
4348.717842
4341.538355
4336.41015
4344.615278
4353.846047
4357.948611
4366.153739
4373.846047
4374.358867
4372.820406
4367.692201
4366.66656
4372.307585
4374.358867
4370.256303
4370.256303
4372.820406
4370.769124
4368.205021
4372.307585
4378.461431
4378.461431
4374.358867
4372.307585
4374.871688
4374.871688
4369.743483
4365.640919
4370.256303
4373.333226
4374.358867
4379.487072
4383.589636
4388.205021
4398.461431
4405.640918
4405.128097
4405.128097
4405.640918
4408.717841
4409.230661
4403.076815
4397.43579
4401.025533
4407.179379
4408.20502
4407.179379
4408.20502
4403.076815
4393.846046
4391.794764
4395.897328
4397.43579
4396.410149
4394.871687
4393.333226
4395.384508
4401.025533
4405.128097
4405.128097
4405.640918
4404.102456
4401.025533
4403.589636
4408.717841
4409.743482
4408.717841
4410.769123
4419.487071
4426.153738
4417.94861
4416.410148
4427.692199
4430.769122
4423.076815
4419.999892
4414.358866
4409.743482
4412.820405
4415.897328
4417.435789
4424.102456
4432.307584
4430.256302
4425.128097
4425.640917
4430.769122
4435.897327
4439.999891
4443.076814
4441.538353
4431.281943
4426.153738
4426.666558
4424.615276
4419.999892
4430.256302
4442.051173
4435.897327
4425.640917
4425.128097
4428.20502
4429.743481
4436.922968
4448.71784
4456.410147
4456.922968
4454.871686
4447.692199
4439.487071
4443.076814
4450.256301
4451.281942
4456.410147
4465.128096
4467.179378
4466.666557
4465.128096
4460.512711
4458.461429
4460.512711
4463.589634
4467.692198
4471.794762
4471.281942
4463.589634
4457.435788
4455.384506
4455.384506
4450.769122
4442.051173
4433.333225
4428.71784
4430.769122
4436.922968
4442.051173
4439.999891
4431.794763
4429.230661
4438.97425
4446.666558
4446.153737
4449.23066
4453.333224
4446.153737
4439.999891
4441.025532
4438.46143
4428.71784
4418.974251
4413.846046
4419.999892
4432.820404
4438.97425
4442.563994
4443.589635
4442.563994
4438.46143
4429.743481
4418.974251
4417.435789
4417.94861
4415.897328
4416.922969
4416.922969
4421.538353
4431.794763
4430.769122
4423.076815
4424.615276
4425.128097
4421.025533
4418.46143
4422.563994
4428.20502
4428.71784
4424.102456
4423.076815
4425.128097
4427.692199
4432.307584
4438.46143
4437.948609
4426.153738
4416.410148
4414.358866
4413.846046
4414.358866
4419.999892
4424.102456
4427.179379
4427.179379
4424.615276
4424.102456
4424.102456
4421.025533
4415.897328
4410.769123
4408.20502
4412.820405
4420.512712
4428.20502
4431.794763
4428.20502
4424.102456
4426.666558
4425.128097
4417.94861
4418.46143
4426.666558
4431.281943
4435.384507
4445.640917
4449.743481
4445.128096
4436.410148
4426.666558
4411.794764
4390.769123
4371.281944
4362.051175
4367.17938
4380.512713
4390.256303
4397.94861
4400.512713
4393.846046
4383.076816
4381.025534
4377.43579
4366.66656
4367.692201
4375.897329
4382.563995
4386.666559
4390.256303
4397.43579
4408.20502
4405.128097
4393.846046
4394.871687
4391.794764
4376.92297
4373.846047
4381.538354
4382.051175
4376.410149
4376.410149
4384.102457
4389.743482
4393.846046
4393.846046
4389.743482
4385.128098
4386.153739
4385.128098
4385.128098
4394.871687
4405.128097
4406.666559
4402.563995
4398.974251
4401.538354
4405.640918
4404.615277
4402.563995
4405.128097
4399.999892
4385.640918
4383.076816
4387.17938
4387.17938
4390.256303
4397.43579
4401.538354
4403.076815
4402.051174
4394.871687
4387.6922
4383.076816
4381.025534
4384.615277
4387.6922
4381.538354
4374.871688
4374.358867
4378.461431
4377.43579
4376.92297
4384.102457
4389.743482
4390.256303
4391.794764
4398.461431
4403.589636
4401.538354
4391.794764
4379.999893
4373.333226
4375.384508
4385.128098
4397.94861
4396.410149
4382.563995
4373.333226
4376.92297
4378.461431
4371.281944
4368.717842
4377.948611
4383.589636
4377.43579
4369.230662
4371.281944
4376.410149
4376.410149
4379.487072
4378.974252
4371.794765
4362.051175
4354.871688
4351.281945
4357.948611
4364.102457
4362.563996
4361.538355
4364.102457
4365.640919
4362.051175
4353.846047
4347.179381
4346.15374
4350.769124
4354.358868
4350.256304
4347.692201
4362.563996
4377.948611
4377.43579
4376.92297
4378.974252
4378.974252
4381.025534
4383.589636
4382.051175
4378.974252
4371.794765
4363.589637
4364.102457
4365.640919
4365.640919
4364.102457
4361.538355
4362.563996
4367.17938
4368.717842
4370.769124
4374.871688
4372.820406
4367.692201
4370.256303
4376.410149
4371.281944
4366.66656
4374.358867
4375.897329
4361.538355
4355.384509
4360.512714
4364.615278
4369.230662
4378.461431
4384.102457
4381.025534
4378.974252
4385.128098
4391.794764
4387.6922
4377.948611
4372.820406
4375.897329
4381.538354
4382.563995
4377.948611
4370.769124
4364.102457
4363.589637
4364.615278
4362.563996
4364.615278
4369.743483
4373.846047
4383.589636
4390.769123
4389.230662
4389.743482
4390.256303
4386.666559
4381.538354
4377.948611
4379.487072
4386.666559
4388.717841
4390.769123
4402.051174
4410.256302
4410.769123
4414.358866
4418.974251
4411.281943
4407.6922
4413.846046
4414.871687
4414.358866
4423.076815
4426.153738
4425.128097
4431.794763
4438.97425
4437.435789
4429.230661
4420.512712
4425.128097
4436.410148
4435.897327
4429.230661
4427.179379
4427.692199
4427.692199
4435.384507
4439.999891
4432.307584
4426.153738
4432.307584
4437.948609
4442.051173
4448.71784
4456.410147
4461.538352
4464.102455
4466.153737
4463.589634
4460.512711
4467.179378
4471.281942
4462.563993
4459.48707
4468.205019
4469.74348
4464.102455
4466.666557
4474.358865
4483.589634
4488.205018
4484.615275
4478.974249
4481.025531
4483.589634
4480.512711
4484.102454
4487.179377
4477.948608
4467.692198
4469.23066
4468.205019
4460.512711
4456.410147
4455.384506
4448.205019
4438.97425
4438.97425
4448.205019
4453.846045
4454.358865
4452.307583
4445.640917
4440.512712
4437.435789
4430.256302
4428.71784
4437.435789
4442.563994
4442.563994
4441.025532
4436.922968
4432.820404
4433.846045
4436.410148
4439.487071
4444.102455
4450.256301
4453.333224
4449.23066
4445.640917
4436.410148
4424.102456
4426.666558
4439.999891
4446.666558
4448.71784
4454.871686
4458.97425
4452.820404
4448.71784
4452.820404
4457.435788
4458.97425
4458.97425
4455.897327
4455.384506
4464.615275
4468.717839
4462.051173
4454.871686
4454.358865
4459.999891
4466.666557
4465.128096
4459.999891
4458.461429
4458.461429
4458.97425
4459.48707
4455.897327
4450.256301
4451.281942
4456.410147
4456.410147
4450.769122
4451.281942
4449.23066
4436.922968
4432.307584
4445.128096
4453.846045
4449.743481
4450.256301
4455.897327
4458.97425
4463.589634
4465.640916
4459.999891
4453.846045
4450.256301
4453.846045
4458.97425
4455.384506
4445.640917
4443.076814
4436.410148
4427.179379
4435.897327
4444.102455
4438.97425
4448.71784
4469.74348
4467.692198
4453.333224
4451.794763
4454.358865
4451.281942
4450.256301
4446.666558
4441.025532
4434.358866
4425.128097
4423.589635
4430.769122
4431.794763
4424.615276
4426.666558
4430.256302
4431.794763
4433.333225
4427.692199
4419.999892
4421.538353
4419.487071
4415.384507
4419.999892
4428.71784
4434.358866
4439.487071
4441.538353
4443.589635
4441.538353
4437.948609
4445.640917
4454.871686
4452.820404
4449.743481
4453.846045
4452.820404
4448.71784
4446.666558
4446.153737
4444.615276
4443.076814
4439.487071
4437.948609
4435.897327
4433.846045
4437.948609
4443.076814
4441.538353
4433.333225
4426.666558
4421.538353
4418.46143
4411.794764
4408.20502
4407.6922
4403.589636
4402.051174
4409.230661
4417.435789
4418.974251
4414.871687
4410.256302
4406.153738
4403.589636
4404.615277
4403.076815
4403.076815
4408.20502
4415.384507
4409.230661
4400.512713
4394.871687
4390.769123
4395.384508
4404.615277
4407.6922
4409.230661
4410.769123
4407.6922
4407.179379
4413.333225
4418.974251
4418.974251
4418.974251
4425.640917
4437.435789
4446.153737
4451.281942
4446.666558
4439.487071
4442.563994
4447.692199
4448.71784
4451.281942
4458.97425
4459.999891
4452.820404
4449.23066
4453.333224
4454.871686
4452.820404
4451.794763
4449.743481
4444.102455
4444.615276
4453.333224
4458.97425
4453.846045
4447.692199
4447.179378
4451.794763
4454.871686
4454.358865
4464.102455
4470.769121
4461.025532
4458.97425
4471.281942
4469.23066
4461.538352
4461.538352
4459.48707
4463.076814
4473.846044
4478.974249
4475.384506
4470.769121
4464.102455
4457.435788
4461.025532
4471.281942
4475.897326
4481.025531
4485.128095
4479.48707
4474.358865
4477.948608
4479.48707
4481.025531
4483.589634
4478.461429
4471.794762
4477.948608
4487.179377
4484.615275
4478.974249
4477.948608
4476.922967
4472.307583
4476.922967
4491.281941
4506.666556
4512.307582
4516.410146
4516.922966
4508.205018
4499.99989
4496.922967
4496.922967
4495.384505
4490.769121
4493.846044
4503.589633
4501.538351
4494.871685
4496.410146
4497.435787
4489.230659
4486.666557
4484.615275
4476.410147
4473.333224
4482.563993
4494.871685
4499.99989
4497.435787
4494.871685
4501.538351
4505.640915
4498.461428
4491.794762
4491.794762
4491.794762
4494.358864
4496.922967
4495.897326
4496.410146
4502.051172
4506.153736
4506.153736
4502.051172
4498.461428
4490.769121
4478.461429
4480.512711
4492.820403
4495.897326
4491.281941
4491.794762
4493.333223
4494.358864
4498.461428
4504.615274
4508.205018
4505.640915
4501.538351
4506.153736
4512.820402
4508.717838
4498.974249
4493.846044
4492.307582
4488.717839
4488.717839
4494.358864
4501.025531
4502.563992
4502.051172
4505.128095
4503.589633
4495.897326
4496.922967
4500.51271
4493.333223
4486.153736
4486.153736
4487.692198
4489.230659
4490.769121
4489.74348
4494.358864
4503.589633
4502.051172
4495.384505
4501.538351
4504.102454
4498.974249
4498.974249
4494.871685
4484.615275
4489.74348
4497.435787
4488.205018
4482.051172
4484.102454
4481.025531
4469.74348
4465.128096
4471.281942
4474.358865
4473.333224
4483.589634
4492.307582
4485.640916
4478.974249
4483.076813
4482.563993
4474.358865
4471.794762
4471.794762
4470.769121
4468.717839
4468.717839
4471.281942
4474.358865
4470.256301
4469.23066
4471.281942
4462.563993
4453.333224
4456.922968
4461.025532
4462.563993
4470.256301
4475.897326
4471.281942
4460.512711
4458.461429
4465.640916
4467.179378
4459.48707
4457.435788
4461.538352
4463.589634
4457.435788
4453.846045
4457.435788
4459.48707
4458.461429
4459.48707
4459.999891
4461.538352
4466.153737
4469.74348
4474.871685
4475.384506
4469.23066
4463.589634
4461.538352
4458.461429
4454.358865
4452.820404
4453.333224
4445.128096
4433.333225
4437.948609
4446.666558
4446.666558
4447.692199
4451.794763
4453.333224
4457.948609
4457.948609
4445.640917
4431.794763
4431.281943
4438.46143
4437.948609
4432.307584
4441.538353
4458.461429
4456.922968
4444.615276
4438.46143
4431.794763
4417.435789
4416.410148
4428.20502
4431.794763
4431.794763
4434.358866
4428.71784
4425.640917
4430.256302
4430.769122
4427.692199
4425.640917
4418.46143
4410.256302
4414.358866
4424.102456
4429.743481
4429.230661
4421.025533
4399.487072
4379.999893
4378.974252
4385.128098
4379.999893
4373.846047
4378.974252
4391.794764
4399.999892
4398.461431
4392.820405
4391.794764
4394.358867
4396.410149
4403.589636
4410.769123
4412.307584
4410.256302
4412.307584
4417.94861
4426.666558
4432.820404
4428.71784
4424.615276
4426.666558
4427.179379
4425.128097
4422.051174
4418.974251
4419.999892
4421.538353
4421.538353
4423.589635
4423.076815
4413.333225
4408.20502
4407.179379
4401.538354
4399.999892
4404.615277
4403.589636
4394.871687
4391.281944
4392.307585
4388.205021
4385.640918
4391.794764
4393.333226
4386.666559
4383.589636
4389.743482
4395.384508
4397.94861
4400.512713
4405.128097
4410.769123
4416.410148
4417.94861
4415.897328
4416.410148
4417.94861
4412.820405
4410.256302
4415.897328
4418.46143
4415.897328
4409.743482
4405.640918
4405.640918
4402.563995
4395.897328
4399.487072
4409.743482
4415.897328
4419.487071
4413.846046
4391.281944
4370.769124
4365.640919
4368.205021
4370.769124
4372.307585
4375.897329
4377.948611
4375.897329
4380.512713
4396.410149
4403.076815
4393.846046
4386.153739
4387.17938
4389.743482
4392.307585
4396.922969
4396.922969
4398.974251
4405.640918
4408.20502
4407.6922
4413.846046
4419.999892
4418.46143
4413.333225
4410.256302
4406.666559
4406.666559
4410.769123
4410.256302
4408.20502
4410.769123
4413.846046
4411.794764
4414.358866
4416.922969
4422.563994
4428.20502
4423.589635
4411.281943
4405.128097
4405.640918
4410.256302
4416.410148
4418.974251
4412.820405
4404.102456
4401.538354
4406.153738
4411.794764
4406.666559
4393.333226
4386.153739
4383.076816
4375.897329
4381.025534
4400.512713
4407.179379
4406.153738
4418.974251
4426.666558
4421.538353
4421.025533
4417.435789
4398.974251
4386.666559
4390.256303
4393.333226
4397.43579
4401.025533
4401.538354
4398.461431
4392.820405
4392.307585
4396.410149
4389.743482
4377.43579
4376.92297
4377.43579
4379.487072
4391.794764
4401.538354
4401.025533
4402.051174
4399.999892
4390.256303
4383.589636
4385.640918
4389.230662
4389.743482
4385.128098
4383.589636
4393.846046
4402.051174
4395.897328
4389.743482
4387.6922
4383.589636
4389.230662
4395.897328
4390.769123
4384.615277
4385.128098
4387.6922
4392.307585
4395.384508
4394.358867
4387.17938
4382.563995
4395.897328
4412.307584
4404.615277
4386.666559
4389.743482
4399.999892
4397.43579
4401.025533
4401.025533
4371.794765
4394.358867
4490.769121
4543.589632
4526.153735
4514.358864
4511.281941
4503.076813
4503.589633
4498.461428
4495.384505
4502.563992
4505.128095
4503.589633
4505.640915
4503.589633
4498.974249
4492.820403
4489.230659
4490.769121
4491.281941
4489.74348
4488.205018
4485.128095
4483.589634
4486.666557
4487.692198
4488.717839
4488.717839
4485.128095
4484.102454
4492.307582
4495.384505
4492.820403
4490.2563
4491.281941
4493.846044
4487.692198
4476.410147
4471.794762
4474.358865
4473.333224
4474.871685
4475.897326
4469.23066
4459.999891
4456.410147
4458.97425
4465.128096
4473.846044
4485.128095
4484.102454
4471.281942
4460.512711
4465.128096
4475.384506
4477.948608
4472.307583
4465.640916
4462.051173
4460.512711
4470.769121
4481.025531
4476.410147
4465.640916
4459.48707
4456.410147
4452.820404
4453.333224
4454.871686
4454.871686
4456.410147
4458.461429
4457.948609
4456.410147
4457.948609
4460.512711
4455.897327
4450.769122
4455.897327
4458.97425
4445.640917
4434.871686
4442.051173
4454.358865
4458.461429
4460.512711
4464.102455
4461.538352
4457.435788
4461.025532
4465.640916
4461.025532
4461.538352
4472.307583
4475.897326
4468.717839
4469.74348
4477.435788
4478.974249
4476.922967
4477.948608
4472.307583
4463.076814
4457.948609
4453.846045
4452.307583
4451.281942
4450.256301
4454.871686
4463.589634
4462.563993
4457.435788
4457.948609
4465.640916
4472.307583
4469.74348
4462.051173
4459.48707
4461.025532
4459.999891
4456.410147
4447.692199
4440.512712
4442.563994
4443.589635
4439.999891
4439.999891
4440.512712
4439.487071
4441.025532
4443.076814
4442.051173
4436.410148
4425.640917
4421.538353
4426.666558
4432.307584
4433.846045
4436.410148
4435.897327
4427.692199
4421.538353
4419.487071
4415.897328
4409.230661
4400.512713
4393.333226
4398.974251
4406.666559
4408.717841
4414.871687
4420.512712
4414.871687
4405.128097
4401.538354
4398.974251
4396.922969
4394.358867
4398.461431
4405.640918
4403.589636
4399.487072
4404.615277
4415.897328
4423.589635
4425.128097
4419.999892
4409.743482
4405.640918
4404.615277
4403.589636
4405.640918
4412.820405
4422.563994
4422.563994
4413.333225
4409.743482
4415.384507
4416.410148
4414.871687
4412.307584
4406.153738
4406.153738
4410.256302
4411.281943
4415.384507
4418.46143
4413.846046
4412.820405
4412.307584
4402.563995
4397.43579
4402.563995
4406.153738
4409.230661
4409.230661
4405.640918
4412.820405
4424.102456
4414.871687
4405.640918
4407.179379
4399.999892
4396.410149
4409.230661
4417.435789
4414.871687
4414.871687
4413.333225
4413.333225
4419.487071
4418.46143
4407.179379
4406.153738
4416.410148
4416.922969
4410.769123
4415.384507
4428.20502
4431.281943
4427.692199
4429.743481
4433.333225
4428.20502
4420.512712
4414.871687
4410.256302
4408.20502
4412.820405
4414.871687
4421.025533
4435.897327
4447.692199
4450.256301
4449.23066
4445.128096
4436.410148
4432.307584
4427.692199
4422.051174
4423.076815
4423.076815
4421.025533
4430.256302
4443.076814
4449.23066
4454.871686
4455.384506
4441.538353
4431.281943
4431.794763
4428.71784
4422.563994
4419.999892
4428.20502
4436.410148
4441.538353
4452.820404
4465.640916
4465.128096
4455.897327
4447.179378
4441.025532
4435.897327
4431.281943
4427.179379
4429.743481
4430.769122
4432.307584
4450.256301
4473.846044
4482.051172
4471.794762
4461.025532
4447.179378
4429.230661
4421.538353
4426.153738
4431.281943
4435.897327
4445.128096
4451.281942
4448.71784
4448.205019
4451.794763
4442.563994
4433.846045
4437.435789
4434.871686
4421.025533
4418.46143
4424.615276
4431.794763
4437.435789
4432.820404
4424.102456
4418.974251
4409.743482
4402.563995
4409.743482
4418.974251
4415.384507
4414.871687
4425.640917
4430.256302
4426.666558
4427.179379
4429.743481
4418.46143
4402.563995
4404.615277
4421.538353
4421.538353
4410.769123
4413.333225
4420.512712
4427.179379
4438.46143
4443.076814
4431.281943
4413.333225
4398.461431
4401.025533
4411.794764
4413.846046
4407.179379
4407.6922
4411.794764
4414.871687
4419.487071
4425.128097
4427.692199
4422.051174
4417.435789
4417.435789
4407.179379
4389.230662
4386.666559
4389.230662
4383.589636
4384.615277
4396.410149
4410.769123
4427.179379
4429.743481
4415.384507
4409.743482
4411.794764
4409.230661
4410.256302
4416.922969
4417.435789
4415.384507
4413.846046
4415.384507
4421.538353
4424.102456
4415.897328
4409.743482
4412.820405
4416.410148
4416.410148
4421.538353
4422.051174
4417.94861
4421.025533
4427.179379
4429.743481
4428.71784
4427.692199
4425.640917
4425.128097
4426.153738
4425.128097
4416.922969
4413.333225
4423.076815
4428.71784
4419.487071
4408.717841
4404.102456
4394.358867
4382.051175
4388.717841
4403.589636
4403.589636
4403.589636
4406.666559
4397.94861
4388.717841
4396.922969
4405.128097
4403.076815
4398.461431
4393.333226
4390.256303
4394.871687
4405.128097
4408.717841
4402.563995
4395.384508
4393.846046
4394.358867
4397.43579
4396.922969
4394.871687
4397.94861
4403.076815
4399.487072
4392.820405
4391.281944
4394.871687
4405.128097
4415.384507
4418.974251
4415.897328
4409.743482
4399.487072
4391.794764
4393.846046
4401.025533
4402.051174
4396.922969
4395.897328
4398.974251
4400.512713
4402.051174
4400.512713
4391.281944
4382.563995
4380.512713
4379.487072
4383.589636
4400.512713
4408.20502
4401.025533
4397.94861
4401.538354
4399.487072
4402.051174
4406.153738
4395.897328
4383.589636
4385.640918
4390.256303
4390.769123
4395.897328
4399.999892
4395.897328
4390.769123
4391.281944
4393.333226
4397.43579
4401.025533
4394.871687
4381.538354
4372.820406
4368.205021
4365.640919
4363.076816
4367.692201
4373.846047
4370.256303
4370.256303
4382.051175
4391.281944
4383.589636
4375.384508
4375.384508
4375.897329
4371.794765
4370.256303
4376.92297
4378.974252
4370.256303
4365.640919
4378.974252
4393.846046
4387.6922
4375.897329
4381.025534
4391.281944
4387.17938
4375.384508
4374.871688
4380.512713
4373.846047
4361.025534
4363.589637
4372.307585
4373.333226
4373.333226
4377.948611
4384.102457
4385.128098
4382.051175
4384.615277
4394.358867
4396.922969
4390.256303
4381.025534
4377.43579
4382.563995
4394.871687
4405.640918
4401.538354
4384.102457
4374.871688
4372.820406
4371.281944
4375.897329
4378.974252
4377.43579
4384.102457
4389.743482
4382.563995
4377.43579
4379.999893
4391.794764
4397.94861
4385.128098
4367.692201
4370.769124
4378.461431
4374.358867
4372.307585
4376.92297
4378.974252
4375.897329
4374.358867
4371.281944
4365.640919
4372.307585
4394.871687
4407.6922
4402.051174
4395.384508
4391.794764
4382.051175
4374.871688
4376.410149
4370.256303
4358.974252
4356.92297
4359.487073
4361.025534
4367.692201
4379.487072
4392.307585
4392.307585
4379.487072
4373.333226
4373.846047
4370.769124
4376.410149
4387.17938
4386.666559
4383.589636
4384.615277
4384.615277
4386.153739
4390.256303
4386.153739
4380.512713
4386.153739
4398.974251
4407.179379
4404.615277
4397.94861
4392.820405
4385.128098
4372.820406
4365.128098
4368.205021
4377.948611
4383.076816
4383.076816
4381.025534
4385.640918
4393.846046
4394.358867
4389.743482
4389.743482
4391.794764
4394.358867
4394.358867
4390.769123
4388.205021
4384.615277
4379.999893
4381.538354
4384.615277
4387.17938
4395.384508
4403.589636
4407.6922
4408.717841
4406.153738
4395.897328
4385.640918
4386.666559
4391.281944
4383.589636
4376.410149
4381.025534
4386.153739
4384.615277
4385.640918
4394.871687
4402.563995
4397.94861
4389.743482
4393.846046
4406.666559
4412.820405
4413.333225
4416.922969
4419.999892
4418.974251
4414.358866
4412.307584
4407.179379
4403.076815
4407.179379
4410.769123
4404.615277
4394.358867
4389.230662
4389.743482
4393.846046
4389.230662
4386.153739
4392.820405
4396.922969
4394.358867
4395.897328
4398.974251
4394.871687
4390.769123
4391.794764
4393.333226
4392.307585
4388.717841
4388.205021
4393.333226
4392.820405
4385.640918
4382.051175
4383.076816
4385.128098
4391.794764
4397.43579
4397.43579
4396.410149
4393.846046
4390.769123
4388.717841
4384.615277
4382.563995
4386.666559
4392.307585
4396.410149
4398.974251
4402.563995
4403.589636
4395.384508
4382.563995
4381.538354
4390.256303
4393.846046
4393.846046
4397.94861
4406.666559
4412.820405
4414.358866
4414.358866
4412.820405
4407.6922
4405.128097
4402.051174
4406.153738
4414.358866
4408.20502
4388.205021
4385.128098
4397.43579
4402.563995
4399.999892
4397.43579
4393.333226
4389.743482
4390.256303
4390.256303
4392.307585
4396.410149
4398.461431
4396.410149
4392.820405
4390.769123
4386.666559
4384.102457
4387.17938
4387.6922
4376.92297
4369.743483
4374.358867
4379.999893
4383.076816
4385.640918
4382.051175
4373.846047
4369.743483
4373.846047
4377.43579
4372.307585
4365.128098
4370.256303
4381.025534
4377.948611
4369.743483
4371.281944
4370.256303
4363.589637
4367.17938
4370.769124
4360.512714
4356.41015
4369.230662
4373.333226
4367.17938
4371.281944
4376.410149
4365.640919
4357.948611
4365.128098
4371.794765
4366.153739
4359.487073
4364.102457
4369.230662
4362.563996
4351.794765
4352.820406
4358.461432
4366.153739
4373.333226
4377.43579
4385.640918
4391.281944
4381.538354
4370.769124
4370.256303
4369.230662
4366.153739
4367.17938
4369.743483
4374.358867
4379.999893
4381.025534
4381.025534
4380.512713
4383.589636
4391.794764
4393.333226
4388.205021
4389.743482
4391.794764
4385.640918
4375.897329
4368.717842
4369.743483
4379.487072
4386.153739
4385.640918
4386.666559
4385.640918
4385.128098
4383.076816
4378.974252
4377.948611
4378.461431
4370.769124
4360.512714
4366.153739
4378.461431
4381.538354
4381.538354
4380.512713
4372.820406
4365.128098
4371.281944
4376.92297
4367.17938
4363.076816
4370.769124
4373.846047
4368.717842
4369.230662
4372.820406
4375.384508
4377.948611
4377.948611
4381.025534
4385.128098
4382.051175
4378.461431
4382.563995
4388.717841
4390.256303
4396.922969
4412.820405
4417.94861
4407.6922
4398.461431
4396.410149
4397.94861
4401.538354
4397.94861
4390.256303
4394.358867
4398.461431
4394.358867
4390.769123
4393.846046
4394.358867
4393.333226
4393.333226
4394.871687
4394.871687
4395.897328
4397.43579
4395.384508
4394.358867
4403.076815
4408.20502
4404.102456
4407.179379
4415.897328
4419.487071
4418.46143
4411.281943
4397.43579
4395.897328
4399.999892
4399.999892
4401.025533
4409.230661
4417.435789
4420.512712
4424.102456
4428.71784
4427.179379
4422.563994
4423.589635
4422.563994
4415.384507
4412.307584
4413.333225
4408.717841
4409.230661
4419.999892
4429.230661
4428.71784
4427.179379
4427.179379
4421.538353
4414.358866
4410.256302
4407.6922
4405.640918
4405.128097
4404.102456
4408.20502
4412.820405
4415.384507
4417.94861
4416.922969
4402.051174
4389.230662
4395.384508
4406.666559
4408.20502
4410.769123
4415.897328
4412.307584
4402.563995
4395.897328
4396.922969
4395.384508
4390.769123
4387.17938
4387.17938
4387.6922
4391.281944
4393.846046
4395.384508
4399.487072
4398.974251
4394.871687
4397.43579
4393.846046
4386.153739
4386.666559
4387.6922
4388.205021
4393.846046
4396.922969
4392.307585
4390.769123
4392.307585
4397.94861
4400.512713
4398.974251
4405.128097
4413.333225
4416.410148
4411.794764
4412.820405
4424.102456
4432.820404
4428.71784
4423.076815
4424.615276
4420.512712
4412.820405
4413.846046
4416.922969
4415.384507
4414.358866
4418.974251
4422.563994
4425.640917
4430.256302
4423.076815
4410.256302
4407.179379
4411.281943
4412.307584
4410.769123
4409.230661
4409.230661
4411.794764
4416.410148
4418.974251
4422.051174
4423.076815
4423.076815
4421.025533
4416.922969
4412.820405
4406.666559
4402.563995
4397.43579
4390.256303
4386.153739
4388.717841
4387.6922
4375.384508
4370.769124
4378.974252
4378.974252
4372.307585
4376.92297
4388.205021
4394.871687
4397.43579
4399.999892
4402.051174
4399.487072
4388.205021
4389.230662
4404.102456
4409.230661
4403.589636
4404.615277
4400.512713
4390.769123
4392.820405
4394.871687
4385.640918
4382.051175
4388.205021
4387.17938
4378.974252
