
4363.076816
4364.615278
4374.871688
4387.6922
4391.281944
4389.230662
4390.769123
4387.17938
4379.999893
4377.948611
4383.076816
4392.307585
4398.461431
4400.512713
4404.615277
4406.153738
4404.615277
4405.640918
4407.6922
4405.640918
4402.563995
4397.43579
4391.794764
4393.846046
4390.256303
4377.43579
4367.17938
4364.102457
4358.974252
4362.051175
4368.205021
4359.999893
4353.333227
4363.589637
4374.358867
4375.384508
4376.92297
4385.128098
4389.743482
4386.666559
4387.17938
4388.717841
4383.076816
4376.92297
4385.128098
4398.461431
4404.102456
4402.051174
4401.025533
4407.179379
4418.974251
4430.769122
4434.358866
4433.333225
4435.897327
4437.435789
4426.153738
4415.384507
4415.384507
4417.94861
4414.358866
4415.384507
4421.025533
4419.487071
4415.384507
4418.974251
4425.128097
4425.128097
4422.563994
4419.999892
4413.846046
4405.640918
4411.281943
4424.102456
4425.128097
4416.922969
4418.46143
4422.051174
4416.410148
4414.871687
4426.153738
4437.948609
4441.025532
4432.820404
4422.563994
4419.999892
4419.487071
4425.128097
4436.922968
4444.102455
4440.512712
4429.230661
4419.487071
4421.025533
4419.487071
4412.820405
4418.46143
4433.333225
4438.46143
4436.922968
4432.307584
4427.179379
4431.794763
4436.922968
4436.410148
4439.487071
4445.128096
4442.563994
4433.846045
4430.769122
4438.46143
4443.589635
4446.153737
4448.205019
4441.538353
4426.666558
4420.512712
4420.512712
4417.435789
4419.999892
4423.076815
4422.563994
4423.589635
4428.20502
4430.769122
4427.692199
4423.589635
4425.640917
4429.230661
4430.769122
4429.743481
4427.179379
4421.025533
4424.102456
4432.307584
4431.281943
4431.281943
4436.922968
4437.435789
4431.794763
4432.307584
4428.71784
4421.025533
4422.563994
4430.769122
4430.256302
4422.051174
4419.999892
4418.46143
4416.410148
4417.94861
4418.974251
4417.435789
4420.512712
4423.076815
4421.025533
4421.538353
4424.615276
4422.563994
4426.153738
4429.230661
4421.538353
4412.307584
4413.846046
4414.871687
4411.281943
4406.153738
4404.615277
4413.333225
4412.820405
4402.563995
4404.615277
4417.435789
4417.94861
4415.384507
4416.922969
4413.846046
4406.666559
4407.179379
4414.358866
4421.538353
4424.615276
4423.589635
4424.102456
4425.128097
4425.640917
4422.563994
4421.025533
4423.589635
4430.769122
4432.820404
4430.769122
4430.769122
4433.333225
4431.794763
4433.333225
4436.410148
4429.230661
4418.974251
4418.974251
4427.692199
4438.97425
4435.384507
4415.897328
4412.820405
4422.051174
4409.743482
4391.794764
4401.538354
4412.307584
4409.230661
4442.051173
4485.640916
4458.97425
4402.563995
4398.461431
4412.307584
4404.102456
4401.538354
4412.307584
4417.94861
4419.487071
4422.051174
4433.333225
4436.410148
4430.256302
4430.256302
4429.743481
4423.589635
4426.666558
4434.871686
4427.179379
4416.922969
4418.46143
4425.128097
4425.640917
4414.871687
4398.974251
4393.333226
4393.333226
4384.615277
4377.948611
4388.205021
4394.358867
4383.076816
4371.794765
4370.769124
4367.692201
4358.461432
4346.15374
4337.948612
4340.512714
4335.89733
4327.692202
4328.205022
4330.256304
4320.512715
4314.871689
4316.410151
4313.846048
4309.230664
4304.615279
4295.897331
4288.717844
4292.820408
4298.461433
4293.846049
4290.256305
4295.897331
4299.487074
4292.820408
4278.461434
4271.794767
4270.769126
4265.128101
4260.512716
4261.025537
4265.640921
4269.230665
4269.743485
4274.35887
4283.589639
4283.589639
4272.307588
4264.10246
4266.153742
4268.205024
4266.153742
4260.512716
4260.512716
4265.640921
4268.205024
4267.692203
4273.846049
4279.999895
4267.692203
4252.820409
4252.307588
4258.461434
4264.61528
4273.333229
4275.384511
4271.794767
4271.281947
4272.820408
4270.256306
4270.769126
4277.435793
4278.461434
4275.897331
4277.948613
4281.538357
4284.102459
4292.820408
4302.051177
4303.589638
4298.461433
4295.38451
4296.922972
4297.435792
4288.717844
4281.538357
4280.512716
4281.538357
4277.948613
4271.794767
4269.743485
4270.769126
4269.230665
4270.769126
4284.61528
4294.358869
4293.333228
4295.38451
4301.538356
4302.051177
4303.076818
4302.563997
4296.922972
4291.794767
4288.205023
4282.051177
4283.589639
4292.307587
4297.948613
4300.512715
4305.1281
4312.307587
4312.307587
4308.717843
4304.615279
4306.153741
4312.820407
4318.461433
4317.948612
4325.128099
4338.461432
4342.563996
4341.025535
4343.589637
4346.66656
4343.076817
4343.589637
4346.15374
4350.769124
4359.487073
4368.717842
4370.256303
4364.615278
4355.897329
4352.820406
4355.897329
4357.435791
4360.512714
4366.66656
4370.256303
4373.333226
4375.897329
4376.92297
4383.076816
4384.615277
4378.974252
4377.43579
4376.92297
4371.794765
4373.333226
4379.999893
4387.17938
4394.358867
4399.999892
4399.999892
4397.43579
4393.333226
4388.717841
4390.256303
4397.94861
4406.153738
4405.128097
4399.999892
4396.410149
4393.333226
4389.230662
4388.205021
4388.717841
4389.743482
4392.307585
4396.922969
4391.794764
4383.589636
4383.076816
4384.615277
4380.512713
4373.846047
4378.461431
4389.230662
4392.820405
4382.563995
4377.948611
4384.615277
4384.102457
4372.820406
4368.717842
4381.538354
4387.6922
4378.974252
4378.461431
4391.281944
4392.307585
4382.563995
4377.43579
4377.43579
4381.538354
4386.153739
4381.538354
4376.410149
4378.974252
4381.025534
4378.974252
4377.43579
4383.076816
4387.17938
4383.589636
4384.615277
4394.358867
4391.281944
4378.974252
4377.43579
4382.051175
4380.512713
4379.487072
4379.487072
4385.128098
4396.922969
4403.589636
4406.666559
4412.307584
4412.307584
4405.640918
4402.563995
4403.076815
4405.128097
4406.153738
4401.025533
4392.820405
4394.358867
4394.358867
4385.640918
4377.43579
4376.410149
4382.051175
4391.281944
4392.307585
4385.128098
4385.128098
4384.615277
4376.92297
4371.281944
4376.410149
4385.640918
4388.717841
4383.589636
4379.487072
4380.512713
4389.743482
4404.615277
4409.230661
4403.076815
4402.051174
4403.076815
4397.94861
4397.94861
4405.128097
4405.640918
4399.999892
4400.512713
4403.076815
4404.615277
4401.025533
4394.871687
4393.846046
4395.384508
4393.846046
4396.922969
4401.025533
4401.025533
4404.615277
4405.128097
4393.333226
4387.6922
4396.410149
4398.974251
4400.512713
4404.615277
4399.999892
4393.846046
4399.487072
4396.922969
4383.589636
4385.128098
4397.94861
4402.563995
4406.153738
4413.333225
4411.281943
4410.256302
4414.358866
4410.256302
4403.589636
4407.6922
4408.717841
4404.615277
4403.076815
4402.563995
4399.487072
4394.871687
4389.230662
4392.307585
4401.025533
4402.051174
4398.461431
4397.94861
4399.999892
4403.589636
4405.128097
4402.051174
4406.153738
4410.256302
4407.6922
4404.102456
4400.512713
4394.358867
4395.384508
4401.025533
4401.538354
4403.076815
4404.615277
4405.640918
4405.640918
4403.076815
4401.538354
4404.102456
4402.051174
4400.512713
4401.025533
4399.487072
4403.076815
4407.6922
4403.589636
4397.94861
4398.974251
4401.025533
4405.640918
4408.20502
4407.179379
4412.820405
4424.615276
4432.820404
4433.333225
4421.538353
4412.820405
4413.333225
4407.179379
4392.820405
4384.615277
4380.512713
4381.538354
4392.307585
4399.487072
4400.512713
4398.461431
4392.307585
4385.128098
4383.589636
4380.512713
4372.820406
4365.640919
4360.512714
4356.41015
4355.384509
4360.512714
4370.769124
4371.281944
4363.589637
4366.66656
4376.92297
4378.461431
4373.333226
4375.897329
4386.153739
4391.281944
4387.17938
4389.743482
4390.256303
4379.999893
4378.461431
4388.717841
4394.871687
4397.94861
4399.999892
4394.871687
4390.769123
4387.6922
4382.051175
4375.384508
4372.820406
4368.717842
4364.615278
4363.076816
4364.615278
4364.102457
4370.769124
4378.461431
4378.461431
4375.897329
4366.66656
4351.794765
4348.717842
4357.948611
4356.41015
4347.692201
4341.025535
4340.512714
4343.589637
4343.589637
4335.89733
4332.307586
4338.974253
4347.179381
4350.769124
4349.230663
4347.692201
4348.717842
4353.846047
4359.487073
4359.487073
4353.846047
4346.15374
4336.41015
4336.922971
4343.589637
4344.615278
4341.025535
4341.025535
4345.128099
4350.256304
4348.205022
4344.102458
4348.205022
4350.769124
4352.820406
4354.358868
4351.281945
4348.205022
4345.640919
4337.435791
4336.41015
4343.589637
4346.66656
4347.692201
4345.640919
4335.89733
4332.307586
4338.461432
4336.41015
4327.179381
4326.15374
4334.358868
4334.358868
4331.281945
4333.846048
4334.358868
4330.769125
4334.871689
4345.640919
4349.230663
4343.589637
4341.025535
4341.025535
4341.538355
4345.640919
4351.281945
4355.897329
4356.92297
4356.41015
4353.333227
4351.281945
4348.205022
4350.256304
4354.358868
4355.384509
4357.948611
4361.025534
4361.025534
4356.92297
4350.256304
4349.743483
4359.487073
4367.692201
4370.256303
4370.256303
4369.743483
4367.17938
4364.615278
4358.974252
4358.974252
4364.615278
4365.640919
4364.102457
4371.794765
4378.974252
4375.384508
4373.333226
4380.512713
4389.743482
4388.717841
4376.92297
4375.384508
4393.846046
4408.717841
4410.256302
4410.256302
4411.281943
4403.589636
4397.94861
4402.563995
4405.640918
4401.025533
4405.128097
4417.435789
4417.94861
4410.769123
4414.358866
4422.051174
4412.820405
4406.153738
4409.230661
4402.563995
4390.769123
4395.897328
4402.051174
4400.512713
4400.512713
4405.128097
4410.256302
4416.410148
4421.025533
4419.999892
4414.871687
4407.179379
4407.179379
4411.794764
4411.794764
4411.281943
4412.307584
4408.717841
4407.6922
4408.20502
4398.461431
4391.794764
4397.94861
4403.589636
4404.615277
4407.6922
4408.717841
4412.820405
4417.94861
4414.358866
4407.179379
4406.153738
4406.153738
4404.102456
4404.615277
4408.20502
4406.666559
4394.871687
4386.153739
4389.230662
4398.974251
4404.102456
4401.025533
4395.384508
4400.512713
4407.179379
4405.640918
4404.102456
4409.230661
4410.256302
4407.179379
4404.102456
4400.512713
4395.897328
4389.230662
4385.640918
4386.666559
4384.102457
4375.384508
4373.333226
4377.43579
4379.487072
4373.846047
4367.692201
4367.692201
4374.358867
4379.999893
4382.051175
4376.410149
4361.025534
4353.846047
4359.999893
4361.538355
4353.846047
4352.307586
4352.820406
4346.15374
4345.640919
4352.307586
4351.794765
4351.794765
4353.846047
4350.256304
4346.66656
4352.820406
4356.41015
4355.897329
4366.153739
4377.43579
4374.358867
4363.076816
4362.563996
4365.128098
4367.17938
4371.281944
4378.461431
4382.563995
4383.589636
4388.205021
4398.461431
4411.794764
4421.538353
4423.076815
4426.153738
4435.384507
4442.563994
4449.743481
4458.461429
4461.538352
4461.025532
4466.153737
4469.74348
4473.333224
4478.974249
4481.025531
4477.435788
4478.974249
4485.640916
4492.307582
4496.922967
4497.435787
4498.461428
4506.153736
4511.794761
4511.794761
4519.999889
4530.256299
4534.871684
4537.948607
4541.53835
4549.230658
4568.717837
4582.563991
4588.205016
4604.102452
4626.153733
4636.922964
4636.922964
4625.128092
4592.30758
4547.179376
4503.076813
4470.256301
4443.589635
4427.692199
4422.051174
4413.846046
4397.94861
4387.6922
4373.846047
4347.692201
4322.051176
4285.640921
4246.153742
4270.769126
4356.41015
4400.512713
4396.922969
4411.794764
4433.333225
4431.281943
4439.487071
4460.512711
4468.717839
4465.128096
4464.102455
4470.769121
4486.666557
4498.974249
4501.025531
4502.051172
4498.974249
4489.230659
4481.538352
4480.512711
4486.666557
4506.666556
4532.820402
4549.743478
4563.076811
4579.999888
4590.256298
4596.410144
4607.179375
4603.076811
4571.281939
4533.333222
4503.589633
4468.717839
4435.384507
4422.563994
4436.922968
4448.205019
4443.076814
4434.358866
4433.846045
4458.461429
4497.435787
4497.435787
4439.999891
4368.205021
4316.922971
4289.743485
4279.999895
4274.35887
4269.230665
4268.717844
4281.025536
4288.717844
4289.230664
4362.563996
4480.512711
4517.435787
4508.717838
4510.76912
4455.897327
4448.71784
4626.666554
4796.92296
4812.307575
4827.179369
4922.051162
4994.358852
5026.666544
5066.153722
5110.256285
5135.38449
5151.281925
5172.820386
5191.281924
5199.487052
5203.076796
5200.512693
5198.461411
5195.897309
5179.487053
5157.435771
5142.563977
5125.6409
5105.12808
5085.128081
5066.153722
5065.128081
5073.333209
5068.717825
5059.487056
5059.487056
5060.512697
5051.794748
5041.025518
5030.256287
5016.922954
5002.56398
4992.30757
4983.076801
4979.487058
4981.53834
4980.512699
4970.256289
4961.53834
4954.871674
4944.102443
4923.589623
4904.615265
4894.358855
4878.97424
4852.820394
4825.128087
4798.974242
4770.769114
4748.717833
4732.820397
4729.230654
4738.974243
4753.333217
4759.487063
4763.589627
4776.92296
4792.820396
4797.948601
4790.769114
4783.076806
4784.102447
4785.640909
4773.846037
4760.512704
4753.333217
4740.512705
4724.102449
4722.051167
4727.692192
4736.410141
4748.205012
4751.281935
4748.205012
4757.948602
4774.871678
4783.589627
4794.871678
4809.743472
4813.333216
4809.743472
4807.69219
4797.948601
4783.076806
4766.66655
4748.717833
4730.769115
4718.461423
4709.743475
4704.61527
4699.487065
4692.307578
4685.128091
4679.487065
4674.871681
4676.922963
4682.563988
4675.384501
4660.512707
4648.205015
4641.538348
4633.846041
4623.07681
4605.640913
4584.615273
4568.717837
4560.512709
4556.922965
4545.640914
4527.179376
4514.358864
4515.384505
4517.948607
4519.999889
4518.461428
4506.153736
4488.717839
4481.538352
4483.076813
4488.205018
4492.307582
4493.333223
4489.74348
4488.205018
4491.794762
4496.922967
4499.99989
4496.922967
4490.769121
4488.717839
4494.358864
4499.99989
4500.51271
4489.74348
4477.948608
4476.410147
4477.435788
4467.179378
4450.769122
4440.512712
4438.46143
4441.538353
4442.563994
4439.999891
4432.820404
4421.538353
4408.717841
4399.999892
4394.871687
4397.94861
4399.999892
4392.307585
4380.512713
4380.512713
4389.743482
4394.871687
4391.794764
4385.128098
4384.615277
4389.230662
4392.820405
4392.820405
4390.769123
4391.281944
4393.333226
4394.358867
4404.102456
4418.974251
4424.615276
4418.46143
4414.358866
4410.256302
4403.076815
4395.897328
4389.743482
4389.230662
4396.410149
4399.487072
4392.820405
4390.256303
4390.769123
4386.666559
4381.025534
4376.92297
4366.66656
4355.384509
4356.41015
4365.128098
4362.563996
4352.307586
4349.230663
4352.307586
4350.769124
4341.025535
4331.794766
4321.538356
4316.922971
4315.89733
4317.948612
4317.435792
4316.922971
4317.948612
4311.281946
4309.743484
4318.461433
4321.025535
4308.205023
4306.153741
4318.461433
4327.692202
4336.41015
4332.820407
4335.384509
4339.999894
4335.384509
4334.871689
4351.281945
4357.948611
4351.794765
4357.948611
4366.153739
4359.999893
4356.41015
4354.871688
4349.230663
4344.102458
4343.589637
4338.974253
4332.820407
4334.871689
4337.948612
4349.743483
4352.307586
4337.948612
4333.846048
4344.102458
4343.589637
4343.589637
4352.307586
4354.358868
4350.256304
4351.794765
4349.230663
4348.717842
4357.948611
4358.461432
4354.871688
4357.948611
4362.563996
4368.717842
4378.461431
4380.512713
4372.820406
4364.615278
4362.051175
4364.615278
4367.17938
4364.615278
4366.153739
4370.256303
4374.871688
4378.461431
4379.999893
4382.563995
4385.640918
4387.17938
4388.717841
4398.461431
4400.512713
4393.846046
4395.384508
4402.563995
4400.512713
4400.512713
4408.20502
4408.20502
4398.461431
4392.307585
4391.281944
4392.307585
4393.846046
4395.897328
4401.025533
4408.717841
4411.794764
4412.820405
4411.281943
4411.281943
4416.922969
4427.692199
4431.794763
4432.820404
4438.46143
4443.589635
4446.153737
4450.256301
4456.410147
4456.922968
4460.512711
4470.256301
4471.281942
4461.538352
4455.384506
4460.512711
4467.692198
4464.102455
4479.99989
4465.640916
4446.666558
4493.333223
4516.410146
4481.538352
4460.512711
4482.563993
4468.717839
4473.333224
4485.640916
4484.102454
4481.025531
4473.333224
4473.846044
4479.99989
4490.769121
4489.74348
4476.922967
4471.281942
4474.871685
4473.333224
4476.410147
4484.102454
4481.025531
4473.333224
4470.769121
4466.666557
4464.102455
4458.461429
4444.615276
4432.820404
4429.230661
4426.666558
4424.102456
4430.256302
4437.435789
4438.97425
4436.922968
4434.871686
4432.820404
4432.307584
4427.692199
4418.46143
4418.46143
4421.025533
4414.358866
4406.153738
4401.538354
4396.410149
4399.487072
4406.666559
4398.461431
4381.538354
4381.538354
4388.205021
4389.743482
4392.307585
4399.999892
4402.051174
4399.999892
4399.999892
4404.102456
4408.717841
4412.307584
4416.922969
4423.076815
4431.281943
4434.358866
4431.794763
4430.256302
4435.384507
4435.897327
4434.358866
4436.410148
4440.512712
4447.692199
4454.358865
4454.871686
4449.743481
4450.769122
4456.410147
4456.410147
4448.205019
4447.179378
4453.846045
4455.384506
4453.846045
4455.384506
4452.820404
4452.820404
4455.384506
4453.333224
4451.794763
4454.871686
4453.846045
4446.153737
4436.410148
4427.692199
4427.692199
4430.256302
4427.179379
4421.538353
4424.102456
4423.589635
4420.512712
4421.538353
4424.615276
4424.615276
4424.615276
4417.94861
4401.538354
4397.43579
4413.846046
4430.256302
4432.820404
4433.333225
4439.487071
4447.692199
4443.076814
4438.97425
4448.71784
4456.410147
4444.615276
4437.948609
4451.281942
4456.922968
4443.589635
4430.769122
4429.230661
4430.256302
4430.256302
4426.666558
4425.128097
4428.20502
4431.281943
4431.794763
4436.410148
4438.97425
4434.358866
4427.692199
4424.102456
4426.666558
4425.128097
4417.435789
4413.333225
4414.871687
4412.820405
4412.820405
4422.051174
4431.281943
4428.71784
4425.128097
4428.71784
4428.20502
4422.051174
4421.538353
4423.076815
4421.538353
4425.640917
4436.922968
4449.23066
4451.794763
4446.666558
4439.999891
4435.897327
4435.384507
4439.999891
4440.512712
4439.487071
4443.076814
4445.640917
4444.102455
4446.153737
4448.71784
4444.102455
4438.46143
4439.487071
4446.153737
4443.589635
4434.358866
4430.256302
4429.743481
4419.487071
4418.46143
4429.743481
4428.71784
4414.871687
4414.358866
4429.230661
4444.102455
4455.384506
4459.999891
4454.358865
4447.692199
4447.179378
4444.102455
4439.487071
4430.769122
4419.487071
4415.384507
4422.563994
4423.589635
4418.46143
4415.384507
4414.358866
4414.358866
4412.820405
4412.820405
4423.589635
4435.384507
4431.281943
4430.769122
4442.563994
4450.769122
4450.256301
4449.23066
4447.179378
4445.640917
4445.640917
4445.128096
4443.076814
4442.563994
4445.640917
4450.769122
4452.307583
4451.794763
4448.205019
4434.871686
4425.128097
4428.71784
4436.410148
4439.999891
4445.640917
4452.307583
4452.820404
4452.820404
4457.948609
4460.512711
4461.025532
4466.153737
4463.589634
4448.71784
4444.615276
4457.948609
4469.74348
4468.717839
4458.97425
4460.512711
4467.692198
4468.717839
4465.128096
4461.025532
4452.820404
4452.307583
4465.128096
4479.48707
4486.153736
4479.99989
4467.179378
4461.025532
4462.563993
4459.999891
4453.846045
4444.615276
4435.384507
4435.897327
4448.205019
4454.871686
4457.435788
4473.333224
4486.153736
4481.538352
4472.820403
4469.74348
4466.666557
4462.563993
4455.384506
4453.333224
4456.922968
4458.97425
4461.538352
4466.153737
4459.999891
4451.281942
4458.97425
4467.692198
4465.640916
4467.692198
4469.74348
4462.563993
4461.538352
4464.615275
4463.589634
4464.615275
4469.74348
4473.333224
4478.974249
4486.153736
4492.307582
4489.230659
4482.051172
4482.563993
4485.640916
4479.48707
4469.74348
4464.615275
4462.563993
4466.666557
4471.794762
4471.281942
4470.256301
4471.794762
4467.179378
4460.512711
4456.410147
4457.435788
4456.410147
4450.769122
4451.794763
4461.025532
4467.179378
4466.666557
4469.74348
4475.384506
4472.820403
4457.948609
4453.333224
4461.538352
4460.512711
4454.358865
4463.589634
4472.307583
4470.769121
4468.717839
4461.025532
4449.23066
4443.076814
4440.512712
4441.538353
4445.128096
4443.076814
4445.640917
4452.820404
4448.71784
4440.512712
4437.435789
4432.307584
4433.333225
4437.948609
4434.358866
4433.846045
4437.435789
4434.358866
4434.871686
4442.051173
4444.615276
4445.640917
4442.563994
4432.307584
4424.615276
4418.974251
4410.256302
4407.6922
4409.230661
4412.307584
4417.94861
4422.051174
4419.487071
4414.358866
4409.743482
4402.563995
4400.512713
4407.6922
4412.307584
4408.20502
4403.589636
4403.076815
4407.179379
4406.666559
4403.589636
4401.538354
4399.487072
4392.307585
4388.717841
4395.897328
4403.589636
4408.717841
4410.769123
4409.230661
4404.615277
4406.666559
4401.538354
4388.717841
4390.256303
4406.153738
4407.6922
4395.897328
4392.820405
4403.076815
4400.512713
4384.102457
4374.358867
4372.820406
4369.743483
4363.589637
4359.487073
4358.974252
4360.512714
4356.41015
4353.846047
4351.794765
4351.794765
4359.999893
4362.051175
4349.743483
4345.640919
4352.307586
4353.846047
4359.487073
4371.794765
4376.410149
4370.769124
4365.128098
4363.589637
4368.205021
4369.230662
4362.563996
4361.025534
4368.717842
4372.307585
4373.333226
4378.974252
4386.666559
4388.717841
4387.6922
4384.615277
4384.615277
4391.281944
4398.974251
4400.512713
4397.43579
4398.974251
4404.615277
4410.769123
4412.307584
4411.281943
4412.820405
4415.384507
4413.846046
4414.358866
4419.999892
4415.897328
4404.615277
4406.666559
4421.025533
4421.025533
4408.20502
4409.743482
4415.897328
4405.128097
4398.461431
4401.538354
4400.512713
4399.999892
4410.256302
4417.94861
4414.871687
4414.358866
4425.128097
4437.435789
4436.922968
4433.846045
4432.820404
4429.743481
4431.794763
4437.948609
4435.384507
4432.307584
4433.846045
4431.794763
4430.256302
4438.46143
4443.589635
4443.589635
4450.769122
4454.358865
4450.256301
4448.71784
4451.281942
4450.256301
4450.256301
4454.358865
4462.563993
4471.281942
4470.256301
4465.128096
4468.205019
4468.205019
4462.563993
4465.128096
4471.281942
4467.179378
4461.025532
4466.666557
4473.333224
4474.358865
4475.384506
4476.410147
4472.820403
4473.846044
4482.563993
4487.692198
4485.128095
4481.538352
4483.076813
4484.615275
4486.666557
4490.2563
4491.794762
4490.769121
4495.897326
4501.025531
4500.51271
4497.435787
4494.871685
4493.333223
4492.307582
4486.153736
4482.563993
4488.717839
4492.820403
4497.435787
4506.153736
4503.076813
4488.205018
4477.948608
4469.74348
4463.589634
4461.538352
4460.512711
4463.076814
4468.717839
4463.076814
4452.307583
4453.333224
4458.461429
4452.307583
4444.615276
4445.128096
4441.538353
4435.897327
4435.384507
4437.948609
4436.410148
4433.846045
4431.281943
4433.846045
4437.435789
4435.384507
4434.871686
4438.97425
4438.46143
4441.025532
4448.71784
4450.256301
4446.153737
4444.615276
4446.153737
4446.153737
4446.153737
4444.615276
4447.179378
4452.820404
4453.333224
4450.256301
4449.743481
4451.281942
4454.358865
4458.461429
4462.051173
4465.640916
4468.205019
4467.692198
4466.666557
4469.23066
4467.692198
4465.128096
4468.205019
4475.897326
4471.281942
4461.025532
4457.948609
4456.922968
4452.307583
4448.71784
4448.71784
4453.846045
4461.538352
4463.076814
4464.102455
4467.692198
4466.666557
4463.076814
4464.102455
4464.102455
4465.128096
4464.615275
4464.102455
4464.102455
4462.563993
4459.48707
4463.076814
4472.820403
4478.974249
4479.99989
4479.48707
4482.051172
4485.640916
4485.640916
4483.589634
4492.820403
4502.051172
4499.487069
4496.410146
4493.333223
4479.48707
4474.358865
4480.512711
4476.922967
4470.256301
4470.256301
4468.205019
4467.692198
4478.461429
4483.076813
4472.307583
4462.563993
4469.23066
4477.948608
4474.358865
4467.179378
4466.666557
4468.205019
4467.692198
4467.179378
4466.666557
4465.128096
4468.717839
4479.99989
4487.179377
4485.640916
4481.538352
4476.922967
4471.794762
4470.256301
4466.153737
4459.48707
4459.999891
4460.512711
4454.358865
4453.846045
4459.48707
4459.999891
4459.999891
4460.512711
4456.410147
4450.769122
4449.743481
4447.692199
4441.538353
4436.410148
4440.512712
4442.051173
4435.384507
4433.846045
4438.46143
4433.333225
4425.128097
4427.179379
4427.179379
4423.589635
4420.512712
4419.999892
4422.051174
4423.076815
4419.999892
4426.666558
4436.922968
4429.230661
4417.94861
4424.615276
4434.358866
4433.846045
4431.281943
4433.333225
4436.410148
4433.333225
4423.589635
4417.435789
4423.076815
4426.666558
4426.666558
4432.307584
4440.512712
4437.435789
4432.307584
4436.410148
4437.948609
4428.71784
4418.974251
4414.871687
4408.717841
4404.615277
4406.666559
4411.281943
4413.846046
4418.46143
4423.589635
4431.794763
4437.435789
4434.871686
4426.153738
4423.076815
4431.281943
4444.102455
4450.769122
4449.743481
4445.640917
4444.615276
4447.179378
4446.153737
4446.153737
4446.153737
4445.128096
4442.051173
4448.205019
4454.871686
4452.820404
4450.256301
4450.769122
4456.922968
4467.692198
4469.23066
4458.461429
4451.794763
4453.333224
4453.846045
4457.435788
4462.563993
4461.025532
4462.563993
4465.128096
4464.615275
4462.563993
4463.076814
4469.23066
4479.99989
4486.153736
4482.563993
4485.128095
4495.384505
4493.333223
4482.051172
4477.948608
4481.025531
4489.230659
4498.461428
4496.922967
4487.692198
4491.281941
4501.025531
4501.538351
4500.51271
4501.025531
4500.51271
4500.51271
4501.025531
4497.435787
4498.461428
4506.153736
4511.281941
4510.76912
4517.435787
4528.205017
4529.230658
4518.974248
4517.435787
4524.102453
4527.692197
4529.743479
4529.230658
4528.717838
4528.717838
4519.999889
4512.820402
4519.999889
4525.128094
4522.563992
4525.128094
4532.307581
4533.846043
4533.333222
4528.717838
4525.640915
4530.256299
4535.384504
4534.871684
4530.76912
4528.205017
4525.128094
4524.615274
4521.538351
4517.435787
4517.435787
4518.974248
4517.948607
4518.461428
4522.563992
4528.717838
4525.640915
4514.871684
4506.153736
4502.051172
4495.897326
4496.922967
4507.692197
4511.281941
4506.666556
4504.615274
4502.563992
4492.820403
4486.153736
4489.230659
4494.358864
4495.897326
4502.051172
4510.2563
4513.846043
4515.897325
4517.435787
4515.384505
4513.333223
4521.538351
4528.205017
4528.205017
4526.153735
4525.128094
4524.615274
4527.692197
4531.28194
4533.333222
4539.999889
4549.743478
4555.384504
4558.974247
4554.358863
4533.846043
4523.076812
4531.28194
4539.487068
4539.487068
4539.999889
4537.948607
4533.846043
4530.76912
4534.358863
4540.512709
4538.974248
4528.205017
4519.999889
4515.384505
4516.922966
4526.666556
4532.307581
4534.358863
4542.563991
4550.769119
4542.051171
4527.179376
4518.974248
4512.307582
4503.589633
4499.99989
4499.99989
4501.538351
4503.076813
4506.153736
4512.307582
4512.307582
4502.563992
4497.948608
4498.974249
4489.74348
4490.2563
4503.076813
4503.589633
4494.358864
4494.871685
4499.99989
4500.51271
4494.871685
4480.512711
4475.384506
4485.128095
4489.230659
4483.589634
4485.128095
4490.2563
4491.794762
4494.358864
4499.99989
4501.025531
4494.871685
4483.589634
4472.820403
4469.23066
4469.23066
4469.23066
4472.307583
4473.846044
4470.769121
4470.769121
4470.769121
4465.640916
4457.948609
4452.307583
4442.051173
4435.897327
4440.512712
4446.666558
4445.128096
4441.538353
4439.999891
4437.435789
4431.281943
4426.153738
4420.512712
4414.871687
4414.358866
4419.487071
4426.666558
4426.153738
4420.512712
4416.922969
4421.538353
4419.999892
4410.769123
4410.769123
4413.846046
4402.051174
4390.256303
4391.794764
4396.922969
4401.025533
4405.128097
4406.153738
4403.589636
4409.743482
4420.512712
4422.563994
4412.820405
4398.974251
4394.358867
4401.538354
4407.6922
4408.20502
4413.333225
4417.435789
4410.769123
4404.615277
4406.153738
4408.717841
4412.820405
4413.333225
4415.384507
4422.563994
4427.692199
4432.820404
4441.025532
4434.358866
4419.999892
4421.025533
4427.692199
4424.102456
4418.46143
4412.820405
4404.102456
4401.025533
4406.153738
4418.974251
4428.20502
4430.769122
4435.897327
4442.563994
4439.487071
4430.769122
4423.589635
4419.487071
4420.512712
4426.153738
4436.922968
4447.179378
4453.846045
4458.97425
4466.666557
4468.205019
4462.563993
4459.999891
4457.948609
4441.538353
4425.128097
4431.281943
4446.153737
4451.281942
4452.820404
4453.333224
4449.23066
4449.23066
4452.820404
4448.205019
4438.97425
4443.076814
4452.307583
4454.358865
4450.769122
4454.358865
4468.717839
4483.589634
4481.025531
4471.281942
4470.256301
4471.794762
4468.717839
4468.205019
4474.358865
4481.025531
4483.589634
4488.717839
4495.897326
4499.99989
4503.589633
4500.51271
4495.897326
4497.435787
4495.384505
4484.615275
4485.128095
4496.922967
4502.051172
4504.102454
4511.281941
4516.922966
4513.846043
4508.717838
4506.666556
4505.640915
4499.99989
4494.871685
4493.846044
4499.487069
4506.666556
4509.743479
4512.307582
4517.435787
4513.846043
4499.99989
4494.871685
4497.435787
4496.922967
4494.871685
4502.051172
4504.102454
4499.99989
4505.128095
4513.333223
4508.205018
4502.563992
4501.538351
4494.358864
4488.205018
4492.307582
4498.461428
4501.025531
4498.461428
4493.333223
4496.922967
4502.563992
4501.025531
4495.897326
4494.871685
4492.307582
4491.794762
4494.358864
4492.307582
4487.692198
4485.640916
4481.538352
4479.99989
4485.640916
4488.717839
4485.640916
4481.538352
4478.974249
4477.948608
4484.615275
4493.846044
4495.384505
4492.820403
4493.846044
4495.897326
4499.487069
4504.102454
4502.563992
4499.99989
4505.128095
4507.692197
4501.025531
4497.435787
4498.461428
4496.922967
4492.820403
4495.897326
4503.589633
4505.640915
4501.538351
4498.974249
4493.846044
4485.640916
4480.512711
4479.48707
4481.025531
4485.640916
4488.717839
4477.948608
4473.333224
4488.717839
4501.025531
4497.435787
4495.384505
4498.974249
4499.99989
4497.948608
4494.358864
4491.281941
4489.230659
4491.794762
4497.948608
4498.974249
4493.846044
4493.333223
4492.307582
4487.692198
4484.615275
4490.2563
4495.384505
4490.769121
4478.974249
4479.48707
4487.692198
4485.640916
4476.922967
4471.281942
4470.256301
4474.871685
4476.922967
4470.769121
4464.102455
4461.025532
4463.589634
4463.076814
4458.461429
4455.897327
4454.358865
4450.256301
4454.358865
4466.153737
4472.307583
4465.640916
4453.333224
4449.23066
4454.358865
4461.025532
4459.48707
4448.205019
4438.46143
4437.948609
4435.897327
4433.333225
4433.846045
4423.589635
4407.179379
4407.179379
4415.897328
4413.846046
4413.846046
4419.487071
4413.846046
4404.615277
4407.179379
4409.230661
4406.153738
4404.615277
4405.640918
4405.640918
4404.615277
4399.487072
4395.897328
4391.281944
4387.6922
4389.743482
4396.922969
4406.666559
4412.307584
4410.769123
4407.6922
4413.333225
4419.487071
4418.46143
4416.410148
4423.076815
4432.307584
4437.948609
4434.358866
4426.666558
4423.076815
4423.589635
4426.666558
4432.307584
4434.871686
4428.71784
4424.615276
4425.640917
4418.46143
4410.769123
4416.922969
4418.46143
4409.230661
4404.102456
4406.153738
4410.769123
4422.563994
4429.230661
4422.051174
4417.435789
4421.538353
4425.128097
4426.153738
4432.307584
4436.410148
4435.897327
4442.051173
4452.307583
4454.358865
4454.358865
4456.410147
4454.871686
4452.820404
4458.461429
4462.563993
4466.666557
4478.974249
4484.615275
4475.384506
4469.23066
4472.307583
4470.256301
4472.307583
4478.461429
4477.948608
4474.871685
4479.48707
4483.589634
4479.99989
4478.461429
4486.666557
4492.820403
4488.717839
4486.153736
4493.846044
4498.461428
4491.281941
4484.615275
4480.512711
4478.974249
4478.974249
4482.051172
4485.640916
4485.640916
4485.128095
4489.74348
4496.410146
4497.948608
4496.922967
4492.820403
4491.281941
4494.871685
4504.102454
4510.76912
4513.333223
4512.307582
4511.281941
4510.2563
4513.846043
4515.384505
4511.794761
4512.820402
4518.461428
4515.384505
4506.153736
4503.076813
4501.538351
4500.51271
4504.615274
4502.051172
4494.871685
4498.461428
4497.948608
4486.666557
4485.128095
4488.205018
4482.051172
4479.48707
4485.128095
4487.692198
4493.333223
4504.615274
4511.281941
4509.230659
4504.615274
4503.076813
4508.205018
4512.307582
4513.846043
4512.307582
4513.333223
4509.230659
4497.948608
4501.538351
4523.589633
4529.230658
4517.948607
4515.384505
4517.948607
4517.435787
4515.897325
4505.640915
4490.769121
4491.281941
4494.358864
4486.153736
4478.461429
4481.538352
4487.692198
4495.384505
4499.99989
4494.871685
4485.640916
4481.025531
4482.563993
4482.563993
4479.99989
4479.99989
4479.99989
4476.410147
4481.025531
4488.205018
4491.794762
4495.897326
4497.948608
4491.794762
4489.230659
4490.2563
4484.615275
4483.076813
4490.2563
4496.410146
4500.51271
4502.051172
4493.333223
4488.717839
4495.897326
4504.102454
4507.179377
4506.153736
4498.974249
4496.410146
4502.051172
4504.615274
4501.025531
4497.435787
4491.794762
4486.666557
4481.025531
4476.410147
4479.99989
4478.974249
4473.333224
4476.922967
4487.179377
4483.076813
4472.307583
4469.23066
4469.23066
4467.179378
4471.281942
4479.48707
4479.48707
4476.410147
4478.461429
4481.538352
4483.076813
4490.2563
4497.435787
4499.99989
4496.410146
4486.666557
4477.435788
4478.974249
4479.99989
4474.871685
4475.897326
4485.640916
4492.820403
4492.307582
4485.640916
4474.871685
4465.128096
4457.948609
4458.461429
4456.922968
4451.281942
4449.743481
4450.769122
4444.102455
4437.435789
4434.871686
4432.307584
4430.256302
4430.769122
4426.666558
4424.615276
4435.897327
4448.71784
4449.23066
4441.025532
4432.820404
4423.589635
4419.999892
4420.512712
4415.897328
4407.179379
4405.640918
4407.179379
4402.563995
4398.461431
4399.487072
4400.512713
4405.128097
4411.281943
4404.102456
4399.487072
4403.076815
4401.025533
4396.410149
4397.94861
4396.922969
4394.358867
4394.358867
4391.281944
4391.281944
4398.461431
4401.538354
4394.358867
4388.205021
4391.281944
4396.410149
4392.307585
4387.6922
4387.6922
4388.717841
4388.717841
4392.307585
4394.871687
4391.794764
4390.256303
4391.794764
4390.769123
4392.307585
4401.025533
4406.153738
4404.615277
4403.076815
4404.102456
4405.128097
4407.6922
4408.20502
4410.256302
4413.333225
4413.333225
4414.358866
4419.487071
4420.512712
4411.794764
4403.589636
4399.999892
4398.974251
4399.999892
4404.615277
4408.20502
4402.563995
4391.281944
4383.076816
4374.358867
4366.66656
4357.435791
4349.743483
4348.205022
4351.794765
4359.999893
4362.563996
4351.794765
4342.563996
4345.640919
4343.589637
4334.358868
4330.256304
4332.307586
4331.794766
4335.384509
4347.179381
4354.871688
