
4404.615277
4410.769123
4407.6922
4398.461431
4384.615277
4371.281944
4381.538354
4399.487072
4391.281944
4378.461431
4387.17938
4403.076815
4412.307584
4409.743482
4409.230661
4409.230661
4389.230662
4372.820406
4390.256303
4399.487072
4379.999893
4378.461431
4391.794764
4390.256303
4389.743482
4389.743482
4373.846047
4364.615278
4372.307585
4374.358867
4366.153739
4357.435791
4356.41015
4367.17938
4376.410149
4380.512713
4389.230662
4391.794764
4380.512713
4370.769124
4370.769124
4372.307585
4375.384508
4380.512713
4381.025534
4374.358867
4370.256303
4370.769124
4371.794765
4371.281944
4365.128098
4355.384509
4349.743483
4354.358868
4362.563996
4370.769124
4376.92297
4375.897329
4371.281944
4373.846047
4376.92297
4376.92297
4378.461431
4379.487072
4377.948611
4380.512713
4383.589636
4386.153739
4395.384508
4401.538354
4396.922969
4385.640918
4377.43579
4379.487072
4379.999893
4367.692201
4365.640919
4377.43579
4377.43579
4376.92297
4394.358867
4397.94861
4382.051175
4384.615277
4394.871687
4391.281944
4386.153739
4383.589636
4382.051175
4390.769123
4393.846046
4378.461431
4374.871688
4387.17938
4387.6922
4383.076816
4382.563995
4382.051175
4390.256303
4401.025533
4394.871687
4381.025534
4382.563995
4393.846046
4387.6922
4368.205021
4359.999893
4365.128098
4371.281944
4375.897329
4379.999893
4382.051175
4384.102457
4379.999893
4378.974252
4384.615277
4377.43579
4365.640919
4369.230662
4375.897329
4374.871688
4379.999893
4388.717841
4383.589636
4370.769124
4367.692201
4362.051175
4350.769124
4352.820406
4354.358868
4343.589637
4348.205022
4369.743483
4370.256303
4363.589637
4379.487072
4387.6922
4377.43579
4377.43579
4386.153739
4381.025534
4367.17938
4369.230662
4378.461431
4374.871688
4362.051175
4359.999893
4361.538355
4364.615278
4373.846047
4365.640919
4353.333227
4361.538355
4374.358867
4378.974252
4386.153739
4390.256303
4386.153739
4388.205021
4391.794764
4386.666559
4382.051175
4377.948611
4368.717842
4357.948611
4356.41015
4360.512714
4361.025534
4358.974252
4363.076816
4363.589637
4348.717842
4344.615278
4359.487073
4364.615278
4358.461432
4359.999893
4367.17938
4368.717842
4363.076816
4363.076816
4372.307585
4372.820406
4361.025534
4356.92297
4368.717842
4375.897329
4373.333226
4373.333226
4383.076816
4388.717841
4385.640918
4381.025534
4372.820406
4364.102457
4368.205021
4370.769124
4364.615278
4363.589637
4365.640919
4368.205021
4374.358867
4365.128098
4351.794765
4366.153739
4376.410149
4364.615278
4362.051175
4371.794765
4374.358867
4379.487072
4387.17938
4385.640918
4378.974252
4380.512713
4391.794764
4396.410149
4387.6922
4376.410149
4378.461431
4382.051175
4372.307585
4363.076816
4361.025534
4354.358868
4349.743483
4356.41015
4359.487073
4362.563996
4373.333226
4365.640919
4348.205022
4354.871688
4364.615278
4354.871688
4353.333227
4359.487073
4347.692201
4345.640919
4366.66656
4370.769124
4355.384509
4355.897329
4369.230662
4373.333226
4372.307585
4370.769124
4366.66656
4362.563996
4358.461432
4359.999893
4368.717842
4371.794765
4365.128098
4372.820406
4391.281944
4382.051175
4362.563996
4371.794765
4384.615277
4371.794765
4364.102457
4378.974252
4387.17938
4382.563995
4383.589636
4387.6922
4381.538354
4376.410149
4377.948611
4378.974252
4378.461431
4379.999893
4375.897329
4368.717842
4370.769124
4379.487072
4381.025534
4371.281944
4361.538355
4362.563996
4368.717842
4369.230662
4364.615278
4365.640919
4368.717842
4363.589637
4357.435791
4363.076816
4372.820406
4372.820406
4365.640919
4359.487073
4356.41015
4357.948611
4362.563996
4364.615278
4368.717842
4369.743483
4360.512714
4352.820406
4351.794765
4351.794765
4351.281945
4354.358868
4350.256304
4350.256304
4356.92297
4356.92297
4346.15374
4337.948612
4337.435791
4335.384509
4334.358868
4334.358868
4331.794766
4340.512714
4354.358868
4355.897329
4356.41015
4360.512714
4350.256304
4336.41015
4327.692202
4313.333228
4304.615279
4311.794766
4315.38451
4312.820407
4325.128099
4344.102458
4345.128099
4330.256304
4323.076817
4330.256304
4327.179381
4317.948612
4326.15374
4338.461432
4325.64092
4314.871689
4329.230663
4337.435791
4330.256304
4338.461432
4356.92297
4355.897329
4342.051176
4339.487073
4338.974253
4334.358868
4344.102458
4353.333227
4344.615278
4333.846048
4334.871689
4334.871689
4326.666561
4320.512715
4323.589638
4330.256304
4332.820407
4339.487073
4341.538355
4325.128099
4314.358869
4327.179381
4332.820407
4325.128099
4331.794766
4341.538355
4326.666561
4312.307587
4319.487074
4325.64092
4312.820407
4301.025536
4311.794766
4320.512715
4309.230664
4298.974254
4309.743484
4321.538356
4315.89733
4304.102459
4311.794766
4331.281945
4336.922971
4329.743484
4323.589638
4312.307587
4306.666561
4321.538356
4341.025535
4339.999894
4331.281945
4335.384509
4336.41015
4328.205022
4327.692202
4331.281945
4332.307586
4335.384509
4328.205022
4323.076817
4336.922971
4347.692201
4346.66656
4347.179381
4344.102458
4337.435791
4338.461432
4346.15374
4353.333227
4353.333227
4345.640919
4341.538355
4341.538355
4339.487073
4342.563996
4344.615278
4338.461432
4339.487073
4348.717842
4345.640919
4337.435791
4351.794765
4366.153739
4351.794765
4340.512714
4352.820406
4358.974252
4364.102457
4376.92297
4372.307585
4357.435791
4361.538355
4366.66656
4366.66656
4375.384508
4381.538354
4386.666559
4393.333226
4388.205021
4379.487072
4372.820406
4364.102457
4360.512714
4362.563996
4361.025534
4366.153739
4380.512713
4369.230662
4347.692201
4357.435791
4376.92297
4364.615278
4349.743483
4357.948611
4359.999893
4355.384509
4363.589637
4366.66656
4350.769124
4344.102458
4354.871688
4363.589637
4365.640919
4369.230662
4374.358867
4373.846047
4365.640919
4363.076816
4364.102457
4360.512714
4357.948611
4358.461432
4355.897329
4358.461432
4364.102457
4362.051175
4364.102457
4376.410149
4382.563995
4374.358867
4365.640919
4364.102457
4365.640919
4368.717842
4375.897329
4379.999893
4378.461431
4373.333226
4366.66656
4367.17938
4376.410149
4383.589636
4379.487072
4379.487072
4383.589636
4387.17938
4398.461431
4402.563995
4386.153739
4375.384508
4380.512713
4377.948611
4372.307585
4373.333226
4373.846047
4381.538354
4392.820405
4392.307585
4387.17938
4390.256303
4394.358867
4381.538354
4369.743483
4376.92297
4376.410149
4367.17938
4378.974252
4393.333226
4383.589636
4374.871688
4381.025534
4391.281944
4396.410149
4398.461431
4406.153738
4408.20502
4393.333226
4389.230662
4390.256303
4381.025534
4378.461431
4377.43579
4365.640919
4367.692201
4386.153739
4389.743482
4378.974252
4376.92297
4388.205021
4394.358867
4386.666559
4382.563995
4391.794764
4397.43579
4394.871687
4397.43579
4412.307584
4424.102456
4413.846046
4402.563995
4413.333225
4418.974251
4410.256302
4410.256302
4412.307584
4409.230661
4422.563994
4432.820404
4427.692199
4435.384507
4446.153737
4434.871686
4418.46143
4422.051174
4435.897327
4448.205019
4449.23066
4444.102455
4451.281942
4465.128096
4474.358865
4472.307583
4466.153737
4467.179378
4477.948608
4485.640916
4486.153736
4485.128095
4487.179377
4490.2563
4496.922967
4506.153736
4504.102454
4497.948608
4503.589633
4506.153736
4500.51271
4499.99989
4498.974249
4489.74348
4481.025531
4482.051172
4493.846044
4503.076813
4498.974249
4494.871685
4497.435787
4501.025531
4510.2563
4515.384505
4510.76912
4511.281941
4512.307582
4507.179377
4507.692197
4512.820402
4514.358864
4514.358864
4517.435787
4517.948607
4521.538351
4526.666556
4529.743479
4528.205017
4524.615274
4525.128094
4528.205017
4523.076812
4507.692197
4503.589633
4518.461428
4525.128094
4515.384505
4517.435787
4528.205017
4530.76912
4522.051171
4511.281941
4510.2563
4518.974248
4521.538351
4517.435787
4521.02553
4522.051171
4511.794761
4503.589633
4496.922967
4494.871685
4504.615274
4505.128095
4492.307582
4485.128095
4478.974249
4470.256301
4479.99989
4492.307582
4490.769121
4491.794762
4502.563992
4507.692197
4504.615274
4510.2563
4521.538351
4519.487069
4516.410146
4521.02553
4506.666556
4476.922967
4443.076814
4403.589636
4367.692201
4342.051176
4314.871689
4293.846049
4283.076818
4251.794768
4179.999898
4023.589645
3747.179396
3434.35889
3211.794793
3141.025564
3237.435818
3453.333249
3685.128115
3875.897341
4035.897337
4165.640924
4247.179383
4297.435792
4347.179381
4393.846046
4423.589635
4454.871686
4489.74348
4509.230659
4516.922966
4522.563992
4532.307581
4548.205017
4557.948606
4567.179375
4583.076811
4588.205016
4579.999888
4587.179375
4603.589631
4598.974247
4589.230657
4590.256298
4591.79476
4591.79476
4603.589631
4611.794759
4599.999888
4592.820401
4598.974247
4599.487067
4593.333221
4587.179375
4580.512709
4581.025529
4588.717837
4578.974247
4563.076811
4567.179375
4574.871683
4567.692196
4552.820401
4551.79476
4566.666555
4578.461427
4579.999888
4587.692196
4599.487067
4599.487067
4601.538349
4613.846041
4616.922964
4609.743477
4608.205016
4612.30758
4611.281939
4604.102452
4602.56399
4605.128093
4606.666554
4607.179375
4609.230657
4613.846041
4616.922964
4615.897323
4612.30758
4609.743477
4611.281939
4611.794759
4607.692195
4603.589631
4596.410144
4586.666555
4588.717837
4610.769118
4619.999887
4603.076811
4591.281939
4593.333221
4594.358862
4591.281939
4587.692196
4585.128093
4585.128093
4582.05117
4581.53835
4590.256298
4595.384503
4594.871683
4594.358862
4586.153734
4581.53835
4590.256298
4596.922965
4598.461426
4596.922965
4586.153734
4575.897324
4576.922965
4580.512709
4581.025529
4588.717837
4595.897324
4582.563991
4564.102452
4561.025529
4559.487068
4548.205017
4539.999889
4537.948607
4535.897325
4539.999889
4552.820401
4568.717837
4572.307581
4555.384504
4544.615273
4547.692196
4537.948607
4525.640915
4533.333222
4544.615273
4547.179376
4555.897324
4554.358863
4543.076812
4546.666555
4548.205017
4532.820402
4523.589633
4533.846043
4538.974248
4521.02553
4502.563992
4510.76912
4520.51271
4509.743479
4506.666556
4520.51271
4530.256299
4534.358863
4531.28194
4528.717838
4539.487068
4549.230658
4541.02553
4529.743479
4530.256299
4530.76912
4530.256299
4531.28194
4528.717838
4527.692197
4537.948607
4545.640914
4539.487068
4542.563991
4559.999888
4566.666555
4567.179375
4571.281939
4572.820401
4572.820401
4572.307581
4558.974247
4548.717837
4545.128094
4534.358863
4532.307581
4542.563991
4549.230658
4550.256299
4549.230658
4544.102453
4546.153735
4552.307581
4556.410145
4556.922965
4546.666555
4536.922966
4539.999889
4545.128094
4544.102453
4541.02553
4542.563991
4540.512709
4530.76912
4535.897325
4541.02553
4518.974248
4502.563992
4516.922966
4529.743479
4529.230658
4527.692197
4529.743479
4544.102453
4546.153735
4531.28194
4530.256299
4530.256299
4521.02553
4525.640915
4528.717838
4515.384505
4511.281941
4518.461428
4517.948607
4516.410146
4514.358864
4512.307582
4514.358864
4521.02553
4522.051171
4518.461428
4523.076812
4529.743479
4530.256299
4525.640915
4516.410146
4514.871684
4523.589633
4522.563992
4513.333223
4514.358864
4521.538351
4527.179376
4531.28194
4533.846043
4533.846043
4532.307581
4528.717838
4521.538351
4521.538351
4533.846043
4535.384504
4525.640915
4527.692197
4533.333222
4529.230658
4535.384504
4549.230658
4549.230658
4546.666555
4557.948606
4564.102452
4557.948606
4557.948606
4557.948606
4547.692196
4541.53835
4546.666555
4551.28194
4546.153735
4539.487068
4533.333222
4513.846043
4493.846044
4490.2563
4490.769121
4484.102454
4477.435788
4475.897326
4479.99989
4479.48707
4471.794762
4466.666557
4464.615275
4465.128096
4465.640916
4456.410147
4448.205019
4454.358865
4455.897327
4447.179378
4447.692199
4452.820404
4454.871686
4455.897327
4452.307583
4450.256301
4459.999891
4464.615275
4450.769122
4439.487071
4444.102455
4452.307583
4454.358865
4456.922968
4461.538352
4458.97425
4453.846045
4448.205019
4438.97425
4431.794763
4435.897327
4450.256301
4454.358865
4444.615276
4443.076814
4451.794763
4453.846045
4447.692199
4439.999891
4443.076814
4453.846045
4453.333224
4443.589635
4443.589635
4452.307583
4456.922968
4447.692199
4436.922968
4451.281942
4471.281942
4467.179378
4464.102455
4478.461429
4481.025531
4467.179378
4463.589634
4472.820403
4474.358865
4475.384506
4476.922967
4468.205019
4459.999891
4463.589634
4467.692198
4469.74348
4477.948608
4480.512711
4473.333224
4466.666557
4466.153737
4466.666557
4464.615275
4463.589634
4471.794762
4476.922967
4473.333224
4468.717839
4467.179378
4472.307583
4487.179377
4495.897326
4488.717839
4485.128095
4491.794762
4491.281941
4489.74348
4497.948608
4492.820403
4481.025531
4491.281941
4507.179377
4499.487069
4486.666557
4482.051172
4485.128095
4490.2563
4485.640916
4480.512711
4483.076813
4489.230659
4495.897326
4499.487069
4496.922967
4494.871685
4491.281941
4484.102454
4478.974249
4481.025531
4488.717839
4497.948608
4506.666556
4515.897325
4513.846043
4503.589633
4504.102454
4515.897325
4531.794761
4544.615273
4547.179376
4546.153735
4548.205017
4562.563991
4584.615273
4586.666555
4579.487068
4592.820401
4613.846041
4614.358862
4617.948605
4637.435784
4642.051169
4637.948605
4646.153733
4657.948604
4655.384502
4652.307579
4653.84604
4652.307579
4654.871681
4663.076809
4671.281937
4677.948604
4683.076809
4683.076809
4677.435783
4677.948604
4693.333219
4711.281936
4721.025526
4724.102449
4732.820397
4743.076807
4737.948602
4727.692192
4729.743474
4733.846038
4732.307577
4736.410141
4744.615269
4746.666551
4747.692192
4749.743474
4751.281935
4755.384499
4755.384499
4758.461422
4768.205012
4771.281935
4754.871679
4739.999884
4742.563987
4738.461423
4725.12809
4720.512705
4721.538346
4719.487064
4717.435782
4715.897321
4714.87168
4716.922962
4712.820398
4705.12809
4708.205013
4711.794757
4713.333218
4721.538346
4728.717833
4728.205013
4721.025526
4712.820398
4711.794757
4708.717834
4692.820398
4682.051168
4695.384501
4712.820398
4706.666552
4690.256296
4692.307578
4702.051167
4688.205014
4669.230655
4668.205014
4673.84604
4672.820399
4671.794758
4677.435783
4681.025527
4675.384501
4673.333219
4687.692193
4690.256296
4671.281937
4663.58963
4672.820399
4669.743476
4663.58963
4668.205014
4665.640912
4664.615271
4678.974245
4685.640911
4677.435783
4665.640912
4661.538348
4664.615271
4659.999886
4647.179374
4645.128092
4653.84604
4661.025527
4663.076809
4659.999886
4657.948604
4663.076809
4658.974245
4647.179374
4644.615271
4642.563989
4633.33322
4630.769118
4631.794759
4626.666554
4624.102451
4628.717836
4630.769118
4633.33322
4641.025528
4649.743476
4649.743476
4642.563989
4634.871682
4633.846041
4637.435784
4644.102451
4655.897322
4658.974245
4644.615271
4630.256297
4627.692195
4617.435785
4598.461426
4581.53835
4570.769119
4564.102452
4558.461427
4564.102452
4578.461427
4576.410145
4558.461427
4556.922965
4569.230657
4564.615273
4550.769119
4547.179376
4544.615273
4537.948607
4539.999889
4551.79476
4562.05117
4564.615273
4552.307581
4545.640914
4554.871683
4553.846042
4538.461427
4535.897325
4549.230658
4550.256299
4534.871684
4531.28194
4539.487068
4539.999889
4541.02553
4545.640914
4547.179376
4547.179376
4543.589632
4544.615273
4548.717837
4542.563991
4538.974248
4543.589632
4543.589632
4539.999889
4537.948607
4541.02553
4549.743478
4545.640914
4530.256299
4536.922966
4544.615273
4522.563992
4509.230659
4515.384505
4508.205018
4509.230659
4525.128094
4527.692197
4528.205017
4532.820402
4513.846043
4501.538351
4510.2563
4504.615274
4500.51271
4504.102454
4495.384505
4490.2563
4497.948608
4502.563992
4506.666556
4506.666556
4496.410146
4493.846044
4506.666556
4517.435787
4518.974248
4512.820402
4500.51271
4489.230659
4481.025531
4485.640916
4506.666556
4520.51271
4499.487069
4478.974249
4489.74348
4489.230659
4463.589634
4456.410147
4473.846044
4478.461429
4465.640916
4467.179378
4482.051172
4475.897326
4453.333224
4451.794763
4460.512711
4456.410147
4449.743481
4448.205019
4446.153737
4437.435789
4437.435789
4448.71784
4451.281942
4442.563994
4439.487071
4442.563994
4437.435789
4431.281943
4432.820404
4432.307584
4421.538353
4418.974251
4427.179379
4422.563994
4421.025533
4436.410148
4443.589635
4443.076814
4450.769122
4457.435788
4456.410147
4458.461429
4457.948609
4450.256301
4438.97425
4434.358866
4445.640917
4445.128096
4425.640917
4424.615276
4438.46143
4435.384507
4429.230661
4438.46143
4441.025532
4431.794763
4431.281943
4433.333225
4425.640917
4425.128097
4436.410148
4438.46143
4427.179379
4423.076815
4433.846045
4437.435789
4424.615276
4421.025533
4427.692199
4431.281943
4435.384507
4439.999891
4441.025532
4447.179378
4449.743481
4444.615276
4445.128096
4442.563994
4432.820404
4433.333225
4439.999891
4437.948609
4434.358866
4432.820404
4428.20502
4423.076815
4424.102456
4428.20502
4439.487071
4454.871686
4447.179378
4425.640917
4421.025533
4429.743481
4433.333225
4437.948609
4441.538353
4436.922968
4434.358866
4441.025532
4446.666558
4440.512712
4434.871686
4443.589635
4453.846045
4455.384506
4452.820404
4451.794763
4451.281942
4449.743481
4450.256301
4457.435788
4463.076814
4464.102455
4469.23066
4468.205019
4462.051173
4458.97425
4459.48707
4457.435788
4459.999891
4463.076814
4456.410147
4450.256301
4453.333224
4455.384506
4451.281942
4455.897327
4464.615275
4467.179378
4463.589634
4459.999891
4455.897327
4450.769122
4454.871686
4465.640916
4470.769121
4468.205019
4468.205019
4471.281942
4471.794762
4471.281942
4465.640916
4462.563993
4468.717839
4465.128096
4456.410147
4459.48707
4467.179378
4468.205019
4475.384506
4484.102454
4484.102454
4484.615275
4486.666557
4476.410147
4456.410147
4446.666558
4451.281942
4455.384506
4451.281942
4443.589635
4439.487071
4437.435789
4426.666558
4417.94861
4422.051174
4426.666558
4421.025533
4412.307584
4409.230661
4415.384507
4415.897328
4407.6922
4402.563995
4395.384508
4389.743482
4392.820405
4396.922969
4394.358867
4399.999892
4404.615277
4392.820405
4385.640918
4393.846046
4396.410149
4389.743482
4392.820405
4402.563995
4401.025533
4393.333226
4390.256303
4383.589636
4373.846047
4382.051175
4401.025533
4403.589636
4394.358867
4395.897328
4404.615277
4403.076815
4394.358867
4394.871687
4411.281943
4416.410148
4396.410149
4387.6922
4399.999892
4404.102456
4396.922969
4402.051174
4410.769123
4408.20502
4406.666559
4413.333225
4415.384507
4410.256302
4407.179379
4399.487072
4389.230662
4397.94861
4407.6922
4394.871687
4385.128098
4389.743482
4390.769123
4387.17938
4385.640918
4384.102457
4393.846046
4403.076815
4395.384508
4384.102457
4383.076816
4388.717841
4396.410149
4404.102456
4412.307584
4419.487071
4416.410148
4406.666559
4398.974251
4396.410149
4404.102456
4409.743482
4401.025533
4392.307585
4391.281944
4394.871687
4398.974251
4393.333226
4386.666559
4399.487072
4416.922969
4415.384507
4406.153738
4410.769123
4415.384507
4400.512713
4393.333226
4405.128097
4402.051174
4381.538354
4375.897329
4385.128098
4389.743482
4387.6922
4389.230662
4396.922969
4395.384508
4382.051175
4369.230662
4365.128098
4365.128098
4364.615278
4361.025534
4365.128098
4377.43579
4388.717841
4392.820405
4391.281944
4398.974251
4409.743482
4400.512713
4389.230662
4392.820405
4395.384508
4388.205021
4385.128098
4389.230662
4392.307585
4392.307585
4391.281944
4392.307585
4395.384508
4399.999892
4392.307585
4379.487072
4383.076816
4382.051175
4367.17938
4363.589637
4371.281944
4371.281944
4365.128098
4356.92297
4349.743483
4350.256304
4349.230663
4348.205022
4350.769124
4348.205022
4353.333227
4363.076816
4353.846047
4342.563996
4352.307586
4357.948611
4349.743483
4346.66656
4359.487073
4371.794765
4359.999893
4345.640919
4349.743483
4354.358868
4348.205022
4344.615278
4343.589637
4357.948611
4381.025534
4373.846047
4357.435791
4373.333226
4394.358867
4393.333226
4395.384508
4402.051174
4404.102456
4419.487071
4437.435789
4441.538353
4447.692199
4453.333224
4446.153737
4443.589635
4456.410147
4464.615275
4467.179378
4475.384506
4486.666557
4485.640916
4480.512711
4491.281941
4492.820403
4482.051172
4490.769121
4504.102454
4491.281941
4485.640916
4507.692197
4519.487069
4513.333223
4512.307582
4512.820402
4516.922966
4527.692197
4532.820402
4537.435786
4545.640914
4548.717837
4547.179376
4546.666555
4548.205017
4554.358863
4555.897324
4553.333222
4568.205016
4583.589632
4576.410145
4570.769119
4577.948606
4577.948606
4574.358863
4581.53835
4595.384503
4613.846041
4630.256297
4626.666554
4616.922964
4617.948605
4618.461426
4611.794759
4613.333221
4621.025528
4622.56399
4620.512708
4628.717836
4638.974246
4636.922964
4636.922964
4643.58963
4645.640912
4641.538348
4641.538348
4646.153733
4654.871681
4663.58963
4666.666553
4664.615271
4657.948604
4656.922963
4662.563989
4665.128091
4663.58963
4657.435784
4644.615271
4637.948605
4641.025528
4645.640912
4644.615271
4647.692194
4659.487066
4662.563989
4650.256297
4638.974246
4639.999887
4645.640912
4653.33322
4658.974245
4654.358861
4650.769117
4656.922963
4663.58963
4665.640912
4659.999886
4647.179374
4636.410143
4634.358861
4638.461425
4639.999887
4632.8204
4630.769118
4641.025528
4645.640912
4639.999887
4640.512707
4642.563989
4637.948605
4630.769118
4618.974246
4606.666554
4604.615272
4615.384503
4626.666554
4624.102451
4621.025528
4634.871682
4642.051169
4626.666554
4621.025528
4631.794759
4628.205015
4615.897323
4614.871682
4613.333221
4607.179375
4606.153734
4606.153734
4601.538349
4602.56399
4612.8204
4615.897323
4598.974247
4586.153734
4592.820401
4595.384503
4589.743478
4593.846042
4597.948606
4591.281939
4589.230657
4592.820401
4590.769119
4583.589632
4585.640914
4592.820401
4590.769119
4587.179375
4587.179375
4591.79476
4599.999888
4589.743478
4570.256298
4566.153734
4570.769119
4575.897324
4574.871683
4565.128093
4556.922965
4551.79476
4543.589632
4543.076812
4545.128094
4539.999889
4542.563991
4546.666555
4543.589632
4547.179376
4552.307581
4552.307581
4546.666555
4544.615273
4554.358863
4554.871683
4531.794761
4519.487069
4532.820402
4538.461427
4534.358863
4543.589632
4547.692196
4533.846043
4531.794761
4539.487068
4525.640915
4512.820402
4525.640915
4535.897325
4537.948607
4543.589632
4540.512709
4534.871684
4535.384504
4534.358863
4541.53835
4544.615273
4520.51271
4499.99989
4498.974249
4501.538351
4506.666556
4515.384505
4517.435787
4517.435787
4519.999889
4522.051171
4523.589633
4529.230658
4530.256299
4520.51271
4515.897325
4515.897325
4511.281941
4510.2563
4514.871684
4509.743479
4504.615274
4509.743479
4498.974249
4470.769121
4463.076814
4474.358865
4488.717839
4512.820402
4520.51271
4494.871685
4481.025531
4492.820403
4491.281941
4479.99989
4482.563993
4491.281941
4497.948608
4497.948608
4484.615275
4471.794762
4472.307583
4472.820403
4470.256301
4469.74348
4467.692198
4470.256301
4481.538352
4476.922967
4461.025532
4460.512711
4466.153737
4464.615275
4465.128096
4464.615275
4456.410147
4451.281942
4450.769122
4449.743481
4450.256301
4451.281942
4449.743481
4443.076814
4435.897327
4424.615276
4405.128097
4387.6922
4390.769123
4411.794764
4415.897328
4404.102456
4409.743482
4424.102456
4421.538353
4416.922969
4422.051174
4425.128097
4428.20502
4434.358866
4443.076814
4449.743481
4449.23066
4445.128096
4452.820404
4462.051173
4458.97425
4454.358865
4453.846045
4445.128096
4433.333225
4439.999891
4454.871686
4456.410147
4447.179378
4445.640917
4451.794763
4454.358865
4451.281942
4442.051173
4427.692199
4425.128097
4431.281943
4425.640917
4417.435789
4418.974251
4421.538353
4417.435789
4412.820405
4415.897328
4423.076815
4421.025533
4422.051174
4431.794763
4428.20502
4413.846046
4415.384507
4429.230661
4434.358866
4428.20502
4430.769122
4440.512712
4441.025532
4435.897327
4444.102455
4454.358865
4449.743481
4434.871686
4425.640917
4428.20502
4431.281943
4431.794763
4431.794763
4429.230661
4424.615276
4424.615276
4428.71784
4440.512712
4451.281942
4439.999891
4408.717841
4384.102457
4380.512713
4382.051175
4380.512713
4394.871687
4414.871687
4414.358866
4411.281943
4412.307584
4398.461431
4389.743482
4399.487072
4402.563995
4398.461431
4405.128097
4416.922969
4422.051174
4421.538353
4427.179379
4430.769122
4431.281943
4437.435789
4433.333225
4416.922969
4422.563994
4439.999891
4436.410148
4428.71784
4438.97425
4446.666558
4440.512712
4434.358866
4428.71784
4423.589635
4432.307584
4439.487071
4436.922968
4443.589635
4453.333224
4447.179378
4436.922968
4441.025532
4453.333224
4456.922968
4447.692199
4441.538353
4441.025532
4435.384507
4424.102456
4418.46143
4427.179379
4437.948609
4436.410148
4429.230661
4424.102456
4415.897328
4414.358866
4416.922969
4413.333225
4417.94861
4437.948609
4451.281942
4451.281942
4455.384506
4455.384506
4444.102455
4438.46143
4442.563994
4441.538353
4434.871686
4431.281943
4429.743481
4426.666558
4421.538353
4417.94861
4418.46143
4420.512712
4424.615276
4426.153738
4419.999892
4419.999892
4428.71784
4425.128097
4417.435789
4429.230661
4442.563994
4440.512712
4441.025532
4451.281942
4451.281942
4443.076814
4441.538353
4443.076814
4435.897327
4428.20502
4429.230661
4439.999891
4448.205019
4443.076814
4438.97425
4447.179378
4444.102455
4432.307584
4445.128096
4456.922968
4442.051173
4437.435789
4455.384506
4454.871686
4437.948609
4444.615276
4461.538352
4453.333224
4437.948609
4445.128096
4452.307583
4444.102455
4447.692199
4448.71784
4422.051174
4449.743481
4554.358863
4615.897323
4599.487067
4587.692196
4595.384503
4587.692196
4579.487068
4574.358863
4570.769119
4581.53835
4590.769119
4579.999888
4569.743478
4575.897324
4578.974247
4575.384504
4570.256298
4560.512709
4563.076811
4570.256298
4560.512709
4547.692196
4551.28194
4560.512709
4559.487068
4559.487068
4564.102452
4561.025529
4560.512709
4572.307581
4571.79476
4559.487068
4565.128093
4573.333222
4565.128093
4555.897324
4546.153735
4534.358863
4529.230658
4536.410145
4546.153735
4546.666555
4543.076812
4541.02553
4536.410145
4530.256299
4528.205017
4529.743479
4541.02553
4553.333222
4542.051171
4522.051171
4528.205017
4548.205017
4549.230658
4537.948607
4529.743479
4529.230658
4537.435786
4536.922966
4527.692197
4530.76912
4533.333222
4523.076812
4522.051171
4530.76912
4522.563992
4511.281941
4511.281941
4514.871684
4515.897325
4511.281941
4506.153736
4511.794761
4521.538351
4516.410146
4509.743479
4510.76912
4515.384505
4518.461428
4506.666556
4490.769121
4499.487069
4516.410146
4514.358864
4507.692197
4508.717838
4509.743479
4512.820402
4517.948607
4523.076812
4531.794761
4532.307581
4523.589633
4525.128094
4534.871684
4532.820402
4523.589633
4524.102453
4529.230658
4525.640915
4517.948607
4513.846043
4511.281941
4513.333223
4526.666556
4532.307581
4517.948607
4506.153736
4505.128095
4509.743479
4516.922966
4515.897325
4511.281941
4517.948607
4513.846043
4502.563992
4507.692197
4511.281941
4501.025531
4496.410146
4502.051172
4501.025531
4488.205018
4483.076813
4487.179377
4473.846044
4461.538352
4473.846044
4485.640916
4481.025531
4476.922967
4472.820403
4469.23066
4477.435788
4482.051172
4469.74348
4461.538352
4474.871685
4485.640916
4471.794762
4455.897327
4455.384506
4455.384506
4448.205019
4444.615276
4451.794763
4458.461429
4456.410147
4451.794763
4457.948609
4473.846044
4473.333224
4451.281942
4435.897327
4441.538353
4449.743481
4444.615276
4436.922968
4440.512712
4450.769122
4462.563993
4475.384506
4480.512711
4473.846044
4469.74348
4471.281942
4465.128096
4452.820404
4449.743481
4462.051173
4468.205019
4461.538352
4466.153737
4475.897326
4466.153737
4455.384506
4459.999891
4468.205019
4468.205019
4466.153737
4467.179378
4469.23066
4468.717839
4466.666557
4467.179378
4466.666557
4471.794762
4472.820403
4455.897327
4437.948609
4439.999891
4454.358865
4466.666557
4463.076814
4451.281942
4450.256301
4455.897327
4456.410147
4462.051173
4469.23066
4462.051173
4450.769122
4454.358865
4472.820403
4476.922967
4468.717839
4464.615275
4452.307583
4437.435789
4446.153737
4458.461429
4455.897327
4458.461429
4469.23066
4470.256301
4462.563993
4461.025532
4464.615275
4467.692198
4465.128096
4456.410147
4459.48707
4469.74348
4459.999891
4450.256301
4461.025532
4465.128096
4461.538352
4466.666557
4466.666557
4462.051173
4466.666557
4477.948608
4488.717839
4488.205018
4479.99989
4480.512711
4482.563993
4468.205019
4456.410147
4463.076814
4467.692198
4468.717839
4477.948608
4483.076813
4482.051172
4484.615275
4486.153736
4486.153736
4484.102454
4481.025531
4478.974249
4478.974249
4475.384506
4472.307583
4476.410147
4488.205018
4501.025531
4497.948608
4487.692198
4492.820403
4497.435787
4489.74348
4482.051172
4479.48707
4481.538352
4482.051172
4475.384506
4477.435788
4496.410146
4502.051172
4496.922967
4498.461428
4490.2563
4479.99989
4481.025531
4481.025531
4479.99989
4484.102454
4490.769121
4495.897326
4494.871685
4484.615275
4473.333224
4475.384506
4481.538352
4476.410147
4467.179378
4465.640916
4468.717839
4481.025531
4487.179377
4470.769121
4456.410147
4457.435788
4453.333224
4446.153737
4450.256301
4450.769122
4445.640917
4449.23066
4458.97425
4456.922968
4450.256301
4458.97425
4463.589634
4450.769122
4451.281942
4461.025532
4452.307583
4436.410148
4434.358866
4436.922968
4439.999891
4456.410147
4468.717839
4461.025532
4453.333224
4453.846045
4445.640917
4446.153737
4453.846045
4442.563994
4429.743481
4434.358866
4432.820404
4428.71784
4433.333225
4442.563994
4454.358865
4451.794763
4432.820404
4429.230661
4438.97425
4435.897327
4432.820404
4433.333225
4427.179379
4430.256302
4435.897327
4423.589635
4421.025533
4439.487071
4445.640917
4437.948609
4436.410148
4437.948609
4437.948609
4438.46143
4438.97425
4439.487071
4434.358866
4427.179379
4429.743481
4432.820404
4425.640917
4425.128097
4434.358866
4437.435789
4433.333225
4432.820404
4434.871686
4435.384507
4436.410148
4437.435789
4442.051173
4449.23066
4451.281942
4448.71784
4442.563994
4437.948609
4437.435789
4432.820404
4426.153738
4425.128097
4426.153738
4422.051174
4418.46143
4425.640917
4431.281943
4418.46143
4404.615277
4406.153738
4411.794764
4410.256302
4404.615277
4402.051174
4404.102456
4405.640918
4402.563995
4403.076815
4404.615277
4398.461431
4393.846046
4396.922969
4399.999892
4404.102456
4413.333225
4402.563995
4385.640918
4394.871687
4405.128097
4394.358867
4392.820405
4408.20502
4409.743482
4401.025533
4395.897328
4395.384508
4401.025533
4406.153738
4410.769123
4415.897328
4414.871687
4409.230661
4410.769123
4413.333225
4403.076815
4393.846046
4395.897328
4396.922969
4391.794764
4395.897328
4401.025533
4397.94861
4402.051174
4403.076815
4386.153739
4382.563995
4392.307585
4386.666559
4385.128098
4394.358867
4393.333226
4385.640918
4379.999893
4380.512713
4391.794764
4395.384508
4385.128098
4382.051175
4391.794764
4397.43579
4393.846046
4388.717841
4389.230662
4392.307585
4388.717841
4387.17938
4390.769123
4392.307585
4394.871687
4395.384508
4383.076816
4375.384508
4380.512713
4368.205021
4344.102458
4343.076817
4350.256304
4349.743483
4354.358868
4360.512714
4362.051175
4364.615278
4369.743483
4370.769124
4372.307585
4372.307585
4359.487073
4344.615278
4351.281945
4359.999893
4348.205022
4339.999894
4350.769124
4359.487073
4357.948611
4361.025534
4368.205021
4363.076816
4350.769124
4355.897329
4357.948611
4341.025535
4333.333227
4339.999894
4341.025535
4336.922971
4339.999894
4348.717842
4354.358868
4351.794765
4348.205022
4347.692201
4345.128099
4349.230663
4355.897329
4354.871688
4353.333227
4351.794765
4351.281945
4352.307586
4356.92297
4356.92297
4342.051176
4329.230663
4335.89733
4345.128099
4345.128099
4346.15374
4345.640919
4344.615278
4350.256304
4350.256304
4349.230663
4361.538355
4361.538355
4342.051176
4335.384509
4347.179381
4351.794765
4343.076817
4340.512714
4346.15374
4351.794765
4353.333227
4352.820406
4352.820406
4355.384509
4356.92297
4359.999893
4370.769124
4381.025534
4380.512713
4376.410149
4371.281944
4369.743483
4370.256303
4364.615278
4359.999893
4359.999893
4352.820406
4345.128099
4355.384509
4381.025534
4394.871687
4386.666559
4378.461431
4376.92297
4375.897329
4376.92297
4378.974252
4379.487072
4385.128098
4388.205021
4387.6922
4394.358867
4398.461431
4392.307585
4393.333226
4405.128097
4411.794764
4414.871687
4416.410148
4406.666559
4389.743482
4387.6922
4396.922969
4391.281944
4378.974252
4384.102457
4392.307585
4386.153739
4379.487072
4382.051175
4392.307585
4406.153738
4408.20502
4407.6922
4415.897328
4409.743482
4393.333226
4391.794764
4399.487072
4404.615277
4408.717841
4406.666559
4398.974251
4397.43579
4408.717841
4418.974251
4409.230661
4401.538354
4413.333225
4425.640917
4416.922969
4404.615277
4406.666559
4420.512712
4426.666558
4418.46143
4419.487071
4427.692199
4421.538353
4414.358866
4423.076815
4420.512712
4402.563995
4402.051174
4408.20502
4409.743482
4424.615276
4436.410148
4425.640917
4416.410148
4425.640917
4427.179379
4417.94861
4414.871687
4413.846046
4411.794764
4414.358866
4412.307584
4404.615277
4405.128097
4406.153738
4402.051174
4399.487072
4396.410149
4394.358867
4395.897328
4394.871687
4397.94861
4404.102456
4403.076815
4400.512713
4402.563995
4406.153738
4410.256302
4402.051174
4379.999893
4376.92297
4392.307585
4395.897328
4391.794764
4395.897328
4398.461431
4392.307585
4387.6922
4387.6922
4391.281944
4396.922969
4401.538354
4403.076815
4405.128097
4402.563995
4391.794764
4389.230662
4402.051174
4405.128097
4394.871687
4396.410149
4405.128097
4405.128097
4399.487072
4397.94861
4409.743482
4414.358866
4398.461431
4392.307585
4407.6922
4412.307584
4409.743482
4418.974251
4428.71784
4432.307584
4427.692199
4417.435789
4417.94861
4423.589635
4411.794764
4396.922969
4398.974251
4404.615277
4411.281943
4418.974251
4414.871687
4404.615277
4409.230661
4415.897328
4410.256302
4396.922969
4390.769123
4393.846046
4393.333226
4393.333226
4398.974251
4397.43579
4391.281944
4394.358867
4393.846046
4383.076816
4383.076816
4389.230662
4390.769123
4386.153739
4380.512713
4376.92297
4375.384508
4377.948611
4381.025534
4383.076816
4387.17938
4391.794764
4388.205021
4378.974252
4378.974252
4385.640918
4377.43579
4365.640919
4369.743483
4371.281944
4364.102457
4365.640919
4368.205021
4363.589637
4369.743483
4376.92297
4374.358867
4376.92297
4379.999893
4372.307585
4367.17938
4371.794765
4370.769124
4360.512714
4354.871688
4357.948611
4355.384509
4352.820406
4363.076816
4369.230662
4363.589637
4365.128098
4370.769124
4374.358867
4376.92297
4368.205021
4359.999893
4368.717842
4376.92297
4369.230662
4360.512714
4366.66656
4375.384508
4370.769124
4363.589637
4370.769124
4377.948611
4376.92297
4378.974252
4388.205021
4397.94861
4397.43579
4388.717841
4381.538354
4373.846047
4365.128098
4366.153739
4380.512713
4387.17938
4384.102457
4386.153739
4390.769123
4388.717841
4385.640918
4384.615277
4383.076816
4376.92297
4371.281944
4370.256303
4369.743483
4372.307585
4378.974252
4379.487072
4366.66656
4362.563996
4369.743483
4367.692201
4358.974252
4357.435791
4360.512714
4361.025534
4361.025534
4363.076816
4364.615278
4372.820406
4379.487072
4375.384508
4372.307585
4377.43579
4378.974252
4373.333226
4375.897329
4382.051175
4384.615277
4391.794764
4399.999892
4401.538354
4399.999892
4394.871687
4386.666559
4386.153739
4389.743482
4386.153739
4381.538354
4388.205021
4398.461431
4395.384508
4389.230662
4397.43579
4395.384508
4374.358867
4372.307585
4385.128098
4386.666559
4385.640918
4387.17938
4385.640918
4392.820405
4404.615277
4403.589636
4392.820405
4387.6922
4398.461431
4407.179379
4398.461431
4392.307585
4396.922969
4401.538354
4401.025533
4393.846046
4388.205021
4397.43579
4406.153738
4405.128097
4409.743482
4416.410148
4418.974251
4419.999892
4412.820405
4402.051174
4402.563995
4403.589636
4398.974251
4404.102456
4412.820405
4408.20502
4409.230661
4421.538353
4424.102456
4423.589635
4426.666558
4416.922969
4403.589636
4402.563995
4404.615277
4405.128097
4398.461431
4387.17938
4392.307585
4407.179379
4404.615277
4391.794764
4384.102457
4382.563995
4386.153739
4393.846046
4395.897328
4392.820405
4400.512713
4403.076815
4384.102457
4370.256303
4378.974252
4384.615277
4381.025534
4376.92297
4375.897329
4377.948611
4380.512713
4381.025534
4381.025534
4377.948611
4380.512713
4389.743482
4378.461431
4356.92297
4359.487073
4370.769124
4366.153739
4367.17938
4375.384508
4371.794765
4371.281944
4380.512713
4382.051175
4386.153739
4396.922969
4388.717841
4375.384508
4382.563995
4393.333226
4387.6922
4389.230662
4403.076815
4409.230661
4401.025533
4392.820405
4389.743482
4393.333226
4395.897328
4385.128098
4374.358867
4381.538354
4391.281944
4387.6922
4388.717841
4401.538354
4401.538354
4381.538354
4372.307585
4381.025534
4382.563995
4371.794765
4365.128098
4372.307585
4385.640918
4383.589636
4370.769124
4375.384508
4392.307585
4387.6922
4375.897329
4377.948611
4377.948611
4372.307585
4369.230662
4367.692201
4365.640919
4362.563996
4352.820406
4343.589637
4342.051176
4343.589637
4345.128099
4346.15374
4345.640919
4344.102458
4346.66656
4357.948611
4362.051175
4353.846047
4349.743483
4356.92297
4368.205021
4371.794765
4370.769124
4369.230662
4367.17938
4364.615278
4370.769124
4379.487072
4377.43579
4363.589637
4350.256304
4345.128099
4348.205022
4353.846047
4352.307586
4346.66656
