
4592.820401
4593.846042
4591.79476
4592.30758
4593.846042
4592.30758
4593.333221
4594.358862
4589.230657
4581.53835
4581.53835
4586.153734
4589.230657
4591.281939
4593.333221
4592.820401
4593.333221
4595.384503
4595.384503
4591.79476
4588.717837
4589.230657
4589.230657
4591.281939
4592.30758
4590.769119
4589.743478
4591.79476
4592.30758
4590.769119
4589.230657
4589.743478
4591.79476
4593.333221
4590.256298
4586.153734
4585.640914
4588.205016
4590.769119
4594.871683
4597.948606
4594.358862
4588.717837
4585.128093
4585.128093
4586.153734
4586.153734
4586.666555
4587.692196
4589.743478
4591.79476
4589.743478
4587.179375
4588.205016
4587.692196
4585.640914
4584.102452
4584.102452
4583.076811
4585.640914
4586.666555
4586.666555
4591.79476
4596.922965
4591.79476
4584.615273
4587.179375
4590.256298
4588.717837
4587.179375
4590.256298
4593.333221
4592.30758
4588.205016
4589.743478
4594.871683
4598.974247
4599.487067
4594.358862
4588.205016
4585.128093
4583.589632
4586.153734
4593.333221
4596.410144
4598.461426
4600.512708
4595.897324
4588.205016
4589.230657
4591.281939
4591.281939
4593.846042
4592.30758
4585.640914
4585.128093
4588.205016
4588.205016
4586.153734
4585.128093
4588.205016
4591.79476
4591.79476
4590.769119
4591.79476
4595.384503
4595.897324
4587.692196
4583.076811
4585.128093
4585.128093
4588.717837
4594.871683
4590.769119
4584.615273
4585.128093
4585.640914
4589.230657
4592.30758
4591.281939
4590.769119
4593.846042
4595.897324
4590.256298
4584.102452
4586.153734
4588.717837
4588.717837
4589.743478
4592.30758
4591.281939
4588.717837
4587.692196
4586.153734
4586.153734
4587.179375
4593.333221
4594.358862
4590.256298
4589.230657
4590.769119
4594.871683
4593.846042
4587.692196
4587.692196
4589.230657
4586.666555
4587.179375
4589.743478
4588.717837
4590.256298
4592.30758
4590.256298
4590.256298
4589.230657
4587.692196
4588.717837
4586.153734
4582.05117
4583.589632
4585.640914
4583.076811
4582.05117
4587.692196
4590.256298
4584.615273
4583.589632
4584.102452
4581.025529
4581.025529
4587.692196
4589.743478
4587.179375
4583.589632
4583.589632
4591.281939
4596.410144
4589.230657
4585.640914
4590.769119
4588.717837
4585.128093
4589.743478
4592.820401
4588.205016
4585.640914
4585.640914
4587.692196
4592.30758
4594.871683
4592.820401
4591.79476
4592.820401
4592.820401
4592.820401
4594.871683
4597.948606
4596.410144
4593.333221
4593.333221
4594.358862
4595.897324
4599.487067
4598.974247
4597.435785
4599.487067
4598.461426
4594.358862
4594.358862
4597.435785
4597.435785
4594.358862
4592.820401
4594.871683
4598.461426
4598.974247
4597.435785
4598.461426
4597.948606
4594.358862
4592.820401
4597.435785
4597.948606
4595.384503
4592.820401
4595.384503
4602.56399
4602.05117
4595.384503
4593.333221
4592.30758
4588.717837
4590.256298
4593.846042
4591.281939
4588.717837
4590.769119
4587.692196
4584.102452
4590.256298
4596.410144
4593.333221
4592.30758
4595.897324
4593.333221
4589.743478
4590.769119
4593.333221
4591.281939
4588.717837
4590.769119
4595.384503
4594.358862
4589.230657
4585.128093
4587.179375
4593.846042
4595.897324
4586.666555
4585.128093
4594.358862
4597.948606
4595.897324
4598.461426
4599.487067
4595.897324
4594.358862
4591.79476
4592.30758
4594.358862
4594.871683
4594.871683
4596.922965
4598.461426
4595.897324
4594.358862
4594.358862
4592.820401
4593.333221
4597.948606
4597.435785
4591.79476
4591.79476
4597.948606
4597.948606
4592.30758
4592.30758
4598.461426
4599.999888
4595.897324
4593.846042
4592.820401
4592.820401
4592.30758
4590.256298
4590.256298
4592.820401
4593.333221
4595.384503
4595.897324
4590.769119
4586.153734
4589.743478
4593.846042
4594.871683
4596.410144
4595.897324
4593.846042
4592.820401
4592.820401
4592.820401
4593.333221
4592.820401
4591.281939
4590.769119
4593.846042
4595.384503
4590.769119
4588.717837
4591.79476
4588.717837
4587.179375
4590.256298
4590.769119
4585.128093
4583.589632
4585.128093
4586.153734
4586.153734
4585.640914
4586.666555
4585.640914
4586.153734
4584.615273
4581.025529
4579.999888
4582.05117
4581.53835
4582.05117
4586.153734
4586.153734
4583.589632
4581.025529
4578.974247
4582.563991
4588.717837
4586.666555
4585.128093
4587.179375
4584.615273
4578.461427
4576.922965
4576.922965
4577.948606
4579.487068
4576.922965
4577.948606
4579.999888
4577.948606
4580.512709
4586.153734
4582.05117
4578.461427
4582.05117
4582.563991
4578.461427
4577.948606
4578.461427
4577.435786
4578.461427
4582.05117
4583.076811
4579.999888
4578.461427
4581.025529
4580.512709
4577.948606
4580.512709
4582.563991
4579.999888
4578.461427
4583.076811
4584.615273
4580.512709
4577.435786
4577.948606
4578.974247
4578.974247
4580.512709
4578.974247
4575.897324
4578.974247
4582.05117
4581.025529
4582.05117
4585.640914
4587.179375
4586.666555
4585.128093
4578.974247
4578.461427
4582.563991
4584.615273
4584.102452
4582.563991
4582.563991
4584.102452
4585.128093
4585.640914
4585.640914
4584.615273
4582.563991
4584.102452
4586.153734
4586.153734
4586.666555
4583.589632
4581.53835
4584.102452
4588.205016
4587.179375
4585.128093
4586.666555
4584.102452
4579.487068
4577.948606
4579.999888
4578.974247
4581.025529
4587.692196
4592.30758
4593.846042
4591.281939
4589.230657
4590.769119
4592.820401
4591.79476
4587.692196
4584.102452
4589.230657
4593.846042
4591.281939
4590.256298
4595.384503
4595.384503
4590.256298
4589.743478
4590.769119
4587.179375
4586.666555
4591.281939
4591.79476
4588.205016
4590.256298
4591.79476
4587.692196
4587.179375
4591.79476
4591.79476
4589.230657
4590.256298
4588.717837
4584.102452
4584.615273
4590.256298
4591.79476
4589.743478
4590.769119
4592.820401
4587.179375
4582.05117
4583.076811
4585.640914
4587.179375
4587.179375
4588.205016
4589.743478
4590.769119
4587.692196
4584.102452
4582.563991
4584.615273
4585.640914
4582.05117
4583.076811
4588.717837
4586.666555
4581.025529
4579.999888
4582.563991
4586.153734
4590.256298
4590.769119
4586.153734
4586.666555
4587.179375
4586.666555
4590.256298
4593.333221
4594.358862
4594.358862
4589.743478
4586.666555
4589.230657
4583.589632
4578.461427
4584.102452
4589.230657
4588.205016
4590.769119
4593.846042
4591.281939
4585.128093
4583.589632
4587.179375
4589.743478
4587.179375
4586.153734
4593.333221
4597.948606
4594.871683
4591.281939
4592.30758
4590.256298
4591.79476
4598.974247
4602.05117
4598.461426
4597.948606
4599.487067
4597.435785
4595.384503
4594.871683
4590.256298
4587.179375
4591.79476
4591.281939
4589.230657
4594.871683
4603.076811
4605.640913
4604.102452
4604.615272
4610.256298
4613.846041
4613.846041
4612.8204
4613.333221
4614.871682
4618.974246
4617.948605
4608.717836
4604.615272
4609.230657
4610.256298
4607.179375
4610.769118
4615.897323
4613.846041
4614.871682
4622.051169
4624.102451
4618.461426
4618.974246
4626.153733
4627.692195
4625.128092
4626.153733
4624.615272
4622.051169
4621.538349
4622.56399
4624.102451
4628.205015
4631.794759
4633.846041
4636.922964
4641.538348
4648.205015
4655.384502
4654.871681
4646.153733
4641.538348
4642.563989
4641.025528
4638.461425
4639.999887
4638.461425
4633.846041
4633.846041
4633.846041
4633.846041
4635.897323
4632.307579
4628.205015
4626.153733
4627.179374
4632.8204
4634.871682
4631.281938
4632.307579
4635.384502
4633.846041
4634.871682
4634.358861
4628.205015
4625.128092
4627.692195
4629.743477
4630.256297
4631.281938
4634.871682
4636.922964
4637.435784
4636.410143
4633.846041
4632.8204
4629.230656
4627.692195
4631.794759
4633.846041
4632.307579
4632.8204
4633.846041
4632.307579
4633.33322
4633.33322
4631.281938
4632.8204
4632.8204
4627.179374
4622.56399
4626.153733
4631.281938
4630.256297
4629.743477
4635.384502
4637.948605
4635.897323
4633.33322
4628.717836
4629.743477
4634.871682
4634.871682
4634.871682
4641.025528
4639.999887
4633.33322
4630.769118
4628.717836
4627.179374
4630.256297
4634.358861
4635.897323
4633.846041
4631.794759
4632.8204
4628.205015
4621.538349
4621.538349
4624.615272
4627.179374
4629.230656
4630.256297
4628.717836
4627.179374
4625.128092
4623.07681
4623.589631
4623.07681
4617.948605
4616.922964
4617.435785
4612.8204
4610.256298
4615.897323
4618.461426
4618.461426
4621.538349
4624.615272
4623.589631
4619.487067
4617.948605
4616.922964
4618.461426
4619.487067
4622.051169
4624.102451
4619.999887
4613.846041
4617.435785
4618.461426
4616.922964
4620.512708
4624.615272
4628.205015
4632.307579
4629.230656
4622.56399
4623.589631
4624.615272
4622.051169
4618.461426
4618.461426
4622.051169
4624.102451
4624.102451
4624.615272
4623.589631
4623.589631
4622.051169
4620.512708
4622.051169
4621.538349
4617.435785
4616.922964
4621.025528
4622.051169
4621.538349
4621.538349
4622.051169
4623.589631
4623.07681
4621.538349
4627.179374
4631.794759
4625.128092
4619.999887
4622.051169
4622.56399
4622.051169
4622.56399
4625.640913
4630.256297
4627.692195
4622.56399
4621.538349
4623.07681
4624.615272
4623.589631
4618.974246
4621.025528
4625.128092
4622.56399
4623.07681
4627.179374
4623.589631
4618.974246
4622.56399
4627.179374
4626.666554
4621.025528
4616.922964
4619.487067
4626.666554
4629.230656
4625.128092
4625.128092
4630.256297
4630.256297
4628.717836
4629.230656
4628.205015
4624.615272
4624.102451
4627.179374
4630.769118
4631.281938
4627.692195
4628.717836
4629.230656
4626.666554
4625.640913
4626.153733
4626.666554
4626.153733
4624.615272
4625.128092
4626.153733
4626.153733
4631.794759
4632.8204
4626.153733
4626.666554
4629.743477
4619.999887
4614.358862
4621.538349
4626.666554
4625.640913
4623.07681
4622.051169
4625.128092
4630.256297
4627.692195
4622.051169
4625.128092
4629.230656
4625.128092
4622.051169
4623.589631
4623.589631
4622.051169
4626.153733
4629.230656
4625.640913
4622.051169
4625.640913
4629.743477
4627.179374
4622.56399
4622.051169
4623.07681
4621.025528
4621.025528
4622.051169
4623.07681
4624.102451
4623.589631
4621.538349
4623.07681
4625.128092
4625.128092
4625.640913
4626.153733
4621.538349
4619.999887
4622.051169
4621.538349
4621.025528
4622.56399
4623.589631
4621.025528
4619.487067
4618.974246
4620.512708
4621.538349
4625.640913
4629.230656
4626.153733
4623.07681
4625.128092
4624.102451
4622.56399
4623.589631
4617.948605
4612.30758
4613.333221
4615.384503
4616.410144
4618.974246
4618.974246
4617.948605
4622.56399
4626.153733
4623.589631
4623.589631
4628.205015
4627.179374
4621.538349
4622.051169
4624.102451
4621.025528
4619.999887
4623.589631
4627.179374
4625.640913
4623.589631
4625.128092
4625.640913
4622.56399
4620.512708
4620.512708
4620.512708
4622.56399
4621.538349
4618.461426
4618.974246
4621.538349
4618.974246
4618.974246
4623.589631
4622.56399
4613.333221
4611.281939
4617.948605
4620.512708
4618.461426
4618.461426
4619.487067
4621.025528
4624.102451
4622.56399
4621.025528
4623.07681
4625.128092
4624.102451
4623.07681
4623.07681
4624.615272
4625.640913
4625.640913
4626.153733
4626.666554
4627.692195
4625.640913
4623.07681
4622.051169
4621.538349
4621.538349
4622.051169
4619.487067
4616.410144
4618.974246
4622.051169
4623.589631
4626.666554
4627.692195
4623.589631
4619.999887
4621.538349
4625.128092
4627.692195
4629.743477
4630.256297
4627.692195
4623.07681
4623.07681
4624.615272
4622.56399
4619.999887
4624.615272
4628.205015
4625.128092
4622.56399
4624.102451
4623.589631
4623.07681
4626.666554
4628.205015
4625.640913
4624.615272
4623.589631
4623.07681
4621.538349
4616.922964
4615.897323
4618.461426
4622.051169
4624.615272
4626.153733
4625.640913
4626.666554
4625.640913
4620.512708
4617.948605
4618.974246
4621.538349
4622.051169
4621.538349
4621.538349
4623.07681
4623.07681
4622.051169
4621.538349
4623.07681
4625.128092
4626.666554
4626.666554
4626.666554
4628.205015
4626.666554
4621.538349
4619.999887
4622.051169
4621.538349
4618.974246
4617.435785
4621.025528
4625.640913
4626.153733
4624.102451
4625.128092
4627.179374
4622.56399
4618.974246
4620.512708
4618.461426
4615.384503
4618.974246
4623.589631
4623.589631
4623.07681
4620.512708
4621.538349
4626.666554
4619.487067
4613.846041
4621.538349
4625.640913
4621.538349
4622.051169
4623.589631
4621.538349
4619.999887
4621.538349
4622.051169
4617.435785
4613.333221
4616.922964
4624.615272
4625.128092
4623.07681
4624.102451
4624.615272
4623.589631
4624.615272
4625.128092
4622.56399
4620.512708
4619.999887
4617.435785
4618.974246
4621.538349
4619.999887
4617.948605
4617.948605
4617.948605
4618.974246
4619.999887
4615.384503
4614.871682
4617.435785
4616.922964
4616.410144
4620.512708
4623.07681
4619.487067
4614.358862
4613.333221
4618.974246
4622.56399
4621.025528
4620.512708
4621.025528
4619.999887
4621.538349
4622.56399
4621.025528
4621.538349
4622.56399
4620.512708
4618.974246
4622.56399
4626.666554
4626.666554
4623.589631
4621.538349
4621.025528
4624.615272
4624.615272
4621.538349
4622.051169
4622.56399
4620.512708
4620.512708
4622.051169
4621.025528
4619.487067
4619.487067
4616.922964
4614.358862
4613.333221
4611.794759
4613.333221
4618.974246
4620.512708
4616.410144
4617.435785
4619.487067
4615.897323
4612.8204
4612.8204
4612.8204
4614.358862
4614.358862
4612.8204
4615.897323
4616.410144
4611.794759
4611.794759
4618.461426
4621.025528
4619.999887
4614.871682
4611.794759
4613.333221
4613.846041
4612.8204
4615.897323
4619.487067
4618.461426
4617.435785
4621.025528
4619.999887
4615.897323
4615.897323
4618.461426
4618.461426
4616.410144
4617.435785
4616.410144
4613.846041
4614.358862
4617.435785
4619.999887
4616.922964
4613.846041
4616.410144
4621.025528
4622.56399
4621.538349
4619.999887
4618.974246
4618.974246
4616.922964
4613.846041
4616.922964
4619.487067
4616.410144
4614.358862
4615.897323
4618.461426
4620.512708
4621.538349
4619.487067
4616.410144
4612.30758
4609.230657
4614.358862
4622.051169
4619.487067
4614.358862
4614.358862
4613.846041
4612.30758
4616.922964
4621.538349
4622.051169
4620.512708
4621.025528
4620.512708
4614.871682
4612.8204
4614.358862
4613.333221
4613.846041
4618.974246
4621.538349
4621.025528
4621.538349
4621.538349
4622.051169
4621.025528
4618.974246
4621.025528
4621.025528
4619.999887
4622.56399
4618.974246
4614.871682
4618.974246
4624.615272
4625.640913
4624.102451
4620.512708
4616.410144
4616.410144
4618.461426
4617.948605
4616.410144
4619.487067
4623.589631
4620.512708
4618.461426
4622.051169
4620.512708
4617.435785
4617.435785
4615.384503
4612.30758
4615.897323
4621.025528
4622.051169
4621.025528
4620.512708
4623.589631
4625.640913
4624.102451
4619.999887
4619.999887
4622.051169
4622.051169
4621.025528
4619.999887
4618.974246
4617.948605
4618.974246
4621.025528
4624.102451
4627.692195
4628.717836
4624.615272
4622.56399
4623.589631
4624.615272
4624.102451
4623.589631
4620.512708
4619.487067
4621.538349
4621.538349
4617.435785
4614.871682
4616.410144
4617.435785
4613.333221
4612.30758
4616.410144
4616.410144
4611.281939
4609.743477
4614.358862
4614.871682
4610.256298
4608.205016
4613.333221
4613.846041
4611.281939
4610.769118
4612.8204
4615.384503
4612.8204
4607.179375
4605.128093
4604.102452
4605.128093
4606.666554
4603.589631
4599.999888
4603.076811
4605.640913
4601.025529
4598.974247
4606.153734
4611.794759
4605.640913
4598.974247
4599.487067
4602.56399
4604.102452
4603.589631
4598.974247
4595.384503
4597.435785
4599.999888
4601.025529
4599.999888
4599.999888
4599.999888
4598.461426
4599.487067
4602.56399
4598.974247
4596.410144
4600.512708
4601.538349
4599.999888
4603.076811
4609.230657
4609.743477
4608.205016
4605.128093
4600.512708
4601.538349
4605.128093
4603.076811
4596.410144
4596.922965
4603.076811
4601.538349
4597.435785
4600.512708
4602.05117
4599.999888
4603.589631
4608.205016
4604.615272
4601.025529
4598.461426
4595.897324
4599.999888
4603.076811
4599.999888
4599.487067
4598.974247
4596.922965
4596.410144
4597.435785
4597.948606
4597.948606
4598.974247
4603.076811
4608.205016
4610.769118
4607.179375
4599.999888
4601.538349
4606.153734
4603.076811
4602.56399
4607.179375
4603.076811
4595.384503
4597.948606
4604.615272
4603.076811
4600.512708
4602.56399
4602.56399
4601.538349
4606.153734
4608.205016
4602.56399
4597.435785
4595.897324
4597.435785
4598.974247
4601.538349
4602.56399
4601.538349
4604.615272
4608.717836
4606.666554
4602.56399
4602.56399
4602.56399
4599.999888
4598.461426
4599.487067
4599.487067
4597.435785
4600.512708
4607.692195
4604.102452
4596.922965
4597.948606
4599.999888
4598.974247
4595.897324
4593.333221
4592.820401
4597.948606
4601.025529
4598.974247
4596.922965
4595.897324
4594.358862
4596.410144
4595.897324
4595.384503
4601.025529
4605.640913
4604.615272
4603.076811
4600.512708
4598.974247
4603.589631
4606.153734
4605.640913
4607.179375
4609.743477
4611.281939
4609.230657
4604.102452
4605.128093
4609.743477
4611.281939
4610.769118
4608.205016
4606.666554
4608.717836
4607.692195
4604.615272
4605.128093
4606.153734
4604.615272
4602.05117
4607.179375
4612.8204
4611.794759
4609.743477
4609.743477
4605.640913
4601.538349
4601.025529
4599.999888
4601.025529
4604.102452
4604.615272
4605.128093
4608.205016
4608.717836
4605.128093
4603.076811
4606.153734
4604.102452
4597.948606
4599.487067
4602.05117
4598.461426
4599.487067
4601.538349
4598.461426
4601.538349
4608.717836
4608.205016
4603.589631
4605.128093
4604.615272
4603.076811
4603.589631
4602.56399
4597.948606
4598.974247
4604.102452
4604.615272
4601.025529
4599.487067
4603.589631
4608.205016
4605.640913
4598.974247
4600.512708
4603.076811
4603.076811
4605.640913
4609.230657
4602.56399
4596.410144
4605.128093
4612.30758
4605.640913
4602.56399
4604.102452
4600.512708
4597.435785
4599.487067
4600.512708
4601.538349
4604.615272
4600.512708
4593.846042
4593.333221
4595.384503
4594.871683
4597.948606
4601.538349
4599.999888
4602.56399
4606.153734
4599.999888
4595.384503
4602.05117
4608.717836
4607.692195
4604.615272
4604.615272
4607.692195
4608.205016
4606.666554
4610.256298
4612.30758
4608.205016
4604.102452
4609.230657
4615.897323
4613.846041
4611.281939
4609.743477
4608.717836
4610.769118
4611.281939
4607.692195
4610.256298
4615.384503
4614.358862
4611.794759
4612.30758
4613.333221
4614.358862
4613.333221
4612.8204
4615.384503
4617.948605
4618.461426
4618.974246
4619.999887
4618.974246
4618.974246
4615.384503
4612.30758
4615.897323
4622.56399
4623.589631
4622.56399
4623.589631
4626.153733
4626.666554
4623.07681
4624.102451
4628.205015
4625.128092
4619.487067
4618.461426
4616.410144
4615.384503
4619.487067
4623.07681
4624.102451
4626.666554
4628.717836
4628.717836
4627.179374
4626.153733
4626.666554
4625.640913
4621.538349
4619.487067
4619.487067
4616.922964
4617.948605
4622.051169
4623.07681
4619.487067
4617.948605
4619.487067
4620.512708
4615.897323
4613.333221
4615.897323
4619.487067
4623.07681
4626.153733
4626.153733
4624.615272
4624.615272
4624.615272
4624.615272
4624.102451
4622.56399
4622.56399
4621.538349
4619.487067
4621.025528
4622.56399
4621.025528
4620.512708
4622.051169
4625.128092
4626.666554
4622.56399
4618.461426
4622.56399
4622.56399
4619.487067
4622.051169
4622.051169
4618.974246
4620.512708
4623.589631
4624.615272
4624.615272
4621.538349
4621.025528
4622.56399
4624.102451
4624.615272
4622.56399
4618.974246
4619.487067
4623.589631
4626.666554
4628.205015
4625.128092
4618.461426
4618.461426
4625.128092
4626.153733
4619.999887
4622.56399
4630.256297
4628.717836
4623.589631
4623.589631
4626.153733
4624.102451
4622.051169
4624.615272
4627.692195
4625.128092
4622.051169
4623.589631
4626.666554
4628.205015
4629.230656
4630.256297
4627.692195
4622.56399
4619.999887
4621.025528
4622.051169
4623.07681
4621.538349
4619.487067
4619.999887
4621.538349
4622.56399
4624.615272
4623.07681
4619.999887
4619.999887
4622.051169
4622.051169
4619.999887
4616.922964
4616.922964
4619.487067
4618.461426
4617.435785
4620.512708
4623.589631
4618.974246
4618.974246
4627.179374
4628.205015
4621.538349
4620.512708
4619.999887
4613.846041
4614.358862
4618.974246
4619.999887
4622.051169
4624.102451
4621.538349
4622.56399
4625.128092
4623.589631
4619.487067
4621.538349
4626.153733
4626.153733
4623.589631
4623.07681
4622.56399
4619.999887
4619.487067
4623.589631
4626.666554
4626.153733
4625.128092
4624.615272
4624.615272
4623.07681
4621.025528
4623.589631
4627.692195
4626.153733
4626.666554
4627.179374
4622.56399
4621.025528
4624.615272
4624.102451
4619.487067
4619.487067
4623.07681
4628.717836
4631.281938
4629.743477
4625.128092
4622.56399
4623.589631
4624.615272
4623.07681
4622.56399
4620.512708
4618.974246
4623.07681
4626.153733
4625.128092
4625.640913
4627.179374
4624.615272
4624.102451
4621.025528
4616.410144
4617.948605
4622.051169
4622.56399
4622.051169
4621.538349
4623.589631
4626.666554
4624.102451
4624.615272
4630.256297
4629.230656
4620.512708
4618.974246
4624.102451
4627.179374
4622.051169
4617.435785
4621.538349
4624.615272
4623.07681
4627.179374
4630.256297
4626.666554
4624.615272
4625.128092
4623.589631
4625.128092
4629.230656
4627.692195
4624.615272
4623.07681
4624.102451
4626.153733
4625.128092
4622.56399
4625.640913
4627.179374
4625.128092
4626.153733
4627.179374
4621.538349
4620.512708
4625.128092
4625.128092
4623.07681
4623.589631
4623.589631
4624.615272
4630.256297
4635.384502
4637.435784
4636.922964
4637.435784
4634.871682
4632.307579
4629.743477
4626.666554
4624.615272
4625.128092
4629.230656
4635.897323
4637.948605
4630.256297
4626.153733
4630.769118
4628.717836
4621.538349
4624.102451
4629.743477
4628.717836
4625.640913
4626.666554
4628.205015
4628.717836
4631.794759
4632.307579
4629.230656
4629.230656
4630.256297
4625.128092
4621.538349
4623.589631
4624.615272
4625.128092
4625.128092
4624.615272
4627.692195
4629.230656
4626.666554
4627.692195
4628.717836
4624.615272
4623.589631
4627.179374
4629.743477
4633.846041
4633.846041
4628.205015
4624.615272
4624.615272
4624.102451
4625.128092
4626.666554
4627.692195
4627.692195
4623.07681
4622.56399
4628.717836
4628.717836
4626.153733
4630.769118
4630.256297
4626.666554
4627.692195
4626.153733
4625.128092
4627.179374
4626.666554
4628.205015
4632.307579
4632.307579
4631.794759
4634.871682
4634.871682
4630.769118
4632.307579
4635.897323
4634.358861
4631.281938
4633.33322
4632.307579
4630.256297
4632.307579
4632.307579
4629.230656
4625.640913
4625.640913
4627.692195
4630.769118
4631.281938
4629.230656
4628.205015
4632.8204
4637.435784
4636.410143
4633.846041
4632.307579
4633.33322
4636.410143
4635.384502
4631.794759
4629.743477
4631.794759
4635.897323
4634.871682
4631.281938
4633.846041
4636.922964
4634.871682
4633.846041
4635.384502
4637.948605
4641.025528
4641.538348
4636.922964
4635.897323
4638.461425
4632.8204
4629.230656
4634.358861
4634.871682
4628.717836
4629.230656
4633.846041
4636.410143
4638.461425
4638.974246
4635.384502
4633.846041
4633.33322
4630.769118
4629.230656
4629.743477
4631.281938
4634.358861
4637.948605
4638.461425
4636.410143
4634.871682
4637.948605
4638.974246
4637.435784
4637.435784
4635.384502
4629.743477
4630.769118
4634.358861
4633.33322
4633.33322
4632.307579
4632.307579
4635.897323
4636.410143
4633.846041
4635.897323
4636.922964
4634.358861
4632.8204
4636.410143
4641.538348
4643.58963
4636.922964
4633.33322
4636.410143
4636.410143
4634.358861
4636.922964
4637.948605
4633.846041
4634.358861
4637.435784
4635.897323
4635.384502
4637.948605
4632.8204
4625.640913
4627.692195
4631.281938
4627.692195
4625.128092
4628.205015
4630.256297
4629.743477
4631.794759
4636.410143
4636.922964
4631.794759
4629.230656
4630.769118
4632.8204
4632.8204
4631.794759
4632.8204
4633.846041
4632.307579
4631.281938
4631.281938
4630.769118
4630.256297
4630.256297
4630.256297
4631.794759
4630.256297
4629.230656
4632.8204
4636.410143
4636.410143
4636.410143
4638.974246
4641.538348
4636.410143
4629.743477
4628.717836
4627.179374
4625.640913
4625.128092
4624.102451
4624.102451
4630.256297
4635.384502
4634.358861
4631.281938
4633.846041
4636.922964
4633.33322
4627.692195
4626.666554
4624.615272
4627.179374
4631.281938
4627.179374
4623.589631
4629.743477
4633.846041
4632.8204
4634.358861
4632.8204
4628.205015
4627.179374
4629.743477
4630.256297
4631.281938
4630.256297
4629.230656
4633.33322
4636.922964
4636.410143
4634.358861
4630.256297
4625.128092
4625.128092
4625.640913
4625.128092
4623.589631
4624.102451
4623.07681
4625.128092
4631.794759
4636.922964
4633.33322
4631.281938
4632.307579
4631.281938
4629.743477
4626.666554
4622.051169
4625.128092
4633.33322
4631.794759
4625.640913
4627.692195
4634.871682
4636.410143
4631.794759
4629.230656
4629.743477
4629.230656
4628.205015
4629.743477
4631.794759
4630.256297
4629.743477
4631.281938
4628.717836
4624.102451
4626.153733
4630.769118
4629.230656
4627.692195
4628.717836
4630.256297
4630.256297
4633.33322
4635.897323
4632.307579
4629.230656
4628.717836
4627.179374
4626.666554
4628.717836
4626.153733
4624.615272
4629.230656
4633.33322
4633.846041
4634.358861
4633.846041
4633.33322
4631.281938
4627.692195
4628.205015
4632.307579
4631.794759
4630.256297
4635.897323
4635.897323
4625.640913
4619.999887
4626.666554
4630.256297
4627.692195
4627.179374
4628.717836
4629.230656
4627.692195
4627.179374
4629.230656
4632.8204
4632.307579
4630.256297
4634.871682
4638.461425
4634.871682
4636.410143
4642.051169
4638.974246
4635.384502
4641.025528
4644.615271
4642.051169
4637.435784
4633.846041
4633.846041
4633.33322
4630.256297
4630.256297
4634.358861
4636.922964
4637.948605
4637.435784
4636.410143
4635.384502
4633.846041
4633.846041
4634.871682
4632.307579
4632.307579
4636.410143
4635.897323
4631.794759
4634.358861
4638.974246
4634.871682
4628.717836
4631.281938
4637.435784
4633.33322
4624.615272
4623.07681
4626.153733
4627.179374
4626.666554
4627.692195
4631.281938
4634.871682
4634.358861
4631.794759
4629.743477
4629.230656
4633.33322
4635.384502
4633.33322
4633.846041
4631.281938
4630.256297
4636.410143
4640.512707
4633.846041
4629.743477
4630.256297
4633.33322
4636.922964
4635.897323
4632.307579
4635.897323
4638.461425
4631.281938
4625.640913
4625.640913
4627.179374
4633.846041
4638.461425
4635.384502
4634.871682
4634.358861
4630.256297
4629.743477
4631.794759
4630.769118
4632.307579
4636.410143
4634.871682
4632.307579
4633.33322
4634.871682
4633.33322
4633.33322
4636.922964
4635.897323
4629.743477
4626.666554
4629.230656
4632.307579
4633.33322
4635.384502
4633.846041
4631.281938
4633.846041
4634.871682
4630.769118
4628.205015
4631.281938
4631.794759
4632.8204
4632.8204
4631.794759
4632.307579
4634.871682
4633.846041
4630.769118
4631.281938
4631.794759
4630.256297
4627.179374
4625.128092
4625.128092
4624.615272
4624.615272
4627.179374
4630.256297
4631.281938
4629.230656
4625.640913
4625.640913
4626.666554
4626.153733
4626.153733
4626.153733
4626.153733
4627.692195
4626.153733
4623.589631
4623.07681
4624.102451
4622.56399
4622.051169
4619.487067
4620.512708
4625.128092
4629.230656
4630.769118
4628.717836
4624.615272
4624.615272
4629.230656
4627.179374
4622.56399
4624.102451
4626.153733
4622.56399
4618.974246
4619.487067
4620.512708
4621.538349
4622.56399
4622.56399
4622.051169
4621.538349
4622.051169
4622.051169
4622.051169
4623.07681
4625.128092
4624.102451
4621.025528
4622.051169
4623.07681
4619.487067
4618.974246
4622.051169
4619.999887
4617.435785
4617.435785
4618.461426
4620.512708
4622.051169
4618.974246
4617.435785
4621.538349
4622.56399
4617.435785
4614.358862
4615.897323
4616.410144
4615.897323
4615.384503
4616.410144
4616.922964
4615.897323
4616.410144
4621.025528
4621.538349
4617.435785
4618.974246
4621.538349
4618.461426
4615.384503
4619.487067
4618.974246
4613.333221
4612.30758
4614.358862
4612.8204
4614.358862
4621.538349
4621.025528
4613.846041
4612.30758
4616.410144
4616.922964
4612.30758
4611.281939
4617.435785
4621.025528
4618.461426
4616.922964
4615.384503
4613.333221
4616.922964
4617.435785
4614.871682
4614.871682
4615.384503
4614.358862
4615.384503
4615.897323
4614.358862
4617.435785
4621.538349
4619.999887
4615.384503
4615.897323
4617.435785
4614.358862
4611.281939
4612.8204
4613.846041
4612.30758
4612.30758
4617.435785
4622.56399
4622.051169
4618.974246
4617.435785
4615.384503
4613.846041
4615.897323
4615.384503
4615.897323
4618.974246
4618.461426
4612.8204
4611.794759
4612.8204
4610.769118
4613.333221
4618.461426
4619.487067
4616.922964
4617.435785
4621.538349
4621.538349
4616.410144
4613.846041
4613.846041
4611.281939
4609.743477
4612.30758
4610.256298
4605.640913
4607.179375
4611.281939
4610.769118
4610.769118
4612.30758
4610.256298
4611.281939
4618.461426
4619.999887
4616.922964
4616.922964
4614.871682
4612.8204
4612.8204
4611.794759
4610.256298
4613.333221
4616.410144
4617.948605
4616.922964
4614.358862
4614.358862
4613.333221
4611.281939
4612.30758
4616.410144
4621.538349
4622.051169
4615.897323
4613.846041
4613.846041
4611.281939
4611.281939
4615.384503
4614.358862
4609.743477
4607.179375
4610.769118
4618.974246
4618.974246
4614.358862
4612.30758
4610.256298
4608.205016
4610.769118
4611.794759
4609.743477
4610.769118
4609.743477
4608.717836
4610.769118
4611.794759
4609.743477
4609.230657
4610.256298
4607.692195
4604.102452
4605.640913
4607.179375
4603.589631
4599.999888
4603.076811
4606.153734
4605.640913
4601.538349
4600.512708
4601.538349
4601.025529
4598.974247
4596.922965
4594.871683
4593.846042
4594.358862
4597.435785
4603.589631
4605.128093
4601.025529
4597.435785
4597.948606
4597.435785
4594.871683
4592.30758
4592.30758
4593.846042
4594.871683
4594.871683
4594.871683
4596.922965
4594.358862
4590.256298
4591.281939
4594.358862
4595.384503
4595.384503
4593.333221
4590.769119
4590.256298
4589.743478
4589.230657
4591.79476
4593.846042
4592.820401
4591.281939
4591.79476
4595.384503
4595.384503
4593.333221
4595.384503
4599.487067
4601.025529
4602.56399
4600.512708
4599.487067
4601.538349
4602.56399
4600.512708
4600.512708
4602.05117
4603.589631
4600.512708
4594.871683
4595.897324
4598.461426
4596.410144
4594.871683
4596.410144
4597.948606
4600.512708
4600.512708
4597.435785
4596.922965
4597.948606
4597.435785
4600.512708
4605.640913
4604.102452
4599.999888
4602.05117
4606.153734
4603.076811
4596.410144
4596.410144
4601.025529
4599.487067
4598.974247
4601.025529
4602.05117
4603.589631
4606.153734
4606.666554
4605.128093
4603.076811
4599.487067
4598.974247
4597.948606
4599.487067
4605.128093
4606.153734
4603.589631
4606.153734
4606.153734
4599.999888
4598.461426
4599.999888
4598.461426
4596.922965
4596.410144
4597.948606
4599.487067
4597.948606
4599.487067
4605.640913
4605.128093
4601.538349
4600.512708
4598.461426
4594.871683
4595.384503
4597.948606
4602.05117
4601.538349
4596.410144
4596.922965
4604.102452
4604.615272
4602.05117
4599.487067
4595.897324
4594.871683
4599.999888
4601.025529
4597.948606
4600.512708
4603.589631
4601.025529
4599.487067
4601.538349
4604.102452
4604.102452
4596.922965
4590.256298
4590.769119
4595.384503
4597.435785
4599.487067
4601.025529
4598.461426
4598.974247
4602.56399
4601.538349
4598.974247
4599.487067
4599.999888
4600.512708
4601.538349
4597.948606
4595.384503
4601.025529
4605.640913
4607.179375
4607.692195
4604.615272
4601.538349
4605.128093
4601.538349
4593.846042
4599.487067
4609.230657
4608.205016
4607.179375
4608.205016
4605.640913
4605.640913
4607.179375
4606.153734
4603.589631
4603.076811
4602.05117
4602.05117
4601.538349
4600.512708
4599.487067
4600.512708
4603.076811
4603.076811
4601.025529
4604.102452
4606.666554
4605.128093
4603.589631
4604.615272
4604.102452
4602.56399
4602.56399
4600.512708
4597.435785
4595.897324
4596.922965
4596.922965
4599.487067
4602.05117
4600.512708
4601.025529
4603.589631
4602.05117
4597.948606
4597.948606
4598.974247
4598.974247
4598.974247
4601.538349
4601.538349
4597.948606
4594.358862
4595.897324
4599.487067
4599.487067
4598.974247
4601.025529
4597.948606
4595.384503
4599.999888
4599.999888
4594.871683
4596.922965
4598.974247
4594.871683
4598.461426
4603.076811
4598.974247
4595.897324
4596.410144
4595.897324
4598.461426
4603.076811
4601.538349
4599.999888
4601.538349
4604.615272
4608.717836
4606.153734
4598.974247
4597.435785
4598.974247
4599.487067
4604.102452
4606.153734
4599.999888
4597.435785
4601.025529
4603.076811
4605.128093
4607.179375
4605.128093
4599.999888
4600.512708
4602.56399
4601.025529
4599.487067
4601.538349
4601.025529
4600.512708
4600.512708
4597.948606
4596.410144
4597.435785
4597.948606
4601.025529
4606.153734
4603.076811
4598.461426
4603.589631
4606.666554
4601.025529
4596.922965
4595.384503
4595.384503
4597.435785
4597.948606
4595.897324
4598.461426
4601.538349
4599.999888
4597.948606
4602.05117
4605.128093
4601.538349
4602.05117
4605.640913
4604.102452
4602.05117
4604.102452
4602.05117
4601.025529
4604.615272
4604.615272
4599.487067
4598.974247
4604.102452
4607.179375
4607.179375
4606.153734
4608.717836
4609.230657
4606.153734
4605.128093
4605.640913
4606.666554
4611.281939
4611.794759
4608.205016
4608.205016
4610.256298
4608.717836
4607.179375
4607.692195
4607.692195
4609.743477
4610.256298
4605.640913
4601.538349
4603.076811
4606.153734
4608.205016
4608.717836
4608.717836
4608.717836
4609.230657
4607.692195
4608.717836
4608.717836
4605.128093
4605.640913
4609.743477
4608.717836
4605.640913
4606.153734
4605.128093
4605.128093
4604.615272
4606.153734
4609.230657
4607.692195
4606.153734
4610.769118
4614.358862
4611.281939
4608.717836
4611.794759
4611.794759
4604.615272
4600.512708
4601.538349
4602.56399
4601.538349
4600.512708
4602.56399
4607.179375
4605.640913
4601.025529
4603.076811
4606.666554
4605.128093
4604.102452
4602.56399
4601.025529
4605.640913
4608.717836
4606.666554
4606.666554
4608.205016
4608.717836
4611.281939
4611.281939
4607.692195
4608.205016
4609.743477
4604.615272
4599.999888
4602.05117
4604.615272
4603.589631
4603.589631
4603.589631
4599.999888
4600.512708
4604.102452
4604.615272
4603.076811
4603.589631
4603.589631
4604.615272
4604.615272
4603.076811
4604.102452
4604.102452
4600.512708
4598.974247
