
4307.692202
4308.717843
4312.820407
4314.358869
4318.461433
4320.512715
4317.948612
4318.461433
4314.871689
4306.666561
4305.64092
4305.64092
4303.589638
4304.102459
4304.102459
4302.563997
4303.589638
4304.615279
4304.615279
4305.64092
4306.666561
4306.153741
4306.153741
4307.179382
4308.717843
4308.205023
4308.717843
4310.769125
4310.769125
4310.769125
4310.769125
4309.743484
4309.743484
4311.281946
4310.256305
4309.230664
4310.256305
4308.717843
4308.717843
4309.743484
4310.256305
4307.692202
4307.179382
4305.1281
4303.589638
4298.974254
4297.948613
4297.948613
4295.38451
4293.846049
4291.794767
4292.820408
4294.87169
4297.948613
4296.410151
4301.538356
4305.64092
4306.666561
4305.64092
4308.717843
4295.897331
4270.769126
4252.307588
4253.84605
4262.051178
4277.948613
4296.922972
4289.743485
4272.307588
4270.769126
4290.769126
4296.922972
4307.692202
4317.948612
4342.563996
4370.256303
4393.333226
4394.358867
4397.94861
4390.256303
4373.846047
4394.871687
4439.487071
4513.846043
4557.948606
4496.410146
4368.205021
4327.179381
4335.89733
4331.281945
4337.435791
4364.615278
4385.640918
4394.871687
4399.487072
4394.871687
4375.384508
4341.538355
4333.846048
4345.640919
4350.256304
4347.179381
4350.769124
4352.307586
4360.512714
4378.974252
4397.94861
4407.6922
4394.871687
4369.230662
4337.948612
4304.615279
4273.333229
4262.563998
4268.717844
4290.256305
4321.025535
4352.820406
4373.846047
4384.102457
4387.6922
4398.461431
4405.128097
4407.6922
4409.743482
4407.6922
4407.179379
4405.128097
4405.640918
4408.717841
4419.999892
4424.615276
4434.358866
4444.615276
4467.179378
4485.640916
4459.48707
4399.999892
4378.974252
4395.384508
4398.461431
4392.820405
4399.487072
4407.179379
4401.538354
4398.974251
4401.538354
4402.051174
4385.128098
4368.205021
4347.179381
4318.974253
4277.435793
4232.307589
4203.07682
4192.82041
4184.102462
4168.205026
4170.256308
4186.666564
4197.435795
4193.333231
4201.538359
4224.102461
4252.307588
4275.897331
4307.179382
4341.538355
4373.846047
4402.051174
4426.153738
4434.358866
4424.102456
4411.794764
4407.179379
4408.717841
4402.051174
4390.769123
4372.307585
4358.461432
4346.15374
4344.102458
4337.948612
4332.820407
4329.743484
4325.128099
4317.948612
4317.435792
4321.538356
4320.512715
4322.051176
4318.974253
4316.922971
4313.333228
4311.281946
4307.179382
4309.743484
4307.692202
4306.153741
4309.743484
4318.461433
4323.589638
4327.692202
4327.179381
4323.589638
4325.128099
4321.538356
4318.974253
4317.435792
4315.89733
4307.692202
4310.769125
4313.846048
4319.487074
4322.563997
4324.102458
4327.692202
4331.794766
4331.794766
4329.743484
4329.230663
4323.076817
4323.076817
4322.051176
4322.563997
4323.076817
4325.128099
4321.025535
4321.538356
4319.999894
4315.89733
4310.769125
4311.794766
4316.410151
4319.487074
4321.538356
4320.512715
4321.538356
4317.948612
4315.38451
4311.281946
4315.38451
4315.89733
4312.307587
4307.692202
4312.820407
4315.38451
4311.281946
4309.230664
4310.256305
4311.281946
4311.281946
4312.307587
4311.281946
4313.333228
4313.333228
4317.948612
4318.461433
4315.38451
4312.820407
4317.948612
4316.922971
4315.38451
4313.333228
4312.307587
4307.692202
4302.051177
4296.922972
4292.307587
4295.38451
4298.461433
4303.076818
4306.153741
4313.333228
4313.333228
4312.820407
4309.743484
4309.230664
4311.281946
4313.846048
4311.794766
4309.743484
4310.769125
4313.333228
4312.820407
4311.794766
4314.871689
4313.846048
4314.358869
4314.358869
4315.89733
4311.281946
4312.307587
4313.333228
4313.846048
4310.256305
4309.743484
4314.358869
4315.38451
4312.820407
4315.89733
4321.025535
4317.948612
4318.974253
4319.999894
4320.512715
4317.435792
4319.999894
4319.999894
4321.025535
4314.358869
4309.743484
4312.307587
4315.38451
4313.846048
4312.307587
4313.333228
4310.769125
4310.256305
4310.256305
4310.256305
4306.666561
4308.205023
4306.153741
4306.666561
4306.153741
4308.205023
4304.102459
4300.512715
4300.512715
4297.435792
4290.256305
4286.666562
4297.435792
4299.487074
4297.948613
4296.410151
4298.461433
4294.87169
4298.461433
4299.999895
4300.512715
4298.974254
4299.999895
4301.025536
4302.563997
4301.538356
4301.025536
4302.051177
4299.999895
4300.512715
4299.999895
4299.999895
4297.435792
4298.461433
4297.435792
4299.487074
4299.999895
4301.538356
4298.974254
4297.948613
4298.974254
4302.563997
4304.102459
4301.538356
4301.538356
4302.051177
4302.563997
4297.948613
4299.487074
4299.999895
4298.461433
4292.820408
4293.846049
4294.87169
4296.410151
4294.87169
4296.410151
4297.435792
4298.461433
4303.076818
4297.948613
4285.1281
4282.563998
4294.87169
4296.410151
4296.410151
4297.948613
4298.974254
4295.897331
4297.948613
4299.999895
4304.102459
4302.051177
4302.051177
4304.615279
4305.1281
4308.717843
4310.256305
4310.256305
4308.717843
4309.743484
4307.692202
4312.307587
4313.846048
4312.820407
4311.281946
4311.794766
4309.743484
4312.307587
4311.281946
4307.179382
4308.717843
4311.281946
4313.846048
4311.281946
4312.307587
4310.769125
4310.256305
4308.205023
4308.205023
4308.205023
4308.717843
4304.102459
4302.051177
4305.1281
4310.769125
4310.256305
4308.717843
4307.179382
4304.615279
4307.692202
4309.743484
4308.205023
4301.025536
4305.1281
4306.153741
4302.563997
4302.051177
4307.692202
4304.102459
4299.999895
4306.153741
4308.205023
4305.64092
4309.743484
4312.820407
4307.692202
4309.230664
4308.205023
4304.102459
4301.538356
4304.615279
4302.563997
4304.615279
4304.615279
4304.615279
4305.64092
4306.666561
4305.1281
4303.589638
4305.1281
4304.102459
4305.1281
4306.153741
4310.769125
4309.743484
4310.256305
4309.743484
4312.307587
4310.256305
4310.769125
4310.256305
4310.256305
4308.717843
4309.230664
4310.256305
4306.153741
4305.1281
4307.179382
4308.205023
4303.076818
4303.589638
4303.589638
4304.102459
4299.487074
4301.025536
4303.589638
4306.666561
4305.64092
4307.179382
4306.666561
4306.153741
4309.230664
4307.692202
4304.615279
4304.615279
4307.179382
4301.538356
4299.999895
4299.487074
4298.974254
4297.435792
4298.461433
4298.461433
4300.512715
4301.025536
4300.512715
4302.051177
4302.563997
4303.076818
4301.025536
4302.051177
4303.076818
4306.153741
4303.589638
4304.102459
4300.512715
4298.974254
4300.512715
4303.076818
4300.512715
4303.076818
4306.153741
4305.1281
4305.64092
4305.1281
4305.64092
4306.666561
4310.769125
4307.692202
4306.666561
4305.64092
4307.179382
4300.512715
4294.87169
4293.846049
4297.435792
4297.435792
4298.974254
4300.512715
4300.512715
4303.589638
4304.102459
4300.512715
4296.922972
4297.948613
4295.38451
4296.922972
4299.487074
4300.512715
4296.410151
4295.38451
4294.87169
4296.922972
4298.461433
4299.487074
4301.025536
4301.025536
4303.076818
4303.589638
4308.205023
4306.153741
4306.666561
4308.205023
4310.256305
4307.179382
4307.692202
4308.205023
4311.281946
4312.820407
4312.307587
4310.769125
4311.281946
4312.307587
4313.846048
4316.922971
4315.38451
4314.358869
4313.846048
4316.922971
4314.871689
4313.333228
4312.820407
4315.89733
4312.820407
4309.743484
4311.794766
4313.333228
4310.769125
4312.307587
4316.410151
4312.307587
4311.794766
4312.307587
4312.820407
4310.256305
4313.333228
4311.281946
4311.794766
4313.846048
4314.358869
4312.820407
4312.820407
4315.38451
4316.922971
4313.333228
4310.256305
4312.307587
4312.307587
4313.846048
4314.871689
4315.89733
4310.256305
4313.333228
4314.358869
4313.333228
4310.256305
4313.333228
4314.871689
4312.820407
4316.410151
4318.974253
4314.358869
4312.307587
4316.922971
4315.38451
4312.820407
4311.281946
4313.333228
4309.743484
4312.307587
4313.846048
4314.871689
4311.794766
4314.358869
4314.871689
4312.820407
4314.871689
4316.922971
4317.948612
4315.38451
4315.38451
4312.820407
4313.333228
4312.307587
4314.871689
4312.820407
4312.820407
4312.307587
4311.794766
4309.743484
4312.307587
4315.89733
4314.871689
4315.89733
4316.922971
4317.948612
4315.38451
4317.435792
4316.410151
4314.358869
4311.281946
4312.307587
4311.281946
4313.846048
4316.922971
4317.435792
4314.871689
4315.38451
4317.435792
4315.38451
4315.89733
4315.38451
4315.89733
4313.846048
4313.846048
4311.794766
4314.871689
4313.846048
4312.820407
4310.256305
4308.717843
4308.205023
4308.205023
4306.153741
4309.743484
4313.846048
4311.794766
4311.281946
4311.794766
4313.333228
4312.307587
4315.89733
4314.871689
4313.333228
4310.256305
4313.333228
4311.281946
4309.743484
4311.794766
4313.846048
4312.820407
4313.333228
4314.871689
4315.38451
4315.89733
4312.820407
4315.38451
4316.410151
4316.410151
4314.358869
4315.89733
4311.281946
4308.717843
4308.717843
4309.230664
4312.307587
4313.846048
4313.333228
4314.358869
4314.871689
4309.230664
4307.692202
4308.717843
4313.333228
4311.794766
4311.281946
4309.743484
4312.820407
4310.769125
4310.256305
4310.769125
4310.769125
4309.743484
4311.281946
4313.333228
4311.281946
4310.769125
4310.256305
4310.256305
4309.230664
4311.794766
4309.743484
4310.769125
4309.743484
4311.281946
4309.743484
4311.794766
4313.333228
4312.820407
4313.333228
4314.871689
4315.38451
4313.333228
4317.435792
4316.922971
4313.846048
4309.743484
4312.307587
4308.717843
4308.205023
4308.717843
4311.281946
4311.794766
4313.846048
4312.820407
4312.820407
4318.974253
4318.974253
4316.922971
4316.922971
4319.487074
4314.871689
4313.846048
4313.846048
4314.871689
4312.820407
4313.846048
4311.281946
4310.769125
4311.794766
4313.333228
4314.358869
4313.846048
4312.307587
4310.256305
4312.307587
4311.281946
4313.333228
4314.358869
4317.948612
4315.38451
4313.846048
4313.846048
4315.89733
4312.820407
4311.281946
4314.871689
4315.38451
4314.358869
4314.871689
4317.435792
4315.38451
4315.89733
4313.846048
4312.307587
4309.743484
4311.794766
4310.769125
4311.794766
4311.794766
4311.794766
4310.256305
4311.281946
4314.358869
4313.333228
4311.794766
4313.846048
4318.974253
4314.871689
4313.846048
4313.846048
4314.358869
4311.281946
4314.871689
4315.38451
4315.89733
4317.948612
4318.974253
4316.922971
4317.435792
4320.512715
4321.025535
4321.025535
4319.999894
4322.051176
4319.999894
4321.025535
4317.948612
4316.410151
4316.410151
4321.538356
4321.025535
4319.999894
4321.025535
4322.051176
4319.999894
4316.922971
4317.435792
4317.948612
4319.999894
4317.948612
4318.461433
4316.922971
4317.435792
4315.89733
4316.922971
4312.307587
4311.794766
4311.794766
4314.358869
4315.38451
4315.38451
4315.89733
4317.948612
4318.461433
4314.358869
4315.89733
4314.358869
4314.871689
4316.410151
4318.974253
4316.410151
4316.922971
4316.410151
4316.922971
4316.410151
4314.871689
4313.846048
4318.461433
4321.025535
4316.410151
4315.89733
4315.89733
4316.922971
4315.89733
4317.435792
4313.333228
4314.871689
4316.922971
4315.89733
4312.307587
4315.38451
4319.487074
4320.512715
4317.435792
4313.846048
4316.410151
4319.999894
4320.512715
4316.410151
4319.487074
4319.999894
4319.487074
4316.410151
4316.922971
4315.38451
4316.410151
4315.89733
4315.38451
4316.922971
4316.922971
4316.410151
4315.89733
4316.410151
4314.871689
4316.410151
4314.358869
4316.922971
4318.461433
4317.435792
4312.307587
4314.871689
4314.871689
4314.871689
4315.89733
4316.922971
4315.38451
4315.38451
4317.948612
4316.410151
4316.922971
4317.948612
4321.538356
4317.948612
4315.38451
4315.38451
4319.999894
4318.974253
4319.999894
4319.487074
4317.948612
4316.922971
4319.999894
4320.512715
4318.974253
4320.512715
4323.076817
4325.64092
4320.512715
4316.922971
4314.358869
4319.999894
4320.512715
4317.435792
4313.846048
4316.410151
4315.89733
4314.871689
4316.922971
4317.435792
4317.948612
4322.051176
4322.051176
4314.358869
4315.38451
4317.435792
4316.922971
4313.846048
4316.410151
4316.410151
4318.461433
4312.820407
4305.64092
4308.205023
4315.89733
4316.410151
4315.38451
4319.487074
4317.948612
4317.435792
4316.410151
4316.410151
4313.333228
4317.435792
4316.410151
4314.358869
4314.358869
4315.38451
4311.794766
4312.307587
4314.358869
4312.820407
4315.89733
4317.948612
4316.922971
4315.38451
4318.461433
4318.974253
4320.512715
4317.435792
4317.435792
4315.38451
4316.410151
4316.922971
4321.025535
4320.512715
4321.025535
4322.051176
4320.512715
4319.487074
4316.410151
4316.922971
4318.974253
4321.025535
4318.461433
4321.025535
4319.999894
4317.435792
4315.38451
4317.435792
4315.89733
4319.487074
4321.025535
4317.948612
4317.435792
4319.487074
4320.512715
4316.922971
4319.487074
4319.487074
4321.538356
4319.999894
4319.487074
4316.410151
4314.871689
4312.307587
4313.846048
4316.410151
4317.435792
4317.435792
4318.461433
4317.948612
4315.38451
4317.435792
4315.89733
4315.38451
4313.846048
4316.410151
4313.846048
4314.358869
4313.846048
4314.871689
4313.333228
4314.871689
4314.358869
4312.820407
4313.333228
4315.38451
4317.435792
4315.89733
4316.410151
4314.358869
4315.89733
4314.358869
4314.358869
4312.307587
4313.333228
4311.281946
4309.743484
4311.794766
4315.89733
4316.410151
4316.410151
4317.948612
4317.948612
4318.974253
4317.948612
4317.948612
4315.89733
4316.922971
4315.38451
4315.89733
4314.358869
4315.38451
4314.358869
4312.820407
4313.846048
4315.89733
4313.846048
4312.307587
4315.38451
4315.89733
4315.89733
4311.794766
4311.281946
4311.281946
4314.871689
4311.281946
4312.307587
4314.871689
4314.358869
4312.820407
4315.89733
4315.89733
4313.846048
4314.358869
4313.846048
4316.922971
4318.461433
4317.948612
4315.89733
4319.487074
4316.410151
4315.38451
4313.846048
4314.358869
4312.820407
4314.358869
4314.871689
4315.89733
4316.922971
4314.358869
4314.358869
4315.38451
4317.435792
4316.922971
4318.461433
4315.38451
4315.38451
4318.461433
4320.512715
4317.435792
4321.538356
4320.512715
4317.435792
4318.974253
4319.487074
4317.435792
4318.461433
4319.999894
4316.922971
4319.999894
4320.512715
4319.999894
4318.461433
4319.999894
4318.461433
4319.487074
4318.974253
4322.051176
4322.563997
4320.512715
4319.999894
4322.051176
4325.64092
4325.128099
4325.128099
4326.15374
4328.717843
4323.076817
4322.563997
4325.128099
4327.692202
4324.102458
4323.076817
4321.538356
4322.563997
4321.538356
4323.076817
4325.64092
4321.538356
4323.589638
4326.666561
4324.615279
4321.025535
4323.076817
4320.512715
4321.025535
4319.487074
4321.025535
4322.563997
4320.512715
4313.846048
4321.538356
4327.179381
4321.025535
4317.435792
4318.974253
4320.512715
4317.948612
4317.435792
4315.38451
4317.948612
4318.461433
4318.461433
4315.89733
4317.435792
4316.922971
4317.435792
4315.89733
4314.358869
4315.38451
4319.999894
4319.487074
4316.410151
4320.512715
4320.512715
4318.974253
4316.922971
4321.025535
4318.974253
4317.435792
4314.871689
4315.89733
4314.358869
4313.846048
4314.871689
4315.38451
4317.948612
4317.435792
4316.922971
4315.89733
4317.435792
4314.358869
4314.871689
4316.410151
4318.974253
4316.410151
4317.948612
4318.461433
4319.999894
4318.974253
4317.948612
4317.435792
4317.948612
4322.051176
4324.615279
4324.615279
4319.487074
4319.487074
4316.922971
4317.435792
4317.948612
4319.999894
4316.922971
4317.948612
4316.922971
4315.38451
4316.922971
4321.025535
4320.512715
4317.435792
4319.487074
4318.974253
4316.922971
4316.410151
4319.487074
4316.922971
4316.410151
4315.38451
4315.89733
4314.358869
4317.435792
4316.922971
4316.410151
4317.435792
4317.435792
4317.435792
4317.435792
4318.974253
4318.974253
4321.538356
4316.922971
4315.38451
4315.38451
4317.435792
4316.410151
4317.948612
4315.38451
4315.38451
4317.948612
4318.461433
4317.948612
4319.487074
4324.102458
4321.025535
4318.461433
4318.461433
4318.974253
4313.846048
4316.922971
4316.410151
4313.846048
4311.281946
4313.846048
4314.358869
4314.358869
4313.333228
4315.89733
4319.999894
4318.974253
4319.487074
4316.922971
4314.358869
4314.358869
4319.487074
4315.38451
4314.358869
4314.871689
4315.38451
4310.769125
4312.307587
4315.38451
4317.948612
4317.435792
4314.871689
4314.358869
4314.871689
4318.461433
4316.410151
4316.410151
4316.922971
4316.922971
4312.820407
4313.333228
4312.820407
4311.281946
4307.692202
4308.717843
4312.307587
4316.410151
4316.410151
4312.307587
4312.307587
4312.820407
4314.358869
4313.333228
4316.410151
4312.307587
4310.769125
4312.820407
4316.922971
4315.38451
4313.333228
4312.307587
4314.871689
4316.922971
4316.410151
4316.410151
4316.922971
4315.89733
4312.307587
4315.38451
4312.820407
4312.307587
4313.333228
4314.871689
4311.794766
4314.871689
4315.89733
4313.846048
4314.358869
4315.89733
4316.922971
4318.461433
4320.512715
4317.948612
4316.410151
4315.38451
4316.922971
4313.333228
4312.820407
4312.820407
4315.89733
4313.846048
4315.38451
4316.922971
4315.89733
4315.89733
4318.461433
4316.922971
4314.358869
4321.538356
4321.025535
4317.948612
4317.948612
4317.948612
4312.820407
4318.974253
4319.999894
4316.922971
4315.89733
4318.974253
4316.922971
4316.922971
4318.461433
4319.999894
4321.025535
4318.974253
4320.512715
4318.974253
4318.461433
4316.410151
4316.922971
4313.846048
4313.333228
4314.358869
4317.435792
4316.410151
4315.89733
4313.333228
4313.333228
4316.410151
4316.410151
4316.922971
4316.410151
4318.461433
4317.948612
4319.999894
4316.922971
4317.435792
4318.461433
4321.025535
4319.487074
4318.461433
4317.948612
4318.974253
4315.38451
4314.871689
4323.589638
4326.666561
4321.025535
4316.410151
4319.999894
4316.922971
4316.922971
4317.435792
4318.974253
4316.922971
4317.948612
4315.38451
4317.435792
4320.512715
4319.999894
4320.512715
4325.128099
4327.692202
4323.076817
4320.512715
4321.025535
4322.051176
4316.922971
4315.89733
4315.89733
4317.948612
4317.435792
4319.487074
4321.025535
4323.076817
4319.999894
4317.948612
4322.051176
4322.563997
4321.538356
4320.512715
4322.563997
4320.512715
4322.051176
4320.512715
4319.487074
4319.999894
4322.051176
4320.512715
4320.512715
4321.025535
4323.589638
4324.102458
4322.563997
4321.025535
4317.948612
4317.435792
4316.922971
4319.487074
4317.435792
4319.999894
4319.999894
4319.487074
4314.358869
4314.871689
4317.435792
4319.487074
4317.435792
4317.435792
4319.487074
4317.435792
4317.435792
4316.922971
4317.435792
4317.948612
4321.538356
4318.461433
4317.948612
4316.922971
4315.89733
4312.307587
4313.846048
4316.410151
4322.051176
4324.615279
4321.025535
4323.076817
4326.15374
4322.563997
4317.435792
4321.538356
4318.974253
4315.89733
4318.461433
4321.538356
4315.38451
4316.410151
4319.487074
4321.025535
4319.999894
4320.512715
4324.102458
4325.64092
4324.102458
4318.974253
4322.051176
4324.102458
4321.538356
4315.89733
4318.974253
4318.974253
4316.922971
4314.358869
4317.948612
4317.948612
4318.461433
4318.974253
4321.025535
4324.102458
4322.563997
4321.025535
4317.948612
4320.512715
4320.512715
4319.999894
4316.922971
4318.461433
4317.435792
4316.922971
4315.38451
4316.922971
4317.435792
4319.487074
4321.025535
4321.025535
4321.025535
4318.974253
4319.999894
4316.922971
4315.89733
4314.871689
4317.435792
4312.820407
4310.769125
4309.743484
4310.256305
4310.256305
4312.820407
4313.846048
4313.333228
4313.333228
4313.333228
4315.38451
4314.871689
4314.871689
4314.871689
4315.38451
4311.281946
4313.333228
4314.358869
4315.38451
4314.358869
4316.922971
4314.358869
4315.89733
4320.512715
4319.487074
4316.922971
4316.922971
4319.999894
4317.948612
4317.948612
4316.922971
4317.948612
4315.89733
4315.38451
4314.358869
4315.38451
4314.871689
4316.922971
4316.922971
4316.410151
4317.948612
4319.999894
4320.512715
4316.922971
4317.948612
4316.410151
4316.922971
4315.38451
4316.410151
4313.846048
4314.871689
4315.38451
4314.871689
4313.333228
4317.948612
4321.025535
4317.948612
4318.974253
4322.563997
4318.461433
4313.333228
4318.461433
4317.948612
4317.435792
4315.89733
4313.846048
4312.307587
4317.435792
4315.89733
4313.846048
4316.922971
4317.435792
4315.89733
4316.410151
4315.89733
4312.307587
4314.871689
4313.846048
4312.820407
4311.794766
4312.820407
4309.230664
4312.307587
4311.794766
4311.794766
4312.820407
4312.820407
4312.820407
4314.871689
4318.461433
4317.435792
4314.358869
4314.358869
4318.461433
4315.89733
4315.89733
4315.89733
4317.435792
4314.871689
4315.89733
4313.846048
4318.974253
4320.512715
4314.358869
4311.794766
4315.38451
4317.948612
4314.871689
4316.410151
4316.410151
4316.410151
4314.358869
4316.410151
4316.410151
4317.435792
4316.922971
4317.948612
4315.89733
4316.922971
4318.461433
4319.487074
4321.025535
4321.025535
4319.999894
4318.461433
4320.512715
4316.922971
4316.922971
4315.89733
4316.410151
4313.846048
4315.38451
4316.922971
4319.487074
4318.461433
4319.487074
4321.025535
4320.512715
4317.435792
4315.38451
4318.461433
4319.999894
4321.025535
4318.974253
4319.999894
4317.948612
4318.974253
4317.948612
4318.974253
4316.922971
4316.922971
4316.410151
4317.948612
4318.974253
4316.922971
4317.435792
4317.435792
4317.948612
4317.435792
4319.487074
4317.948612
4319.999894
4319.999894
4319.999894
4316.922971
4316.410151
4315.89733
4317.948612
4319.999894
4320.512715
4317.948612
4316.410151
4319.487074
4319.487074
4321.025535
4321.025535
4323.076817
4321.538356
4322.051176
4319.487074
4319.487074
4319.999894
4321.538356
4319.999894
4317.948612
4318.461433
4319.999894
4317.948612
4314.358869
4317.948612
4318.974253
4317.948612
4315.89733
4318.974253
4317.435792
4318.461433
4317.435792
4315.89733
4315.89733
4321.025535
4321.538356
4319.999894
4319.487074
4318.461433
4317.435792
4317.948612
4322.051176
4317.435792
4315.89733
4316.922971
4318.974253
4313.846048
4315.38451
4317.435792
4318.461433
4314.871689
4314.358869
4317.435792
4317.435792
4316.922971
4319.487074
4322.051176
4317.435792
4318.461433
4318.974253
4319.999894
4316.410151
4317.435792
4316.922971
4318.461433
4316.410151
4315.89733
4314.871689
4316.410151
4317.948612
4315.38451
4317.435792
4317.948612
4316.922971
4315.38451
4318.461433
4314.358869
4314.358869
4314.871689
4314.358869
4311.794766
4313.333228
4312.820407
4314.358869
4316.922971
4316.922971
4315.89733
4316.922971
4321.025535
4318.974253
4315.89733
4315.89733
4319.487074
4315.89733
4317.435792
4317.435792
4315.38451
4312.307587
4315.38451
4316.922971
4317.435792
4315.89733
4313.846048
4316.410151
4317.948612
4316.922971
4314.358869
4315.89733
4313.333228
4313.333228
4313.846048
4315.89733
4313.846048
4313.846048
4313.846048
4316.410151
4315.89733
4315.38451
4317.435792
4317.435792
4317.435792
4316.410151
4318.461433
4317.948612
4318.461433
4314.871689
4317.435792
4318.974253
4317.948612
4316.410151
4318.461433
4316.410151
4315.38451
4316.410151
4317.435792
4319.999894
4318.974253
4317.948612
4317.948612
4319.999894
4316.410151
4316.410151
4316.410151
4318.461433
4318.461433
4318.461433
4315.89733
4316.922971
4315.89733
4314.358869
4316.922971
4318.461433
4316.922971
4315.89733
4319.487074
4316.410151
4317.435792
4319.999894
4321.025535
4316.410151
4316.410151
4315.38451
4313.333228
4312.307587
4315.38451
4316.922971
4316.410151
4316.922971
4316.922971
4316.922971
4315.89733
4319.487074
4319.999894
4319.999894
4314.871689
4315.38451
4314.358869
4315.89733
4315.38451
4317.435792
4318.974253
4316.410151
4312.820407
4314.871689
4317.435792
4315.89733
4317.435792
4316.410151
4318.461433
4318.461433
4315.38451
4311.794766
4315.89733
4314.871689
4311.794766
4312.307587
4314.871689
4311.794766
4311.794766
4315.89733
4315.38451
4316.922971
4318.461433
4319.487074
4316.410151
4317.435792
4315.89733
4316.410151
4312.820407
4312.820407
4311.281946
4310.256305
4311.794766
4315.38451
4312.820407
4311.281946
4315.38451
4317.948612
4318.461433
4315.38451
4316.410151
4317.948612
4318.461433
4313.846048
4315.38451
4317.435792
4315.89733
4313.333228
4315.38451
4313.333228
4312.820407
4317.435792
4318.974253
4316.410151
4315.38451
4316.922971
4316.410151
4318.461433
4315.38451
4314.871689
4314.871689
4317.435792
4315.38451
4315.38451
4315.89733
4317.435792
4315.38451
4315.38451
4319.999894
4319.487074
4319.487074
4318.974253
4321.538356
4320.512715
4320.512715
4316.922971
4317.435792
4316.922971
4317.435792
4317.948612
4317.948612
4314.871689
4316.922971
4318.461433
4315.89733
4314.358869
4315.89733
4319.487074
4317.435792
4316.922971
4318.461433
4320.512715
4315.38451
4315.89733
4315.89733
4315.89733
4316.922971
4319.487074
4317.948612
4316.922971
4317.435792
4317.435792
4317.435792
4315.38451
4318.461433
4318.461433
4318.974253
4315.89733
4317.435792
4315.89733
4315.89733
4315.38451
4317.948612
4318.461433
4319.999894
4321.025535
4319.999894
4322.563997
4325.128099
4323.589638
4317.948612
4320.512715
4321.025535
4319.487074
4316.922971
4322.563997
4322.051176
4318.461433
4316.410151
4319.487074
4318.974253
4317.948612
4319.999894
4319.999894
4321.025535
4320.512715
4321.538356
4324.102458
4324.102458
4315.38451
4317.948612
4322.051176
4320.512715
4315.89733
4317.948612
4316.410151
4318.974253
4322.051176
4321.025535
4323.076817
4325.128099
4323.076817
4319.999894
4322.563997
4318.461433
4319.487074
4324.615279
4325.64092
4319.999894
4321.538356
4319.999894
4318.461433
4320.512715
4322.051176
4318.461433
4318.974253
4325.128099
4326.15374
4323.589638
4319.487074
4323.076817
4322.563997
4322.051176
4321.025535
4322.563997
4319.999894
4318.974253
4319.487074
4323.076817
4322.051176
4319.999894
4322.051176
4323.076817
4321.538356
4320.512715
4322.051176
4317.948612
4319.487074
4319.999894
4321.538356
4319.999894
4318.461433
4315.38451
4318.461433
4319.487074
4317.948612
4322.051176
4326.15374
4322.563997
4319.999894
4324.102458
4323.589638
4322.051176
4319.999894
4320.512715
4319.487074
4324.615279
4323.076817
4323.589638
4325.64092
4325.64092
4324.102458
4326.666561
4326.666561
4322.051176
4321.025535
4317.435792
4318.461433
4319.487074
4318.974253
4315.38451
4316.922971
4316.410151
4317.435792
4315.38451
4316.410151
4317.948612
4319.999894
4318.974253
4318.974253
4321.538356
4319.487074
4315.38451
4314.358869
4316.922971
4313.846048
4314.871689
4313.333228
4313.333228
4311.281946
4313.333228
4312.820407
4313.333228
4313.333228
4314.871689
4315.38451
4314.358869
4317.948612
4317.435792
4315.38451
4314.871689
4317.948612
4315.38451
4316.922971
4317.435792
4317.435792
4313.846048
4315.38451
4312.307587
4311.794766
4313.846048
4313.333228
4312.820407
4315.38451
4317.435792
4312.820407
4313.846048
4314.358869
4314.358869
4309.743484
4310.769125
4312.820407
4314.871689
4311.281946
4311.794766
4312.820407
4310.769125
4309.230664
4311.281946
4312.307587
4310.256305
4314.358869
4313.333228
4312.820407
4312.820407
4314.871689
4310.769125
4311.794766
4311.794766
4312.307587
4313.333228
4317.948612
4316.922971
4314.358869
4316.922971
4318.461433
4316.410151
4314.871689
4319.487074
4318.461433
4316.922971
4313.333228
4312.820407
4311.794766
4314.358869
4313.846048
4315.89733
4314.871689
4313.333228
4313.846048
4312.820407
4310.256305
4310.769125
4312.820407
4308.205023
4311.794766
4313.846048
4310.256305
4307.179382
4314.871689
4318.974253
4317.948612
4315.38451
4315.89733
4312.307587
4310.256305
4313.333228
4321.025535
4325.64092
4325.128099
4318.461433
4306.153741
4303.589638
4306.666561
4313.333228
4314.871689
4317.435792
4314.871689
4313.333228
4309.743484
4307.179382
4301.025536
4295.38451
4291.794767
4284.102459
4276.410152
4279.999895
4294.358869
4292.820408
4299.999895
4317.435792
4314.871689
4291.794767
4278.461434
4262.051178
4250.769127
4263.589639
4281.538357
4285.1281
4287.692203
4289.230664
4281.025536
4266.153742
4252.307588
4250.256306
4247.179383
4241.025537
4235.897332
4254.871691
4273.333229
4267.692203
4256.922973
4272.820408
4287.692203
4277.948613
4268.717844
4279.999895
4292.820408
4295.38451
4294.87169
4296.410151
4309.230664
4318.974253
4323.076817
4323.589638
4327.692202
4324.102458
4322.051176
4315.89733
4312.820407
4305.64092
4304.615279
4306.153741
4311.281946
4309.743484
4308.717843
4310.769125
4309.230664
4312.820407
4313.846048
4318.974253
4316.410151
4317.435792
4314.358869
4316.922971
4318.461433
4319.487074
4318.461433
4319.999894
4324.102458
4325.128099
4326.666561
4325.64092
4328.205022
4327.179381
4326.666561
4323.076817
4323.076817
4318.461433
4323.076817
4326.15374
4325.128099
4322.563997
4324.102458
4324.102458
4324.102458
4327.179381
4323.589638
4324.102458
4324.615279
4324.102458
4318.974253
4319.999894
4316.410151
4317.948612
4319.487074
4320.512715
4320.512715
4324.102458
4324.615279
4324.102458
4325.64092
4324.102458
4326.15374
4325.128099
4325.64092
4324.102458
4325.128099
4324.615279
4330.256304
4328.205022
4325.128099
4322.563997
4320.512715
4319.487074
4324.102458
4327.179381
4325.64092
4328.205022
4324.615279
4322.563997
4320.512715
4318.461433
4307.179382
4306.153741
4308.205023
4309.230664
4307.692202
4311.281946
4312.307587
4307.179382
4307.179382
4311.794766
4318.461433
4316.922971
4314.358869
4316.410151
4324.615279
4317.435792
4309.743484
4311.794766
4316.410151
4309.230664
4307.179382
4310.769125
4315.38451
4316.410151
4321.538356
4323.076817
4319.487074
4319.487074
4321.025535
4322.051176
4318.974253
4319.487074
4318.974253
4321.538356
4316.410151
4316.410151
4317.948612
4319.487074
4316.922971
4315.89733
4317.948612
4320.512715
4318.461433
4317.948612
4325.64092
4324.102458
4316.922971
4314.871689
4319.487074
4312.820407
4308.717843
4306.666561
4310.769125
4310.769125
4313.333228
4313.846048
4316.922971
4323.589638
4328.205022
4325.64092
4321.025535
4325.64092
4325.128099
4322.051176
4321.025535
4324.615279
4319.999894
4321.025535
4322.563997
4321.538356
4319.487074
4321.538356
4323.589638
4327.179381
4328.205022
4323.076817
4322.563997
4322.563997
4322.051176
4319.487074
4321.538356
4317.948612
4319.487074
4318.461433
4316.922971
4311.794766
4311.794766
4315.38451
4319.487074
4319.999894
4321.025535
4324.615279
4323.076817
4321.025535
4319.999894
4322.051176
4321.538356
4322.051176
4316.922971
4317.948612
4318.974253
4318.461433
4314.358869
4318.974253
4320.512715
4318.461433
4318.461433
4320.512715
4322.563997
4321.538356
4322.051176
4318.974253
4318.974253
4315.89733
4316.922971
4313.333228
4311.281946
4310.769125
4313.333228
4312.307587
4312.820407
4312.820407
4313.333228
4316.922971
4317.435792
4316.922971
4316.922971
4321.538356
4319.487074
4318.461433
4313.333228
4313.846048
4312.820407
4314.358869
4314.358869
4316.410151
4315.89733
4314.358869
4316.410151
4317.435792
4314.358869
4313.846048
4318.974253
4315.38451
4315.89733
4318.461433
4321.538356
4316.922971
4317.435792
4316.922971
4315.89733
4311.281946
4313.333228
4317.435792
4315.89733
4313.333228
4314.871689
4318.974253
4317.948612
4318.974253
4319.487074
4318.974253
4315.38451
4317.948612
4315.38451
4312.820407
4310.256305
4311.794766
4312.307587
4313.333228
4311.281946
4313.333228
4317.435792
4313.846048
4313.846048
4314.358869
4316.410151
4314.358869
4316.410151
4313.846048
4315.89733
4317.435792
4316.922971
4313.333228
4316.410151
4318.974253
4316.922971
4316.922971
4319.487074
4319.999894
4318.974253
4323.076817
4320.512715
4320.512715
4318.974253
4317.948612
4314.871689
4316.410151
4315.38451
4316.410151
4316.922971
4319.999894
4318.461433
4315.89733
4318.974253
4319.487074
4319.487074
4317.948612
4319.999894
4317.948612
4318.461433
4315.38451
4316.922971
4317.948612
4320.512715
4318.974253
4316.922971
4314.871689
4316.922971
4318.974253
4318.974253
4321.025535
4319.999894
4317.948612
4313.846048
4316.922971
4317.948612
4320.512715
4317.948612
4318.974253
4319.487074
4319.487074
4317.435792
4321.025535
4320.512715
4315.38451
4318.974253
4323.076817
4319.487074
4318.974253
4326.15374
4322.563997
4320.512715
4320.512715
4323.076817
4318.974253
4318.461433
4318.461433
4321.538356
4321.538356
4318.461433
4317.435792
4321.025535
4323.076817
4319.487074
4319.487074
4317.435792
4315.89733
4314.871689
4318.461433
4316.922971
4318.461433
4313.846048
4313.846048
4317.948612
4321.025535
4318.974253
4318.974253
4321.025535
4320.512715
4324.102458
4324.615279
4322.051176
4317.948612
4321.025535
4318.974253
4315.38451
4311.794766
4317.435792
4316.922971
4315.38451
4316.410151
4321.025535
4322.051176
4319.999894
4322.051176
4323.589638
4324.615279
4319.999894
4319.487074
4317.435792
4319.487074
4318.974253
4322.051176
4321.025535
4317.435792
4310.256305
4314.871689
4318.974253
4318.974253
4318.974253
4319.999894
4318.974253
4318.974253
4324.102458
4321.025535
4321.025535
4321.025535
4322.051176
4317.435792
4316.410151
4311.281946
4311.281946
4314.871689
4317.435792
4317.435792
4320.512715
4322.051176
4318.974253
4321.025535
4322.051176
4324.102458
4322.563997
4322.563997
4319.487074
4322.051176
4320.512715
4318.461433
4315.38451
4317.948612
4317.435792
4317.435792
4318.461433
4316.410151
4316.410151
4318.974253
4319.999894
4314.871689
4315.38451
4313.846048
4315.89733
4315.89733
4316.922971
4312.820407
4314.358869
4318.461433
4319.999894
4319.487074
4319.999894
4318.974253
4317.948612
4318.974253
4314.358869
4315.89733
4317.435792
4316.410151
4314.358869
4318.461433
4314.358869
4315.89733
4317.948612
4319.487074
4318.974253
4323.589638
4326.15374
4323.076817
4321.025535
4321.025535
4323.589638
4321.538356
4321.538356
4320.512715
4324.102458
4318.461433
4315.89733
4317.435792
4319.487074
4313.333228
4313.846048
4315.89733
4318.461433
4319.999894
4318.461433
4317.948612
4316.922971
4316.922971
4313.333228
4317.435792
4316.922971
4317.435792
4317.948612
4318.461433
4312.820407
4313.846048
4316.922971
4317.948612
4318.461433
4319.487074
4318.461433
4318.974253
4322.051176
4319.487074
4321.025535
4318.974253
4310.769125
4305.1281
4316.922971
4318.974253
4316.410151
4315.38451
4317.435792
4317.948612
4322.563997
4323.589638
4320.512715
4319.999894
4317.948612
4319.999894
4319.999894
4318.974253
4315.38451
4317.435792
4312.820407
4310.256305
4308.205023
4311.794766
4312.307587
4313.333228
4312.307587
4315.89733
4319.999894
4318.461433
4320.512715
4322.563997
4319.999894
4315.38451
4317.435792
4312.820407
4312.307587
4311.794766
