
4313.846048
4299.999895
4296.410151
4302.563997
4307.179382
4307.179382
4303.076818
4298.974254
4296.410151
4291.281946
4288.205023
4291.281946
4299.487074
4305.1281
4305.64092
4311.281946
4315.38451
4305.64092
4297.948613
4306.666561
4314.358869
4307.692202
4298.974254
4302.563997
4310.256305
4307.179382
4297.948613
4299.487074
4305.1281
4298.461433
4290.256305
4301.538356
4311.794766
4303.076818
4295.897331
4303.589638
4306.666561
4303.589638
4309.743484
4312.820407
4312.307587
4313.846048
4309.743484
4303.589638
4308.205023
4315.38451
4311.794766
4302.563997
4295.897331
4304.615279
4317.948612
4317.435792
4314.871689
4322.051176
4323.589638
4315.38451
4310.256305
4309.230664
4311.794766
4319.487074
4322.051176
4325.128099
4339.999894
4349.230663
4331.794766
4316.410151
4330.769125
4337.948612
4319.487074
4312.820407
4326.666561
4336.41015
4337.435791
4330.256304
4323.076817
4331.794766
4344.102458
4342.563996
4337.435791
4328.205022
4316.922971
4314.871689
4321.025535
4332.820407
4346.66656
4343.589637
4331.794766
4337.948612
4343.589637
4327.692202
4314.871689
4326.15374
4339.999894
4336.41015
4324.102458
4321.538356
4329.743484
4331.281945
4324.615279
4321.025535
4324.615279
4324.102458
4326.15374
4332.820407
4327.692202
4317.435792
4324.102458
4329.743484
4317.948612
4310.769125
4317.948612
4328.717843
4335.384509
4331.281945
4325.128099
4329.230663
4329.743484
4321.538356
4327.179381
4338.974253
4336.41015
4334.871689
4340.512714
4332.307586
4320.512715
4327.179381
4332.820407
4326.15374
4329.743484
4336.41015
4322.563997
4312.820407
4322.051176
4326.15374
4323.589638
4323.076817
4325.64092
4334.871689
4337.435791
4325.64092
4321.025535
4323.589638
4323.076817
4323.589638
4321.538356
4316.410151
4323.589638
4334.358868
4322.563997
4302.051177
4303.589638
4317.948612
4316.922971
4309.743484
4318.974253
4324.102458
4311.794766
4304.102459
4309.230664
4308.717843
4303.589638
4304.615279
4304.615279
4303.589638
4309.743484
4308.717843
4310.256305
4316.922971
4312.307587
4306.666561
4314.871689
4318.461433
4315.38451
4313.846048
4305.64092
4303.076818
4312.820407
4317.435792
4319.999894
4322.563997
4321.025535
4322.563997
4326.15374
4319.487074
4307.692202
4304.615279
4307.179382
4310.256305
4314.358869
4320.512715
4323.076817
4326.666561
4328.717843
4317.435792
4310.769125
4321.025535
4330.256304
4336.41015
4343.589637
4339.487073
4335.384509
4348.205022
4357.948611
4351.281945
4345.128099
4349.743483
4352.820406
4345.128099
4341.538355
4347.179381
4347.179381
4347.179381
4353.333227
4347.179381
4338.461432
4346.15374
4356.41015
4355.384509
4349.743483
4351.281945
4350.769124
4339.487073
4338.974253
4353.333227
4350.256304
4341.538355
4353.846047
4359.487073
4356.41015
4362.051175
4355.897329
4340.512714
4339.999894
4348.205022
4353.846047
4346.66656
4333.846048
4335.384509
4341.538355
4336.922971
4333.846048
4339.487073
4342.051176
4336.41015
4328.205022
4330.256304
4343.076817
4346.15374
4339.487073
4339.487073
4345.128099
4341.025535
4330.769125
4333.333227
4338.461432
4332.307586
4335.384509
4344.615278
4341.025535
4338.974253
4346.15374
4347.179381
4346.15374
4349.230663
4349.743483
4351.281945
4346.15374
4332.820407
4334.358868
4344.102458
4350.769124
4358.461432
4353.846047
4339.999894
4340.512714
4347.179381
4349.743483
4355.384509
4354.358868
4355.384509
4369.230662
4363.589637
4341.538355
4343.076817
4359.487073
4358.461432
4348.717842
4351.281945
4358.974252
4360.512714
4355.384509
4353.846047
4354.871688
4351.794765
4347.179381
4344.102458
4344.615278
4346.66656
4350.256304
4355.897329
4355.897329
4348.717842
4344.615278
4351.794765
4361.538355
4357.948611
4346.15374
4342.051176
4348.205022
4352.820406
4349.230663
4346.15374
4355.384509
4357.435791
4341.538355
4335.384509
4347.179381
4351.794765
4339.487073
4329.230663
4332.820407
4341.025535
4346.66656
4348.717842
4346.66656
4339.487073
4334.871689
4335.89733
4334.358868
4334.871689
4339.487073
4336.41015
4334.358868
4336.41015
4329.230663
4322.051176
4332.820407
4336.41015
4330.256304
4341.025535
4352.307586
4342.563996
4322.563997
4314.358869
4325.64092
4336.922971
4338.974253
4351.281945
4362.563996
4349.743483
4327.692202
4316.922971
4319.999894
4324.615279
4318.974253
4317.948612
4325.64092
4318.974253
4316.922971
4331.281945
4337.948612
4335.384509
4336.922971
4334.358868
4326.15374
4319.487074
4319.487074
4324.102458
4325.64092
4327.179381
4327.692202
4321.025535
4319.487074
4321.538356
4321.025535
4323.589638
4323.076817
4317.948612
4321.538356
4329.230663
4332.820407
4339.999894
4337.435791
4325.64092
4321.538356
4320.512715
4317.435792
4319.487074
4320.512715
4317.948612
4317.435792
4319.999894
4324.102458
4326.15374
4322.051176
4316.410151
4323.589638
4338.461432
4338.974253
4322.051176
4317.435792
4327.179381
4326.666561
4318.974253
4317.948612
4323.076817
4327.692202
4323.589638
4316.922971
4323.076817
4332.307586
4330.256304
4325.128099
4325.128099
4330.769125
4338.974253
4334.358868
4321.025535
4315.38451
4321.538356
4328.717843
4328.717843
4328.205022
4328.205022
4324.615279
4318.461433
4314.871689
4317.948612
4323.589638
4326.15374
4329.743484
4336.41015
4334.871689
4327.692202
4331.281945
4340.512714
4335.89733
4324.102458
4322.563997
4328.205022
4335.89733
4342.563996
4338.974253
4346.66656
4358.461432
4337.948612
4310.769125
4322.563997
4339.999894
4334.358868
4330.769125
4333.846048
4332.820407
4333.846048
4336.922971
4335.89733
4332.307586
4332.820407
4332.307586
4331.794766
4340.512714
4348.205022
4338.974253
4322.051176
4324.102458
4335.384509
4335.384509
4333.333227
4339.999894
4339.999894
4328.205022
4325.128099
4332.820407
4336.41015
4336.922971
4337.435791
4335.384509
4334.358868
4335.89733
4334.358868
4328.205022
4325.64092
4323.589638
4319.487074
4324.102458
4334.871689
4335.384509
4328.717843
4328.205022
4329.230663
4333.846048
4335.384509
4326.15374
4319.487074
4324.615279
4332.307586
4331.794766
4329.230663
4337.948612
4345.128099
4337.948612
4331.794766
4337.435791
4342.051176
4338.461432
4330.256304
4326.15374
4332.307586
4339.999894
4337.435791
4329.743484
4331.281945
4330.256304
4321.538356
4323.076817
4333.846048
4336.922971
4336.922971
4343.076817
4353.333227
4359.487073
4355.897329
4351.794765
4349.743483
4351.281945
4361.538355
4366.153739
4357.948611
4354.871688
4362.051175
4366.153739
4358.974252
4347.179381
4347.179381
4354.871688
4348.205022
4336.922971
4341.538355
4350.256304
4351.281945
4355.897329
4363.076816
4359.487073
4359.487073
4371.281944
4376.92297
4377.43579
4382.051175
4379.999893
4373.846047
4370.256303
4365.128098
4362.563996
4368.717842
4376.410149
4379.999893
4377.43579
4370.256303
4371.281944
4379.999893
4384.615277
4382.563995
4375.897329
4372.307585
4382.051175
4392.307585
4388.205021
4386.153739
4392.820405
4394.871687
4391.281944
4393.846046
4398.461431
4399.999892
4402.563995
4405.128097
4407.6922
4414.871687
4427.179379
4443.076814
4454.358865
4448.205019
4433.846045
4434.358866
4440.512712
4429.743481
4419.487071
4425.128097
4426.153738
4417.435789
4416.410148
4420.512712
4419.999892
4413.333225
4407.6922
4409.743482
4411.794764
4408.717841
4416.922969
4430.256302
4416.922969
4393.333226
4397.94861
4413.846046
4406.153738
4398.461431
4409.230661
4413.846046
4402.563995
4397.94861
4405.640918
4409.230661
4411.281943
4418.46143
4417.94861
4404.615277
4396.922969
4401.538354
4403.076815
4399.999892
4404.102456
4410.769123
4410.769123
4411.281943
4412.820405
4405.128097
4396.922969
4401.025533
4407.179379
4407.179379
4405.640918
4399.487072
4390.769123
4396.922969
4413.846046
4406.153738
4388.717841
4396.922969
4409.743482
4401.025533
4390.769123
4399.487072
4406.153738
4402.563995
4405.640918
4415.897328
4409.743482
4392.820405
4391.281944
4398.974251
4401.538354
4402.051174
4403.076815
4402.563995
4406.666559
4410.769123
4399.487072
4378.974252
4376.92297
4383.589636
4376.92297
4375.897329
4385.640918
4389.230662
4389.743482
4390.769123
4383.076816
4376.410149
4381.538354
4378.461431
4368.205021
4372.307585
4378.461431
4371.281944
4361.025534
4365.128098
4370.769124
4359.999893
4357.948611
4373.333226
4374.358867
4363.076816
4368.717842
4375.384508
4368.205021
4371.281944
4383.589636
4378.974252
4367.17938
4366.153739
4365.640919
4359.999893
4360.512714
4367.17938
4369.743483
4375.384508
4387.6922
4392.820405
4385.128098
4377.948611
4381.538354
4389.230662
4384.615277
4375.897329
4374.871688
4374.358867
4371.794765
4376.410149
4387.6922
4388.717841
4371.794765
4359.999893
4369.230662
4376.92297
4366.66656
4364.102457
4373.846047
4377.43579
4374.871688
4376.92297
4378.974252
4376.410149
4378.461431
4378.974252
4373.846047
4371.281944
4373.846047
4376.410149
4375.384508
4376.410149
4378.974252
4378.974252
4379.487072
4381.025534
4377.948611
4371.794765
4369.743483
4373.846047
4376.410149
4371.281944
4366.153739
4369.743483
4374.358867
4372.820406
4374.358867
4381.025534
4376.410149
4365.640919
4370.769124
4384.102457
4378.461431
4363.076816
4361.538355
4369.743483
4375.384508
4377.43579
4377.43579
4373.846047
4371.794765
4377.948611
4387.6922
4393.846046
4391.281944
4389.743482
4390.769123
4383.076816
4375.384508
4378.974252
4380.512713
4375.384508
4375.384508
4374.358867
4369.230662
4370.256303
4373.333226
4370.256303
4366.153739
4369.743483
4371.794765
4370.769124
4378.974252
4388.205021
4387.17938
4384.102457
4382.563995
4374.358867
4367.17938
4366.66656
4370.256303
4374.358867
4371.794765
4366.66656
4370.769124
4379.487072
4380.512713
4375.897329
4377.948611
4384.102457
4383.076816
4372.820406
4362.563996
4365.128098
4373.846047
4376.92297
4383.076816
4386.153739
4374.871688
4367.17938
4372.820406
4376.92297
4371.794765
4375.897329
4380.512713
4367.692201
4364.615278
4379.487072
4378.974252
4367.692201
4371.794765
4373.846047
4372.307585
4378.461431
4379.999893
4382.563995
4389.230662
4384.102457
4369.230662
4365.640919
4374.358867
4374.871688
4365.128098
4366.66656
4378.461431
4382.051175
4374.358867
4369.230662
4371.281944
4376.410149
4376.92297
4372.820406
4372.307585
4377.43579
4382.563995
4381.025534
4377.43579
4370.769124
4361.025534
4355.897329
4362.051175
4367.17938
4367.692201
4370.769124
4372.307585
4367.17938
4367.692201
4372.307585
4372.820406
4373.333226
4372.820406
4372.820406
4379.487072
4381.538354
4370.256303
4368.205021
4380.512713
4380.512713
4366.153739
4364.615278
4376.410149
4377.43579
4366.66656
4358.974252
4362.051175
4372.307585
4372.307585
4362.051175
4360.512714
4363.589637
4361.025534
4360.512714
4365.128098
4367.692201
4369.230662
4365.128098
4353.846047
4349.230663
4355.384509
4364.102457
4368.205021
4365.640919
4365.128098
4369.230662
4364.102457
4357.948611
4365.128098
4373.846047
4374.358867
4373.333226
4374.871688
4378.974252
4384.102457
4382.563995
4374.871688
4368.205021
4368.717842
4374.358867
4374.871688
4366.66656
4366.153739
4371.794765
4368.205021
4365.128098
4367.17938
4362.051175
4362.051175
4373.333226
4377.43579
4370.769124
4370.256303
4371.281944
4373.333226
4382.563995
4387.6922
4385.128098
4378.974252
4373.846047
4371.794765
4373.846047
4372.820406
4367.692201
4374.358867
4383.589636
4381.025534
4375.384508
4372.307585
4373.333226
4378.974252
4381.538354
4377.43579
4375.897329
4378.974252
4379.487072
4375.384508
4372.820406
4375.897329
4376.410149
4370.256303
4372.307585
4382.051175
4379.487072
4377.43579
4389.230662
4392.307585
4377.43579
4370.256303
4374.358867
4371.794765
4373.333226
4385.128098
4383.076816
4368.717842
4364.615278
4367.692201
4370.769124
4373.846047
4373.333226
4374.871688
4381.538354
4378.461431
4372.307585
4376.92297
4381.538354
4379.487072
4372.820406
4366.153739
4364.615278
4366.153739
4372.820406
4380.512713
4382.051175
4377.948611
4374.358867
4372.307585
4370.769124
4366.66656
4363.589637
4365.640919
4366.153739
4365.640919
4366.153739
4368.205021
4373.333226
4372.820406
4367.692201
4370.769124
4372.820406
4363.589637
4361.025534
4369.230662
4371.794765
4370.769124
4371.281944
4368.717842
4365.128098
4363.076816
4363.589637
4359.999893
4354.358868
4355.384509
4362.051175
4363.076816
4362.051175
4363.589637
4362.051175
4362.051175
4367.692201
4371.281944
4372.307585
4377.948611
4373.846047
4367.17938
4378.974252
4377.43579
4348.717842
4339.999894
4353.846047
4350.256304
4347.692201
4363.589637
4366.66656
4356.41015
4355.897329
4354.871688
4351.281945
4357.948611
4363.589637
4358.974252
4358.974252
4359.999893
4353.846047
4354.871688
4364.102457
4366.66656
4362.051175
4363.076816
4370.769124
4373.846047
4367.692201
4362.563996
4360.512714
4358.974252
4359.487073
4361.538355
4367.692201
4375.897329
4376.410149
4368.717842
4365.640919
4364.102457
4363.076816
4368.205021
4370.769124
4364.102457
4357.435791
4357.435791
4359.999893
4362.051175
4361.538355
4356.92297
4354.871688
4355.384509
4349.743483
4343.076817
4341.538355
4342.563996
4345.640919
4351.794765
4355.384509
4359.999893
4365.640919
4363.589637
4352.307586
4340.512714
4334.871689
4340.512714
4347.692201
4348.717842
4350.256304
4350.769124
4349.230663
4351.794765
4358.461432
4359.999893
4355.384509
4348.717842
4349.743483
4352.307586
4348.717842
4353.846047
4370.256303
4369.743483
4356.41015
4355.384509
4363.076816
4364.102457
4356.41015
4349.743483
4348.717842
4353.846047
4357.948611
4359.999893
4358.461432
4354.871688
4352.307586
4353.846047
4360.512714
4358.461432
4348.205022
4349.743483
4361.025534
4367.692201
4369.743483
4368.717842
4363.076816
4363.076816
4363.076816
4357.948611
4362.051175
4368.717842
4362.563996
4359.999893
4366.66656
4369.230662
4369.230662
4370.769124
4367.17938
4361.025534
4354.871688
4350.769124
4356.92297
4368.717842
4364.102457
4354.871688
4363.076816
4372.307585
4364.102457
4356.92297
4363.589637
4367.17938
4366.153739
4369.743483
4374.871688
4373.333226
4365.640919
4359.487073
4356.92297
4358.974252
4364.102457
4368.205021
4369.230662
4371.794765
4375.384508
4369.230662
4362.563996
4364.102457
4364.102457
4361.538355
4364.615278
4368.717842
4364.102457
4362.051175
4366.153739
4374.358867
4378.461431
4373.846047
4368.205021
4368.205021
4370.256303
4370.256303
4367.692201
4363.076816
4364.615278
4375.897329
4377.43579
4365.640919
4356.92297
4358.974252
4363.589637
4362.563996
4360.512714
4359.999893
4358.974252
4357.948611
4363.076816
4368.205021
4366.153739
4370.769124
4378.974252
4375.897329
4371.794765
4376.410149
4376.92297
4372.307585
4371.794765
4374.358867
4372.820406
4374.358867
4377.948611
4375.384508
4371.281944
4375.897329
4380.512713
4376.92297
4376.92297
4379.487072
4379.487072
4381.025534
4377.948611
4369.230662
4369.230662
4374.871688
4369.743483
4365.128098
4366.66656
4363.076816
4362.051175
4368.717842
4370.256303
4369.230662
4373.846047
4368.205021
4356.41015
4357.948611
4364.615278
4359.999893
4353.333227
4359.487073
4364.102457
4359.999893
4355.897329
4358.974252
4362.051175
4357.948611
4350.256304
4352.820406
4356.41015
4348.717842
4346.66656
4349.230663
4340.512714
4331.794766
4335.384509
4332.820407
4329.230663
4337.948612
4347.179381
4345.640919
4339.487073
4335.384509
4335.89733
4337.435791
4336.922971
4332.307586
4326.15374
4325.64092
4330.256304
4328.717843
4328.717843
4334.871689
4331.281945
4324.102458
4331.281945
4339.999894
4333.333227
4325.64092
4328.717843
4332.820407
4332.820407
4333.333227
4341.025535
4347.692201
4343.589637
4332.820407
4329.743484
4332.307586
4329.743484
4328.205022
4331.281945
4334.871689
4334.871689
4331.281945
4326.15374
4327.179381
4332.820407
4336.41015
4339.487073
4342.563996
4341.025535
4337.948612
4335.384509
4334.871689
4341.538355
4346.66656
4345.128099
4342.051176
4335.89733
4330.256304
4332.820407
4337.435791
4336.922971
4334.871689
4327.179381
4324.102458
4334.871689
4346.15374
4347.692201
4339.487073
4333.846048
4337.435791
4341.538355
4336.922971
4334.358868
4341.538355
4343.589637
4335.384509
4331.794766
4334.871689
4334.358868
4333.333227
4340.512714
4347.692201
4343.589637
4336.922971
4336.41015
4340.512714
4331.794766
4318.974253
4317.948612
4324.615279
4331.794766
4333.846048
4333.846048
4338.974253
4347.179381
4349.230663
4345.640919
4338.974253
4332.820407
4330.769125
4327.692202
4326.15374
4331.281945
4336.922971
4340.512714
4342.051176
4338.461432
4339.487073
4341.538355
4335.384509
4329.230663
4328.205022
4326.15374
4328.717843
4332.307586
4328.205022
4326.666561
4327.179381
4320.512715
4319.487074
4329.230663
4332.307586
4333.846048
4345.128099
4351.794765
4342.051176
4332.820407
4337.948612
4344.102458
4343.076817
4347.179381
4357.948611
4362.051175
4356.41015
4351.281945
4343.589637
4340.512714
4345.128099
4346.15374
4341.538355
4341.538355
4346.15374
4350.769124
4352.820406
4349.230663
4348.205022
4349.743483
4345.128099
4342.563996
4348.205022
4350.769124
4348.717842
4351.281945
4355.897329
4352.820406
4347.179381
4346.66656
4348.205022
4345.128099
4340.512714
4339.487073
4343.076817
4347.692201
4348.205022
4348.717842
4352.307586
4353.333227
4346.66656
4341.025535
4338.461432
4333.333227
4333.333227
4339.487073
4337.948612
4331.281945
4336.922971
4352.307586
4361.025534
4357.435791
4352.820406
4351.794765
4345.640919
4339.487073
4342.563996
4343.076817
4339.999894
4341.025535
4343.589637
4344.102458
4346.15374
4348.717842
4351.794765
4351.794765
4342.051176
4335.89733
4341.025535
4348.717842
4352.820406
4357.948611
4356.92297
4349.230663
4349.743483
4356.41015
4357.435791
4352.820406
4353.333227
4354.871688
4347.179381
4338.461432
4339.999894
4349.230663
4357.948611
4355.897329
4344.102458
4338.974253
4344.102458
4342.563996
4341.025535
4342.563996
4339.487073
4340.512714
4348.717842
4346.15374
4334.871689
4336.41015
4344.102458
4344.102458
4343.076817
4346.66656
4347.692201
4347.179381
4348.205022
4349.743483
4348.717842
4342.563996
4336.922971
4343.589637
4352.307586
4350.256304
4348.205022
4351.794765
4351.794765
4346.66656
4342.563996
4340.512714
4346.15374
4354.871688
4358.461432
4356.41015
4354.358868
4354.358868
4353.846047
4356.41015
4359.999893
4357.435791
4352.307586
4352.820406
4353.333227
4349.743483
4347.179381
4347.692201
4349.743483
4350.256304
4350.256304
4355.384509
4355.384509
4351.794765
4357.948611
4365.640919
4362.051175
4356.92297
4359.999893
4360.512714
4358.974252
4358.974252
4353.846047
4350.256304
4355.897329
4361.025534
4357.948611
4358.974252
4372.307585
4377.948611
4366.153739
4354.871688
4356.41015
4363.076816
4366.66656
4363.589637
4356.92297
4351.281945
4339.999894
4336.922971
4349.743483
4355.384509
4348.205022
4351.794765
4359.999893
4359.487073
4353.333227
4352.820406
4356.41015
4359.487073
4359.999893
4357.948611
4359.487073
4363.589637
4362.051175
4357.435791
4360.512714
4367.17938
4368.205021
4364.615278
4363.589637
4365.128098
4361.538355
4355.897329
4353.333227
4351.794765
4353.846047
4357.435791
4359.487073
4357.948611
4357.948611
4362.563996
4364.615278
4361.538355
4356.41015
4355.384509
4362.051175
4369.743483
4368.205021
4365.128098
4367.17938
4368.205021
4370.256303
4371.794765
4368.205021
4364.102457
4363.076816
4359.487073
4359.487073
4366.153739
4371.281944
4371.794765
4370.256303
4365.128098
4362.051175
4361.538355
4361.538355
4363.589637
4367.692201
4368.205021
4371.794765
4375.897329
4373.846047
4370.769124
4369.230662
4365.640919
4364.615278
4368.717842
4373.333226
4372.820406
4371.281944
4373.333226
4372.307585
4367.17938
4366.66656
4364.615278
4356.41015
4351.794765
4353.333227
4356.92297
4359.487073
4355.897329
4353.846047
4361.025534
4367.692201
4366.153739
4366.66656
4368.717842
4367.17938
4367.692201
4371.281944
4369.743483
4361.025534
4351.281945
4350.256304
4357.948611
4359.487073
4357.435791
4362.563996
4367.17938
4358.974252
4355.384509
4364.102457
4368.205021
4362.563996
4359.487073
4360.512714
4356.92297
4351.794765
4350.769124
4350.769124
4354.358868
4357.435791
4357.435791
4361.025534
4362.051175
4356.41015
4359.487073
4367.692201
4367.692201
4364.615278
4361.538355
4362.563996
4366.153739
4361.025534
4357.435791
4363.076816
4366.66656
4368.205021
4365.128098
4355.897329
4358.461432
4362.051175
4356.41015
4360.512714
4368.205021
4367.17938
4372.307585
4372.820406
4359.999893
4356.41015
4362.563996
4359.487073
4354.871688
4357.948611
4363.076816
4369.230662
4372.820406
4372.820406
4373.333226
4372.307585
4369.743483
4367.17938
4368.205021
4368.205021
4358.461432
4349.230663
4355.897329
4365.640919
4367.17938
4368.205021
4369.230662
4367.692201
4361.025534
4350.769124
4349.743483
4354.358868
4351.794765
4347.692201
4352.820406
4358.461432
4358.461432
4359.487073
4361.025534
4360.512714
4364.102457
4371.794765
4368.717842
4360.512714
4361.538355
4362.051175
4354.871688
4351.281945
4353.333227
4355.384509
4362.563996
4369.743483
4366.153739
4363.589637
4367.17938
4368.717842
4368.717842
4366.66656
4362.563996
4365.128098
4371.281944
4368.717842
4366.153739
4368.717842
4366.66656
4362.563996
4368.717842
4374.871688
4372.820406
4372.307585
4374.358867
4370.769124
4363.589637
4362.051175
4365.128098
4366.153739
4368.717842
4373.846047
4374.871688
4372.307585
4374.358867
4384.102457
4388.717841
4380.512713
4375.384508
4379.999893
4379.487072
4378.974252
4383.589636
4379.999893
4372.307585
4375.384508
4379.999893
4374.871688
4368.717842
4370.769124
4370.769124
4363.076816
4363.076816
4370.769124
4371.794765
4366.153739
4360.512714
4354.358868
4353.846047
4358.461432
4359.999893
4361.538355
4366.66656
4370.769124
4367.692201
4358.461432
4351.794765
4352.307586
4352.820406
4349.743483
4354.358868
4365.128098
4369.743483
4368.717842
4368.717842
4367.692201
4363.076816
4362.051175
4366.66656
4369.743483
4373.846047
4377.948611
4375.897329
4371.794765
4372.820406
4373.333226
4373.846047
4375.384508
4373.846047
4367.692201
4361.025534
4360.512714
4364.615278
4369.230662
4374.358867
4382.563995
4384.615277
4376.410149
4372.820406
4373.846047
4366.66656
4361.538355
4369.230662
4381.025534
4383.076816
4381.025534
4384.102457
4392.307585
4395.384508
4391.794764
4389.743482
4390.256303
4390.256303
4388.717841
4386.666559
4384.615277
4386.666559
4388.717841
4382.563995
4375.384508
4373.333226
4375.897329
4379.487072
4381.025534
4376.410149
4372.820406
4375.897329
4379.999893
4378.974252
4377.948611
4382.051175
4384.102457
4380.512713
4379.999893
4379.999893
4374.358867
4375.897329
4384.102457
4385.640918
4375.384508
4364.102457
4365.640919
4375.384508
4377.948611
4373.333226
4371.794765
4373.333226
4376.410149
4381.025534
4379.999893
4375.384508
4371.281944
4369.743483
4372.820406
4377.43579
4375.384508
4367.17938
4363.589637
4364.615278
4365.640919
4366.66656
4370.256303
4374.871688
4372.820406
4361.025534
4355.897329
4358.461432
4353.846047
4350.256304
4356.92297
4364.615278
4371.794765
4374.358867
4369.743483
4369.230662
4371.281944
4368.717842
4366.66656
4362.051175
4352.307586
4352.820406
4361.538355
4361.025534
4354.871688
4355.384509
4360.512714
4365.128098
4371.794765
4379.487072
4378.461431
4372.307585
4368.717842
4363.076816
4358.974252
4366.153739
4375.384508
4368.717842
4362.563996
4372.307585
4378.974252
4375.897329
4378.974252
4384.615277
4378.461431
4367.692201
4361.538355
4361.025534
4364.102457
4368.205021
4368.205021
4368.205021
4372.820406
4372.820406
4367.692201
4367.17938
4362.563996
4351.794765
4354.358868
4370.769124
4376.410149
4364.615278
4354.871688
4358.461432
4364.102457
4362.563996
4360.512714
4362.051175
4364.615278
4366.153739
4367.692201
4365.128098
4358.974252
4355.897329
4358.974252
4359.999893
4355.897329
4354.871688
4355.897329
4358.974252
4361.025534
4358.974252
4362.051175
4368.205021
4367.692201
4364.102457
4367.17938
4369.230662
4360.512714
4350.769124
4348.205022
4348.205022
4348.717842
4354.358868
4362.563996
4363.589637
4357.948611
4354.871688
4359.487073
4359.487073
4353.333227
4352.307586
4355.897329
4355.897329
4358.461432
4363.589637
4358.974252
4349.743483
4353.846047
4364.615278
4365.640919
4364.615278
4368.717842
4368.717842
4361.538355
4355.897329
4356.41015
4362.563996
4363.589637
4356.92297
4356.41015
4368.717842
4373.333226
4365.128098
4359.999893
4359.999893
4361.538355
4363.589637
4362.051175
4356.41015
4355.384509
4354.871688
4351.794765
4356.92297
4368.717842
4376.92297
4376.92297
4370.769124
4368.717842
4367.17938
4359.487073
4356.41015
4360.512714
4364.615278
4366.66656
4365.640919
4363.589637
4372.820406
4381.025534
4375.897329
4370.256303
4367.692201
4363.076816
4361.538355
4363.589637
4366.66656
4374.358867
4379.999893
4378.461431
4372.307585
4368.717842
4368.205021
4368.717842
4364.615278
4359.999893
4356.92297
4353.846047
4357.948611
4370.256303
4377.948611
4381.538354
4384.102457
4379.999893
4374.358867
4372.820406
4367.17938
4362.563996
4364.615278
4363.076816
4364.615278
4375.897329
4384.102457
4379.999893
4373.846047
4369.743483
4366.66656
4364.615278
4364.102457
4364.102457
4370.256303
4378.461431
4373.846047
4361.025534
4355.897329
4367.692201
4378.974252
4375.897329
4368.717842
4372.307585
4374.358867
4358.461432
4346.66656
4358.461432
4373.333226
4373.846047
4371.794765
4377.43579
4377.948611
4373.333226
4376.92297
4381.025534
4375.384508
4372.820406
4386.153739
4398.461431
4394.871687
4386.153739
4382.051175
4378.974252
4376.410149
4374.358867
4372.307585
4374.871688
4389.230662
4398.974251
4388.205021
4377.948611
4384.102457
4388.717841
4385.128098
4383.589636
4378.461431
4372.820406
4374.358867
4376.410149
4375.384508
4373.846047
4378.974252
4385.640918
4381.538354
4380.512713
4390.769123
4388.717841
4373.846047
4368.205021
4367.17938
4365.128098
4367.17938
4366.66656
4367.692201
4372.307585
4375.897329
4377.43579
4376.410149
4375.384508
4376.410149
4376.92297
4378.461431
4382.563995
4380.512713
4380.512713
4391.281944
4394.358867
4387.17938
4385.128098
4383.589636
4382.563995
4384.102457
4378.461431
4374.871688
4385.128098
4389.230662
4379.487072
4373.333226
4374.871688
4376.410149
4380.512713
4388.205021
4389.230662
4384.102457
4383.076816
4383.589636
4382.051175
4382.051175
4380.512713
4378.461431
4381.538354
4382.563995
4378.974252
4377.43579
4375.384508
4374.358867
4377.948611
4382.563995
4387.17938
4385.128098
4376.410149
4373.846047
4371.794765
4364.615278
4366.66656
4370.769124
4368.717842
4370.769124
4376.92297
4373.846047
4366.66656
4366.66656
4369.743483
4372.307585
4374.871688
4377.43579
4376.410149
4372.820406
4365.128098
4364.102457
4371.281944
4373.333226
4369.743483
4363.076816
4360.512714
4362.563996
4354.871688
4344.102458
4350.256304
4360.512714
4361.025534
4362.051175
4366.153739
4365.640919
4358.974252
4353.846047
4355.384509
4354.358868
4353.333227
4356.41015
4353.333227
4345.640919
4344.102458
4349.743483
4351.794765
4347.692201
4342.051176
4343.589637
4352.307586
4357.948611
4356.92297
4356.92297
4355.897329
4353.846047
4358.461432
4363.076816
4354.871688
4347.179381
4349.743483
4349.743483
4345.640919
4343.076817
4341.538355
4337.435791
4335.89733
4341.538355
4348.717842
4350.256304
4348.205022
4345.128099
4341.025535
4344.102458
4346.66656
4343.589637
4344.615278
4346.66656
4342.051176
4343.076817
4350.256304
4350.769124
4349.230663
4352.307586
4355.384509
4356.92297
4354.358868
4350.769124
4348.205022
4348.205022
4354.358868
4355.384509
4346.15374
4343.076817
4351.281945
4348.205022
4334.358868
4332.820407
4343.589637
4347.692201
4342.563996
4343.589637
4348.717842
4351.794765
4351.794765
4347.179381
4350.769124
4357.948611
4355.897329
4353.333227
4354.871688
4350.769124
4344.615278
4346.66656
4351.281945
4355.897329
4359.999893
4362.051175
4358.461432
4352.820406
4350.256304
4348.205022
4345.640919
4347.692201
4353.333227
4353.333227
4351.281945
4353.846047
4358.974252
4357.948611
4356.41015
4359.487073
4365.640919
4366.66656
4358.461432
4348.717842
4342.563996
4344.102458
4353.846047
4365.128098
4369.230662
4367.692201
4369.743483
4371.281944
4360.512714
4349.230663
4350.256304
4353.333227
4352.820406
4354.871688
4356.92297
4363.076816
4369.743483
4364.102457
4358.974252
4365.640919
4364.615278
4357.948611
4363.076816
4368.205021
4362.563996
4355.384509
4352.820406
4353.846047
4356.92297
4357.948611
4358.461432
4363.076816
4373.846047
4376.92297
4365.128098
4357.948611
4363.589637
4369.230662
4366.66656
4359.999893
4353.846047
4350.769124
4352.820406
4356.41015
4357.948611
4356.41015
4352.820406
4350.256304
4350.769124
4355.384509
4362.051175
4365.128098
4363.076816
4362.051175
4365.128098
4366.153739
4365.640919
4362.563996
4358.974252
4356.92297
4355.897329
4355.897329
4355.897329
4358.974252
4364.102457
4366.153739
4366.153739
4368.717842
4365.640919
4354.871688
4349.230663
4352.820406
4362.051175
4366.153739
4365.128098
4365.128098
4363.076816
4362.563996
4368.717842
4370.769124
4358.461432
4351.794765
4351.794765
4349.743483
4356.41015
4367.17938
4363.589637
4356.41015
4359.999893
4361.538355
4353.333227
4349.230663
4352.820406
4358.974252
4360.512714
4353.846047
4351.281945
4356.41015
4358.461432
4351.794765
4352.307586
4357.948611
4350.256304
4341.538355
4346.66656
4350.256304
4343.076817
4342.563996
4346.15374
4339.999894
4338.461432
4344.102458
4342.051176
4334.871689
4330.256304
4328.717843
4327.179381
4323.076817
4315.89733
4316.410151
4327.179381
4334.358868
4333.333227
4331.794766
4331.794766
4328.205022
4326.15374
4329.230663
4329.230663
4319.487074
4315.89733
4325.64092
4331.281945
4327.692202
4329.230663
4332.307586
4323.076817
4316.410151
4322.563997
4326.15374
4322.563997
4318.974253
4318.461433
4316.410151
4314.871689
4319.487074
4325.128099
4328.205022
4330.769125
4322.563997
4308.205023
4315.38451
4329.230663
4323.589638
4320.512715
4332.307586
4336.922971
4331.281945
4332.820407
4336.41015
4335.384509
4332.820407
4329.230663
4328.205022
4326.666561
4326.15374
4326.15374
4325.128099
4324.102458
4323.589638
4326.15374
4333.846048
4338.974253
4335.89733
4332.820407
4334.871689
4330.769125
4325.64092
4329.230663
4334.358868
4336.41015
4342.051176
4342.563996
4334.358868
4329.743484
4328.717843
4323.589638
4324.102458
4331.794766
4332.307586
4331.794766
4332.820407
4325.128099
4319.487074
4325.64092
4333.846048
4331.281945
4328.717843
4330.256304
4328.205022
4327.692202
4336.41015
4343.589637
4342.563996
4341.025535
4340.512714
4336.922971
4335.384509
4332.307586
4330.256304
4331.281945
4330.256304
4328.717843
4329.230663
4329.743484
4331.794766
4336.922971
4337.948612
4338.461432
4341.538355
4344.615278
4341.538355
4336.41015
4337.948612
4339.999894
4337.435791
4334.358868
4332.820407
4334.358868
4341.538355
4347.179381
4343.076817
4338.974253
4336.922971
4335.89733
4340.512714
4341.538355
4338.974253
4337.435791
4332.307586
4331.794766
4341.025535
4345.640919
4342.563996
4341.538355
4337.435791
4330.769125
4329.743484
4333.846048
4335.89733
4333.846048
4331.281945
4333.846048
4340.512714
4347.179381
4348.205022
4343.589637
4339.487073
4345.640919
4353.333227
4341.025535
4323.589638
4327.179381
4338.461432
4339.999894
4346.15374
4355.897329
4354.871688
4349.230663
4350.256304
4347.179381
4339.487073
4338.461432
4340.512714
4346.66656
4354.871688
4356.41015
4354.871688
4359.487073
4362.563996
4358.974252
4353.846047
4348.717842
4347.692201
4348.205022
4348.205022
4353.333227
4354.871688
4346.66656
4344.615278
4354.871688
4359.999893
4358.974252
4357.435791
4355.897329
4354.871688
4355.384509
4359.487073
4365.128098
4368.205021
4366.153739
4363.076816
4358.974252
4355.897329
4355.384509
4356.92297
4356.92297
4354.871688
4355.897329
4358.461432
4358.461432
4355.897329
4355.384509
4354.871688
4355.384509
4353.846047
4350.256304
4349.230663
4348.205022
4344.102458
4344.102458
4350.256304
4353.333227
4352.307586
4355.897329
4359.487073
4356.92297
4352.307586
4347.179381
4341.538355
4341.025535
4346.15374
4348.205022
4351.794765
4356.41015
4356.92297
4356.92297
4356.92297
4350.256304
4351.281945
4357.948611
4349.743483
4342.563996
4353.846047
4361.025534
4357.435791
4357.948611
4359.487073
4357.948611
4353.846047
4352.820406
4362.051175
4367.17938
4356.92297
4352.307586
4356.41015
4357.948611
4359.999893
4361.025534
4355.384509
4351.281945
4353.333227
4351.794765
4348.717842
4349.230663
4352.307586
4354.358868
4355.384509
4357.948611
4363.589637
4363.076816
4356.92297
4353.333227
4355.897329
4360.512714
4361.025534
4359.487073
4360.512714
4366.153739
4367.17938
4360.512714
4354.871688
4356.41015
4356.92297
4353.333227
4351.794765
4350.256304
4352.820406
4361.025534
4362.563996
4355.384509
4353.846047
4359.999893
4361.025534
4357.435791
4356.41015
4358.461432
4360.512714
4359.999893
4361.025534
4364.102457
4367.692201
4364.615278
4358.461432
4361.025534
4364.615278
4363.076816
4362.563996
4366.153739
4363.076816
4359.487073
4363.589637
4364.615278
4362.563996
4369.230662
4375.384508
4373.333226
4369.230662
4368.717842
4366.153739
4362.563996
4364.102457
4369.743483
4376.92297
4376.92297
4368.205021
4361.538355
4363.589637
4367.17938
4370.256303
4373.333226
4372.820406
4371.794765
4372.307585
4374.358867
4377.43579
4374.358867
4366.66656
4364.102457
4367.17938
4367.692201
4361.538355
4357.435791
4361.538355
4365.128098
4359.487073
4356.92297
4361.025534
4364.615278
4366.153739
4370.256303
4375.897329
4376.92297
4375.384508
4372.820406
4367.17938
4360.512714
4356.41015
4355.384509
4355.897329
4360.512714
4366.153739
4363.076816
4353.846047
4349.743483
4352.307586
4353.846047
4355.897329
4357.435791
4357.435791
4356.92297
4356.41015
4360.512714
4363.076816
4361.538355
4363.076816
4364.615278
4362.563996
4365.128098
4369.230662
4368.717842
4367.692201
4367.17938
4363.076816
4356.92297
4355.384509
4357.948611
4358.461432
4358.974252
4357.948611
4352.307586
4349.230663
4348.717842
4346.15374
4344.615278
4348.717842
4349.230663
4343.589637
4342.563996
4349.743483
4351.281945
4345.640919
4345.128099
4346.15374
