
4367.692201
4405.640918
4395.384508
4362.051175
4329.230663
4292.820408
4256.922973
4242.563999
4255.384511
4284.102459
4330.256304
4388.717841
4431.281943
4451.281942
4473.333224
4492.307582
4497.948608
4494.871685
4491.281941
4491.281941
4497.435787
4508.205018
4518.974248
4533.333222
4540.512709
4534.358863
4526.666556
4521.02553
4510.76912
4497.435787
4483.589634
4479.48707
4488.717839
4500.51271
4501.538351
4498.461428
4497.435787
4495.384505
4497.948608
4503.589633
4509.230659
4524.102453
4540.512709
4536.922966
4531.28194
4545.128094
4562.05117
4563.076811
4556.922965
4548.717837
4540.512709
4538.461427
4538.974248
4533.846043
4530.256299
4531.28194
4522.051171
4504.615274
4500.51271
4504.615274
4491.794762
4471.281942
4465.640916
4465.640916
4453.846045
4438.97425
4432.307584
4427.179379
4417.94861
4412.820405
4412.820405
4414.871687
4418.46143
4423.076815
4425.128097
4419.999892
4415.384507
4417.435789
4422.563994
4421.025533
4426.666558
4441.025532
4449.23066
4456.410147
4470.769121
4483.076813
4481.025531
4477.435788
4477.948608
4472.307583
4450.256301
4429.743481
4423.076815
4420.512712
4411.281943
4405.128097
4409.230661
4416.922969
4416.922969
4409.230661
4402.563995
4402.563995
4402.563995
4397.94861
4395.897328
4394.871687
4394.871687
4400.512713
4404.615277
4399.999892
4402.563995
4411.794764
4414.871687
4415.897328
4423.589635
4427.692199
4431.281943
4435.897327
4438.46143
4439.487071
4437.435789
4433.333225
4429.230661
4426.666558
4424.615276
4424.615276
4421.538353
4418.974251
4418.46143
4417.435789
4413.846046
4409.230661
4401.538354
4391.281944
4383.076816
4375.897329
4378.974252
4390.256303
4401.025533
4408.20502
4415.384507
4415.384507
4410.769123
4407.6922
4399.999892
4390.256303
4389.743482
4390.769123
4389.230662
4389.743482
4387.6922
4381.538354
4384.102457
4396.410149
4405.640918
4414.871687
4430.256302
4443.589635
4447.179378
4453.846045
4464.102455
4463.076814
4455.897327
4461.025532
4468.205019
4469.74348
4466.666557
4453.846045
4441.025532
4437.435789
4431.281943
4416.410148
4411.794764
4414.358866
4414.358866
4415.897328
4426.666558
4437.948609
4441.538353
4446.666558
4447.179378
4433.846045
4416.922969
4411.281943
4415.897328
4421.025533
4415.897328
4408.717841
4413.333225
4425.128097
4429.230661
4426.666558
4426.666558
4429.230661
4425.640917
4421.025533
4418.46143
4415.897328
4407.6922
4399.999892
4399.999892
4398.461431
4389.743482
4379.487072
4371.794765
4365.128098
4370.769124
4379.487072
4372.307585
4362.051175
4372.307585
4384.615277
4379.999893
4373.846047
4373.846047
4368.205021
4363.076816
4365.128098
4360.512714
4346.15374
4336.922971
4338.974253
4343.589637
4345.128099
4343.589637
4341.538355
4338.974253
4337.435791
4337.948612
4336.922971
4328.717843
4318.461433
4313.846048
4317.435792
4323.589638
4319.487074
4304.102459
4295.38451
4294.87169
4285.640921
4280.512716
4286.666562
4283.589639
4271.281947
4265.640921
4263.076819
4256.410152
4250.256306
4240.512717
4228.717845
4222.563999
4219.487076
4215.384512
4209.743487
4196.922974
4181.025539
4170.256308
4166.666565
4161.53836
4166.153744
4181.538359
4188.205026
4183.589641
4187.692205
4199.999897
4206.666564
4211.281948
4214.358871
4215.384512
4215.897333
4215.384512
4222.051179
4233.84605
4233.84605
4229.743486
4236.922973
4250.769127
4263.076819
4281.538357
4296.410151
4298.974254
4299.999895
4309.743484
4321.025535
4325.128099
4335.384509
4360.512714
4384.102457
4386.153739
4383.076816
4393.846046
4408.20502
4418.46143
4424.615276
4425.128097
4431.281943
4444.102455
4446.153737
4438.97425
4432.307584
4429.743481
4444.615276
4479.48707
4504.615274
4509.743479
4504.615274
4502.051172
4511.281941
4529.743479
4541.02553
4542.051171
4541.53835
4550.256299
4566.153734
4575.384504
4574.871683
4578.974247
4590.256298
4598.461426
4603.076811
4610.256298
4621.025528
4624.102451
4621.025528
4618.974246
4614.358862
4610.256298
4616.410144
4628.717836
4632.8204
4635.384502
4647.692194
4663.076809
4667.179373
4662.051168
4661.538348
4669.743476
4675.897322
4678.974245
4683.589629
4686.153732
4686.153732
4689.743475
4697.948603
4709.230654
4718.461423
4723.589628
4729.230654
4736.410141
4742.051166
4741.538346
4745.128089
4756.922961
4770.769114
4774.358858
4779.999883
4792.820396
4800.512703
4802.051165
4802.051165
4799.487062
4796.92296
4801.025524
4804.102447
4795.897319
4798.461421
4829.230651
4852.307574
4851.794753
4853.333215
4864.102445
4864.615266
4859.487061
4857.948599
4857.435779
4852.820394
4845.640907
4846.153728
4848.20501
4843.589625
4841.025523
4845.128087
4846.153728
4845.128087
4844.615266
4842.563984
4841.025523
4845.128087
4846.666548
4842.563984
4843.076805
4851.794753
4856.922958
4859.487061
4858.97424
4852.820394
4850.769112
4856.410138
4859.999881
4858.97424
4862.563984
4868.71783
4878.97424
4884.615265
4880.512701
4882.051163
4885.128086
4873.333214
4857.948599
4861.538343
4874.358855
4879.999881
4878.461419
4877.948599
4879.999881
4878.461419
4869.743471
4867.692189
4873.846035
4878.461419
4875.384496
4872.307573
4873.333214
4874.358855
4873.333214
4873.333214
4871.794753
4865.128086
4862.563984
4870.256291
4875.897317
4874.358855
4874.358855
4879.999881
4877.435778
4863.589625
4863.589625
4874.871676
4870.769112
4859.487061
4861.025522
4863.076804
4858.97424
4860.512702
4863.076804
4863.076804
4866.666548
4873.846035
4875.384496
4871.794753
4867.179368
4867.179368
4865.640907
4857.948599
4848.20501
4843.589625
4839.999882
4839.999882
4839.999882
4825.640908
4811.281934
4810.769113
4814.871677
4810.256293
4807.17937
4812.307575
4810.769113
4797.43578
4786.66655
4786.66655
4782.563986
4764.102448
4746.666551
4741.538346
4734.871679
4710.256295
4677.435783
4640.512707
4602.56399
4588.205016
4591.281939
4587.179375
4579.999888
4582.563991
4583.076811
4579.999888
4575.897324
4569.743478
4563.076811
4558.974247
4555.384504
4546.666555
4540.512709
4545.640914
4548.717837
4542.051171
4543.076812
4534.871684
4499.487069
4476.410147
4490.2563
4506.666556
4515.897325
4531.794761
4544.102453
4542.563991
4536.410145
4542.051171
4557.948606
4560.512709
4550.769119
4551.79476
4555.384504
4553.846042
4550.769119
4543.076812
4536.922966
4540.512709
4541.02553
4538.974248
4538.461427
4532.307581
4525.640915
4523.589633
4523.076812
4526.153735
4525.640915
4520.51271
4528.205017
4541.02553
4539.999889
4535.384504
4544.102453
4550.769119
4547.692196
4543.076812
4537.435786
4528.205017
4528.717838
4539.487068
4541.53835
4537.948607
4537.435786
4537.948607
4538.974248
4542.051171
4538.974248
4536.410145
4539.487068
4543.076812
4542.563991
4541.53835
4540.512709
4539.487068
4538.974248
4540.512709
4541.02553
4542.051171
4546.153735
4543.076812
4540.512709
4550.769119
4556.410145
4543.589632
4537.435786
4545.640914
4546.153735
4538.974248
4536.922966
4539.487068
4541.02553
4539.487068
4531.794761
4526.153735
4530.76912
4541.02553
4543.076812
4530.256299
4507.692197
4494.358864
4492.820403
4490.769121
4485.128095
4486.153736
4491.794762
4493.333223
4488.205018
4483.076813
4484.615275
4487.692198
4481.538352
4471.281942
4463.076814
4450.256301
4445.640917
4455.897327
4452.820404
4449.23066
4501.025531
4562.563991
4567.692196
4555.897324
4556.922965
4546.666555
4534.871684
4537.435786
4533.846043
4531.794761
4538.974248
4539.999889
4529.230658
4523.076812
4522.051171
4512.307582
4501.025531
4501.538351
4507.179377
4511.281941
4514.871684
4518.974248
4517.435787
4509.230659
4503.589633
4499.487069
4496.410146
4499.487069
4506.153736
4504.615274
4496.410146
4483.076813
4475.384506
4480.512711
4486.666557
4482.051172
4472.307583
4458.97425
4444.102455
4442.051173
4450.256301
4450.769122
4440.512712
4436.922968
4437.435789
4437.948609
4438.97425
4437.948609
4431.794763
4427.179379
4426.666558
4423.589635
4416.410148
4415.384507
4417.435789
4413.846046
4407.6922
4408.20502
4410.769123
4404.102456
4396.922969
4399.487072
4403.076815
4394.871687
4382.563995
4374.358867
4372.307585
4371.794765
4369.230662
4370.769124
4374.871688
4371.794765
4367.692201
4368.717842
4365.640919
4361.538355
4366.66656
4369.743483
4362.563996
4358.974252
4361.538355
4366.153739
4368.205021
4367.17938
4363.589637
4358.461432
4348.205022
4341.538355
4347.692201
4355.384509
4357.948611
4354.871688
4349.743483
4353.333227
4361.025534
4354.358868
4341.538355
4338.974253
4336.922971
4331.281945
4335.89733
4343.076817
4337.435791
4332.307586
4338.461432
4340.512714
4333.846048
4331.281945
4328.717843
4322.051176
4324.102458
4336.41015
4339.999894
4330.769125
4317.435792
4307.692202
4301.538356
4298.461433
4304.615279
4308.205023
4301.538356
4302.051177
4313.333228
4313.846048
4308.717843
4305.1281
4299.999895
4296.922972
4297.948613
4294.87169
4299.487074
4309.743484
4312.820407
4311.281946
4310.256305
4309.743484
4311.281946
4314.871689
4314.358869
4308.717843
4299.999895
4292.820408
4287.692203
4287.179382
4291.281946
4300.512715
4306.153741
4306.153741
4303.076818
4297.948613
4295.897331
4296.922972
4295.897331
4295.897331
4305.1281
4313.846048
4314.871689
4316.410151
4321.538356
4322.051176
4317.435792
4313.846048
4315.38451
4318.461433
4314.871689
4308.205023
4310.769125
4317.435792
4316.410151
4312.820407
4313.846048
4316.410151
4314.358869
4310.769125
4308.717843
4306.153741
4298.974254
4294.358869
4293.333228
4292.307587
4294.358869
4302.563997
4312.307587
4315.38451
4309.230664
4299.487074
4294.87169
4297.435792
4311.794766
4327.179381
4327.692202
4316.922971
4311.281946
4314.358869
4315.89733
4308.205023
4303.076818
4309.743484
4316.410151
4318.461433
4324.615279
4328.717843
4321.538356
4314.871689
4312.307587
4309.743484
4310.769125
4312.820407
4308.717843
4310.256305
4316.922971
4315.89733
4309.230664
4306.666561
4308.717843
4314.871689
4318.974253
4315.89733
4314.358869
4314.358869
4311.281946
4309.743484
4311.281946
4310.769125
4311.794766
4314.871689
4314.358869
4310.256305
4310.256305
4308.717843
4301.538356
4297.948613
4295.38451
4290.769126
4289.230664
4290.769126
4288.717844
4290.256305
4298.461433
4298.974254
4286.666562
4273.333229
4272.307588
4284.61528
4288.717844
4279.999895
4278.461434
4277.435793
4262.051178
4253.84605
4266.153742
4272.307588
4266.666562
4261.538357
4261.538357
4267.179383
4271.794767
4263.076819
4251.281947
4249.230665
4250.256306
4249.743486
4256.410152
4264.10246
4264.10246
4263.589639
4267.179383
4265.128101
4255.384511
4253.333229
4254.871691
4252.307588
4255.384511
4263.076819
4256.410152
4252.820409
4262.563998
4262.563998
4262.563998
4278.974254
4289.230664
4279.487075
4264.10246
4255.384511
4254.871691
4257.948614
4259.487075
4259.999896
4262.051178
4263.076819
4265.128101
4268.205024
4273.333229
4276.922972
4275.384511
4275.897331
4280.512716
4279.487075
4271.281947
4268.717844
4272.820408
4277.435793
4277.948613
4278.461434
4284.61528
4293.333228
4295.897331
4296.922972
4295.897331
4283.589639
4275.897331
4285.1281
4288.205023
4283.589639
4288.717844
4291.794767
4282.563998
4277.948613
4281.025536
4280.512716
4282.563998
4284.61528
4277.948613
4270.769126
4278.461434
4289.230664
4291.281946
4293.846049
4296.922972
4291.281946
4282.563998
4280.512716
4278.461434
4277.435793
4279.999895
4282.051177
4279.487075
4282.051177
4288.717844
4287.179382
4276.410152
4273.333229
4279.999895
4281.025536
4278.974254
4282.563998
4282.563998
4268.205024
4253.84605
4254.871691
4261.025537
4263.589639
4269.743485
4271.794767
4264.61528
4261.025537
4264.10246
4256.922973
4244.10246
4249.230665
4261.025537
4255.897332
4250.769127
4262.051178
4265.128101
4260.512716
4263.589639
4260.512716
4248.205024
4247.179383
4246.666563
4244.10246
4252.307588
4265.128101
4264.10246
4255.384511
4249.743486
4245.640922
4244.615281
4248.205024
4255.384511
4258.974255
4252.820409
4247.692204
4252.307588
4253.84605
4250.256306
4249.743486
4256.410152
4263.589639
4262.563998
4250.769127
4250.769127
4259.487075
4254.35887
4250.256306
4259.999896
4268.717844
4268.717844
4267.179383
4264.10246
4263.589639
4264.10246
4260.512716
4259.999896
4265.128101
4266.153742
4264.10246
4265.640921
4262.563998
4251.281947
4244.615281
4245.128101
4249.743486
4254.35887
4252.307588
4253.84605
4259.999896
4256.410152
4248.717845
4251.281947
4246.666563
4227.179384
4216.922974
4218.974256
4221.538358
4221.538358
4224.102461
4227.179384
4232.307589
4239.487076
4237.948614
4236.410153
4242.051178
4238.974255
4226.666563
4218.974256
4221.538358
4226.666563
4231.794768
4233.84605
4234.871691
4234.871691
4232.307589
4228.717845
4221.025538
4213.846051
4212.82041
4215.384512
4218.974256
4226.153743
4230.256307
4230.256307
4230.769127
4231.794768
4228.205025
4224.102461
4223.07682
4221.538358
4218.974256
4217.435794
4216.410153
4212.307589
4209.230666
4213.33323
4224.615281
4231.794768
4230.769127
4224.615281
4223.58964
4224.102461
4224.102461
4224.615281
4224.615281
4225.128102
4230.256307
4231.281948
4222.051179
4221.538358
4229.230666
4231.794768
4231.794768
4234.358871
4231.794768
4222.051179
4215.897333
4221.538358
4227.179384
4226.666563
4230.256307
4240.512717
4246.153742
4244.10246
4236.922973
4231.794768
4238.461435
4242.563999
4237.435794
4235.384512
4241.538358
4241.538358
4237.948614
4239.999896
4239.999896
4235.897332
4232.820409
4232.820409
4234.358871
4235.384512
4238.461435
4246.666563
4252.820409
4253.333229
4251.281947
4251.794768
4251.794768
4249.743486
4244.10246
4243.58964
4247.179383
4243.076819
4234.358871
4237.435794
4247.692204
4248.205024
4246.153742
4252.307588
4262.563998
4263.589639
4255.897332
4247.692204
4244.615281
4246.153742
4248.717845
4241.538358
4234.358871
4251.281947
4279.487075
4285.640921
4277.948613
4272.820408
4265.128101
4265.128101
4275.897331
4281.538357
4280.512716
4283.589639
4284.102459
4279.487075
4275.384511
4272.820408
4275.384511
4281.025536
4273.846049
4263.589639
4267.692203
4275.897331
4278.461434
4280.512716
4281.538357
4283.076818
4292.820408
4298.974254
4296.922972
4294.358869
4290.769126
4280.512716
4274.35887
4278.974254
4286.153741
4290.256305
4295.38451
4295.897331
4285.1281
4275.897331
4279.999895
4293.333228
4296.922972
4287.179382
4277.435793
4278.974254
4287.179382
4294.358869
4298.461433
4302.051177
4299.487074
4291.794767
4295.38451
4306.666561
4307.692202
4297.435792
4289.230664
4286.153741
4286.153741
4287.692203
4291.281946
4295.38451
4297.948613
4292.307587
4284.102459
4287.179382
4295.38451
4289.743485
4282.563998
4288.717844
4297.948613
4302.051177
4298.974254
4295.897331
4299.999895
4307.692202
4313.846048
4318.974253
4314.871689
4305.64092
4303.076818
4306.666561
4310.256305
4309.230664
4306.153741
4304.102459
4297.948613
4293.333228
4298.461433
4302.051177
4301.025536
4301.538356
4296.410151
4292.820408
4295.38451
4290.256305
4280.512716
4278.461434
4284.102459
4290.769126
4292.307587
4290.769126
4287.179382
4279.999895
4278.461434
4279.999895
4268.717844
4251.794768
4239.999896
4231.281948
4228.205025
4232.820409
4234.358871
4228.205025
4220.512717
4214.358871
4211.281948
4213.846051
4217.435794
4215.384512
4213.33323
4216.922974
4219.999897
4222.563999
4228.205025
4228.205025
4221.538358
4217.948615
4219.999897
4219.487076
4217.948615
4216.922974
4215.384512
4215.384512
4213.846051
4214.358871
4218.461435
4221.025538
4217.435794
4214.871692
4214.358871
4211.281948
4210.256307
4217.435794
4218.461435
4214.871692
4220.512717
4224.615281
4223.58964
4230.769127
4236.410153
4232.820409
4227.179384
4217.948615
4211.281948
4214.358871
4216.410153
4216.922974
4223.07682
4225.640922
4221.538358
4219.999897
4215.897333
4209.230666
4216.922974
4229.743486
4226.153743
4222.563999
4232.820409
4238.461435
4233.84605
4234.871691
4233.84605
4231.281948
4237.435794
4245.128101
4246.153742
4247.692204
4247.179383
4246.666563
4250.256306
4250.256306
4245.640922
4244.615281
4247.692204
4247.692204
4245.640922
4245.128101
4249.230665
4250.769127
4247.692204
4245.128101
4242.051178
4236.410153
4235.384512
4236.922973
4237.435794
4237.435794
4236.922973
4236.410153
4231.281948
4218.974256
4217.948615
4227.692204
4225.640922
4223.07682
4225.640922
4221.025538
4216.922974
4217.948615
4208.717846
4202.564
4207.692205
4206.666564
4202.564
4204.615282
4200.512718
4192.82041
4196.410154
4201.025538
4199.999897
4197.948615
4198.461436
4205.128102
4217.948615
4221.025538
4214.358871
4211.281948
4216.410153
4224.102461
4230.256307
4229.743486
4226.666563
4228.205025
4231.281948
4231.281948
4226.666563
4220.512717
4215.897333
4216.922974
4221.538358
4224.102461
4221.538358
4222.563999
4228.205025
4233.84605
4239.487076
4240.512717
4237.435794
4234.871691
4235.897332
4237.435794
4236.922973
4227.179384
4216.410153
4218.461435
4222.051179
4218.461435
4221.538358
4232.820409
4238.461435
4239.999896
4242.051178
4242.563999
4251.281947
4262.563998
4258.974255
4254.35887
4255.897332
4252.820409
4247.692204
4249.230665
4246.153742
4245.128101
4251.794768
4257.435793
4259.487075
4263.589639
4266.666562
4262.563998
4257.435793
4261.025537
4271.794767
4278.974254
4280.512716
4277.435793
4273.333229
4271.794767
4273.846049
4272.820408
4274.87169
4276.922972
4276.410152
4282.051177
4289.743485
4288.717844
4285.1281
4278.974254
4270.256306
4270.769126
4280.512716
4288.205023
4289.743485
4289.230664
4287.179382
4285.640921
4287.179382
4294.358869
4294.87169
4293.846049
4305.64092
4315.38451
4309.743484
4302.563997
4302.563997
4299.487074
4294.358869
4296.922972
4306.666561
4312.307587
4310.256305
4302.563997
4297.948613
4299.999895
4305.64092
4311.794766
4315.38451
4313.333228
4307.692202
4303.589638
4303.076818
4306.666561
4307.179382
4303.589638
4303.589638
4306.666561
4308.717843
4315.89733
4323.076817
4321.025535
4310.769125
4300.512715
4302.563997
4308.717843
4306.666561
4299.999895
4296.410151
4294.87169
4297.948613
4302.051177
4297.435792
4290.256305
4291.281946
4295.38451
4293.333228
4283.589639
4281.025536
4294.358869
4306.153741
4306.666561
4301.025536
4294.87169
4291.794767
4290.256305
4287.692203
4287.692203
4286.666562
4278.461434
4267.179383
4265.128101
4267.179383
4266.666562
4263.076819
4262.051178
4265.128101
4266.153742
4268.717844
4268.205024
4254.871691
4234.358871
4227.692204
4232.820409
4235.384512
4233.84605
4235.384512
4230.769127
4223.07682
4221.025538
4222.563999
4218.974256
4217.435794
4222.563999
4229.230666
4233.33323
4233.84605
4234.358871
4228.717845
4219.487076
4216.410153
4218.974256
4219.999897
4218.974256
4221.025538
4227.692204
4228.205025
4221.538358
4217.948615
4221.025538
4218.974256
4212.307589
4212.82041
4214.871692
4208.205025
4199.999897
4201.025538
4198.461436
4191.281949
4192.30759
4199.999897
4205.128102
4204.615282
4201.538359
4199.999897
4199.999897
4201.538359
4209.743487
4215.384512
4209.230666
4202.564
4199.487077
4191.794769
4189.230667
4191.281949
4187.692205
4184.615282
4184.615282
4184.102462
4189.230667
4197.948615
4204.102461
4203.589641
4196.922974
4190.256308
4189.743487
4194.358872
4195.897333
4192.30759
4187.692205
4188.205026
4194.358872
4203.07682
4205.128102
4198.974256
4198.974256
4205.128102
4209.230666
4208.717846
4203.07682
4201.025538
4206.153743
4204.615282
4199.487077
4201.538359
4203.589641
4199.487077
4196.410154
4190.256308
4184.615282
4189.743487
4198.974256
4200.512718
4198.974256
4198.974256
4196.922974
4197.948615
4204.102461
4202.564
4190.256308
4182.564
4184.102462
4187.692205
4192.30759
4197.435795
4190.256308
4177.948616
4177.435795
4186.153744
4192.82041
4195.897333
4197.435795
4202.051179
4208.205025
4209.230666
4209.230666
4213.846051
4217.435794
4216.410153
4215.384512
4214.358871
4211.281948
4206.666564
4204.102461
4202.051179
4197.948615
4197.948615
4198.461436
4196.922974
4195.897333
4196.922974
4198.974256
4199.487077
4195.384513
4186.666564
4173.846052
4170.256308
4179.999898
4183.589641
4178.461436
4182.05118
4186.666564
4186.153744
4190.256308
4191.794769
4186.666564
4186.153744
4187.692205
4185.128103
4190.769128
4199.999897
4201.538359
4194.358872
4192.30759
4196.410154
4198.974256
4204.102461
4213.846051
4212.307589
4197.435795
4190.769128
4191.281949
4186.666564
4187.692205
4199.999897
4206.666564
4204.615282
4205.640923
4212.82041
4210.769128
4199.999897
4191.794769
4192.30759
4194.358872
4194.871692
4201.538359
4212.307589
4219.487076
4223.07682
4229.230666
4238.461435
4249.230665
4253.84605
4253.333229
4251.794768
4243.58964
4228.205025
4216.410153
4204.102461
4192.30759
4185.640923
4176.410154
4169.230667
4171.79477
4172.30759
4170.256308
4176.410154
4185.128103
4189.230667
4195.897333
4208.205025
4218.974256
4231.794768
4246.666563
4255.384511
4253.84605
4244.615281
4233.84605
4231.281948
4230.256307
4223.58964
4213.846051
4201.025538
4193.333231
4199.487077
4209.230666
4210.769128
4219.999897
4234.871691
4241.538358
4235.384512
4225.640922
4219.487076
4213.846051
4202.051179
4187.179385
4183.076821
4183.589641
4187.179385
4197.435795
4206.153743
4211.281948
4217.435794
4219.487076
4215.384512
4209.743487
4208.205025
4207.692205
4209.230666
4215.384512
4218.974256
4210.769128
4206.153743
4216.410153
4221.538358
4217.435794
4209.230666
4199.487077
4195.384513
4201.025538
4201.538359
4198.974256
4208.205025
4219.487076
4211.794769
4199.487077
4198.974256
4196.922974
4191.281949
4193.846051
4203.07682
4208.205025
4210.256307
4213.846051
4216.922974
4213.846051
4214.358871
4218.974256
4215.384512
4207.179384
4204.102461
4201.538359
4197.435795
4196.410154
4192.82041
4186.666564
4187.692205
4193.846051
4194.358872
4201.538359
4215.897333
4221.025538
4212.307589
4210.256307
4217.435794
4214.871692
4202.564
4198.974256
4204.615282
4202.051179
4193.333231
4189.230667
4190.256308
4189.230667
4183.076821
4181.025539
4189.743487
4193.846051
4185.640923
4182.564
4192.82041
4195.897333
4187.179385
4183.076821
4186.153744
4186.153744
4181.025539
4178.461436
4178.974257
4176.922975
4171.79477
4174.358872
4172.30759
4164.615283
4170.256308
4178.974257
4174.871693
4167.179385
4157.435796
4154.358873
4165.640924
4174.358872
4174.358872
4174.871693
4167.179385
4156.922975
4160.512719
4164.615283
4162.05118
4164.615283
4171.79477
4173.333231
4169.743488
4167.179385
4169.230667
4168.717847
4167.692206
4174.871693
4183.076821
4184.102462
4178.974257
4175.384513
4171.79477
4169.230667
4166.666565
4166.153744
4168.205026
4172.30759
4174.871693
4174.358872
4170.769129
4171.79477
4173.846052
4164.615283
4155.897334
4164.102462
4174.358872
4168.717847
4163.076821
4167.179385
4171.281949
4165.640924
4155.384514
4156.410155
4167.692206
4173.846052
4176.922975
4177.435795
4173.846052
4168.205026
4161.025539
4154.358873
4155.384514
4163.076821
4169.230667
4170.256308
4163.589642
4161.025539
4164.615283
4167.179385
4168.717847
4171.79477
4170.769129
4169.743488
4166.153744
4156.922975
4157.948616
4167.179385
4168.205026
4167.179385
4173.846052
4173.846052
4167.692206
4163.589642
4160.512719
4161.53836
4168.205026
4170.256308
4170.256308
4174.871693
4178.461436
4173.846052
4168.205026
4169.743488
4174.871693
4179.487077
4177.435795
4170.769129
4171.79477
4185.640923
4192.82041
4186.153744
4184.102462
4195.384513
4203.07682
4198.461436
4190.769128
4189.743487
4186.153744
4182.564
4190.256308
4200.512718
4201.538359
4195.384513
4191.281949
4194.358872
4205.128102
4209.743487
4205.640923
4203.589641
4206.153743
4203.589641
4202.051179
4202.564
4197.948615
4196.410154
4200.512718
4201.538359
4201.538359
4203.07682
4196.410154
4192.30759
4196.922974
4199.999897
4196.922974
4192.82041
4192.82041
4198.974256
4202.564
4201.025538
4197.435795
4192.30759
4188.717846
4189.230667
4192.30759
4197.948615
4203.07682
4197.435795
4192.82041
4198.461436
4204.615282
4205.640923
4206.666564
4205.128102
4202.564
4203.589641
4204.615282
4205.128102
4202.564
4194.358872
4193.846051
4202.564
4203.07682
4198.974256
4197.435795
4195.897333
4193.846051
4198.461436
4206.666564
4213.33323
4217.435794
4225.640922
4232.820409
4228.205025
4222.563999
4223.58964
4218.461435
4213.33323
4222.563999
4229.743486
4232.307589
4242.051178
4249.743486
4245.640922
4239.487076
4236.410153
4233.33323
4233.33323
4237.948614
4244.10246
4247.692204
4246.153742
4240.512717
4236.922973
4240.512717
4244.10246
4239.999896
4239.487076
4243.076819
4238.461435
4231.281948
4232.307589
4236.410153
4242.051178
4247.692204
4250.769127
4254.35887
4261.538357
4268.205024
4272.820408
4271.794767
4268.717844
4272.307588
4273.333229
4268.205024
4267.692203
4276.922972
4280.512716
4278.974254
4279.999895
4278.461434
4272.307588
4271.794767
4277.435793
4280.512716
4283.589639
4286.153741
4290.769126
4292.307587
4290.256305
4291.794767
4295.897331
4294.358869
4292.307587
4296.922972
4302.563997
4300.512715
4293.846049
4295.38451
4292.307587
4282.051177
4284.61528
4288.717844
4281.538357
4284.102459
4289.230664
4281.538357
4281.025536
4290.256305
4283.076818
4275.384511
4284.102459
4285.640921
4274.35887
4271.794767
4279.999895
4282.051177
4284.102459
4286.153741
4283.076818
4277.948613
4278.974254
4283.076818
4281.538357
4278.974254
4279.487075
4280.512716
4282.563998
4284.102459
4283.589639
4285.1281
4292.307587
4291.794767
4279.999895
4275.384511
4277.948613
4274.87169
4269.743485
4272.820408
4270.256306
4262.563998
4265.128101
4269.230665
4262.563998
4255.384511
4256.410152
4257.948614
4258.461434
4261.025537
4262.051178
4257.435793
4251.281947
4248.205024
4247.692204
4247.179383
4247.692204
4246.666563
4243.58964
4238.974255
4231.281948
4222.563999
4221.538358
4224.102461
4221.025538
4221.538358
4227.692204
4221.025538
4202.051179
4191.281949
4186.666564
4181.538359
4179.999898
4187.179385
4195.897333
4197.435795
4187.179385
4174.871693
4172.820411
4172.820411
4169.230667
4168.717847
4172.30759
4169.743488
4168.717847
4170.769129
4163.076821
4154.871693
4160.512719
4163.589642
4157.435796
4153.846052
4158.974257
4158.461437
4150.769129
4148.205027
4155.384514
4154.871693
4145.640924
4146.666565
4150.256309
4146.153745
4145.128104
4151.79477
4150.769129
4143.076822
4142.564001
4143.589642
4136.922976
4131.28195
4132.307591
4134.871694
4136.410155
4137.435796
4143.076822
4146.153745
4139.487078
4135.384514
4142.051181
4141.53836
4135.384514
4137.435796
4140.512719
4138.461437
4138.974258
4145.640924
4154.358873
4156.922975
4154.871693
4149.743488
4139.999899
4132.820412
4130.76913
4133.846053
4140.512719
4146.153745
4149.230668
4148.205027
4140.512719
4134.871694
4135.384514
4130.76913
4129.230668
4136.922976
4138.461437
4135.384514
4137.948617
4134.871694
4126.153745
4121.02554
4116.410156
4107.179387
4101.025541
4094.871695
4088.205028
4086.666567
4092.307592
4101.538361
4106.153746
4098.974259
4082.564003
4065.640926
4053.333234
4044.615286
4034.871696
4027.692209
4030.256312
4034.871696
4027.692209
4021.025543
4018.46144
4002.051184
3984.615287
3987.69221
3987.69221
3973.846057
3962.051185
3949.743493
3939.999904
3941.025545
3943.076827
3940.512724
3940.512724
3932.820417
3922.051186
3922.564007
3924.615289
3916.410161
3907.692212
3904.615289
3899.487084
3894.8717
3895.38452
3894.8717
3889.230674
3879.487085
3866.153752
3851.281957
3836.922983
3830.256317
3834.871701
3842.564009
3839.999906
3839.999906
3848.717855
3851.794778
3852.307598
3860.512726
3864.10247
3854.35888
3841.538368
3835.897342
3843.076829
3852.307598
3851.281957
3847.692214
3850.256316
3855.384521
3859.999906
3857.435803
3852.307598
3854.35888
3855.384521
3849.230675
3849.230675
3852.307598
3848.205034
3845.640932
3850.256316
3850.769137
3843.076829
3843.58965
3855.897342
3868.205034
3869.230675
3866.666572
3869.743495
3877.435803
3883.076828
3887.179392
3898.974264
3911.794776
3915.38452
3920.512725
3923.076827
3908.717853
3886.666572
3884.61529
3904.615289
3917.435802
3912.820417
3911.281956
3923.589648
3935.89734
3943.589647
3953.333237
3956.92298
3957.435801
3972.307595
3991.794774
3984.615287
3959.487083
3954.871698
3964.615288
3967.692211
3978.461441
3994.871697
4004.615287
4012.820415
4016.410158
4004.615287
3997.4358
4003.076825
4005.640928
4006.153748
4012.307594
4014.871697
4012.820415
4016.922979
4023.076825
4026.153748
4028.20503
4026.666568
4023.076825
4039.487081
4061.538362
4070.769131
4079.48708
4091.794772
4099.487079
4105.640925
4115.384515
4117.435797
4110.76913
4104.102464
4102.564002
4105.640925
4116.922976
4131.794771
4138.461437
4142.051181
4156.922975
4169.743488
4170.256308
4167.179385
4169.230667
4173.333231
4176.922975
4184.615282
4190.769128
4201.025538
4220.512717
4240.512717
4246.153742
4249.743486
4259.999896
4253.84605
4225.128102
4203.589641
4207.179384
4211.794769
4200.512718
4197.948615
4212.82041
4227.179384
4231.281948
4222.051179
4203.07682
4192.82041
4197.435795
4195.384513
4178.461436
4161.53836
4160.512719
4165.640924
4159.999898
4151.79477
4158.974257
4169.230667
4170.256308
4168.717847
4165.640924
4165.640924
4170.769129
4176.922975
4181.538359
4189.230667
4201.025538
4220.512717
4233.84605
4232.820409
4233.33323
4238.461435
4236.410153
4237.435794
4245.640922
4252.307588
4260.512716
4267.692203
4267.692203
4273.333229
4291.281946
4300.512715
4293.333228
4290.769126
4299.487074
4302.563997
4305.64092
4317.435792
4326.15374
4328.205022
4330.769125
4332.307586
4329.743484
4331.281945
4333.846048
4333.846048
4335.384509
4350.256304
4366.66656
4371.794765
4373.333226
4377.43579
4379.487072
4385.640918
4399.999892
4404.102456
4401.025533
4406.153738
4407.6922
4397.94861
4397.43579
4403.076815
4399.487072
4391.281944
4392.307585
4394.871687
4395.384508
4397.43579
4400.512713
4398.461431
4392.820405
4389.230662
4390.256303
4396.922969
4406.153738
4412.307584
4416.410148
4413.333225
4401.025533
4397.43579
4403.076815
4405.640918
4416.410148
4433.333225
4424.102456
4402.051174
4399.999892
4404.615277
4402.563995
4399.487072
4394.871687
4392.307585
4397.43579
4405.640918
4410.256302
4406.666559
4396.922969
4385.640918
4375.897329
4358.461432
4341.025535
4339.999894
4350.769124
4359.999893
4368.205021
4369.230662
4358.974252
4362.051175
4371.794765
4371.281944
4371.281944
4384.615277
4392.307585
4381.538354
4368.717842
4368.717842
4366.66656
4365.640919
4387.17938
4408.717841
4397.43579
4387.6922
4396.922969
4399.999892
4394.871687
4398.974251
4409.743482
4411.794764
4402.563995
4393.333226
4391.794764
4388.717841
4378.974252
4372.820406
4374.871688
4374.871688
4366.66656
4361.025534
4360.512714
4359.487073
4355.384509
4351.794765
4348.717842
4345.128099
4345.128099
4348.717842
4347.179381
4342.051176
4342.563996
4345.128099
4340.512714
4337.435791
4337.435791
4331.281945
4321.538356
4319.487074
4322.051176
4323.076817
4329.743484
4339.999894
4346.15374
4345.128099
4343.076817
4341.538355
4344.102458
4345.640919
4339.487073
4331.281945
4332.307586
4340.512714
4345.640919
4343.076817
4341.025535
4344.102458
4349.230663
4354.358868
4364.615278
4378.461431
4379.487072
4366.66656
4353.333227
4349.230663
4349.230663
4351.794765
4353.333227
4353.333227
4354.871688
4356.41015
4357.435791
4357.435791
4353.846047
4346.15374
4341.025535
4341.025535
4344.615278
4346.66656
4348.205022
4352.307586
4354.358868
4352.820406
4351.794765
4352.820406
4356.41015
4361.025534
4365.128098
4364.102457
4361.025534
4365.128098
4370.256303
4367.17938
4359.999893
4359.999893
4362.051175
4364.102457
4368.717842
4371.281944
4368.717842
4365.640919
4369.230662
4378.974252
4386.153739
4384.102457
4380.512713
4381.025534
4383.589636
4388.205021
4394.358867
4392.307585
4390.256303
4387.17938
4378.974252
4377.948611
4388.205021
4391.794764
4384.615277
4377.948611
4376.92297
4382.563995
4388.717841
4389.743482
4388.205021
4381.025534
4372.307585
4375.897329
4381.538354
4377.43579
4377.43579
4386.666559
4390.769123
4391.281944
4388.717841
4385.128098
4390.769123
4397.94861
4394.871687
4391.794764
4394.871687
4392.820405
4388.717841
4386.666559
4387.6922
4385.640918
4378.974252
4375.897329
4380.512713
4388.717841
4393.333226
4395.384508
4399.487072
4401.025533
4393.846046
4383.076816
4373.846047
4378.461431
4392.820405
4402.051174
4403.589636
4402.051174
4393.846046
4385.640918
4376.92297
4366.66656
4370.256303
4384.102457
4387.6922
4385.640918
4384.102457
4376.92297
4369.743483
4370.769124
4376.92297
4379.999893
4383.076816
4386.666559
4380.512713
4373.333226
4379.487072
4388.205021
4385.640918
4377.948611
4375.384508
4375.897329
4376.410149
4373.846047
4371.281944
4376.92297
4382.563995
4384.102457
4386.666559
4386.666559
4377.43579
4373.333226
4373.333226
4367.692201
4361.538355
4363.076816
4361.025534
4350.256304
4347.179381
4353.333227
4353.333227
4345.128099
4345.640919
4349.230663
4348.205022
4348.717842
4351.794765
4350.256304
4346.15374
4341.538355
4341.025535
4350.256304
4365.640919
4372.307585
4365.640919
4358.974252
4358.974252
4363.589637
4361.025534
4349.230663
4340.512714
4337.948612
4335.384509
4335.89733
4344.615278
4353.333227
4355.384509
4356.41015
4351.281945
4339.487073
4332.307586
4334.358868
4333.846048
4331.794766
4338.461432
4343.076817
4340.512714
4339.487073
4335.384509
4325.128099
4324.615279
4334.358868
4343.076817
4347.179381
4347.692201
4348.205022
4352.307586
4352.820406
4344.615278
4341.025535
4341.538355
4334.871689
4322.051176
4317.948612
4319.999894
4318.461433
4314.871689
4317.435792
4321.538356
4323.076817
4324.102458
4323.589638
4321.538356
4320.512715
4320.512715
4318.974253
4315.38451
4309.230664
4308.205023
4307.692202
4306.153741
4306.666561
4309.743484
4311.794766
4308.717843
4296.922972
4292.307587
4297.435792
4296.410151
4292.820408
4292.307587
4292.820408
4292.307587
4292.820408
4290.256305
4284.102459
4273.846049
4269.230665
4264.61528
4255.897332
4255.897332
4261.025537
4264.10246
4268.717844
4266.666562
4258.461434
4259.999896
4263.589639
4260.512716
4260.512716
4265.640921
4265.128101
4261.025537
4259.487075
4262.051178
