
4334.871689
4339.999894
4345.128099
4345.640919
4339.999894
4337.435791
4347.179381
4348.205022
4335.384509
4327.692202
4326.15374
4324.102458
4327.179381
4331.794766
4334.871689
4342.563996
4347.692201
4344.102458
4338.974253
4335.384509
4333.846048
4336.41015
4336.922971
4335.384509
4333.846048
4330.769125
4328.205022
4332.820407
4337.948612
4330.769125
4323.589638
4328.717843
4335.384509
4335.384509
4335.89733
4332.820407
4328.205022
4330.256304
4337.948612
4345.128099
4356.41015
4357.435791
4344.615278
4335.89733
4334.871689
4329.743484
4329.230663
4334.871689
4335.89733
4336.41015
4338.974253
4342.563996
4343.589637
4339.487073
4333.846048
4335.89733
4337.435791
4334.358868
4331.794766
4333.333227
4338.461432
4343.589637
4348.205022
4352.307586
4350.769124
4338.461432
4334.871689
4344.102458
4344.102458
4336.41015
4345.640919
4356.41015
4348.205022
4338.461432
4342.563996
4347.179381
4353.333227
4362.563996
4361.538355
4348.205022
4342.563996
4344.102458
4342.563996
4344.102458
4348.717842
4353.333227
4357.435791
4357.435791
4348.205022
4341.538355
4340.512714
4343.589637
4346.15374
4342.563996
4337.435791
4341.025535
4344.615278
4338.974253
4331.281945
4328.205022
4326.666561
4326.666561
4332.820407
4337.948612
4341.025535
4344.615278
4343.589637
4336.41015
4335.89733
4335.89733
4334.871689
4339.999894
4343.589637
4341.538355
4337.435791
4332.307586
4331.281945
4339.999894
4345.640919
4345.640919
4345.640919
4346.15374
4348.717842
4349.230663
4343.076817
4337.435791
4338.974253
4339.487073
4335.89733
4338.461432
4343.076817
4342.051176
4337.435791
4334.358868
4332.820407
4330.256304
4332.307586
4334.871689
4332.307586
4327.179381
4332.307586
4337.435791
4330.769125
4322.563997
4324.102458
4328.717843
4326.666561
4319.999894
4316.922971
4323.589638
4330.256304
4330.769125
4329.230663
4326.666561
4318.974253
4316.410151
4322.051176
4319.487074
4311.281946
4315.89733
4322.051176
4314.358869
4306.666561
4312.820407
4320.512715
4315.38451
4311.281946
4313.846048
4314.358869
4311.281946
4318.461433
4321.538356
4312.307587
4306.153741
4309.743484
4313.846048
4318.461433
4322.563997
4323.076817
4320.512715
4315.38451
4313.333228
4318.974253
4325.64092
4323.589638
4316.410151
4311.794766
4312.820407
4319.487074
4327.179381
4324.615279
4322.563997
4328.717843
4326.15374
4316.922971
4324.102458
4336.922971
4334.871689
4332.820407
4335.89733
4339.999894
4344.615278
4349.743483
4348.717842
4348.717842
4351.281945
4351.281945
4349.230663
4344.615278
4341.025535
4339.999894
4339.999894
4337.948612
4339.999894
4347.692201
4352.307586
4347.179381
4342.051176
4342.051176
4342.563996
4342.051176
4344.102458
4351.281945
4354.358868
4340.512714
4328.717843
4338.461432
4347.692201
4339.487073
4329.743484
4333.846048
4342.563996
4346.15374
4342.563996
4337.435791
4332.307586
4330.769125
4328.717843
4326.666561
4328.205022
4333.846048
4336.41015
4336.922971
4337.948612
4334.358868
4330.256304
4328.205022
4331.794766
4336.922971
4336.922971
4332.307586
4335.384509
4338.461432
4331.794766
4324.615279
4323.589638
4329.743484
4337.435791
4333.333227
4327.692202
4339.487073
4352.307586
4350.769124
4343.076817
4337.948612
4334.358868
4334.358868
4341.025535
4348.205022
4347.692201
4345.640919
4346.15374
4345.640919
4344.102458
4344.102458
4346.66656
4354.358868
4358.461432
4351.281945
4343.076817
4339.999894
4340.512714
4346.15374
4353.333227
4351.794765
4344.102458
4342.051176
4350.769124
4356.41015
4351.281945
4347.179381
4346.15374
4345.128099
4344.102458
4342.563996
4342.051176
4342.563996
4341.025535
4343.076817
4345.128099
4339.487073
4337.435791
4345.640919
4350.256304
4352.307586
4355.897329
4351.281945
4346.66656
4348.205022
4349.743483
4348.205022
4348.205022
4346.15374
4341.025535
4334.358868
4335.384509
4338.974253
4335.89733
4330.769125
4335.384509
4340.512714
4338.974253
4341.538355
4346.66656
4342.051176
4331.281945
4328.205022
4330.256304
4331.281945
4330.256304
4328.205022
4326.666561
4331.794766
4334.358868
4330.256304
4327.179381
4329.230663
4330.769125
4331.794766
4337.948612
4337.948612
4329.743484
4322.563997
4320.512715
4318.974253
4326.666561
4341.538355
4349.743483
4349.230663
4342.563996
4329.743484
4320.512715
4315.89733
4313.333228
4313.846048
4319.487074
4324.102458
4322.051176
4322.051176
4329.743484
4338.974253
4339.999894
4339.487073
4333.846048
4324.102458
4321.538356
4326.15374
4325.64092
4326.15374
4331.794766
4333.846048
4331.281945
4325.128099
4316.410151
4313.846048
4318.461433
4323.589638
4326.15374
4328.205022
4337.435791
4344.615278
4346.15374
4346.15374
4340.512714
4328.205022
4321.538356
4323.076817
4325.128099
4328.717843
4327.692202
4323.076817
4324.615279
4325.128099
4318.974253
4324.615279
4337.948612
4341.025535
4336.41015
4336.41015
4333.846048
4327.692202
4327.692202
4334.871689
4336.922971
4329.743484
4325.64092
4325.128099
4325.64092
4329.743484
4336.41015
4336.41015
4334.358868
4332.820407
4331.794766
4334.358868
4333.333227
4325.64092
4325.64092
4330.769125
4330.769125
4330.769125
4332.307586
4332.820407
4330.256304
4325.128099
4321.538356
4325.128099
4330.256304
4331.281945
4330.769125
4334.871689
4338.461432
4333.846048
4327.692202
4332.820407
4340.512714
4337.948612
4329.230663
4327.179381
4334.358868
4339.487073
4339.999894
4340.512714
4342.051176
4338.974253
4338.974253
4343.076817
4343.589637
4339.999894
4340.512714
4342.563996
4339.487073
4334.871689
4329.743484
4331.794766
4335.89733
4337.435791
4340.512714
4343.076817
4341.538355
4341.538355
4336.41015
4327.692202
4326.666561
4331.281945
4327.179381
4321.025535
4322.563997
4331.281945
4335.384509
4331.281945
4331.281945
4331.281945
4328.717843
4329.230663
4334.871689
4336.41015
4336.922971
4335.89733
4331.794766
4326.666561
4320.512715
4316.922971
4316.922971
4322.563997
4332.307586
4338.974253
4335.89733
4328.717843
4322.051176
4319.999894
4324.102458
4329.743484
4331.794766
4337.435791
4341.538355
4338.461432
4332.307586
4331.281945
4335.384509
4339.487073
4338.461432
4336.41015
4335.89733
4330.769125
4326.666561
4329.230663
4332.307586
4334.358868
4343.589637
4344.615278
4333.333227
4324.102458
4320.512715
4317.435792
4321.025535
4326.15374
4328.205022
4338.461432
4350.256304
4354.358868
4353.846047
4350.769124
4342.563996
4342.563996
4350.769124
4349.743483
4339.487073
4335.89733
4339.999894
4337.435791
4326.15374
4315.38451
4308.717843
4306.666561
4311.281946
4313.333228
4315.89733
4326.666561
4337.435791
4339.487073
4341.538355
4341.538355
4342.051176
4347.692201
4350.769124
4347.692201
4347.692201
4353.846047
4362.563996
4363.589637
4349.743483
4340.512714
4345.128099
4348.205022
4344.102458
4346.15374
4353.846047
4354.358868
4354.358868
4364.615278
4371.281944
4364.615278
4366.153739
4376.410149
4374.871688
4368.717842
4374.871688
4382.563995
4383.076816
4381.538354
4379.487072
4375.384508
4379.487072
4394.871687
4409.230661
4416.410148
4421.025533
4430.256302
4447.692199
4458.97425
4449.743481
4441.538353
4445.128096
4441.538353
4432.820404
4432.307584
4429.230661
4417.94861
4409.743482
4408.717841
4412.820405
4418.46143
4417.94861
4409.230661
4401.538354
4402.563995
4408.20502
4408.20502
4402.563995
4405.640918
4413.846046
4409.743482
4405.128097
4408.20502
4407.6922
4402.051174
4398.461431
4394.358867
4395.384508
4403.589636
4405.128097
4402.563995
4403.589636
4406.666559
4410.256302
4410.769123
4403.076815
4395.897328
4397.43579
4398.461431
4396.410149
4396.410149
4391.794764
4390.256303
4398.974251
4405.128097
4402.051174
4399.999892
4401.025533
4396.410149
4387.17938
4385.128098
4393.333226
4392.307585
4385.640918
4390.769123
4400.512713
4400.512713
4400.512713
4397.43579
4392.820405
4392.820405
4392.307585
4393.846046
4407.6922
4409.743482
4393.846046
4389.230662
4392.820405
4392.307585
4395.897328
4400.512713
4393.846046
4390.256303
4394.358867
4388.717841
4376.92297
4373.333226
4368.717842
4358.461432
4360.512714
4374.358867
4377.948611
4372.820406
4374.871688
4376.92297
4374.358867
4373.333226
4372.820406
4363.076816
4354.358868
4354.871688
4356.41015
4351.281945
4347.179381
4347.179381
4348.717842
4353.846047
4360.512714
4358.974252
4352.820406
4353.846047
4352.820406
4351.281945
4354.358868
4362.563996
4365.640919
4363.076816
4357.948611
4352.307586
4349.743483
4352.820406
4358.461432
4363.589637
4372.820406
4379.487072
4374.358867
4366.66656
4366.153739
4363.589637
4359.487073
4357.948611
4357.948611
4359.487073
4366.153739
4372.820406
4371.281944
4362.563996
4359.999893
4363.076816
4362.563996
4364.615278
4365.640919
4355.897329
4347.692201
4350.769124
4354.871688
4356.92297
4359.999893
4362.563996
4364.102457
4364.615278
4364.102457
4363.589637
4361.538355
4359.487073
4362.051175
4366.153739
4363.589637
4359.999893
4363.589637
4363.076816
4363.076816
4367.692201
4367.692201
4359.487073
4362.563996
4369.230662
4361.538355
4348.205022
4351.794765
4365.640919
4366.66656
4361.025534
4362.563996
4365.640919
4361.538355
4358.461432
4359.487073
4357.948611
4352.307586
4348.205022
4351.794765
4363.589637
4365.640919
4357.948611
4358.974252
4364.102457
4361.538355
4362.051175
4368.717842
4370.256303
4366.66656
4364.615278
4366.66656
4371.281944
4375.384508
4371.281944
4366.153739
4361.538355
4354.358868
4345.640919
4345.640919
4353.333227
4358.461432
4362.051175
4364.615278
4366.153739
4367.17938
4369.230662
4362.051175
4359.999893
4372.307585
4374.358867
4354.358868
4345.640919
4358.974252
4370.256303
4366.153739
4353.846047
4346.66656
4353.846047
4368.717842
4374.871688
4366.66656
4363.076816
4369.230662
4365.128098
4356.41015
4355.897329
4353.846047
4348.717842
4354.871688
4362.051175
4358.461432
4355.384509
4357.948611
4359.487073
4357.435791
4353.333227
4351.281945
4353.333227
4351.794765
4350.769124
4352.820406
4355.897329
4356.92297
4357.948611
4355.897329
4357.435791
4363.589637
4367.17938
4369.230662
4367.17938
4361.538355
4360.512714
4363.589637
4359.999893
4355.384509
4356.41015
4360.512714
4357.948611
4356.92297
4366.153739
4367.692201
4355.897329
4355.384509
4367.17938
4365.640919
4359.999893
4364.102457
4366.153739
4364.615278
4363.589637
4352.307586
4339.999894
4341.025535
4347.692201
4346.15374
4342.563996
4345.128099
4353.333227
4359.487073
4358.974252
4358.974252
4359.999893
4358.974252
4357.435791
4359.999893
4362.051175
4360.512714
4358.461432
4361.025534
4369.230662
4374.871688
4366.153739
4361.025534
4364.102457
4364.102457
4362.051175
4362.051175
4357.948611
4357.948611
4367.17938
4367.692201
4361.025534
4357.435791
4355.897329
4351.281945
4352.820406
4358.461432
4355.384509
4347.179381
4347.692201
4357.435791
4361.538355
4356.92297
4354.358868
4355.897329
4358.461432
4362.563996
4363.589637
4361.538355
4364.615278
4372.307585
4370.256303
4364.615278
4363.589637
4366.66656
4368.205021
4364.615278
4366.153739
4375.384508
4379.487072
4378.974252
4377.948611
4372.820406
4366.153739
4367.17938
4366.153739
4358.974252
4355.384509
4351.794765
4353.333227
4365.640919
4375.897329
4371.281944
4365.640919
4368.717842
4371.281944
4368.717842
4370.769124
4379.999893
4380.512713
4370.769124
4364.102457
4363.076816
4364.102457
4366.66656
4369.743483
4374.871688
4377.43579
4374.871688
4374.871688
4377.948611
4375.897329
4375.384508
4375.897329
4370.769124
4371.281944
4374.358867
4371.281944
4367.692201
4370.769124
4367.17938
4358.461432
4359.999893
4368.717842
4372.820406
4374.871688
4376.410149
4375.384508
4375.384508
4372.820406
4365.128098
4362.051175
4367.17938
4368.205021
4365.640919
4364.102457
4366.66656
4366.153739
4361.025534
4365.128098
4374.871688
4375.897329
4376.410149
4381.538354
4381.025534
4372.820406
4370.769124
4374.358867
4373.846047
4369.230662
4368.717842
4371.281944
4370.256303
4374.358867
4382.051175
4379.999893
4369.743483
4364.615278
4367.17938
4365.640919
4364.615278
4368.205021
4366.66656
4358.461432
4361.025534
4372.820406
4378.974252
4375.897329
4368.717842
4363.589637
4361.025534
4354.358868
4353.333227
4356.92297
4356.41015
4355.384509
4359.999893
4361.538355
4361.025534
4364.615278
4365.128098
4361.025534
4353.846047
4346.15374
4345.128099
4353.846047
4360.512714
4365.640919
4369.743483
4367.692201
4361.538355
4362.563996
4368.205021
4368.205021
4364.615278
4363.589637
4365.128098
4363.076816
4362.563996
4364.102457
4359.999893
4356.92297
4357.948611
4353.333227
4350.256304
4353.846047
4358.461432
4357.435791
4355.897329
4359.999893
4363.076816
4358.974252
4352.820406
4354.358868
4355.384509
4354.871688
4356.41015
4359.487073
4358.461432
4354.871688
4356.41015
4361.025534
4361.025534
4357.435791
4356.41015
4359.487073
4363.076816
4364.615278
4365.640919
4368.205021
4369.743483
4367.692201
4367.17938
4364.102457
4362.051175
4361.538355
4354.871688
4349.743483
4354.358868
4359.487073
4363.076816
4366.153739
4360.512714
4352.820406
4354.871688
4357.948611
4355.897329
4348.205022
4341.538355
4343.589637
4350.769124
4353.333227
4354.871688
4354.871688
4348.205022
4340.512714
4339.999894
4342.051176
4339.487073
4339.999894
4348.717842
4354.871688
4355.384509
4350.256304
4345.640919
4346.66656
4353.846047
4357.948611
4356.92297
4354.358868
4354.871688
4355.384509
4351.794765
4353.333227
4359.487073
4360.512714
4359.999893
4362.051175
4360.512714
4354.358868
4350.769124
4349.743483
4349.743483
4353.846047
4357.435791
4357.435791
4351.794765
4346.15374
4348.717842
4353.333227
4350.769124
4346.15374
4346.15374
4345.640919
4348.205022
4358.461432
4365.128098
4359.487073
4359.487073
4362.563996
4356.92297
4354.871688
4364.615278
4366.66656
4355.897329
4349.230663
4352.307586
4362.563996
4370.256303
4372.307585
4371.794765
4366.66656
4356.41015
4349.743483
4354.358868
4364.615278
4364.615278
4357.948611
4358.974252
4359.999893
4357.435791
4363.589637
4374.358867
4375.897329
4372.820406
4366.66656
4363.076816
4364.102457
4358.461432
4349.230663
4354.871688
4358.974252
4353.846047
4357.948611
4367.692201
4363.076816
4356.92297
4359.999893
4363.076816
4364.615278
4368.717842
4373.333226
4371.281944
4365.128098
4358.461432
4356.41015
4356.41015
4358.461432
4366.153739
4369.743483
4364.102457
4359.999893
4362.051175
4364.615278
4362.563996
4356.92297
4355.384509
4358.461432
4357.948611
4357.948611
4363.076816
4362.563996
4360.512714
4364.102457
4367.17938
4364.102457
4362.563996
4361.025534
4359.999893
4364.102457
4367.692201
4371.281944
4379.487072
4377.948611
4364.615278
4361.025534
4361.538355
4361.025534
4367.17938
4373.846047
4372.820406
4371.794765
4369.743483
4367.692201
4374.871688
4384.615277
4386.153739
4381.025534
4376.410149
4373.333226
4370.769124
4371.794765
4378.461431
4379.487072
4373.846047
4370.769124
4372.307585
4369.743483
4366.66656
4364.102457
4363.076816
4366.66656
4368.205021
4364.102457
4361.025534
4364.102457
4364.615278
4362.051175
4363.589637
4364.615278
4358.461432
4353.846047
4354.358868
4357.435791
4361.025534
4365.128098
4365.128098
4362.563996
4357.948611
4351.794765
4347.179381
4348.717842
4350.256304
4346.15374
4343.076817
4343.589637
4343.076817
4334.358868
4327.692202
4333.333227
4342.051176
4342.051176
4339.999894
4337.435791
4334.358868
4337.948612
4338.461432
4331.794766
4327.179381
4327.692202
4329.743484
4331.281945
4330.769125
4332.307586
4331.281945
4329.230663
4332.820407
4338.974253
4338.461432
4337.435791
4337.435791
4335.384509
4333.846048
4335.89733
4342.563996
4346.15374
4344.102458
4338.461432
4336.41015
4337.435791
4338.461432
4339.487073
4338.974253
4336.922971
4338.461432
4337.435791
4333.333227
4333.333227
4334.358868
4335.384509
4344.615278
4356.41015
4355.897329
4349.743483
4344.615278
4343.589637
4350.769124
4355.384509
4349.230663
4344.102458
4343.589637
4343.076817
4343.076817
4344.102458
4342.563996
4335.384509
4332.820407
4342.051176
4353.333227
4355.897329
4355.897329
4350.769124
4345.128099
4343.076817
4340.512714
4338.461432
4341.538355
4339.999894
4334.871689
4338.461432
4344.615278
4345.640919
4345.128099
4343.589637
4341.025535
4343.589637
4346.66656
4346.66656
4344.615278
4337.435791
4328.205022
4331.281945
4336.922971
4333.333227
4332.307586
4339.999894
4344.102458
4344.615278
4347.179381
4347.179381
4342.051176
4335.89733
4330.256304
4324.615279
4328.205022
4332.820407
4333.333227
4336.41015
4341.538355
4338.974253
4331.794766
4331.281945
4339.487073
4343.076817
4333.846048
4325.64092
4327.179381
4330.256304
4329.743484
4328.205022
4325.64092
4328.717843
4332.307586
4334.358868
4335.384509
4336.41015
4342.563996
4352.307586
4353.333227
4347.692201
4347.692201
4346.66656
4340.512714
4338.461432
4345.640919
4349.743483
4351.794765
4355.384509
4355.384509
4352.307586
4351.281945
4349.743483
4348.717842
4350.769124
4349.230663
4349.743483
4355.384509
4352.820406
4346.15374
4346.15374
4346.66656
4344.615278
4344.615278
4353.333227
4359.487073
4357.948611
4357.435791
4365.128098
4363.076816
4349.230663
4344.615278
4348.717842
4348.205022
4344.102458
4343.589637
4346.66656
4348.205022
4347.179381
4348.205022
4348.205022
4350.256304
4352.307586
4347.692201
4341.538355
4337.435791
4332.820407
4334.358868
4339.999894
4337.948612
4338.974253
4346.15374
4349.230663
4346.66656
4346.15374
4344.615278
4342.563996
4339.999894
4337.948612
4336.41015
4338.974253
4344.615278
4348.205022
4347.179381
4343.589637
4342.563996
4343.589637
4344.102458
4342.563996
4339.999894
4337.948612
4341.025535
4346.66656
4351.794765
4350.769124
4345.128099
4344.615278
4352.307586
4353.333227
4348.205022
4346.66656
4343.076817
4337.435791
4333.846048
4336.922971
4343.589637
4348.205022
4345.640919
4340.512714
4334.871689
4334.358868
4339.487073
4341.538355
4337.435791
4331.281945
4332.307586
4338.461432
4336.41015
4333.333227
4339.487073
4342.563996
4335.384509
4328.717843
4331.281945
4337.435791
4339.999894
4339.999894
4341.025535
4337.435791
4331.794766
4332.820407
4338.974253
4346.15374
4349.743483
4346.15374
4344.102458
4346.66656
4345.128099
4338.974253
4332.820407
4332.307586
4336.41015
4340.512714
4339.487073
4341.025535
4349.230663
4353.333227
4351.794765
4352.307586
4356.92297
4356.92297
4352.307586
4346.66656
4341.538355
4339.487073
4343.076817
4342.563996
4334.871689
4333.846048
4340.512714
4339.487073
4338.461432
4345.128099
4349.230663
4347.692201
4347.692201
4350.256304
4350.769124
4350.769124
4350.256304
4351.794765
4346.66656
4339.999894
4341.538355
4348.717842
4349.230663
4349.230663
4356.92297
4364.102457
4360.512714
4357.435791
4362.563996
4361.025534
4351.281945
4344.615278
4349.743483
4352.820406
4344.102458
4339.487073
4347.692201
4348.717842
4342.563996
4340.512714
4338.974253
4337.948612
4339.487073
4339.487073
4345.128099
4354.871688
4357.435791
4356.92297
4357.435791
4356.92297
4354.358868
4352.307586
4349.230663
4349.743483
4353.333227
4351.281945
4348.205022
4351.281945
4351.281945
4345.128099
4340.512714
4340.512714
4346.15374
4351.281945
4349.743483
4351.281945
4363.589637
4364.102457
4351.794765
4344.615278
4348.205022
4350.769124
4350.769124
4352.307586
4353.846047
4350.256304
4346.15374
4350.256304
4354.871688
4351.794765
4347.692201
4347.692201
4347.179381
4346.66656
4351.281945
4360.512714
4363.589637
4357.435791
4350.769124
4352.820406
4355.384509
4352.307586
4349.743483
4350.769124
4356.92297
4365.640919
4367.17938
4357.948611
4358.461432
4364.102457
4360.512714
4356.92297
4361.025534
4360.512714
4357.435791
4356.92297
4355.384509
4356.92297
4359.999893
4362.051175
4359.999893
4353.846047
4350.769124
4353.846047
4354.358868
4351.794765
4348.717842
4347.692201
4345.128099
4347.179381
4353.846047
4358.974252
4357.948611
4356.41015
4359.999893
4359.487073
4355.897329
4351.794765
4347.692201
4344.102458
4348.205022
4353.333227
4350.256304
4349.230663
4352.307586
4351.281945
4355.897329
4364.615278
4363.589637
4356.41015
4355.384509
4354.358868
4348.205022
4345.128099
4349.743483
4353.846047
4354.871688
4356.92297
4355.384509
4352.307586
4351.281945
4349.230663
4345.640919
4348.717842
4356.41015
4363.589637
4365.128098
4359.487073
4354.871688
4351.281945
4347.179381
4350.769124
4359.999893
4357.948611
4350.769124
4351.281945
4352.820406
4345.640919
4340.512714
4346.15374
4354.358868
4354.871688
4356.41015
4357.948611
4349.743483
4343.589637
4350.769124
4356.92297
4350.256304
4343.076817
4346.66656
4356.41015
4362.051175
4362.563996
4361.025534
4356.41015
4351.794765
4353.846047
4353.846047
4346.15374
4344.615278
4347.692201
4348.717842
4350.769124
4353.846047
4352.307586
4352.820406
4357.435791
4357.435791
4349.230663
4343.589637
4343.076817
4342.051176
4340.512714
4344.102458
4347.692201
4348.205022
4345.640919
4344.102458
4351.794765
4360.512714
4360.512714
4354.358868
4354.871688
4357.948611
4358.974252
4353.846047
4347.692201
4346.15374
4348.205022
4348.205022
4350.769124
4354.871688
4355.897329
4359.487073
4364.102457
4365.128098
4367.692201
4370.256303
4364.102457
4361.025534
4363.076816
4366.66656
4368.205021
4365.128098
4359.999893
4359.487073
4360.512714
4362.563996
4366.66656
4364.615278
4356.41015
4352.307586
4357.948611
4363.076816
4359.999893
4356.41015
4362.563996
4367.692201
4368.717842
4371.794765
4378.461431
4381.025534
4377.948611
4373.333226
4365.640919
4357.435791
4356.92297
4365.128098
4369.743483
4371.281944
4375.384508
4378.974252
4377.948611
4373.333226
4366.153739
4357.435791
4350.256304
4353.333227
4363.076816
4362.563996
4353.333227
4353.333227
4361.025534
4361.025534
4359.487073
4363.589637
4366.66656
4362.051175
4358.974252
4353.846047
4344.102458
4339.487073
4344.615278
4350.256304
4349.230663
4349.743483
4357.435791
4363.589637
4361.025534
4360.512714
4356.92297
4347.692201
4344.615278
4352.307586
4360.512714
4366.153739
4368.717842
4368.205021
4362.563996
4356.41015
4353.333227
4352.307586
4352.820406
4353.846047
4349.230663
4341.538355
4344.102458
4350.256304
4352.820406
4355.384509
4359.999893
4361.025534
4358.461432
4352.820406
4348.717842
4352.820406
4355.897329
4353.333227
4356.92297
4363.589637
4363.076816
4363.076816
4367.692201
4369.230662
4366.66656
4366.153739
4365.640919
4366.66656
4366.66656
4366.66656
4367.692201
4367.17938
4362.563996
4358.974252
4361.538355
4363.589637
4364.102457
4365.640919
4363.076816
4358.974252
4358.974252
4358.461432
4356.92297
4359.487073
4365.640919
4367.17938
4361.538355
4356.92297
4356.92297
4355.384509
4351.794765
4353.846047
4359.999893
4364.102457
4364.102457
4357.435791
4350.256304
4354.871688
4355.897329
4351.794765
4355.384509
4360.512714
4354.871688
4353.846047
4364.102457
4369.230662
4367.692201
4363.076816
4359.487073
4361.025534
4360.512714
4352.820406
4351.281945
4361.025534
4369.743483
4369.743483
4366.66656
4362.563996
4359.999893
4355.897329
4349.743483
4344.615278
4344.102458
4344.615278
4342.563996
4343.589637
4352.307586
4364.615278
4370.769124
4369.230662
4366.153739
4367.17938
4362.563996
4354.871688
4351.794765
4352.307586
4353.846047
4354.871688
4356.92297
4358.974252
4359.999893
4358.974252
4362.051175
4367.17938
4366.153739
4361.538355
4364.102457
4364.615278
4363.589637
4371.794765
4378.461431
4367.17938
4355.384509
4355.384509
4355.384509
4357.435791
4363.589637
4367.17938
4366.66656
4365.640919
4364.102457
4363.076816
4361.538355
4357.948611
4353.846047
4352.820406
4356.92297
4359.999893
4355.897329
4351.281945
4349.230663
4345.640919
4342.563996
4350.256304
4360.512714
4356.41015
4348.205022
4350.256304
4355.897329
4351.794765
4349.230663
4353.333227
4359.999893
4364.102457
4365.640919
4367.17938
4365.640919
4358.974252
4354.358868
4352.307586
4347.692201
4344.102458
4347.179381
4352.307586
4354.358868
4356.41015
4360.512714
4368.717842
4373.333226
4368.717842
4362.563996
4364.102457
4364.102457
4356.41015
4350.769124
4347.179381
4344.615278
4348.717842
4355.384509
4352.820406
4349.743483
4354.358868
4359.999893
4359.999893
4356.92297
4353.846047
4350.769124
4350.769124
4359.487073
4363.589637
4354.871688
4347.179381
4351.794765
4360.512714
4360.512714
4356.92297
4357.948611
4363.589637
4363.076816
4355.384509
4353.846047
4360.512714
4364.102457
4364.102457
4364.615278
4365.128098
4366.66656
4365.640919
4360.512714
4356.92297
4357.948611
4356.92297
4357.435791
4354.871688
4347.692201
4342.051176
4345.128099
4351.794765
4362.563996
4369.743483
4367.17938
4361.538355
4361.538355
4363.076816
4361.025534
4355.897329
4352.307586
4353.846047
4352.820406
4347.179381
4343.589637
4352.307586
4362.563996
4360.512714
4355.897329
4363.589637
4370.256303
4363.589637
4359.999893
4365.640919
4369.743483
4369.743483
4368.205021
4359.487073
4350.256304
4349.230663
4351.794765
4352.307586
4353.846047
4351.794765
4347.692201
4351.794765
4363.589637
4367.17938
4365.128098
4368.205021
4366.153739
4356.92297
4356.92297
4359.999893
4351.794765
4349.230663
4356.41015
4361.025534
4360.512714
4356.92297
4352.820406
4354.871688
4359.487073
4357.948611
4355.384509
4357.948611
4361.538355
4360.512714
4362.051175
4369.230662
4368.205021
4361.538355
4365.640919
4368.205021
4362.051175
4360.512714
4361.025534
4353.333227
4346.15374
4343.589637
4348.205022
4363.076816
4371.794765
4367.17938
4367.17938
4374.358867
4370.769124
4363.076816
4359.487073
4357.435791
4358.974252
4374.358867
4391.281944
4387.6922
4372.307585
4369.230662
4371.794765
4369.230662
4368.205021
4371.281944
4374.871688
4376.92297
4377.948611
4376.92297
4378.974252
4376.92297
4370.256303
4368.717842
4370.256303
4370.256303
4369.230662
4368.205021
4366.66656
4364.102457
4361.538355
4361.538355
4364.615278
4365.640919
4368.205021
4375.897329
4374.358867
4367.17938
4362.563996
4357.435791
4352.820406
4355.384509
4357.948611
4360.512714
4367.17938
4370.256303
4368.717842
4364.102457
4361.538355
4363.076816
4371.281944
4378.974252
4379.487072
4374.871688
4374.871688
4381.538354
4384.615277
4379.487072
4375.897329
4373.333226
4370.256303
4369.230662
4370.256303
4372.820406
4377.43579
4379.487072
4374.358867
4368.717842
4364.615278
4365.128098
4371.794765
4381.025534
4383.076816
4379.999893
4375.897329
4376.410149
4377.43579
4374.871688
4375.384508
4377.43579
4374.358867
4369.230662
4369.743483
4372.307585
4370.769124
4365.640919
4365.128098
4371.281944
4373.846047
4369.743483
4368.717842
4373.846047
4374.358867
4370.769124
4371.281944
4371.794765
4368.717842
4370.256303
4374.871688
4371.794765
4367.692201
4369.743483
4370.256303
4368.717842
4367.17938
4366.66656
4367.692201
4368.205021
4367.692201
4365.128098
4365.128098
4368.205021
4370.256303
4367.17938
4365.640919
4364.102457
4361.025534
4358.461432
4355.897329
4357.435791
4364.615278
4366.153739
4360.512714
4358.461432
4362.051175
4363.589637
4361.538355
4357.948611
4355.384509
4356.41015
4353.846047
4347.692201
4347.692201
4356.41015
4358.974252
4353.846047
4352.307586
4355.384509
4356.92297
4359.487073
4365.640919
4368.717842
4366.153739
4366.66656
4373.333226
4369.743483
4359.999893
4357.435791
4360.512714
4357.948611
4356.41015
4356.41015
4353.333227
4353.846047
4355.897329
4354.871688
4352.820406
4353.846047
4355.384509
4355.897329
4357.435791
4360.512714
4361.538355
4358.461432
4355.384509
4356.92297
4357.948611
4357.948611
4357.435791
4357.435791
4355.897329
4352.307586
4352.820406
4358.974252
4361.538355
4361.538355
4364.615278
4366.66656
4365.128098
4365.128098
4362.563996
4355.384509
4354.358868
4353.846047
4345.128099
4339.487073
4345.640919
4353.333227
4356.41015
4351.281945
4347.179381
4354.358868
4360.512714
4358.461432
4361.538355
4365.128098
4358.461432
4358.974252
4362.051175
4355.384509
4349.230663
4350.769124
4353.333227
4358.461432
4364.102457
4362.563996
4356.41015
4351.281945
4352.820406
4354.358868
4349.743483
4350.256304
4360.512714
4362.051175
4354.871688
4351.281945
4349.743483
4352.307586
4358.974252
4358.461432
4358.461432
4362.051175
4359.487073
4358.974252
4365.640919
4360.512714
4348.717842
4355.897329
4365.640919
4362.051175
4358.974252
4362.051175
4363.076816
4363.589637
4364.102457
4363.589637
4361.025534
4353.333227
4346.15374
4349.230663
4355.897329
4358.461432
4361.025534
4360.512714
4357.435791
4359.999893
4367.692201
4363.589637
4359.487073
4366.66656
4370.256303
4357.435791
4345.128099
4343.589637
4346.66656
4352.820406
4361.025534
4370.256303
4371.281944
4365.640919
4362.051175
4357.948611
4351.794765
4353.333227
4356.41015
4351.794765
4350.769124
4355.384509
4353.333227
4349.230663
4350.769124
4352.820406
4351.794765
4353.846047
4357.435791
4353.846047
4348.717842
4350.256304
4358.461432
4364.615278
4365.640919
4362.051175
4361.025534
4362.563996
4360.512714
4352.820406
4348.717842
4349.230663
4351.794765
4355.384509
4355.384509
4353.846047
4357.948611
4365.640919
4364.102457
4356.92297
4355.897329
4361.025534
4358.461432
4349.743483
4350.256304
4358.461432
4363.076816
4363.589637
4358.461432
4351.281945
4348.205022
4349.230663
4358.974252
4365.640919
4358.461432
4348.717842
4352.307586
4357.948611
4356.92297
4355.384509
4358.974252
4362.051175
4355.897329
4346.66656
4349.743483
4357.435791
4356.41015
4356.41015
4359.487073
4354.358868
4350.256304
4353.846047
4351.281945
4344.102458
4341.538355
4339.999894
4339.487073
4348.205022
4353.846047
4349.230663
4344.102458
4341.538355
4337.435791
4333.846048
4333.333227
4330.256304
4328.717843
4334.871689
4342.563996
4342.051176
4336.41015
4335.384509
4338.974253
4338.974253
4336.922971
4336.922971
4336.41015
4333.846048
4335.384509
4342.563996
4347.179381
4346.15374
4342.563996
4337.948612
4333.846048
4335.384509
4339.999894
4343.076817
4338.461432
4327.692202
4324.102458
4326.666561
4326.15374
4330.256304
4338.461432
4336.922971
4331.281945
4329.743484
4335.384509
4339.999894
4335.384509
4330.256304
4338.974253
4341.538355
4330.769125
4329.743484
4338.974253
4342.563996
4341.538355
4338.974253
4336.922971
4337.435791
4339.487073
4337.435791
4332.820407
4332.307586
4335.89733
4337.435791
4333.333227
4333.846048
4337.948612
4342.051176
4344.102458
4344.615278
4342.051176
4338.974253
4335.384509
4336.41015
4338.974253
4332.307586
4331.794766
4344.102458
4347.179381
4334.871689
4327.692202
4329.230663
4334.358868
4337.948612
4333.846048
4330.256304
4334.358868
4342.563996
4346.15374
4343.589637
4338.974253
4339.487073
4340.512714
4338.974253
4338.974253
4341.538355
4344.615278
4346.15374
4346.15374
4350.769124
4354.358868
4350.769124
4345.640919
4343.076817
4338.461432
4335.89733
4338.974253
4342.051176
4345.640919
4343.076817
4338.461432
4342.563996
4350.769124
4353.846047
4356.41015
4351.281945
4339.999894
4338.461432
4344.102458
4343.076817
4338.974253
4338.461432
4341.538355
4346.66656
4349.230663
4347.692201
4345.640919
4343.589637
4338.461432
4337.948612
4340.512714
4340.512714
4339.999894
4340.512714
4339.487073
4340.512714
4346.15374
4347.692201
4343.076817
4336.41015
4331.794766
4328.717843
4327.179381
4329.230663
4338.974253
4345.128099
4346.15374
4349.230663
4352.307586
4347.692201
4343.589637
4347.179381
4352.820406
4353.846047
4349.743483
4345.128099
4338.461432
4335.384509
4341.538355
4351.281945
4355.384509
4353.333227
4350.256304
4348.205022
4346.15374
4345.640919
4343.589637
4343.589637
4348.717842
4352.307586
4351.281945
4348.717842
4346.15374
4348.717842
4358.974252
4357.435791
4346.15374
4344.615278
4348.205022
4344.102458
4344.102458
4349.743483
4348.205022
4346.15374
4348.717842
4351.281945
4353.846047
4353.846047
4348.205022
4347.692201
4349.230663
4346.66656
4347.692201
4354.871688
4356.92297
4355.384509
4355.384509
4356.41015
4353.333227
4346.66656
4346.15374
4350.256304
4351.281945
4349.230663
4348.717842
4348.205022
4347.179381
4345.640919
4346.66656
4350.256304
4353.846047
4352.820406
4346.15374
4341.538355
4341.025535
4338.461432
4339.487073
4347.692201
4354.358868
4354.358868
4352.307586
4351.794765
4346.15374
4337.435791
4337.435791
4343.589637
4342.563996
4344.615278
4353.846047
4355.897329
4346.66656
4338.974253
4338.974253
4344.102458
4347.692201
4345.640919
4343.076817
4344.102458
4351.281945
4357.948611
4358.461432
4352.820406
4348.205022
4346.66656
4352.820406
4359.487073
4357.948611
4351.281945
4345.640919
4346.66656
4350.769124
4349.743483
4345.640919
4348.205022
4354.358868
4355.897329
4350.769124
4347.692201
4347.179381
4346.66656
4344.615278
4345.640919
4349.230663
4352.307586
4356.41015
4355.384509
4350.769124
4348.717842
4353.333227
4353.333227
4351.281945
4354.358868
4356.41015
4354.871688
4353.333227
4346.66656
4342.051176
4346.15374
4348.205022
4343.076817
4345.128099
4348.717842
4347.179381
4350.256304
4352.307586
4347.692201
4346.66656
4352.307586
4352.307586
4348.205022
4346.66656
4346.15374
4341.538355
4343.589637
4349.743483
4349.230663
4348.205022
4355.384509
4359.487073
4356.92297
4357.948611
4360.512714
4362.563996
4362.563996
4359.487073
4358.461432
4362.051175
4362.051175
4359.487073
4363.589637
4368.205021
4366.66656
4365.128098
4364.615278
4361.538355
4359.487073
4361.025534
4362.051175
4359.999893
4355.897329
4352.820406
4354.358868
4357.948611
4362.051175
4363.076816
4359.999893
4358.974252
4359.999893
4361.025534
4364.102457
4364.102457
4358.974252
4359.999893
4366.153739
4365.640919
4355.384509
4350.256304
4355.897329
4358.461432
4348.205022
4344.615278
4355.384509
4359.487073
4355.384509
4360.512714
4368.205021
4363.589637
4356.41015
4359.487073
4363.589637
4356.41015
4347.179381
4346.66656
4350.256304
4347.179381
4342.051176
4341.538355
4347.692201
4349.743483
4344.615278
4341.025535
4344.102458
4349.230663
4350.256304
4346.15374
4344.102458
4350.256304
4354.358868
4353.846047
4353.333227
4350.256304
4347.179381
4350.256304
4354.358868
4354.358868
4355.384509
4358.974252
4355.384509
4346.66656
4344.102458
4346.66656
4349.743483
4348.717842
4344.102458
4339.999894
4341.025535
4341.025535
4340.512714
4343.589637
4343.076817
4336.922971
4333.846048
4339.999894
4345.640919
4342.563996
4336.922971
4335.384509
4337.435791
