
4376.410149
4374.358867
4379.487072
4378.974252
4370.769124
4372.307585
4377.43579
4374.871688
4374.871688
4375.897329
4373.846047
4371.281944
4370.256303
4365.640919
4364.615278
4372.307585
4375.384508
4372.820406
4371.281944
4371.794765
4371.281944
4369.743483
4364.102457
4361.538355
4369.230662
4373.846047
4369.230662
4366.66656
4365.640919
4361.025534
4361.538355
4369.743483
4371.281944
4364.102457
4361.025534
4364.615278
4367.17938
4358.461432
4350.256304
4352.820406
4356.41015
4350.769124
4345.640919
4345.128099
4349.230663
4352.820406
4355.897329
4361.538355
4363.076816
4364.102457
4370.769124
4374.358867
4373.333226
4377.948611
4382.051175
4380.512713
4374.871688
4365.128098
4361.025534
4370.256303
4377.948611
4374.358867
4367.692201
4366.153739
4369.743483
4371.794765
4371.281944
4372.307585
4372.307585
4366.153739
4363.076816
4361.025534
4358.461432
4359.999893
4362.563996
4363.076816
4365.640919
4362.563996
4359.487073
4366.153739
4369.230662
4367.692201
4370.256303
4373.333226
4369.743483
4368.205021
4373.846047
4381.025534
4381.025534
4379.487072
4383.076816
4387.6922
4387.17938
4385.128098
4385.128098
4386.666559
4384.102457
4375.897329
4369.743483
4364.102457
4357.948611
4353.846047
4351.794765
4345.128099
4342.051176
4351.281945
4366.153739
4373.333226
4377.43579
4375.897329
4367.692201
4365.128098
4368.717842
4368.205021
4365.640919
4364.615278
4363.589637
4362.563996
4366.66656
4377.948611
4384.102457
4384.102457
4386.666559
4388.717841
4384.102457
4383.589636
4383.589636
4376.92297
4373.846047
4377.43579
4376.92297
4375.897329
4378.974252
4374.358867
4367.17938
4368.717842
4371.281944
4365.128098
4362.051175
4367.692201
4370.256303
4365.640919
4363.589637
4370.256303
4371.794765
4366.66656
4364.615278
4369.230662
4376.92297
4382.051175
4380.512713
4377.43579
4377.43579
4381.538354
4383.076816
4384.102457
4386.666559
4383.589636
4371.281944
4364.102457
4366.153739
4365.128098
4363.589637
4365.128098
4369.230662
4372.820406
4370.769124
4369.743483
4375.384508
4377.43579
4374.358867
4375.384508
4378.461431
4376.92297
4374.871688
4373.333226
4372.307585
4369.230662
4362.563996
4364.102457
4375.384508
4379.487072
4375.384508
4374.871688
4376.92297
4381.025534
4381.025534
4375.897329
4372.307585
4373.333226
4371.281944
4367.692201
4364.615278
4359.487073
4355.897329
4352.820406
4351.281945
4351.794765
4352.820406
4355.897329
4362.563996
4365.128098
4363.076816
4362.563996
4362.051175
4361.025534
4364.615278
4369.743483
4373.846047
4374.358867
4370.256303
4368.717842
4370.769124
4372.820406
4373.333226
4371.794765
4368.205021
4369.230662
4373.333226
4375.897329
4376.92297
4374.871688
4369.230662
4365.640919
4360.512714
4345.128099
4326.666561
4321.025535
4325.64092
4328.205022
4328.717843
4330.256304
4334.358868
4337.948612
4338.461432
4337.948612
4341.538355
4343.076817
4343.589637
4347.179381
4339.999894
4324.615279
4319.999894
4325.64092
4325.128099
4322.563997
4322.563997
4319.487074
4314.358869
4309.230664
4308.205023
4312.820407
4312.307587
4305.1281
4301.025536
4306.153741
4311.281946
4311.281946
4306.666561
4305.64092
4307.179382
4305.1281
4306.666561
4312.820407
4318.974253
4324.102458
4327.692202
4326.666561
4323.589638
4322.563997
4322.051176
4327.179381
4333.333227
4328.717843
4318.461433
4314.358869
4303.076818
4285.640921
4281.538357
4289.230664
4292.307587
4295.897331
4303.076818
4306.153741
4302.563997
4296.922972
4290.769126
4286.666562
4288.205023
4287.179382
4279.999895
4277.435793
4279.487075
4279.999895
4279.487075
4277.435793
4276.922972
4281.025536
4284.61528
4282.563998
4285.640921
4294.358869
4296.410151
4293.333228
4294.358869
4294.358869
4290.769126
4293.846049
4295.38451
4290.256305
4288.717844
4293.333228
4297.435792
4301.538356
4305.1281
4304.615279
4300.512715
4302.051177
4310.769125
4314.871689
4309.743484
4310.769125
4319.999894
4318.974253
4310.769125
4312.820407
4318.461433
4313.333228
4311.281946
4316.410151
4317.948612
4318.461433
4324.615279
4330.769125
4332.307586
4329.743484
4326.15374
4323.589638
4324.102458
4319.999894
4312.307587
4314.871689
4324.102458
4324.102458
4315.38451
4316.922971
4326.15374
4331.281945
4333.333227
4334.871689
4333.846048
4329.743484
4327.179381
4324.615279
4324.102458
4323.076817
4314.358869
4309.230664
4312.820407
4311.281946
4306.666561
4306.666561
4308.205023
4311.794766
4315.89733
4310.256305
4303.076818
4304.615279
4306.666561
4305.1281
4303.076818
4303.589638
4303.589638
4304.102459
4309.230664
4317.948612
4321.025535
4324.102458
4336.41015
4345.640919
4343.589637
4344.102458
4348.717842
4345.640919
4337.435791
4331.794766
4327.179381
4324.615279
4326.666561
4332.307586
4333.846048
4325.64092
4322.563997
4327.692202
4329.230663
4330.256304
4334.871689
4332.820407
4328.717843
4330.769125
4335.384509
4339.487073
4342.563996
4338.974253
4332.820407
4327.692202
4322.563997
4327.179381
4336.41015
4338.974253
4336.922971
4340.512714
4349.230663
4349.230663
4336.41015
4331.281945
4338.461432
4339.487073
4334.871689
4336.41015
4337.435791
4336.41015
4339.999894
4341.025535
4338.974253
4342.051176
4343.589637
4338.974253
4341.538355
4350.256304
4348.205022
4342.051176
4348.717842
4350.769124
4341.538355
4344.615278
4356.41015
4353.846047
4341.025535
4337.435791
4342.563996
4346.66656
4346.66656
4350.769124
4351.281945
4348.717842
4351.794765
4356.92297
4359.487073
4363.589637
4364.102457
4358.461432
4356.41015
4357.948611
4360.512714
4361.538355
4362.563996
4364.615278
4366.153739
4363.589637
4362.051175
4359.999893
4357.948611
4358.461432
4365.128098
4373.333226
4371.281944
4363.076816
4364.615278
4368.205021
4359.999893
4353.846047
4359.999893
4368.205021
4365.640919
4362.051175
4362.563996
4363.076816
4359.999893
4357.435791
4358.974252
4362.051175
4365.128098
4364.615278
4359.487073
4356.41015
4355.897329
4353.846047
4352.820406
4355.897329
4356.92297
4355.384509
4360.512714
4362.051175
4359.487073
4359.999893
4358.974252
4353.333227
4352.820406
4356.41015
4359.487073
4358.974252
4354.871688
4354.871688
4359.487073
4359.999893
4354.871688
4349.743483
4346.66656
4349.230663
4351.281945
4350.769124
4352.820406
4359.999893
4362.051175
4357.948611
4357.948611
4357.435791
4351.281945
4343.076817
4336.922971
4339.487073
4349.230663
4354.358868
4357.948611
4362.563996
4362.051175
4361.538355
4364.102457
4358.461432
4354.871688
4362.563996
4371.794765
4375.384508
4378.461431
4376.410149
4367.692201
4360.512714
4357.435791
4354.358868
4349.230663
4350.256304
4358.974252
4366.66656
4369.230662
4373.333226
4377.43579
4378.461431
4387.17938
4396.410149
4391.281944
4382.051175
4382.563995
4382.051175
4375.897329
4373.333226
4374.871688
4373.333226
4372.307585
4376.410149
4377.43579
4374.358867
4379.487072
4385.128098
4384.615277
4387.17938
4390.256303
4388.717841
4384.615277
4386.666559
4388.717841
4383.076816
4378.974252
4383.076816
4382.563995
4379.487072
4382.563995
4384.102457
4385.640918
4391.794764
4394.871687
4390.256303
4386.153739
4388.717841
4389.743482
4381.538354
4376.410149
4380.512713
4381.025534
4374.358867
4374.871688
4382.051175
4387.17938
4387.6922
4385.640918
4383.589636
4383.076816
4381.538354
4376.410149
4374.358867
4371.281944
4366.66656
4369.743483
4376.410149
4378.974252
4384.615277
4391.794764
4393.333226
4389.743482
4382.563995
4374.871688
4377.948611
4384.102457
4378.974252
4371.794765
4370.256303
4369.230662
4369.743483
4378.974252
4386.666559
4386.666559
4382.563995
4374.871688
4367.692201
4370.256303
4372.307585
4366.153739
4363.076816
4366.66656
4368.205021
4367.17938
4369.230662
4370.256303
4372.820406
4370.256303
4366.153739
4368.205021
4373.333226
4370.256303
4359.999893
4355.897329
4359.999893
4358.461432
4350.769124
4351.794765
4357.948611
4355.384509
4352.307586
4356.92297
4358.461432
4355.384509
4354.871688
4359.487073
4355.897329
4345.128099
4342.051176
4350.769124
4355.897329
4352.307586
4348.717842
4347.692201
4346.15374
4342.051176
4339.487073
4340.512714
4348.717842
4357.948611
4361.538355
4358.461432
4352.307586
4347.692201
4348.717842
4346.66656
4341.025535
4342.563996
4348.205022
4349.743483
4345.640919
4344.615278
4349.743483
4355.384509
4353.846047
4350.769124
4359.487073
4367.692201
4362.051175
4359.999893
4365.128098
4359.999893
4351.281945
4354.358868
4355.384509
4354.871688
4358.974252
4358.461432
4355.384509
4354.358868
4354.358868
4356.92297
4362.051175
4359.487073
4354.358868
4353.846047
4352.820406
4351.281945
4354.358868
4354.358868
4348.205022
4345.128099
4348.205022
4354.358868
4364.615278
4369.743483
4363.076816
4359.999893
4363.076816
4365.640919
4363.589637
4354.871688
4349.230663
4360.512714
4366.66656
4356.41015
4353.846047
4358.974252
4361.025534
4363.589637
4363.076816
4353.333227
4355.897329
4366.66656
4366.153739
4364.102457
4367.692201
4366.66656
4363.076816
4364.102457
4369.230662
4371.281944
4368.717842
4368.717842
4371.794765
4363.589637
4359.999893
4369.230662
4367.17938
4361.538355
4369.743483
4376.92297
4375.897329
4379.487072
4384.102457
4381.025534
4376.410149
4378.461431
4381.025534
4378.461431
4373.846047
4373.846047
4380.512713
4387.6922
4388.717841
4384.615277
4379.999893
4373.333226
4376.410149
4385.128098
4383.589636
4372.820406
4368.717842
4368.717842
4369.230662
4374.871688
4378.461431
4375.897329
4372.307585
4371.794765
4374.871688
4379.487072
4381.538354
4383.076816
4385.128098
4389.743482
4387.17938
4365.640919
4338.461432
4335.384509
4345.128099
4340.512714
4334.871689
4339.999894
4344.102458
4347.179381
4352.307586
4349.230663
4344.102458
4344.615278
4345.640919
4344.102458
4346.66656
4347.179381
4349.743483
4357.948611
4361.538355
4350.256304
4342.051176
4344.615278
4342.051176
4335.89733
4336.922971
4337.435791
4336.41015
4344.102458
4349.230663
4346.66656
4344.615278
4344.102458
4341.025535
4337.948612
4336.922971
4339.487073
4341.538355
4339.487073
4338.461432
4339.487073
4339.487073
4339.999894
4345.640919
4349.230663
4345.640919
4338.974253
4336.922971
4336.922971
4338.461432
4340.512714
4343.589637
4344.102458
4343.076817
4344.615278
4348.205022
4352.820406
4353.846047
4350.769124
4351.794765
4359.487073
4363.076816
4363.076816
4364.102457
4367.692201
4368.205021
4366.153739
4367.692201
4375.384508
4377.43579
4370.769124
4365.640919
4365.640919
4371.281944
4374.358867
4372.820406
4371.281944
4365.640919
4357.435791
4356.92297
4361.025534
4360.512714
4357.948611
4362.051175
4370.256303
4372.820406
4369.743483
4368.205021
4372.307585
4379.487072
4383.076816
4380.512713
4381.025534
4379.487072
4369.743483
4367.17938
4374.358867
4376.92297
4379.487072
4385.640918
4388.717841
4390.256303
4386.666559
4371.794765
4363.076816
4367.17938
4371.281944
4374.871688
4377.948611
4381.538354
4384.615277
4384.102457
4381.538354
4383.589636
4385.128098
4384.102457
4381.025534
4378.974252
4384.615277
4388.717841
4385.128098
4386.153739
4389.743482
4385.128098
4379.487072
4379.999893
4381.025534
4378.461431
4375.897329
4375.897329
4378.461431
4380.512713
4381.538354
4380.512713
4371.281944
4366.66656
4376.410149
4377.948611
4370.256303
4373.846047
4376.410149
4371.281944
4368.717842
4371.794765
4375.384508
4376.92297
4371.281944
4366.66656
4367.692201
4367.692201
4366.153739
4366.66656
4369.743483
4373.846047
4370.256303
4367.692201
4374.871688
4376.410149
4370.256303
4368.717842
4373.333226
4376.92297
4379.999893
4379.487072
4376.92297
4374.871688
4375.384508
4378.974252
4382.051175
4381.025534
4378.461431
4382.563995
4387.6922
4385.640918
4382.051175
4383.589636
4382.563995
4374.871688
4373.333226
4378.974252
4382.563995
4381.538354
4380.512713
4382.563995
4382.563995
4377.43579
4379.999893
4388.717841
4382.563995
4368.717842
4371.281944
4375.897329
4370.769124
4363.589637
4362.051175
4365.128098
4368.205021
4366.66656
4364.102457
4367.692201
4375.897329
4380.512713
4381.538354
4382.563995
4378.974252
4373.333226
4369.743483
4367.692201
4367.692201
4372.307585
4375.897329
4377.948611
4378.461431
4377.43579
4383.076816
4387.17938
4386.666559
4387.17938
4387.6922
4383.589636
4377.948611
4371.794765
4369.230662
4371.281944
4374.358867
4378.461431
4379.999893
4377.948611
4380.512713
4383.076816
4382.563995
4384.102457
4378.974252
4369.743483
4375.384508
4383.589636
4379.487072
4379.487072
4385.640918
4386.153739
4382.563995
4380.512713
4379.487072
4381.025534
4376.92297
4368.717842
4367.17938
4371.794765
4374.871688
4377.43579
4384.615277
4388.717841
4385.128098
4376.92297
4373.333226
4370.769124
4369.743483
4375.384508
4378.974252
4375.384508
4376.410149
4378.461431
4372.820406
4371.794765
4378.461431
4381.538354
4378.461431
4375.897329
4375.384508
4380.512713
4387.17938
4387.17938
4381.025534
4382.051175
4387.6922
4381.538354
4370.256303
4370.769124
4377.43579
4381.025534
4380.512713
4380.512713
4385.128098
4386.153739
4385.128098
4387.17938
4384.102457
4375.384508
4374.358867
4377.948611
4381.025534
4383.076816
4382.563995
4383.589636
4387.17938
4382.563995
4371.281944
4364.615278
4367.692201
4371.281944
4367.17938
4363.589637
4362.563996
4360.512714
4359.999893
4361.538355
4363.589637
4368.205021
4366.66656
4359.487073
4358.974252
4357.948611
4352.820406
4356.92297
4365.128098
4362.051175
4354.358868
4351.281945
4355.897329
4361.025534
4362.051175
4356.92297
4352.307586
4350.769124
4351.794765
4351.281945
4350.256304
4355.897329
4363.589637
4363.076816
4358.974252
4354.871688
4347.692201
4345.128099
4348.717842
4350.256304
4348.205022
4344.615278
4343.076817
4350.769124
4354.871688
4352.307586
4361.538355
4373.846047
4373.846047
4374.871688
4380.512713
4379.487072
4376.92297
4372.820406
4367.692201
4369.230662
4371.794765
4366.66656
4367.17938
4373.333226
4372.820406
4373.846047
4381.025534
4381.538354
4371.281944
4365.640919
4368.717842
4371.794765
4374.358867
4380.512713
4383.076816
4376.410149
4369.230662
4372.307585
4376.92297
4374.871688
4369.743483
4371.281944
4370.256303
4364.615278
4366.153739
4372.820406
4370.256303
4363.076816
4368.205021
4374.358867
4368.205021
4359.999893
4362.563996
4366.153739
4365.640919
4368.205021
4372.307585
4374.358867
4376.92297
4377.948611
4372.820406
4366.153739
4362.051175
4362.051175
4363.589637
4367.692201
4368.717842
4370.256303
4375.897329
4378.461431
4378.974252
4384.102457
4378.461431
4364.102457
4362.051175
4368.205021
4367.17938
4363.589637
4366.66656
4375.897329
4382.051175
4381.538354
4381.538354
4381.538354
4382.051175
4379.999893
4377.948611
4378.974252
4378.461431
4374.358867
4372.820406
4375.384508
4378.974252
4380.512713
4382.051175
4383.589636
4382.563995
4381.025534
4376.92297
4375.384508
4381.538354
4386.666559
4382.051175
4386.153739
4400.512713
4399.999892
4384.102457
4375.897329
4381.538354
4386.153739
4378.461431
4369.230662
4371.794765
4371.794765
4365.640919
4366.153739
4374.358867
4383.589636
4388.717841
4385.128098
4377.43579
4372.820406
4368.717842
4362.051175
4352.820406
4342.563996
4336.922971
4341.025535
4353.333227
4368.717842
4373.846047
4368.717842
4363.589637
4365.128098
4365.128098
4362.563996
4361.025534
4361.025534
4364.615278
4368.205021
4371.281944
4379.999893
4390.769123
4390.256303
4383.076816
4381.025534
4380.512713
4373.846047
4369.230662
4369.230662
4370.256303
4370.769124
4371.794765
4371.281944
4368.205021
4368.717842
4373.846047
4377.948611
4374.871688
4370.256303
4374.358867
4380.512713
4377.948611
4370.769124
4367.692201
4370.769124
4375.384508
4378.461431
4373.846047
4370.769124
4377.43579
4382.051175
4375.897329
4372.307585
4376.92297
4377.948611
4375.897329
4377.43579
4376.92297
4369.743483
4370.769124
4375.897329
4371.794765
4364.102457
4365.128098
4369.743483
4368.205021
4368.205021
4379.487072
4386.153739
4379.999893
4376.92297
4378.461431
4375.384508
4373.846047
4381.538354
4384.615277
4379.999893
4375.384508
4375.384508
4374.871688
4371.281944
4366.153739
4365.128098
4372.307585
4377.43579
4376.92297
4376.410149
4373.846047
4366.66656
4364.102457
4368.717842
4370.256303
4368.205021
4370.769124
4376.410149
4376.410149
4375.384508
4378.974252
4379.487072
4376.410149
4375.897329
4372.307585
4368.717842
4372.307585
4374.358867
4374.358867
4378.974252
4380.512713
4373.846047
4366.153739
4367.17938
4372.820406
4373.333226
4370.256303
4374.358867
4381.538354
4377.43579
4367.692201
4366.153739
4371.794765
4366.153739
4353.333227
4353.333227
4365.128098
4370.256303
4370.769124
4374.358867
4372.820406
4365.640919
4363.589637
4368.205021
4370.769124
4369.230662
4367.17938
4368.717842
4374.871688
4381.025534
4383.076816
4383.076816
4381.538354
4378.974252
4371.281944
4364.102457
4364.615278
4366.153739
4365.640919
4371.281944
4376.410149
4373.333226
4370.769124
4373.846047
4374.871688
4375.384508
4377.948611
4371.794765
4365.640919
4372.820406
4379.999893
4373.846047
4373.333226
4384.102457
4390.769123
4390.769123
4386.153739
4377.948611
4370.769124
4368.717842
4369.743483
4371.281944
4372.820406
4373.846047
4372.820406
4374.358867
4378.974252
4377.948611
4371.281944
4367.692201
4364.615278
4362.051175
4367.17938
4372.307585
4373.333226
4377.948611
4382.563995
4376.410149
4367.692201
4367.17938
4374.358867
4375.897329
4370.769124
4367.692201
4373.333226
4376.92297
4375.897329
4375.384508
4381.538354
4387.17938
4382.563995
4379.999893
4379.487072
4372.820406
4373.333226
4382.563995
4379.487072
4372.307585
4375.384508
4378.974252
4377.948611
4374.358867
4370.256303
4370.256303
4371.794765
4373.846047
4378.461431
4379.487072
4378.974252
4383.076816
4380.512713
4369.230662
4365.640919
4369.743483
4377.43579
4383.589636
4385.640918
4382.563995
4375.384508
4374.358867
4381.025534
4387.6922
4391.281944
4397.43579
4397.43579
4386.666559
4375.897329
4371.281944
4369.743483
4368.205021
4366.66656
4363.589637
4359.999893
4361.538355
4364.615278
4367.17938
4370.769124
4375.384508
4378.974252
4377.43579
4375.384508
4377.948611
4374.358867
4364.102457
4365.640919
4376.92297
4384.102457
4382.563995
4378.461431
4376.410149
4377.948611
4376.410149
4370.769124
4365.128098
4364.102457
4368.205021
4373.333226
4377.43579
4374.358867
4371.281944
4372.307585
4365.640919
4352.820406
4355.384509
4364.102457
4356.92297
4351.281945
4366.153739
4380.512713
4384.102457
4387.17938
4388.205021
4384.102457
4381.538354
4383.589636
4384.102457
4384.102457
4384.615277
4386.666559
4387.17938
4384.102457
4380.512713
4380.512713
4384.102457
4389.743482
4390.256303
4385.128098
4386.153739
4393.333226
4393.333226
4389.743482
4391.794764
4390.256303
4384.615277
4386.666559
4393.846046
4390.769123
4384.102457
4386.153739
4387.17938
4390.256303
4401.025533
4397.94861
4388.205021
4393.846046
4391.794764
4378.461431
4379.487072
4386.666559
4386.666559
4386.153739
4384.615277
4383.589636
4383.076816
4380.512713
4381.538354
4386.666559
4390.769123
4392.820405
4385.128098
4377.43579
4379.999893
4383.589636
4383.589636
4381.025534
4380.512713
4382.051175
4384.102457
4380.512713
4376.410149
4379.999893
4383.589636
4383.589636
4383.589636
4383.589636
4382.051175
4382.051175
4383.589636
4382.051175
4377.43579
4374.871688
4376.410149
4377.43579
4374.358867
4375.897329
4380.512713
4382.051175
4386.153739
4393.846046
4394.871687
4388.205021
4383.076816
4382.563995
4384.102457
4384.615277
4380.512713
4374.358867
4375.384508
4377.948611
4376.92297
4372.820406
4371.281944
4369.743483
4367.17938
4372.307585
4384.615277
4387.6922
4381.025534
4378.461431
4375.384508
4369.743483
4369.230662
4373.333226
4376.410149
4377.948611
4376.410149
4377.948611
4379.999893
4376.410149
4374.871688
4380.512713
4385.640918
4386.153739
4386.153739
4387.17938
4392.307585
4392.820405
4387.6922
4388.205021
4388.205021
4377.948611
4372.820406
4376.92297
4378.974252
4376.92297
4378.974252
4382.563995
4384.102457
4384.102457
4390.256303
4394.358867
4386.666559
4383.589636
4388.205021
4386.153739
4379.487072
4383.076816
4388.717841
4385.128098
4379.487072
4383.076816
4388.717841
4384.102457
4381.025534
4386.153739
4387.6922
4391.281944
4400.512713
4402.051174
4400.512713
4399.999892
4394.358867
4389.743482
4395.384508
4399.487072
4394.358867
4386.666559
4388.717841
4394.358867
4394.871687
4397.43579
4404.615277
4405.640918
4397.94861
4389.743482
4386.153739
4388.205021
4391.794764
4393.333226
4390.769123
4389.743482
4394.358867
4396.410149
4392.307585
4390.256303
4392.820405
4392.820405
4392.820405
4396.922969
4401.025533
4395.897328
4390.769123
4390.256303
4389.230662
4387.6922
4388.205021
4384.615277
4382.051175
4383.589636
4386.666559
4387.17938
4384.615277
4383.076816
4385.640918
4388.717841
4386.666559
4387.17938
4391.281944
4391.281944
4386.153739
4387.17938
4390.256303
4388.717841
4391.281944
4398.461431
4394.871687
4387.17938
4383.076816
4382.563995
4387.17938
4390.769123
4390.769123
4391.794764
4388.205021
4376.410149
4371.281944
4375.897329
4382.051175
4382.051175
4379.999893
4381.025534
4387.6922
4390.769123
4391.281944
4392.820405
4392.307585
4389.230662
4384.615277
4384.615277
4387.6922
4390.769123
4393.846046
4395.384508
4389.743482
4382.051175
4385.128098
4396.410149
4399.487072
4389.743482
4381.025534
4385.128098
4395.384508
4395.384508
4382.563995
4377.948611
4384.615277
4386.153739
4384.615277
4387.6922
4391.281944
4388.717841
4388.205021
4391.281944
4396.410149
4403.589636
4410.256302
4409.230661
4403.589636
4403.076815
4402.563995
4403.076815
4404.615277
4403.589636
4401.025533
4401.025533
4404.102456
4411.281943
4415.897328
4412.820405
4409.743482
4411.794764
4411.281943
4408.717841
4406.153738
4408.20502
4413.846046
4416.922969
4411.281943
4405.128097
4410.769123
4411.281943
4400.512713
4399.487072
4411.281943
4417.435789
4415.384507
4412.307584
4408.20502
4407.179379
4404.615277
4397.43579
4395.384508
4399.487072
4401.025533
4399.999892
4395.384508
4392.307585
4394.358867
4400.512713
4403.589636
4404.102456
4401.538354
4395.384508
4388.205021
4383.076816
4383.589636
4386.666559
4388.205021
4386.153739
4384.615277
4387.6922
4393.846046
4393.846046
4387.17938
4383.076816
4383.589636
4382.051175
4381.538354
4381.025534
4380.512713
4381.538354
4380.512713
4375.384508
4374.871688
4377.43579
4372.307585
4369.230662
4370.769124
4367.692201
4363.589637
4365.640919
4370.769124
4371.794765
4374.358867
4381.538354
4384.102457
4385.640918
4392.307585
4393.846046
4387.6922
4387.17938
4389.743482
4385.128098
4385.128098
4390.769123
4392.307585
4386.153739
4383.589636
4385.128098
4384.615277
4382.563995
4384.102457
4387.6922
4387.6922
4386.666559
4389.230662
4392.307585
4389.743482
4387.6922
4386.666559
4384.102457
4387.17938
4395.384508
4391.794764
4381.538354
4379.487072
4383.076816
4387.6922
4392.820405
4391.281944
4389.230662
4393.846046
4394.358867
4389.230662
4387.17938
4385.640918
4390.256303
4397.94861
4392.307585
4383.076816
4386.153739
4391.281944
4389.230662
4389.230662
4390.769123
4391.794764
4391.281944
4387.6922
4387.17938
4390.769123
4396.922969
4401.538354
4404.615277
4405.128097
4402.051174
4397.43579
4397.94861
4400.512713
4395.897328
4390.769123
4395.897328
4395.384508
4392.307585
4396.410149
4395.384508
4390.769123
4394.871687
4398.461431
4392.307585
4390.256303
4394.358867
4395.897328
4394.871687
4398.974251
4399.487072
4395.384508
4401.025533
4403.589636
4392.307585
4390.256303
4396.922969
4394.358867
4393.333226
4399.487072
4401.538354
4400.512713
4402.051174
4401.538354
4407.6922
4418.46143
4416.922969
4404.102456
4400.512713
4404.615277
4402.051174
4396.410149
4395.384508
4394.871687
4396.922969
4400.512713
4399.487072
4396.410149
4394.358867
4394.871687
4394.358867
4394.358867
4397.94861
4405.640918
4407.6922
4404.102456
4405.640918
4406.153738
4402.051174
4405.640918
4415.384507
4413.846046
4408.717841
4411.794764
4412.820405
4407.6922
4406.153738
4404.615277
4397.94861
4396.410149
4398.974251
4404.102456
4409.743482
4409.743482
4410.256302
4414.358866
4409.743482
4401.538354
4402.051174
4405.128097
4402.563995
4399.487072
4389.230662
4377.948611
4375.384508
4378.974252
4379.999893
4380.512713
4384.615277
4388.205021
4390.256303
4391.794764
4392.820405
4389.743482
4385.640918
4384.102457
4384.102457
4382.563995
4374.358867
4364.102457
4365.640919
4371.794765
4369.743483
4361.025534
4355.384509
4354.358868
4354.358868
4348.717842
4326.15374
4305.1281
4306.666561
4316.922971
4314.358869
4308.205023
4301.538356
4294.358869
4295.38451
4307.692202
4323.076817
4335.89733
4340.512714
4342.563996
4345.128099
4345.640919
4350.256304
4359.999893
4358.461432
4345.640919
4348.717842
4364.102457
4369.743483
4363.589637
4359.999893
4364.615278
4366.153739
4357.948611
4352.307586
4356.92297
4361.025534
4361.025534
4363.076816
4362.563996
4362.051175
4366.153739
4366.153739
4359.487073
4357.435791
4369.743483
4379.487072
4376.92297
4372.307585
4373.846047
4373.846047
4371.281944
4370.769124
4368.717842
4368.205021
4371.794765
4370.769124
4363.076816
4358.974252
4355.384509
4352.820406
4354.871688
4351.281945
4343.589637
4349.230663
4353.846047
4349.230663
4352.820406
4359.487073
4356.41015
4352.307586
4356.92297
4361.025534
4359.999893
4352.307586
4347.692201
4353.846047
4363.076816
4366.66656
4366.153739
4363.589637
4361.025534
4362.051175
4364.102457
4362.051175
4363.589637
4370.769124
4374.358867
4369.743483
4362.563996
4362.563996
4370.769124
4372.307585
4368.205021
4373.333226
4377.43579
4371.281944
4369.230662
4371.281944
4369.743483
4371.281944
4369.230662
4357.435791
4347.692201
4346.15374
4347.179381
4348.717842
4353.846047
4355.384509
4351.281945
4348.717842
4347.692201
4344.615278
4345.128099
4348.717842
4347.179381
4344.615278
4346.15374
4345.128099
4344.102458
4350.256304
4355.897329
4354.871688
4356.92297
4362.563996
4356.41015
4346.15374
4346.66656
4353.333227
4356.92297
4358.974252
4357.948611
4359.999893
4365.640919
4366.153739
4362.051175
4359.999893
4355.384509
4349.743483
4351.794765
4356.41015
4357.948611
4360.512714
4360.512714
4354.871688
4353.333227
4353.846047
4351.794765
4351.794765
4354.358868
4354.358868
4358.461432
4364.102457
4358.974252
4352.820406
4349.230663
4345.128099
4345.640919
4350.769124
4350.769124
4352.307586
4356.92297
4354.871688
4353.846047
4359.487073
4362.563996
4356.41015
4352.820406
4355.384509
4349.743483
4337.948612
4342.563996
4354.358868
4356.41015
4356.92297
4362.563996
4359.999893
4353.333227
4353.333227
4355.897329
4353.846047
4352.820406
4357.948611
4358.974252
4357.948611
4360.512714
4361.538355
4358.461432
4358.461432
4358.974252
4356.41015
4352.820406
4351.281945
4355.384509
4361.025534
4359.999893
4361.025534
4364.615278
4363.589637
4360.512714
4355.384509
4351.281945
4355.384509
4363.589637
4364.615278
4361.538355
4358.974252
4355.384509
4350.769124
4351.794765
4353.333227
4355.384509
4358.974252
4358.974252
4356.41015
4353.846047
4349.230663
4347.692201
4354.871688
4358.461432
4356.41015
4359.487073
4361.025534
4359.487073
4356.41015
4349.230663
4344.615278
4346.15374
4350.769124
4356.41015
4357.435791
4351.794765
4349.743483
4349.230663
4343.076817
4348.205022
4359.999893
4362.051175
4361.025534
4364.615278
4363.076816
4355.897329
4351.281945
4351.794765
4354.871688
4355.384509
4349.230663
4347.692201
4354.871688
4358.461432
4353.333227
4350.769124
4354.358868
4355.897329
4355.897329
4360.512714
4367.17938
4368.205021
4363.589637
4359.999893
4353.846047
4346.15374
4346.15374
4352.307586
4354.358868
4350.256304
4350.769124
4359.999893
4362.563996
4354.871688
4354.871688
4363.076816
4358.974252
4351.794765
4350.256304
4347.692201
4347.692201
4360.512714
4370.256303
4366.153739
4360.512714
4359.487073
4361.025534
4364.615278
4370.769124
4363.589637
4350.256304
4350.256304
4362.563996
4368.205021
4364.102457
4358.461432
4353.846047
4356.41015
4359.487073
4357.948611
4359.487073
4359.999893
4356.41015
4356.92297
4357.435791
4350.769124
4350.769124
4361.025534
4364.102457
4359.999893
4358.974252
4362.563996
4367.17938
4369.230662
4370.769124
4369.743483
4368.205021
4369.743483
4369.743483
4365.640919
4365.128098
4367.692201
4369.230662
4367.17938
4366.153739
4371.281944
4376.410149
4367.17938
4356.92297
4361.538355
4365.640919
4357.948611
4353.846047
4358.461432
4361.538355
4364.615278
4373.333226
4377.43579
4371.281944
4367.692201
4370.256303
4372.820406
4371.281944
4370.769124
4371.281944
4368.205021
4365.640919
4367.17938
4375.897329
4379.487072
4371.794765
4369.230662
4372.820406
4366.153739
4362.563996
4368.717842
4368.717842
4369.743483
4376.410149
4373.333226
4366.66656
4364.615278
4359.999893
4355.897329
4359.487073
4366.66656
4375.384508
4379.999893
4375.897329
4377.43579
4379.999893
4370.769124
4362.563996
4370.769124
4377.948611
4373.333226
4369.743483
4370.769124
4369.743483
4367.692201
4371.281944
4372.307585
4368.205021
4373.846047
4385.640918
4382.563995
4379.999893
4385.640918
4382.051175
4374.871688
4380.512713
4382.563995
4373.333226
4369.230662
4373.333226
4374.871688
4372.820406
4371.281944
4368.205021
4370.256303
4382.051175
4386.153739
4378.461431
4378.461431
4383.589636
4376.410149
4362.051175
4356.92297
4362.563996
4371.794765
4376.92297
4374.358867
4366.153739
4364.102457
4369.230662
4372.820406
4374.871688
4374.871688
4372.820406
4374.358867
4382.051175
4382.051175
4374.358867
4374.871688
4379.999893
4381.025534
4376.410149
4374.358867
4377.948611
4380.512713
4380.512713
4384.102457
4389.230662
4387.6922
4383.076816
4384.102457
4386.666559
4387.6922
4384.615277
4385.128098
4390.769123
4387.6922
4372.820406
4366.66656
4368.205021
4365.128098
4365.640919
4375.384508
4384.615277
4387.17938
4383.076816
4376.410149
4378.461431
4385.128098
4391.794764
4398.974251
4403.589636
4402.051174
4396.922969
4391.281944
4384.615277
4376.92297
4369.743483
4368.717842
4373.846047
4381.025534
4384.615277
4381.025534
4372.820406
4368.205021
4370.256303
4378.974252
4386.153739
4386.153739
4383.589636
4382.563995
4383.076816
4384.615277
4382.563995
4373.333226
4370.256303
4377.948611
4382.563995
4378.461431
4376.92297
4374.871688
4369.230662
4371.794765
4378.461431
4377.43579
4375.897329
4376.92297
4372.307585
4368.717842
4373.333226
4375.897329
4373.333226
4375.897329
4375.897329
4370.256303
4369.230662
4371.281944
4369.743483
4369.743483
4374.871688
4377.43579
4375.384508
4379.487072
4388.205021
4390.256303
4386.666559
4386.666559
4387.6922
4379.487072
4370.256303
4371.794765
4377.43579
4374.871688
4370.769124
4371.794765
4373.846047
4372.307585
4367.17938
4366.66656
4371.794765
4373.846047
4376.410149
4382.051175
4381.025534
4381.025534
4385.128098
4383.589636
4378.974252
4377.948611
4374.871688
4369.230662
4362.563996
4361.538355
4368.717842
4373.846047
4374.358867
4376.92297
4381.538354
4384.102457
4382.563995
4375.384508
4375.384508
4383.076816
4382.563995
4378.974252
4383.076816
4386.153739
4384.615277
4384.102457
4383.589636
4383.076816
4379.487072
4374.358867
4375.897329
4381.025534
4378.461431
4374.358867
4378.461431
4380.512713
4373.846047
4370.256303
4369.743483
4370.769124
4374.358867
4378.974252
4381.538354
4379.999893
4376.410149
4377.43579
4378.974252
4372.820406
4368.205021
4375.897329
4381.025534
4372.307585
4364.615278
4368.205021
4373.333226
4370.769124
4366.153739
4366.153739
4368.205021
4365.640919
4362.051175
4367.692201
4375.384508
4373.846047
4375.384508
4383.076816
4379.999893
4372.307585
4374.358867
4379.487072
4377.948611
4375.897329
4379.999893
4385.128098
4380.512713
4378.461431
4385.128098
4384.102457
4381.538354
4388.205021
4387.17938
4378.974252
4384.102457
4388.717841
4385.640918
4385.128098
4386.666559
4384.615277
4379.487072
4373.333226
4372.307585
4373.846047
4372.820406
4374.871688
4376.410149
4374.358867
4374.358867
4383.076816
4388.205021
4385.128098
4379.999893
4378.461431
4381.538354
4383.076816
4379.999893
4374.871688
4374.871688
4379.999893
4385.640918
4389.743482
4390.256303
4388.717841
4390.769123
4393.333226
4389.230662
4385.128098
4383.589636
4375.384508
4370.256303
4373.333226
4378.461431
4381.025534
4385.128098
4387.17938
4382.051175
4377.43579
4380.512713
4385.128098
4386.666559
4389.743482
4393.846046
4396.922969
4394.358867
4384.615277
4381.025534
4384.615277
4380.512713
4377.948611
4385.128098
4382.563995
4377.43579
4384.102457
4387.17938
4384.615277
4385.640918
4385.640918
4382.563995
4378.974252
4378.974252
4385.128098
4388.205021
4385.128098
4387.17938
4389.230662
4389.743482
4391.794764
4385.128098
4377.948611
4382.051175
4389.230662
4392.307585
4397.43579
4396.922969
4389.230662
4385.640918
4384.102457
4381.025534
4384.615277
4390.769123
4392.820405
4390.256303
4387.6922
4385.640918
4384.615277
4386.666559
4388.717841
4384.102457
4380.512713
4384.615277
4385.128098
4377.948611
4373.846047
4377.948611
4379.999893
4377.43579
4374.871688
4378.974252
4386.153739
4388.717841
4385.640918
4384.102457
4387.6922
4389.230662
4384.615277
4376.92297
4376.92297
4383.076816
4384.615277
4383.076816
4386.153739
4388.205021
4386.666559
4386.153739
4388.205021
4388.717841
4386.666559
4381.025534
4378.974252
4383.076816
4384.615277
4379.487072
4375.384508
4377.948611
4383.589636
4389.743482
4388.205021
4386.153739
4389.743482
4389.230662
4384.102457
4385.640918
4388.205021
4385.640918
4386.666559
4388.205021
4382.051175
4376.92297
4382.563995
4385.640918
4385.128098
4389.743482
4394.871687
4389.743482
4386.666559
4393.846046
4394.871687
4385.640918
4382.563995
4384.102457
4380.512713
4377.948611
4380.512713
4383.589636
4384.102457
4387.6922
4393.333226
4391.281944
4384.102457
4387.17938
4394.871687
4392.307585
4386.666559
4387.17938
4386.666559
4385.640918
4389.743482
4398.461431
4402.563995
4396.410149
4391.794764
4390.256303
4384.102457
4377.43579
4379.999893
4384.615277
4390.256303
4391.794764
4387.17938
4385.128098
4386.153739
4384.102457
4384.102457
4384.102457
4379.999893
4378.461431
4377.948611
4377.948611
4378.974252
4382.563995
4385.128098
4382.051175
4376.410149
