
4316.410151
4314.358869
4312.820407
4314.871689
4315.38451
4313.846048
4314.871689
4314.871689
4313.846048
4316.410151
4318.461433
4316.410151
4315.38451
4316.922971
4315.89733
4312.820407
4313.333228
4315.89733
4315.89733
4314.358869
4314.358869
4316.410151
4316.922971
4315.38451
4313.333228
4313.333228
4313.846048
4313.333228
4313.333228
4313.846048
4312.307587
4307.692202
4304.615279
4304.102459
4301.025536
4294.358869
4288.717844
4287.179382
4286.153741
4286.666562
4286.666562
4287.692203
4289.743485
4285.1281
4276.922972
4276.410152
4276.410152
4272.307588
4272.307588
4272.820408
4270.256306
4269.743485
4266.666562
4258.974255
4250.256306
4237.948614
4226.153743
4216.922974
4203.589641
4195.897333
4198.461436
4206.153743
4220.512717
4236.410153
4245.640922
4254.871691
4266.153742
4272.820408
4275.897331
4278.461434
4282.563998
4287.692203
4287.692203
4287.692203
4289.743485
4289.230664
4290.256305
4291.794767
4292.820408
4293.846049
4296.410151
4297.948613
4298.461433
4298.461433
4297.948613
4299.487074
4303.589638
4305.64092
4303.076818
4300.512715
4302.563997
4303.589638
4305.1281
4306.153741
4305.64092
4306.153741
4306.153741
4307.692202
4310.769125
4309.743484
4307.692202
4309.743484
4310.769125
4308.717843
4307.692202
4307.692202
4308.717843
4310.256305
4312.820407
4313.846048
4313.333228
4312.307587
4312.307587
4311.281946
4311.281946
4311.281946
4311.281946
4313.333228
4311.794766
4308.717843
4310.256305
4312.820407
4313.333228
4310.769125
4309.743484
4311.281946
4311.794766
4311.281946
4312.820407
4314.358869
4313.333228
4313.333228
4313.333228
4312.307587
4313.846048
4312.307587
4308.717843
4310.256305
4314.358869
4313.333228
4312.820407
4313.846048
4311.794766
4311.281946
4313.846048
4313.333228
4310.769125
4309.230664
4311.281946
4313.846048
4313.333228
4312.820407
4313.846048
4314.871689
4313.846048
4313.333228
4313.846048
4313.846048
4313.333228
4313.846048
4314.871689
4314.871689
4314.358869
4315.89733
4314.871689
4313.846048
4314.871689
4316.410151
4315.38451
4313.333228
4313.333228
4313.846048
4314.358869
4314.358869
4314.871689
4313.846048
4313.846048
4314.358869
4313.333228
4312.307587
4314.358869
4314.871689
4313.846048
4314.358869
4315.89733
4314.871689
4314.358869
4314.358869
4314.358869
4314.358869
4313.333228
4312.820407
4312.307587
4313.333228
4314.871689
4314.358869
4312.307587
4311.794766
4313.333228
4313.333228
4312.820407
4313.846048
4314.358869
4313.846048
4312.820407
4313.333228
4313.333228
4314.358869
4316.922971
4316.410151
4312.820407
4313.333228
4315.38451
4314.871689
4313.333228
4314.358869
4315.89733
4316.410151
4314.358869
4313.333228
4313.846048
4312.307587
4311.794766
4314.358869
4314.358869
4312.820407
4312.820407
4314.358869
4313.846048
4313.333228
4314.871689
4315.89733
4313.333228
4315.38451
4320.512715
4319.487074
4313.846048
4315.38451
4320.512715
4319.999894
4316.922971
4315.89733
4314.871689
4315.38451
4318.461433
4319.999894
4318.974253
4317.948612
4318.974253
4317.948612
4317.948612
4317.948612
4317.435792
4318.974253
4321.538356
4319.487074
4315.38451
4316.410151
4317.435792
4315.38451
4316.922971
4320.512715
4318.461433
4316.410151
4317.948612
4317.435792
4316.410151
4315.89733
4314.871689
4316.922971
4321.025535
4317.948612
4313.846048
4314.871689
4316.410151
4316.410151
4317.948612
4319.999894
4318.974253
4315.89733
4316.410151
4316.410151
4313.846048
4313.333228
4317.435792
4319.487074
4315.89733
4314.871689
4316.922971
4317.435792
4314.871689
4313.333228
4315.38451
4318.461433
4319.999894
4317.948612
4313.846048
4318.461433
4322.563997
4319.487074
4318.974253
4319.487074
4316.410151
4314.871689
4316.922971
4315.38451
4315.89733
4319.999894
4320.512715
4318.461433
4317.435792
4319.487074
4321.538356
4320.512715
4318.461433
4317.435792
4318.974253
4317.948612
4317.948612
4321.025535
4320.512715
4319.999894
4321.538356
4319.999894
4317.948612
4319.999894
4322.051176
4321.025535
4318.974253
4317.948612
4319.487074
4319.487074
4316.922971
4316.410151
4318.461433
4321.025535
4320.512715
4318.974253
4320.512715
4319.999894
4318.974253
4318.461433
4317.948612
4317.435792
4317.948612
4317.948612
4318.461433
4319.487074
4317.948612
4317.948612
4320.512715
4319.999894
4317.948612
4318.974253
4321.538356
4321.025535
4321.538356
4322.051176
4319.487074
4318.974253
4320.512715
4319.999894
4317.435792
4318.461433
4321.025535
4320.512715
4319.999894
4320.512715
4322.051176
4323.076817
4322.563997
4320.512715
4319.487074
4318.974253
4317.948612
4317.948612
4318.974253
4321.025535
4323.589638
4321.538356
4318.461433
4317.435792
4316.410151
4316.410151
4317.948612
4317.948612
4317.948612
4320.512715
4320.512715
4319.487074
4318.461433
4318.974253
4319.487074
4319.487074
4318.461433
4318.974253
4319.999894
4318.974253
4319.487074
4319.999894
4317.435792
4317.948612
4320.512715
4318.974253
4317.435792
4317.948612
4317.948612
4318.461433
4321.025535
4321.025535
4319.487074
4317.948612
4316.922971
4316.922971
4318.974253
4320.512715
4321.025535
4320.512715
4319.487074
4319.999894
4320.512715
4319.487074
4318.974253
4319.999894
4318.461433
4316.922971
4317.948612
4319.999894
4320.512715
4319.487074
4318.974253
4319.999894
4321.025535
4321.538356
4321.538356
4318.974253
4317.948612
4319.999894
4320.512715
4318.974253
4319.999894
4321.538356
4322.563997
4322.563997
4319.999894
4317.435792
4318.461433
4320.512715
4321.025535
4321.538356
4322.051176
4321.025535
4320.512715
4319.999894
4318.461433
4317.948612
4319.999894
4320.512715
4319.487074
4320.512715
4321.538356
4321.025535
4318.461433
4317.435792
4319.487074
4319.487074
4318.461433
4319.999894
4320.512715
4318.974253
4318.461433
4316.410151
4317.948612
4321.538356
4319.999894
4317.435792
4320.512715
4320.512715
4318.974253
4320.512715
4320.512715
4318.461433
4318.461433
4318.974253
4318.974253
4319.999894
4322.051176
4321.538356
4320.512715
4319.999894
4319.487074
4319.999894
4322.563997
4323.076817
4319.999894
4318.974253
4321.538356
4321.538356
4318.974253
4317.948612
4321.025535
4319.999894
4318.461433
4321.538356
4323.589638
4319.999894
4316.922971
4317.948612
4318.974253
4319.487074
4320.512715
4321.025535
4321.025535
4320.512715
4320.512715
4318.461433
4317.948612
4322.051176
4322.563997
4318.974253
4318.974253
4320.512715
4318.974253
4318.974253
4319.487074
4319.487074
4320.512715
4321.538356
4321.025535
4321.025535
4320.512715
4319.487074
4319.487074
4318.974253
4318.461433
4319.487074
4318.974253
4316.922971
4318.974253
4321.025535
4319.999894
4318.974253
4316.922971
4314.871689
4316.922971
4321.538356
4320.512715
4317.435792
4317.948612
4318.461433
4317.435792
4317.435792
4321.025535
4322.563997
4319.999894
4319.999894
4321.538356
4318.461433
4316.410151
4319.487074
4321.025535
4318.974253
4319.487074
4320.512715
4319.999894
4319.487074
4319.487074
4318.461433
4321.025535
4321.538356
4317.948612
4318.974253
4322.563997
4321.538356
4319.999894
4320.512715
4319.999894
4320.512715
4322.051176
4321.025535
4318.974253
4320.512715
4322.051176
4319.999894
4318.461433
4319.487074
4318.461433
4317.435792
4318.461433
4318.461433
4318.461433
4319.999894
4318.461433
4317.435792
4319.487074
4320.512715
4320.512715
4319.999894
4318.461433
4317.948612
4318.974253
4318.974253
4318.974253
4319.487074
4319.999894
4318.461433
4317.948612
4319.487074
4321.025535
4320.512715
4319.487074
4319.487074
4321.538356
4321.025535
4317.435792
4318.974253
4320.512715
4317.948612
4316.922971
4317.435792
4316.922971
4318.461433
4320.512715
4319.487074
4318.461433
4318.974253
4319.999894
4319.999894
4318.974253
4318.974253
4319.487074
4319.487074
4319.999894
4319.999894
4318.974253
4318.461433
4319.487074
4320.512715
4318.974253
4318.461433
4319.487074
4321.538356
4322.563997
4321.538356
4318.461433
4319.999894
4321.025535
4318.461433
4317.435792
4320.512715
4322.563997
4323.076817
4321.538356
4320.512715
4323.076817
4323.589638
4320.512715
4319.999894
4321.538356
4321.538356
4322.051176
4321.538356
4318.974253
4318.461433
4322.051176
4321.025535
4317.435792
4319.487074
4323.589638
4321.538356
4317.948612
4319.487074
4322.051176
4321.538356
4321.538356
4323.076817
4320.512715
4318.461433
4318.974253
4319.999894
4321.025535
4323.076817
4322.051176
4319.999894
4321.025535
4320.512715
4322.051176
4325.128099
4322.563997
4318.974253
4322.563997
4323.076817
4318.461433
4319.999894
4321.025535
4318.461433
4318.974253
4320.512715
4318.461433
4321.025535
4324.615279
4321.538356
4318.974253
4321.538356
4323.076817
4319.487074
4318.461433
4321.538356
4322.051176
4321.025535
4321.025535
4321.025535
4321.025535
4322.051176
4321.538356
4321.538356
4322.051176
4321.538356
4318.974253
4317.948612
4321.025535
4324.615279
4322.051176
4321.025535
4322.051176
4321.538356
4320.512715
4319.487074
4319.487074
4322.051176
4323.076817
4319.487074
4319.487074
4322.051176
4321.025535
4319.999894
4321.538356
4322.051176
4322.051176
4321.025535
4322.051176
4324.102458
4321.538356
4319.487074
4322.051176
4322.051176
4319.999894
4322.051176
4320.512715
4318.461433
4320.512715
4321.538356
4321.025535
4321.538356
4321.025535
4320.512715
4321.538356
4322.051176
4321.538356
4320.512715
4321.538356
4321.538356
4321.025535
4321.025535
4322.051176
4323.076817
4323.076817
4321.025535
4322.051176
4322.051176
4318.461433
4317.948612
4321.025535
4321.025535
4322.051176
4321.538356
4318.974253
4319.999894
4321.538356
4319.487074
4317.948612
4321.025535
4323.589638
4321.025535
4318.974253
4321.025535
4321.025535
4317.948612
4319.487074
4321.025535
4318.974253
4317.948612
4319.487074
4320.512715
4320.512715
4319.999894
4320.512715
4322.051176
4321.538356
4320.512715
4320.512715
4319.999894
4318.461433
4319.487074
4320.512715
4321.025535
4321.025535
4321.025535
4320.512715
4320.512715
4319.999894
4319.487074
4321.538356
4322.563997
4319.999894
4316.922971
4318.974253
4321.538356
4320.512715
4318.974253
4320.512715
4322.051176
4321.025535
4320.512715
4321.025535
4320.512715
4320.512715
4319.999894
4318.974253
4319.999894
4322.051176
4321.025535
4317.435792
4317.435792
4319.999894
4322.051176
4321.025535
4319.487074
4318.974253
4318.461433
4318.974253
4320.512715
4319.487074
4318.461433
4318.461433
4318.974253
4319.487074
4319.999894
4318.461433
4317.435792
4318.974253
4319.487074
4319.487074
4319.999894
4319.487074
4319.999894
4321.025535
4319.999894
4319.999894
4319.487074
4318.461433
4319.487074
4320.512715
4318.461433
4317.948612
4320.512715
4321.025535
4318.974253
4317.435792
4318.974253
4321.025535
4321.538356
4319.999894
4319.487074
4319.487074
4317.948612
4318.974253
4322.051176
4322.051176
4319.999894
4319.487074
4318.461433
4318.461433
4320.512715
4321.025535
4320.512715
4321.025535
4320.512715
4320.512715
4319.999894
4318.461433
4317.435792
4317.948612
4317.948612
4318.461433
4318.461433
4318.461433
4319.999894
4319.999894
4318.974253
4318.974253
4319.999894
4318.461433
4318.974253
4319.999894
4319.487074
4319.487074
4321.538356
4319.999894
4317.948612
4318.974253
4320.512715
4318.461433
4316.410151
4316.922971
4317.948612
4317.435792
4317.948612
4318.461433
4317.948612
4317.948612
4317.435792
4316.922971
4317.435792
4317.948612
4317.948612
4317.948612
4316.922971
4318.461433
4320.512715
4316.922971
4315.38451
4319.487074
4319.999894
4316.922971
4317.948612
4317.435792
4312.820407
4314.358869
4319.487074
4317.948612
4315.89733
4318.461433
4317.435792
4314.358869
4314.871689
4316.922971
4319.487074
4321.025535
4319.487074
4318.974253
4318.974253
4317.948612
4317.435792
4318.974253
4319.999894
4319.487074
4317.435792
4318.461433
4318.974253
4317.435792
4317.435792
4318.974253
4318.974253
4318.461433
4318.974253
4319.487074
4320.512715
4319.999894
4317.435792
4317.435792
4318.974253
4318.461433
4318.974253
4319.487074
4318.461433
4317.435792
4318.461433
4318.974253
4319.999894
4319.999894
4317.948612
4318.461433
4317.435792
4312.820407
4313.846048
4318.974253
4317.948612
4315.89733
4319.487074
4321.538356
4317.435792
4314.871689
4316.922971
4320.512715
4318.461433
4315.38451
4318.461433
4319.999894
4318.461433
4315.89733
4314.871689
4314.871689
4314.871689
4313.333228
4314.871689
4318.461433
4317.435792
4315.89733
4319.487074
4319.999894
4317.435792
4317.435792
4318.461433
4315.89733
4315.38451
4319.487074
4319.487074
4317.435792
4317.948612
4319.999894
4318.461433
4318.461433
4319.999894
4318.461433
4316.922971
4319.487074
4320.512715
4318.974253
4319.487074
4319.999894
4319.487074
4318.461433
4318.974253
4318.974253
4317.948612
4317.435792
4318.461433
4318.461433
4317.948612
4317.948612
4316.922971
4315.89733
4314.871689
4316.410151
4316.410151
4315.89733
4315.89733
4317.435792
4315.38451
4313.333228
4315.89733
4316.922971
4313.846048
4312.820407
4314.871689
4315.38451
4314.358869
4317.435792
4319.487074
4315.89733
4312.820407
4314.871689
4317.435792
4315.89733
4314.358869
4314.871689
4317.435792
4318.974253
4318.974253
4317.948612
4317.435792
4316.922971
4315.38451
4313.846048
4314.871689
4315.89733
4314.871689
4314.871689
4315.38451
4315.89733
4315.89733
4315.89733
4315.89733
4313.846048
4314.871689
4318.461433
4317.435792
4317.435792
4320.512715
4317.435792
4313.846048
4318.974253
4322.051176
4318.461433
4318.461433
4318.974253
4317.948612
4318.461433
4318.974253
4317.948612
4317.435792
4318.461433
4318.974253
4316.922971
4315.89733
4318.461433
4318.461433
4316.922971
4319.487074
4319.487074
4315.89733
4318.461433
4322.051176
4319.999894
4315.89733
4316.922971
4317.948612
4314.871689
4313.846048
4319.487074
4323.076817
4318.974253
4315.89733
4318.461433
4319.999894
4315.89733
4313.333228
4314.358869
4314.871689
4315.38451
4317.948612
4316.922971
4314.871689
4317.948612
4321.025535
4317.435792
4313.846048
4315.38451
4315.89733
4314.871689
4314.871689
4314.358869
4312.820407
4314.871689
4315.89733
4312.820407
4314.358869
4315.89733
4314.358869
4317.948612
4320.512715
4316.410151
4314.871689
4317.948612
4317.435792
4315.89733
4315.89733
4314.358869
4314.871689
4314.358869
4314.871689
4316.410151
4314.871689
4312.820407
4316.922971
4318.974253
4313.846048
4312.820407
4316.922971
4315.89733
4314.871689
4317.948612
4315.89733
4312.307587
4313.846048
4314.871689
4316.410151
4319.487074
4316.922971
4312.820407
4315.38451
4316.410151
4313.333228
4315.38451
4317.948612
4314.871689
4313.333228
4315.38451
4316.410151
4315.38451
4316.410151
4314.871689
4312.307587
4313.333228
4316.410151
4315.38451
4313.333228
4314.871689
4316.922971
4316.410151
4315.89733
4316.410151
4315.89733
4313.333228
4316.410151
4319.999894
4315.38451
4312.820407
4315.89733
4315.89733
4316.410151
4318.461433
4316.410151
4313.846048
4313.846048
4314.358869
4314.871689
4314.358869
4312.307587
4312.820407
4315.38451
4314.358869
4314.358869
4316.410151
4315.38451
4313.333228
4315.89733
4317.948612
4317.435792
4316.410151
4317.948612
4317.435792
4314.358869
4313.333228
4315.38451
4314.871689
4313.846048
4314.871689
4313.846048
4313.846048
4314.871689
4314.871689
4315.89733
4315.89733
4314.358869
4314.871689
4315.38451
4313.846048
4313.846048
4314.871689
4313.846048
4313.846048
4315.89733
4317.435792
4318.461433
4317.948612
4315.89733
4314.358869
4313.846048
4314.871689
4316.922971
4316.410151
4314.358869
4314.358869
4314.871689
4313.846048
4316.922971
4319.487074
4315.38451
4314.358869
4317.948612
4317.435792
4313.846048
4314.871689
4316.410151
4314.871689
4312.820407
4314.358869
4316.922971
4315.89733
4313.846048
4316.410151
4318.461433
4316.410151
4314.358869
4315.38451
4316.410151
4314.358869
4313.333228
4315.38451
4315.38451
4314.871689
4316.922971
4316.410151
4315.38451
4316.922971
4316.922971
4313.333228
4312.820407
4314.358869
4315.38451
4316.410151
4315.89733
4313.846048
4312.820407
4315.38451
4316.922971
4315.38451
4314.871689
4315.38451
4314.358869
4314.871689
4315.38451
4313.846048
4313.846048
4315.89733
4315.89733
4314.358869
4314.358869
4314.358869
4313.846048
4313.333228
4314.871689
4316.410151
4315.38451
4314.358869
4318.974253
4321.025535
4314.871689
4312.307587
4314.871689
4316.410151
4314.871689
4314.358869
4317.948612
4321.025535
4316.410151
4312.820407
4314.871689
4315.89733
4314.358869
4314.871689
4315.89733
4316.410151
4313.846048
4312.307587
4314.871689
4315.89733
4314.358869
4313.846048
4314.871689
4315.38451
4314.358869
4313.333228
4312.820407
4314.358869
4315.38451
4313.333228
4316.410151
4320.512715
4317.435792
4311.794766
4313.333228
4315.89733
4314.358869
4314.358869
4315.38451
4315.89733
4315.89733
4315.89733
4313.846048
4313.846048
4316.410151
4315.38451
4314.358869
4317.435792
4317.948612
4314.358869
4313.846048
4316.922971
4316.922971
4314.871689
4314.358869
4316.410151
4318.974253
4315.38451
4311.794766
4313.333228
4315.89733
4316.410151
4318.461433
4317.948612
4313.333228
4312.307587
4314.871689
4315.38451
4314.358869
4313.846048
4314.358869
4314.871689
4313.846048
4314.871689
4315.89733
4314.358869
4314.358869
4316.410151
4315.89733
4316.922971
4318.461433
4317.435792
4316.410151
4317.435792
4315.89733
4314.358869
4315.89733
4316.922971
4314.871689
4313.333228
4313.846048
4315.89733
4315.89733
4313.333228
4314.358869
4318.461433
4316.922971
4313.846048
4315.89733
4316.410151
4315.89733
4317.435792
4315.89733
4313.846048
4315.38451
4316.922971
4315.38451
4312.820407
4314.358869
4317.948612
4316.922971
4316.922971
4317.948612
4316.410151
4316.922971
4318.461433
4315.89733
4313.846048
4314.358869
4314.358869
4317.435792
4317.435792
4314.871689
4315.38451
4316.410151
4315.38451
4315.38451
4316.410151
4314.871689
4313.846048
4317.948612
4319.487074
4314.871689
4313.333228
4316.922971
4316.922971
4314.358869
4313.333228
4312.307587
4313.333228
4315.38451
4315.38451
4313.333228
4311.794766
4313.333228
4316.922971
4317.948612
4317.948612
4317.948612
4315.38451
4313.333228
4313.846048
4314.871689
4315.38451
4315.89733
4313.333228
4312.307587
4313.846048
4314.871689
4313.333228
4313.846048
4315.38451
4314.871689
4314.871689
4316.410151
4314.871689
4316.410151
4320.512715
4316.922971
4312.820407
4314.358869
4314.358869
4315.38451
4315.89733
4314.358869
4317.948612
4319.999894
4314.358869
4313.846048
4317.435792
4316.410151
4315.38451
4316.922971
4314.358869
4314.358869
4316.410151
4315.89733
4314.871689
4315.38451
4315.89733
4318.461433
4318.974253
4314.871689
4314.358869
4317.435792
4316.410151
4314.871689
4316.410151
4315.38451
4312.820407
4315.38451
4318.974253
4317.948612
4317.435792
4316.922971
4314.871689
4314.358869
4314.358869
4312.820407
4314.871689
4316.410151
4315.89733
4317.435792
4316.410151
4313.846048
4316.410151
4319.999894
4316.410151
4313.333228
4315.38451
4315.89733
4315.89733
4318.461433
4318.461433
4316.922971
4316.922971
4314.358869
4314.358869
4318.974253
4318.974253
4313.333228
4313.333228
4316.410151
4315.89733
4314.358869
4314.358869
4315.89733
4315.89733
4315.38451
4316.410151
4318.461433
4320.512715
4321.025535
4318.974253
4315.38451
4315.38451
4317.948612
4316.410151
4313.333228
4314.871689
4317.948612
4316.410151
4314.358869
4316.410151
4318.974253
4316.922971
4313.333228
4314.871689
4317.948612
4316.922971
4315.89733
4316.922971
4317.948612
4316.922971
4315.38451
4317.948612
4318.461433
4314.871689
4315.89733
4319.999894
4316.922971
4313.333228
4314.358869
4313.333228
4312.820407
4317.435792
4319.487074
4314.871689
4312.307587
4316.410151
4319.999894
4318.461433
4317.948612
4318.461433
4316.410151
4315.89733
4317.435792
4315.89733
4315.38451
4316.922971
4317.435792
4318.974253
4318.461433
4314.871689
4317.435792
4319.999894
4317.948612
4319.999894
4319.487074
4313.333228
4314.358869
4316.922971
4315.38451
4316.922971
4319.487074
4317.948612
4317.948612
4318.974253
4318.461433
4319.487074
4319.487074
4317.948612
4321.025535
4321.538356
4318.461433
4317.435792
4318.974253
4317.948612
4317.435792
4317.948612
4317.435792
4317.435792
4316.922971
4318.461433
4320.512715
4319.999894
4319.999894
4320.512715
4317.435792
4314.871689
4317.435792
4320.512715
4318.461433
4317.435792
4318.461433
4319.999894
4317.948612
4317.948612
4320.512715
4320.512715
4318.461433
4318.974253
4319.487074
4317.435792
4317.435792
4316.410151
4313.333228
4312.820407
4313.846048
4314.871689
4315.38451
4314.358869
4312.307587
4313.846048
4313.333228
4310.256305
4312.820407
4316.410151
4314.358869
4313.846048
4316.410151
4315.38451
4316.922971
4320.512715
4318.974253
4315.38451
4315.89733
4318.974253
4320.512715
4320.512715
4317.948612
4314.358869
4312.820407
4315.89733
4319.487074
4319.487074
4317.435792
4316.922971
4318.974253
4318.461433
4316.410151
4315.38451
4315.89733
4317.435792
4318.974253
4316.410151
4315.89733
4318.461433
4315.89733
4313.333228
4313.846048
4314.871689
4316.410151
4319.487074
4319.487074
4315.89733
4315.89733
4318.974253
4320.512715
4321.025535
4319.487074
4316.922971
4315.38451
4318.461433
4320.512715
4317.435792
4314.871689
4317.435792
4318.461433
4317.435792
4318.974253
4316.410151
4313.846048
4316.410151
4317.948612
4316.922971
4317.948612
4319.487074
4319.487074
4317.435792
4316.410151
4317.435792
4318.974253
4318.974253
4320.512715
4319.999894
4315.38451
4313.846048
4314.358869
4314.358869
4314.358869
4314.871689
4316.922971
4318.974253
4319.487074
4318.974253
4321.025535
4322.563997
4321.538356
4321.538356
4320.512715
4319.487074
4317.435792
4318.974253
4321.538356
4318.974253
4316.410151
4316.410151
4318.974253
4318.974253
4315.38451
4313.333228
4317.435792
4317.948612
4314.358869
4316.922971
4319.999894
4317.948612
4318.461433
4319.999894
4318.461433
4316.922971
4316.410151
4317.435792
4318.461433
4319.999894
4319.999894
4319.999894
4321.025535
4322.051176
4320.512715
4319.487074
4319.999894
4321.538356
4321.538356
4319.487074
4317.435792
4315.38451
4314.358869
4317.948612
4319.999894
4317.948612
4318.974253
4319.999894
4316.922971
4315.89733
4314.871689
4314.358869
4316.410151
4315.89733
4313.846048
4315.89733
4315.38451
4314.871689
4316.922971
4314.871689
4313.846048
4318.974253
4317.948612
4312.307587
4313.333228
4315.38451
4314.358869
4316.410151
4317.435792
4317.435792
4319.487074
4317.435792
4313.846048
4313.333228
4313.846048
4312.820407
4312.820407
4314.358869
4314.358869
4314.358869
4316.922971
4318.461433
4315.89733
4313.846048
4313.333228
4314.871689
4317.948612
4316.922971
4313.333228
4314.871689
4314.871689
4312.307587
4311.794766
4313.846048
4313.846048
4313.846048
4313.846048
4316.922971
4317.948612
4313.846048
4310.769125
4316.410151
4322.051176
4318.461433
4313.846048
4313.846048
4314.358869
4313.846048
4313.846048
4313.333228
4313.846048
4315.38451
4313.846048
4313.846048
4315.38451
4314.871689
4313.846048
4314.871689
4315.38451
4316.410151
4315.38451
4314.358869
4317.435792
4318.974253
4315.89733
4315.89733
4319.487074
4317.435792
4313.846048
4315.89733
4315.89733
4314.871689
4317.435792
4317.435792
4315.38451
4318.974253
4321.025535
4319.487074
4320.512715
4321.025535
4318.461433
4316.922971
4318.461433
4318.974253
4316.410151
4313.846048
4317.948612
4319.487074
4315.89733
4315.38451
4316.410151
4316.410151
4317.948612
4319.487074
4316.922971
4317.435792
4319.487074
4315.89733
4313.846048
4317.435792
4318.974253
4315.89733
4315.89733
4316.922971
4316.410151
4317.948612
4319.487074
4316.922971
4314.358869
4316.410151
4319.999894
4318.461433
4315.38451
4315.38451
4317.435792
4318.974253
4318.461433
4316.410151
4317.948612
4318.974253
4316.922971
4316.410151
4316.410151
4315.89733
4316.410151
4314.871689
4314.358869
4317.435792
4317.435792
4315.89733
4316.922971
4318.461433
4318.974253
4319.487074
4318.461433
4318.461433
4319.487074
4319.999894
4318.974253
4316.410151
4319.487074
4320.512715
4315.89733
4314.871689
4315.38451
4315.38451
4317.435792
4318.461433
4317.435792
4318.461433
4317.435792
4314.358869
4318.461433
4321.025535
4318.974253
4319.999894
4319.487074
4315.38451
4313.333228
4316.922971
4319.999894
4318.974253
4318.461433
4318.974253
4319.487074
4318.974253
4317.435792
4316.410151
4316.410151
4314.871689
4314.358869
4314.358869
4313.846048
4313.333228
4313.846048
4316.922971
4317.948612
4316.922971
4317.435792
4317.948612
4315.38451
4316.922971
4318.461433
4313.333228
4313.333228
4318.974253
4318.974253
4316.410151
4315.38451
4314.871689
4315.38451
4315.89733
4315.38451
4315.38451
4315.38451
4317.948612
4319.487074
4314.358869
4311.794766
4317.948612
4322.051176
4316.922971
4312.307587
4315.38451
4318.461433
4315.89733
4313.846048
4314.871689
4315.89733
4316.922971
4318.461433
4318.974253
4319.487074
4317.948612
4314.871689
4314.871689
4318.461433
4318.461433
4317.435792
4319.999894
4316.922971
4312.307587
4313.846048
4315.89733
4313.846048
4316.922971
4318.974253
4318.461433
4317.435792
4316.410151
4315.89733
4316.410151
4314.871689
4314.358869
4315.89733
4315.89733
4316.922971
4316.410151
4314.871689
4315.38451
4316.410151
4315.38451
4317.948612
4318.461433
4314.871689
4314.871689
4319.487074
4319.487074
4314.358869
4314.871689
4318.974253
4315.89733
4313.846048
4319.999894
4319.999894
4312.820407
4312.820407
4319.487074
4319.487074
4313.333228
4311.794766
4317.435792
4321.025535
4318.461433
4316.410151
4319.487074
4320.512715
4315.89733
4313.333228
4317.948612
4319.999894
4315.89733
4316.410151
4318.461433
4313.846048
4312.820407
4318.974253
4318.974253
4317.948612
4319.999894
4316.922971
4313.333228
4316.410151
4317.948612
4314.871689
4315.38451
4317.948612
4318.974253
4315.38451
4312.307587
4314.358869
4315.38451
4313.846048
4312.820407
4313.846048
4314.871689
4314.871689
4312.820407
4313.846048
4317.435792
4316.922971
4314.871689
4314.871689
4314.358869
4314.871689
4316.922971
4315.38451
4313.333228
4315.38451
4314.871689
4315.89733
4319.999894
4317.435792
4311.794766
4315.38451
4319.999894
4314.358869
4310.256305
4315.38451
4319.487074
4315.89733
4312.307587
4314.871689
4317.435792
4317.435792
4317.435792
4317.948612
4317.435792
4315.38451
4316.410151
4318.974253
4315.38451
4312.820407
4318.461433
4321.025535
4315.89733
4314.358869
4317.948612
4320.512715
4318.974253
4318.461433
4318.974253
4315.89733
4313.333228
4317.435792
4319.999894
4318.974253
4316.922971
4316.922971
4318.974253
4318.461433
4314.871689
4314.871689
4317.948612
4319.487074
4317.948612
4316.922971
4317.948612
4318.461433
4318.974253
4318.461433
4317.435792
4316.410151
4314.871689
4313.846048
4316.922971
4319.487074
4314.871689
4312.820407
4316.922971
4318.461433
4315.38451
4313.333228
4315.89733
4319.487074
4317.948612
4317.435792
4318.974253
4317.435792
4313.846048
4314.871689
4318.974253
4319.487074
4318.974253
4317.948612
4319.487074
4318.461433
4312.820407
4311.794766
4315.89733
4316.922971
4314.358869
4314.871689
4314.358869
4314.358869
4317.948612
4318.974253
4315.38451
4313.846048
4317.948612
4317.948612
4314.871689
4316.410151
4319.487074
4318.974253
4316.922971
4319.487074
4318.974253
4318.461433
4318.461433
4315.89733
4314.358869
4315.38451
4317.948612
4319.487074
4318.974253
4317.948612
4317.948612
4317.435792
4317.435792
4318.974253
4316.922971
4314.871689
4317.948612
4317.435792
4313.846048
4314.358869
4314.871689
4313.333228
4312.820407
4314.871689
4315.89733
4316.410151
4316.922971
4314.358869
4314.871689
4316.922971
4316.922971
4316.410151
4315.89733
4316.922971
4317.948612
4316.410151
4314.871689
4316.410151
4317.948612
4317.948612
4317.948612
4315.38451
4313.333228
4314.358869
4313.333228
4310.769125
4314.358869
4318.974253
4316.410151
4314.871689
4317.948612
4316.922971
4313.333228
4313.846048
4313.846048
4312.820407
4312.820407
4311.281946
4312.307587
4314.871689
4314.871689
4313.846048
4315.38451
4319.487074
4319.999894
4316.922971
4314.358869
4316.922971
4316.410151
4315.89733
4318.461433
4318.461433
4317.435792
4318.974253
4319.999894
4317.435792
4317.948612
4319.999894
4319.487074
4316.922971
4315.38451
4315.38451
4314.358869
4315.38451
4315.89733
4315.38451
4314.871689
4315.38451
4314.871689
4313.333228
4313.846048
4314.358869
4313.846048
4314.358869
4314.871689
4316.922971
4316.410151
4315.89733
4317.435792
4317.948612
4316.410151
4315.38451
4315.38451
4315.38451
4313.846048
4314.871689
4319.487074
4319.487074
4312.820407
4314.871689
4318.974253
4317.435792
4316.410151
4317.948612
4317.948612
4316.922971
4317.948612
4318.974253
4317.948612
4314.358869
4314.358869
4318.974253
4316.410151
4312.307587
4313.333228
4316.922971
4317.435792
4316.410151
4316.922971
4318.461433
4317.948612
4315.38451
4316.922971
4319.999894
4318.974253
4317.435792
4317.948612
4318.974253
4318.461433
4318.461433
4319.999894
4317.948612
4313.333228
4313.846048
4319.487074
4318.974253
4316.410151
4317.948612
4316.410151
4314.871689
4316.410151
4315.38451
4313.846048
4317.948612
4317.435792
4313.846048
4314.358869
4313.846048
4313.846048
4314.358869
4314.871689
4314.871689
4315.89733
4318.461433
4319.999894
4318.461433
4316.410151
4315.89733
4315.89733
4314.871689
4313.846048
4313.846048
4318.461433
4319.487074
4315.89733
4316.922971
4321.025535
4318.974253
4316.410151
4317.948612
4317.435792
4313.333228
4314.358869
4318.461433
4316.922971
4312.820407
4311.794766
4314.871689
4317.948612
4316.410151
4314.871689
4317.948612
4321.538356
4318.974253
4315.38451
4316.922971
4319.487074
4319.999894
4316.410151
4316.410151
4320.512715
4321.025535
4316.410151
4315.38451
4319.999894
4320.512715
4317.948612
4316.922971
4317.948612
4318.974253
4319.487074
4319.999894
4317.435792
4313.846048
4317.435792
4319.999894
4316.922971
4318.461433
4317.948612
4314.358869
4315.89733
4316.922971
4313.333228
4316.410151
4319.999894
4315.38451
4312.307587
4313.333228
4316.922971
4316.410151
4313.846048
4314.871689
4319.487074
4319.487074
4316.410151
4318.461433
4319.487074
4315.38451
4315.38451
4318.461433
4315.89733
4312.820407
4318.461433
4322.051176
4319.487074
4317.435792
4317.948612
4319.487074
4315.89733
4313.846048
4314.871689
4314.358869
4314.358869
4317.948612
4317.948612
4317.435792
4318.461433
4315.38451
4312.820407
4314.358869
4316.410151
4315.89733
4315.38451
4314.871689
4315.89733
4313.846048
4311.794766
4315.38451
4316.410151
4315.89733
4319.487074
4319.999894
4315.89733
4315.89733
4315.38451
4313.333228
4315.38451
4317.435792
4317.948612
4318.974253
4315.89733
4312.307587
4316.922971
4320.512715
4317.435792
4317.435792
4318.461433
4315.38451
4313.333228
4317.948612
4318.974253
4316.922971
4317.948612
4316.922971
4313.333228
4315.89733
4321.538356
4318.974253
4313.333228
4313.846048
4315.89733
4314.871689
4313.333228
4313.846048
4313.846048
4313.846048
4317.948612
4319.487074
4317.435792
4318.461433
4317.948612
4314.358869
4314.871689
4316.410151
4315.89733
4317.435792
4318.461433
4318.461433
4318.974253
4318.461433
4318.461433
4320.512715
4318.461433
4317.435792
4318.974253
4317.435792
4314.871689
4315.38451
4314.871689
4312.820407
4313.846048
4313.846048
4313.846048
4315.89733
4316.410151
4314.358869
4314.358869
4314.871689
4315.38451
4315.89733
4317.948612
4318.974253
4315.89733
4312.307587
4315.89733
4319.487074
4318.461433
4318.461433
4319.487074
4317.435792
4316.410151
4318.974253
4317.435792
4314.871689
4315.38451
4315.38451
4315.38451
4315.89733
4315.89733
4316.410151
4317.948612
4318.974253
4319.999894
4318.461433
4312.307587
4314.358869
4321.538356
4319.999894
4316.922971
4316.410151
4316.410151
4316.410151
4316.922971
4316.410151
4316.922971
4319.487074
4317.948612
4315.38451
4315.89733
4317.948612
4315.89733
4314.358869
4314.358869
4314.358869
4314.871689
4314.358869
4314.358869
4317.435792
4318.461433
4315.38451
4313.333228
4315.89733
4318.974253
4318.974253
4315.89733
4312.820407
4312.307587
4315.89733
4317.948612
4316.410151
4316.922971
4317.435792
4317.435792
4319.487074
4318.461433
4314.358869
4318.461433
4322.051176
4317.948612
4316.922971
4316.922971
4316.410151
4316.922971
4316.922971
4314.358869
4314.871689
4317.948612
4320.512715
4316.922971
4313.846048
4316.410151
4315.89733
4314.358869
4317.435792
4317.435792
4316.922971
4321.025535
4321.025535
4315.38451
4315.89733
4318.461433
4315.38451
4315.89733
4319.999894
4316.922971
4313.333228
4317.948612
4318.974253
4313.846048
4314.358869
4315.89733
4314.358869
4316.410151
4319.999894
4317.435792
4314.358869
4316.410151
4319.999894
4317.948612
4315.89733
4316.922971
4316.922971
4314.871689
4314.871689
4318.974253
4319.487074
4313.846048
4314.358869
4321.025535
4321.025535
4315.89733
4315.89733
4318.461433
4318.461433
4318.974253
4318.974253
4318.974253
4319.999894
4318.974253
4317.948612
4319.487074
4320.512715
4314.358869
4311.794766
4317.435792
4318.974253
4314.358869
4316.922971
4319.999894
4318.974253
4316.410151
4313.846048
4312.820407
4314.358869
4315.38451
4316.410151
4314.871689
4314.871689
4318.974253
4318.461433
4314.871689
4315.89733
4315.38451
4313.333228
4315.38451
4316.922971
4316.922971
4315.89733
4317.948612
4318.461433
4315.89733
4313.333228
4313.846048
4317.435792
4319.999894
4318.974253
4314.871689
4315.38451
4317.948612
4316.922971
4316.410151
4317.435792
4318.974253
4319.487074
4317.435792
4317.948612
4319.487074
4318.974253
4318.974253
4319.487074
4318.974253
4315.89733
4315.89733
4315.38451
4314.871689
4315.38451
4317.948612
4316.922971
4315.38451
4317.435792
4313.846048
4311.281946
4318.461433
4322.563997
4317.948612
4314.358869
4314.871689
4316.410151
4315.38451
4314.358869
4312.820407
4313.333228
4317.435792
4322.051176
4318.974253
4312.820407
4315.38451
4319.487074
4317.435792
4314.358869
4315.38451
4315.89733
4313.846048
4317.435792
4322.051176
4316.410151
4312.307587
4316.410151
4316.922971
4315.38451
4317.948612
4317.435792
4314.871689
4314.871689
4316.410151
4317.435792
4318.974253
4316.922971
4316.922971
4319.487074
4315.89733
4312.307587
4315.89733
4321.025535
4318.974253
4313.846048
4313.333228
4316.410151
4319.487074
4319.487074
4317.435792
4318.461433
4321.538356
4321.538356
