
4336.922971
4335.384509
4336.922971
4336.922971
4338.461432
4341.025535
4336.922971
4332.307586
4327.692202
4323.589638
4319.999894
4316.922971
4308.717843
4296.922972
4286.153741
4284.102459
4288.205023
4289.230664
4290.769126
4297.948613
4292.307587
4272.820408
4283.076818
4272.307588
4154.871693
4021.025543
3974.871698
3939.487083
3874.35888
3837.435804
3750.769139
3552.820426
3399.487096
3354.871713
3287.692227
3174.358897
3119.999924
3110.256334
3090.769155
3090.256335
3111.281975
3127.692231
3118.974283
3070.256335
2992.307619
2919.487108
2873.333263
2859.48711
2864.615315
2851.281982
2821.538393
2800.512752
2742.051215
2618.461474
2464.615324
2294.358918
2136.923025
2015.897387
1899.487133
1818.461494
1873.846108
2031.794822
2195.897382
2359.999942
2528.717887
2674.358909
2790.256342
2886.153776
2965.640953
3024.10249
3060.512746
3077.435822
3084.102489
3093.333258
3108.205052
3124.615308
3143.076846
3165.128128
3185.640948
3205.128127
3221.025562
3234.871716
3252.820433
3271.281971
3285.128125
3301.538381
3318.974278
3335.897354
3353.846072
3364.615302
3375.384533
3392.82043
3410.769147
3422.051198
3433.333249
3451.794787
3472.307607
3479.487094
3479.487094
3492.820427
3513.333247
3530.256324
3546.66658
3560.512733
3566.666579
3573.333246
3584.615297
3596.922989
3607.179399
3619.999911
3635.897347
3651.794782
3666.153757
3681.538372
3694.358884
3703.076833
3713.846063
3728.717858
3741.53837
3748.717857
3754.358883
3765.640934
3782.05119
3795.384523
3802.56401
3812.307599
3825.640932
3829.230676
3831.281958
3845.128111
3862.051188
3871.281957
3876.410162
3880.512726
3887.692213
3901.538366
3912.820417
3920.512725
3929.230673
3942.051186
3953.333237
3954.358878
3950.769134
3955.897339
3964.615288
3967.692211
3970.256313
3975.897339
3982.564005
3988.717851
3995.384518
4005.128107
4012.307594
4015.897338
4025.128107
4035.384517
4039.999901
4039.487081
4045.128106
4054.358875
4056.410157
4055.384516
4062.051183
4069.23067
4073.333234
4080.512721
4084.615285
4082.051182
4085.128105
4090.769131
4092.307592
4098.974259
4110.25631
4118.974258
4125.128104
4135.384514
4138.461437
4137.948617
4142.564001
4147.179386
4146.666565
4145.128104
4146.666565
4149.743488
4154.871693
4158.461437
4158.461437
4163.589642
4172.820411
4179.487077
4185.128103
4191.281949
4197.435795
4201.025538
4203.07682
4206.153743
4212.82041
4219.999897
4225.640922
4227.692204
4229.743486
4231.794768
4232.820409
4239.487076
4248.205024
4250.769127
4249.230665
4255.384511
4263.589639
4265.640921
4264.10246
4269.743485
4275.897331
4274.35887
4271.794767
4275.897331
4278.461434
4277.435793
4283.076818
4289.230664
4288.717844
4293.333228
4304.102459
4307.179382
4307.692202
4314.358869
4323.589638
4330.769125
4327.179381
4315.89733
4315.38451
4325.128099
4328.717843
4324.102458
4325.128099
4331.794766
4334.358868
4336.41015
4343.589637
4352.307586
4353.846047
4349.743483
4345.640919
4344.615278
4346.15374
4352.820406
4363.589637
4371.281944
4372.820406
4374.358867
4377.948611
4382.051175
4384.102457
4381.538354
4379.487072
4384.102457
4391.794764
4393.846046
4390.256303
4383.589636
4386.153739
4404.102456
4415.384507
4411.281943
4412.820405
4424.102456
4426.666558
4422.051174
4423.589635
4432.820404
4436.410148
4433.333225
4437.435789
4446.666558
4446.153737
4438.97425
4440.512712
4452.820404
4461.538352
4460.512711
4453.846045
4448.71784
4447.692199
4443.589635
4442.051173
4445.128096
4450.769122
4452.820404
4452.307583
4446.666558
4442.051173
4450.769122
4466.153737
4473.333224
4470.256301
4467.179378
4465.640916
4467.179378
4469.23066
4469.23066
4469.23066
4472.820403
4473.333224
4468.717839
4467.179378
4463.076814
4454.358865
4450.769122
4452.307583
4455.384506
4454.871686
4449.743481
4446.153737
4446.666558
4448.71784
4450.769122
4452.820404
4454.871686
4459.999891
4459.999891
4457.948609
4463.076814
4466.153737
4458.461429
4456.922968
4466.153737
4472.820403
4467.692198
4459.999891
4456.410147
4456.410147
4464.102455
4467.179378
4466.153737
4473.333224
4481.538352
4478.974249
4478.974249
4479.48707
4475.384506
4475.384506
4477.948608
4477.948608
4478.974249
4483.076813
4494.358864
4509.230659
4507.692197
4494.871685
4490.2563
4495.897326
4498.461428
4500.51271
4502.051172
4501.025531
4497.948608
4498.461428
4500.51271
4498.461428
4496.922967
4502.563992
4506.666556
4505.640915
4508.717838
4517.435787
4520.51271
4517.435787
4518.461428
4520.51271
4518.461428
4516.410146
4519.999889
4520.51271
4517.948607
4515.897325
4517.948607
4523.076812
4523.589633
4526.153735
4532.820402
4534.871684
4528.717838
4526.666556
4527.179376
4526.153735
4525.640915
4522.051171
4518.461428
4522.563992
4523.589633
4518.461428
4517.435787
4519.999889
4515.384505
4506.153736
4509.743479
4519.999889
4523.589633
4523.589633
4525.640915
4521.538351
4518.461428
4522.563992
4526.153735
4518.461428
4509.230659
4510.2563
4516.410146
4514.871684
4512.307582
4518.974248
4525.640915
4522.051171
4509.743479
4504.102454
4511.794761
4518.461428
4516.410146
4513.846043
4514.358864
4518.974248
4524.102453
4524.615274
4522.051171
4520.51271
4518.461428
4519.487069
4524.102453
4526.153735
4527.692197
4528.205017
4527.692197
4531.28194
4537.948607
4537.948607
4535.384504
4535.897325
4532.307581
4529.230658
4535.897325
4545.640914
4554.358863
4559.999888
4558.461427
4553.333222
4547.692196
4544.102453
4547.179376
4551.28194
4551.79476
4551.28194
4545.128094
4539.999889
4546.153735
4553.333222
4551.79476
4548.205017
4545.640914
4541.02553
4538.461427
4542.563991
4547.179376
4546.153735
4544.615273
4542.051171
4537.435786
4529.230658
4525.128094
4523.589633
4525.640915
4530.256299
4530.76912
4528.717838
4531.794761
4537.435786
4534.871684
4532.307581
4533.846043
4538.461427
4544.615273
4546.666555
4545.128094
4547.692196
4550.256299
4547.692196
4544.615273
4542.051171
4537.435786
4534.358863
4533.846043
4536.410145
4541.53835
4546.666555
4550.256299
4548.717837
4546.666555
4547.179376
4542.563991
4534.871684
4538.461427
4542.563991
4538.974248
4542.051171
4546.666555
4541.53835
4534.871684
4532.307581
4537.948607
4546.666555
4546.153735
4543.076812
4547.692196
4554.358863
4556.922965
4557.435786
4556.922965
4558.974247
4555.897324
4551.79476
4557.948606
4564.615273
4559.999888
4553.846042
4554.871683
4561.025529
4570.769119
4576.410145
4574.358863
4574.871683
4578.461427
4573.333222
4566.153734
4563.589632
4561.53835
4555.897324
4553.333222
4553.333222
4550.769119
4551.28194
4558.461427
4563.076811
4558.461427
4552.307581
4551.28194
4552.307581
4554.871683
4562.563991
4568.205016
4566.153734
4564.615273
4563.589632
4559.487068
4557.948606
4555.897324
4548.205017
4543.589632
4543.589632
4541.53835
4536.922966
4535.384504
4539.999889
4548.717837
4549.230658
4543.589632
4540.512709
4544.102453
4543.589632
4535.384504
4525.128094
4516.922966
4512.820402
4514.871684
4520.51271
4524.102453
4526.666556
4529.230658
4532.307581
4535.384504
4533.333222
4525.128094
4516.410146
4514.871684
4519.999889
4523.076812
4523.589633
4525.128094
4528.205017
4531.794761
4530.76912
4527.692197
4528.205017
4531.794761
4528.717838
4525.640915
4532.307581
4540.512709
4536.922966
4529.230658
4532.820402
4538.461427
4535.384504
4536.410145
4544.102453
4545.128094
4539.487068
4539.999889
4545.128094
4546.153735
4547.179376
4548.205017
4551.28194
4553.846042
4553.333222
4549.230658
4545.640914
4547.692196
4551.79476
4550.256299
4551.79476
4561.025529
4569.230657
4571.79476
4571.281939
4566.666555
4561.53835
4564.102452
4568.205016
4569.743478
4571.281939
4572.307581
4569.743478
4563.076811
4561.025529
4567.179375
4572.307581
4571.281939
4567.179375
4565.640914
4566.666555
4569.230657
4573.846042
4574.871683
4572.820401
4572.820401
4571.79476
4565.640914
4563.076811
4567.692196
4573.333222
4575.384504
4567.179375
4556.922965
4558.461427
4561.53835
4556.922965
4559.487068
4568.717837
4572.820401
4571.281939
4572.307581
4576.922965
4577.435786
4573.333222
4569.743478
4565.640914
4566.666555
4575.384504
4584.615273
4585.640914
4589.230657
4599.999888
4603.589631
4601.025529
4604.102452
4613.846041
4619.999887
4624.615272
4624.102451
4621.025528
4619.999887
4621.538349
4624.102451
4628.717836
4629.743477
4625.128092
4625.640913
4635.897323
4646.153733
4648.717835
4649.230656
4649.743476
4642.051169
4630.769118
4627.692195
4631.794759
4634.871682
4633.846041
4634.871682
4641.025528
4645.640912
4639.999887
4635.897323
4642.563989
4642.563989
4637.435784
4641.025528
4647.179374
4648.717835
4647.179374
4644.615271
4645.128092
4644.102451
4639.487066
4632.8204
4630.769118
4634.871682
4639.999887
4642.563989
4643.07681
4642.563989
4639.487066
4638.974246
4641.538348
4644.615271
4645.640912
4643.58963
4637.948605
4634.871682
4635.384502
4634.358861
4634.358861
4639.999887
4643.07681
4641.025528
4643.07681
4645.128092
4643.07681
4640.512707
4634.871682
4627.692195
4627.179374
4628.205015
4628.717836
4634.358861
4644.102451
4645.128092
4638.461425
4635.897323
4643.07681
4649.230656
4650.769117
4654.358861
4653.84604
4648.717835
4646.153733
4648.205015
4645.128092
4641.025528
4642.563989
4644.102451
4643.07681
4643.58963
4644.102451
4646.666553
4647.692194
4642.051169
4639.999887
4643.07681
4638.974246
4632.8204
4637.435784
4643.07681
4646.153733
4646.153733
4645.640912
4644.615271
4643.07681
4642.563989
4645.128092
4647.692194
4646.666553
4642.563989
4638.461425
4638.461425
4639.999887
4639.999887
4638.974246
4641.538348
4645.640912
4650.256297
4646.666553
4638.974246
4641.538348
4647.179374
4638.974246
4628.205015
4630.256297
4636.410143
4642.051169
4642.563989
4636.410143
4630.769118
4628.205015
4622.051169
4617.435785
4620.512708
4623.589631
4622.56399
4621.538349
4626.666554
4634.871682
4633.33322
4627.692195
4630.256297
4632.8204
4626.153733
4622.56399
4630.769118
4630.256297
4619.999887
4616.410144
4621.025528
4618.461426
4612.30758
4612.8204
4617.435785
4624.102451
4629.230656
4631.281938
4629.743477
4626.666554
4624.615272
4624.615272
4627.692195
4631.794759
4632.307579
4632.307579
4631.281938
4629.230656
4626.153733
4622.56399
4615.897323
4616.922964
4623.07681
4625.640913
4628.205015
4631.281938
4629.230656
4622.051169
4618.974246
4621.025528
4621.538349
4616.410144
4614.871682
4620.512708
4628.717836
4631.794759
4628.205015
4619.487067
4610.256298
4607.179375
4611.281939
4613.846041
4612.30758
4612.30758
4616.410144
4620.512708
4619.487067
4617.948605
4619.999887
4623.07681
4621.025528
4618.974246
4613.333221
4606.153734
4604.102452
4604.102452
4602.56399
4599.999888
4595.897324
4588.717837
4588.717837
4589.230657
4587.692196
4590.256298
4594.871683
4593.333221
4587.692196
4584.102452
4584.102452
4584.615273
4585.128093
4585.640914
4580.512709
4570.769119
4570.256298
4574.358863
4566.666555
4559.487068
4564.102452
4568.205016
4564.615273
4566.153734
4569.230657
4565.128093
4560.512709
4558.974247
4555.897324
4556.922965
4565.640914
4574.871683
4575.897324
4570.256298
4568.717837
4573.333222
4573.846042
4570.256298
4568.717837
4566.666555
4568.205016
4569.743478
4563.589632
4558.974247
4566.153734
4576.410145
4579.487068
4576.922965
4577.948606
4584.615273
4584.615273
4581.025529
4581.025529
4576.922965
4569.230657
4565.640914
4563.076811
4560.512709
4562.563991
4567.692196
4570.256298
4574.358863
4574.871683
4566.153734
4558.974247
4564.102452
4569.743478
4564.615273
4558.974247
4562.05117
4566.666555
4557.948606
4546.666555
4545.640914
4551.28194
4552.307581
4550.256299
4550.769119
4550.256299
4544.615273
4539.999889
4542.563991
4547.179376
4545.640914
4542.563991
4544.102453
4546.153735
4544.615273
4542.563991
4543.589632
4539.999889
4536.922966
4535.384504
4534.358863
4535.384504
4541.53835
4543.076812
4537.435786
4536.922966
4539.999889
4538.974248
4534.358863
4533.333222
4534.358863
4536.922966
4533.333222
4525.128094
4522.563992
4525.640915
4528.717838
4530.256299
4528.717838
4527.692197
4529.230658
4530.256299
4533.333222
4534.871684
4531.28194
4531.794761
4540.512709
4538.461427
4528.205017
4527.179376
4531.28194
4532.820402
4531.794761
4529.230658
4526.153735
4525.128094
4525.640915
4528.717838
4531.28194
4528.205017
4523.589633
4521.02553
4514.358864
4509.743479
4508.205018
4509.230659
4513.846043
4516.922966
4509.230659
4504.102454
4509.230659
4513.333223
4512.307582
4504.615274
4499.487069
4501.538351
4506.153736
4505.128095
4499.99989
4497.435787
4501.025531
4506.153736
4506.666556
4506.666556
4502.051172
4492.307582
4486.666557
4490.2563
4497.435787
4503.589633
4505.128095
4509.230659
4517.948607
4524.615274
4523.589633
4521.538351
4519.999889
4518.974248
4517.435787
4515.384505
4514.871684
4517.948607
4517.948607
4515.897325
4519.487069
4523.076812
4522.051171
4518.974248
4519.487069
4519.999889
4524.615274
4532.307581
4532.307581
4528.205017
4531.794761
4534.358863
4528.205017
4521.02553
4517.948607
4520.51271
4528.205017
4526.666556
4514.871684
4509.743479
4515.897325
4524.615274
4525.128094
4523.076812
4519.487069
4512.307582
4501.538351
4494.871685
4495.384505
4498.461428
4502.563992
4505.640915
4504.615274
4504.615274
4503.589633
4498.974249
4500.51271
4504.102454
4500.51271
4496.410146
4502.051172
4505.640915
4499.487069
4489.230659
4485.128095
4484.102454
4481.025531
4485.128095
4495.384505
4498.461428
4496.410146
4498.461428
4495.897326
4486.153736
4484.615275
4497.948608
4508.205018
4508.717838
4501.025531
4487.692198
4481.025531
4482.051172
4482.563993
4483.589634
4484.102454
4479.99989
4481.025531
4487.692198
4492.307582
4490.2563
4482.051172
4474.871685
4472.820403
4473.333224
4473.333224
4466.666557
4461.025532
4459.48707
4460.512711
4461.538352
4461.538352
4459.999891
4454.358865
4451.794763
4456.922968
4458.461429
4450.256301
4445.640917
4446.666558
4444.615276
4443.076814
4441.538353
4434.871686
4429.743481
4427.692199
4428.71784
4429.743481
4424.615276
4422.563994
4429.230661
4432.307584
4429.743481
4428.20502
4423.589635
4420.512712
4417.94861
4411.794764
4409.230661
4409.743482
4401.538354
4392.307585
4392.820405
4393.846046
4393.846046
4399.999892
4405.128097
4395.384508
4382.051175
4380.512713
4391.281944
4405.128097
4407.6922
4398.974251
4393.846046
4393.333226
4389.230662
4381.025534
4373.333226
4367.17938
4364.102457
4365.640919
4370.256303
4374.871688
4378.461431
4387.17938
4394.358867
4393.846046
4387.17938
4382.563995
4384.102457
4386.153739
4386.153739
4384.615277
4380.512713
4378.974252
4379.999893
4376.92297
4375.384508
4378.461431
4377.43579
4375.384508
4377.43579
4376.92297
4374.871688
4371.281944
4365.640919
4363.076816
4363.076816
4359.999893
4357.948611
4366.66656
4374.358867
4374.871688
4372.307585
4369.230662
4358.974252
4351.281945
4350.769124
4355.384509
4364.615278
4368.205021
4362.563996
4363.076816
4368.717842
4364.102457
4355.384509
4356.41015
4357.948611
4354.871688
4358.461432
4364.102457
4358.461432
4343.589637
4336.41015
4342.563996
4352.307586
4353.846047
4353.333227
4354.358868
4349.743483
4351.794765
4366.66656
4375.897329
4371.281944
4368.717842
4368.717842
4366.66656
4364.615278
4363.076816
4356.41015
4348.717842
4348.205022
4351.281945
4350.256304
4353.846047
4358.974252
4355.897329
4350.769124
4351.281945
4348.717842
4343.589637
4343.589637
4341.538355
4335.384509
4332.820407
4337.435791
4343.076817
4348.205022
4344.615278
4334.358868
4330.769125
4335.89733
4338.974253
4336.922971
4335.384509
4335.384509
4333.333227
4340.512714
4353.846047
4353.333227
4349.230663
4352.307586
4348.717842
4340.512714
4344.615278
4346.66656
4339.999894
4342.563996
4353.846047
4352.820406
4343.589637
4341.025535
4342.563996
4343.589637
4341.025535
4337.948612
4335.384509
4331.281945
4336.41015
4348.717842
4344.102458
4333.846048
4338.974253
4346.66656
4348.205022
4349.743483
4352.307586
4356.41015
4358.974252
4357.948611
4358.974252
4356.92297
4353.846047
4354.871688
4355.897329
4354.871688
4358.461432
4359.487073
4358.461432
4362.563996
4367.17938
4369.743483
4369.743483
4364.615278
4355.384509
4354.871688
4361.025534
4368.205021
4372.307585
4369.230662
4364.615278
4364.102457
4358.461432
4349.230663
4345.640919
4355.384509
4370.256303
4363.076816
4349.743483
4366.153739
4387.6922
4385.640918
4377.948611
4374.871688
4372.820406
4373.846047
4376.92297
4379.487072
4383.076816
4382.051175
4382.051175
4383.076816
4383.076816
4384.615277
4383.076816
4378.974252
4381.538354
4386.666559
4382.051175
4380.512713
4384.102457
4377.948611
4369.743483
4374.871688
4377.43579
4374.358867
4376.92297
4384.102457
4387.17938
4386.666559
4384.102457
4377.948611
4371.794765
4374.358867
4381.025534
4380.512713
4378.974252
4382.051175
4380.512713
4376.92297
4376.410149
4373.333226
4376.92297
4385.640918
4386.153739
4383.076816
4383.589636
4381.538354
4378.461431
4380.512713
4383.589636
4385.128098
4382.563995
4382.051175
4385.128098
4382.051175
4373.333226
4370.769124
4373.333226
4378.974252
4380.512713
4379.999893
4384.102457
4386.153739
4379.487072
4377.43579
4382.563995
4383.589636
4382.051175
4378.461431
4374.358867
4374.358867
4377.43579
4378.974252
4379.487072
4376.92297
4374.358867
4377.43579
4383.076816
4382.051175
4375.384508
4370.769124
4372.307585
4378.461431
4383.076816
4384.102457
4381.538354
4375.897329
4365.640919
4361.538355
4366.153739
4372.820406
4378.461431
4381.025534
4379.999893
4376.92297
4377.43579
4376.92297
4369.743483
4364.102457
4368.205021
4371.281944
4369.743483
4372.820406
4383.076816
4388.717841
4387.17938
4385.128098
4389.230662
4391.794764
4387.17938
4384.102457
4390.769123
4394.871687
4387.6922
4383.589636
4385.128098
4384.102457
4383.076816
4391.794764
4395.897328
4389.743482
4388.205021
4395.384508
4396.410149
4387.17938
4383.076816
4393.333226
4399.487072
4391.794764
4389.743482
4393.333226
4388.717841
4386.666559
4393.333226
4389.230662
4382.563995
4386.153739
4393.846046
4399.999892
4403.589636
4403.076815
4399.487072
4393.333226
4391.281944
4392.820405
4394.358867
4396.410149
4400.512713
4398.461431
4391.281944
4391.794764
4397.94861
4396.922969
4388.717841
4392.307585
4399.999892
4400.512713
4404.102456
4405.128097
4403.589636
4405.640918
4405.640918
4399.999892
4399.487072
4401.538354
4398.974251
4397.43579
4399.487072
4405.128097
4409.230661
4405.640918
4406.153738
4407.6922
4405.128097
4404.102456
4406.666559
4404.615277
4402.563995
4410.769123
4416.410148
4414.358866
4413.333225
4418.974251
4425.128097
4417.94861
4403.589636
4401.538354
4407.6922
4407.6922
4404.615277
4403.076815
4401.025533
4403.589636
4410.256302
4414.871687
4418.974251
4416.922969
4405.640918
4396.410149
4403.589636
4412.820405
4412.307584
4416.922969
4425.128097
4420.512712
4411.794764
4411.794764
4407.6922
4399.487072
4402.051174
4412.307584
4419.999892
4427.692199
4429.230661
4423.076815
4418.974251
4422.051174
4420.512712
4416.410148
4414.871687
4413.333225
4414.871687
4418.974251
4417.94861
4417.435789
4424.102456
4429.743481
4426.153738
4420.512712
4419.999892
4425.640917
4432.820404
4434.358866
4432.307584
4433.846045
4433.846045
4430.769122
4428.20502
4422.051174
4416.410148
4415.897328
4417.94861
4423.076815
4428.71784
4432.307584
4436.922968
4436.922968
4426.666558
4422.051174
4422.051174
4416.410148
4412.820405
4418.974251
4426.153738
4429.743481
4428.71784
4425.640917
4425.128097
4428.71784
4434.358866
4439.999891
4444.615276
4447.692199
4449.743481
4445.640917
4439.487071
4437.435789
4439.487071
4439.999891
4436.922968
4433.333225
4434.358866
4438.46143
4437.948609
4434.358866
4431.281943
4433.333225
4436.410148
4438.46143
4436.410148
4430.769122
4426.666558
4428.20502
4427.692199
4422.051174
4419.487071
4423.589635
4427.692199
4428.71784
4425.640917
4419.999892
4421.538353
4429.230661
4430.769122
4425.640917
4422.563994
4421.538353
4420.512712
4418.974251
4424.615276
4436.922968
4442.051173
4436.922968
4433.333225
4437.948609
4440.512712
4437.435789
4434.871686
4431.794763
4427.692199
4426.153738
4426.153738
4428.71784
4435.384507
4442.051173
4437.948609
4431.794763
4432.307584
4433.846045
4429.743481
4426.666558
4429.230661
4434.358866
4438.46143
4443.076814
4450.769122
4454.358865
4455.897327
4464.102455
4473.333224
4471.794762
4466.666557
4461.538352
4451.794763
4449.23066
4456.922968
4458.97425
4457.948609
4466.153737
4478.461429
4480.512711
4477.435788
4474.871685
4468.205019
4464.615275
4467.179378
4466.153737
4458.97425
4457.435788
4461.538352
4465.128096
4468.205019
4468.205019
4465.128096
4461.538352
4457.435788
4453.846045
4456.922968
4458.461429
4456.922968
4459.999891
4463.589634
4460.512711
4464.102455
4476.410147
4477.948608
4468.717839
4465.128096
4469.74348
4471.794762
4469.23066
4469.74348
4473.846044
4476.922967
4477.435788
4477.948608
4479.99989
4475.897326
4468.205019
4474.358865
4490.769121
4497.435787
4495.897326
4492.307582
4486.153736
4477.435788
4467.692198
4467.692198
4471.794762
4467.692198
4461.538352
4463.589634
4470.769121
4475.384506
4474.871685
4475.897326
4475.384506
4469.74348
4466.666557
4471.794762
4473.333224
4475.384506
4476.922967
4472.820403
4471.794762
4474.358865
4476.410147
4474.871685
4478.974249
4485.640916
4485.128095
4484.615275
4488.205018
4488.717839
4491.281941
4496.922967
4490.769121
4478.461429
4475.384506
4469.74348
4460.512711
4462.051173
4466.153737
4462.563993
4458.461429
4464.102455
4469.23066
4469.74348
4471.281942
4473.846044
4477.948608
4483.589634
4479.48707
4472.307583
4473.846044
4475.384506
4474.358865
4473.846044
4474.871685
4476.410147
4477.948608
4478.461429
4479.48707
4477.435788
4471.281942
4468.717839
4471.281942
4474.871685
4473.333224
4467.179378
4459.999891
4454.358865
4452.820404
4456.922968
4462.051173
4464.102455
4462.563993
4462.051173
4459.999891
4458.97425
4465.640916
4476.922967
4477.948608
4472.307583
4473.846044
4472.820403
4464.615275
4459.48707
4462.051173
4465.640916
4472.307583
4478.461429
4479.48707
4477.435788
4479.48707
4478.461429
4469.74348
4462.563993
4467.179378
4473.846044
4471.281942
4468.205019
4470.256301
4469.74348
4466.153737
4460.512711
4454.358865
4454.358865
4458.97425
4462.563993
4466.153737
4472.820403
4470.769121
4466.153737
4472.307583
4481.025531
4478.461429
4474.358865
4476.922967
4479.48707
4478.974249
4475.897326
4470.256301
4469.23066
4473.846044
4471.794762
4472.307583
4483.076813
4492.307582
4491.794762
4491.281941
4494.358864
4491.281941
4481.025531
4474.358865
4475.897326
4477.948608
4478.974249
4477.948608
4479.48707
4484.102454
4488.717839
4486.153736
4481.538352
4480.512711
4479.99989
4477.948608
4477.948608
4479.99989
4477.948608
4474.871685
4474.358865
4471.281942
4467.179378
4470.256301
4474.871685
4469.23066
4461.538352
4463.076814
4463.076814
4459.999891
4461.538352
4464.102455
4458.461429
4450.256301
4449.23066
4450.769122
4448.205019
4445.640917
4441.538353
4434.358866
4432.307584
4434.358866
4437.948609
4439.999891
4436.922968
4430.256302
4432.307584
4436.922968
4434.358866
4431.794763
4432.307584
4429.230661
4423.076815
4426.153738
4434.871686
4436.410148
4428.20502
4425.128097
4433.333225
4440.512712
4436.922968
4431.281943
4432.820404
4438.46143
4441.538353
4442.051173
4441.025532
4438.97425
4438.97425
4439.999891
4435.384507
4429.230661
4430.769122
4439.487071
4447.692199
4449.743481
4447.692199
4444.102455
4442.563994
4445.128096
4444.615276
4438.97425
4442.051173
4447.692199
4443.589635
4442.563994
4443.589635
4439.999891
4436.922968
4439.487071
4437.948609
4436.922968
4436.922968
4433.333225
4430.769122
4428.71784
4422.051174
4421.538353
4429.230661
4431.281943
4427.179379
4423.076815
4415.384507
4406.666559
4404.102456
4406.153738
4412.820405
4422.563994
4428.71784
4425.640917
4417.94861
4411.281943
4405.640918
4407.179379
4422.051174
4437.435789
4438.97425
4434.871686
4435.897327
4436.922968
4432.820404
4435.897327
4439.487071
4434.358866
4431.794763
4442.051173
4447.692199
4445.640917
4446.666558
4450.769122
4448.71784
4445.640917
4444.102455
4437.435789
4433.846045
4437.948609
4441.538353
4445.640917
4448.205019
4440.512712
4434.871686
4438.97425
4441.538353
4437.435789
4432.820404
4432.307584
4436.922968
4441.025532
4439.487071
4438.97425
4442.563994
4444.102455
4437.435789
4430.769122
4427.692199
4427.179379
4434.358866
4445.640917
4448.205019
4441.025532
4435.897327
4433.846045
4428.71784
4423.589635
4424.615276
4428.20502
4428.20502
4426.153738
4425.128097
4422.051174
4421.025533
4423.589635
4427.179379
4424.615276
4418.974251
4414.358866
4411.281943
4409.743482
4407.6922
4408.717841
4412.307584
4411.281943
4407.179379
4409.230661
4415.384507
4415.897328
4412.307584
4415.897328
4417.435789
4415.897328
4418.46143
4426.666558
4430.256302
4429.230661
4423.589635
4415.897328
4416.410148
4425.128097
4430.769122
4430.769122
4428.20502
4427.179379
4426.666558
4426.153738
4427.692199
4426.153738
4423.076815
4422.563994
4423.589635
4421.025533
4417.94861
4418.46143
4419.487071
4420.512712
4418.46143
4415.384507
4414.871687
4418.46143
4423.589635
4428.20502
4427.692199
4423.589635
4419.487071
4415.384507
4417.435789
4424.615276
4425.640917
4423.589635
4427.179379
4427.692199
4422.051174
4416.410148
4412.307584
4408.20502
4402.051174
4394.871687
4398.461431
4408.717841
4413.333225
4413.846046
4416.410148
4411.794764
4401.538354
4401.538354
4410.256302
4416.410148
4414.358866
4410.256302
4411.281943
4411.794764
4411.281943
4421.025533
4431.281943
4431.281943
4427.692199
4430.769122
4431.281943
4427.692199
4429.230661
4432.820404
4431.794763
4430.256302
4432.307584
4433.333225
4431.794763
4429.743481
4428.71784
4432.820404
4441.538353
4442.563994
4435.384507
4430.256302
4433.333225
4434.871686
4430.769122
4435.384507
4438.97425
4426.666558
4414.358866
4416.410148
4418.46143
4415.897328
4415.897328
4415.897328
4419.487071
4431.281943
4442.051173
4446.153737
4442.563994
4436.410148
4431.794763
4429.230661
4428.71784
4430.256302
4431.281943
4429.743481
4425.128097
4422.051174
4426.153738
4427.692199
4426.666558
4427.692199
4427.179379
4430.769122
4437.948609
4436.410148
4429.230661
4428.71784
4428.71784
4421.025533
4413.333225
4411.794764
4411.794764
4410.769123
4410.256302
4409.230661
4407.179379
4411.794764
4416.410148
4415.897328
4415.384507
4418.974251
4419.487071
4416.410148
4417.435789
4420.512712
4419.999892
4422.563994
4432.820404
4431.281943
4422.051174
4420.512712
4424.615276
4423.076815
4419.999892
4418.46143
4422.051174
4426.153738
4428.20502
4430.769122
4434.358866
4433.333225
4430.256302
4428.20502
4427.179379
4428.71784
4427.692199
4428.20502
4433.846045
4433.333225
4422.563994
4411.794764
4411.794764
4415.897328
4417.94861
4421.538353
4427.179379
4430.769122
4431.794763
4429.743481
4431.281943
4436.922968
4434.871686
4426.153738
4426.666558
4429.230661
4426.666558
4425.640917
4426.153738
4423.076815
4422.051174
4418.974251
4411.281943
4407.6922
4404.615277
4404.102456
4409.230661
4408.717841
4401.538354
4404.615277
4411.794764
4417.94861
4423.076815
4423.589635
4421.538353
4420.512712
4411.794764
4405.640918
4409.743482
4410.256302
4404.102456
4398.974251
4399.999892
4407.179379
4410.256302
4405.640918
4405.640918
4409.743482
4413.846046
4417.435789
4417.94861
4418.46143
4423.589635
4424.102456
4419.999892
4415.897328
4408.20502
4403.076815
4408.717841
4415.384507
4412.820405
4407.6922
4412.307584
4418.46143
4412.820405
4407.6922
4413.846046
4418.974251
4411.794764
4406.666559
4409.743482
4409.230661
4407.179379
4408.717841
4415.897328
4424.102456
4430.256302
4429.743481
4428.71784
4433.333225
4433.333225
4426.666558
4424.615276
4425.128097
4423.076815
4418.46143
4417.435789
4422.051174
4423.076815
4421.025533
4423.076815
4421.025533
4412.307584
4411.794764
4418.974251
4416.922969
4406.153738
4404.102456
4408.20502
4411.281943
4413.333225
4416.410148
4421.025533
4425.640917
4425.128097
4419.487071
4416.410148
4413.333225
4411.794764
4413.333225
4411.794764
4412.307584
4417.94861
4420.512712
4419.487071
4423.589635
4428.20502
4423.076815
4413.846046
4412.307584
4410.769123
4405.640918
4406.153738
4412.307584
4413.333225
4416.410148
4419.999892
4418.46143
4415.897328
4417.435789
4415.897328
4413.333225
4412.307584
4412.307584
4414.871687
4415.384507
4410.769123
4408.20502
4406.153738
4404.102456
4405.640918
4404.615277
4406.153738
4413.846046
4417.435789
4408.717841
4401.538354
4401.538354
4405.640918
4410.769123
4413.333225
4407.179379
4395.897328
4392.307585
4393.846046
4399.999892
4409.743482
4417.435789
4413.846046
4411.794764
4414.358866
4414.358866
4406.153738
4399.487072
4399.999892
4402.563995
4405.640918
4412.307584
4417.435789
4421.025533
4425.128097
4429.230661
4429.230661
4425.640917
4425.640917
4425.128097
4421.538353
4417.435789
4417.94861
4418.46143
4419.999892
4424.615276
4428.20502
4428.71784
4427.692199
4428.20502
4429.230661
4428.71784
4428.71784
4431.794763
4429.230661
4422.051174
4422.563994
4428.20502
4425.640917
4426.666558
4436.922968
4443.589635
4440.512712
4434.358866
4428.20502
4427.692199
4433.846045
4436.922968
4438.46143
4437.948609
4430.256302
4423.076815
4426.153738
4425.640917
4420.512712
4421.025533
4427.179379
4427.179379
4423.076815
4421.538353
4421.538353
4418.46143
4414.871687
4417.435789
4419.487071
4419.487071
4418.46143
4417.94861
4416.410148
4415.384507
4414.871687
4410.769123
4407.179379
4413.333225
4421.025533
4425.128097
4426.666558
4428.71784
4429.743481
4429.743481
4425.640917
4418.46143
4417.94861
4423.076815
4428.71784
4430.769122
4426.153738
4418.46143
4413.846046
4415.897328
4418.974251
4415.897328
4410.769123
4407.179379
4408.717841
4414.358866
4416.922969
4418.46143
4421.538353
4421.025533
4412.307584
4407.179379
4407.6922
4405.640918
4401.025533
4403.076815
4408.20502
4409.743482
4408.717841
4411.281943
4414.358866
4414.358866
4414.871687
4414.358866
4409.743482
4402.563995
4403.076815
4407.179379
4406.153738
4402.563995
4405.640918
4410.256302
4414.358866
4416.922969
4416.410148
4411.794764
4404.615277
4401.025533
4404.615277
4408.20502
4406.666559
4405.640918
4405.640918
4405.640918
4409.743482
4407.6922
4396.922969
4393.846046
4399.487072
4407.179379
4414.871687
4416.922969
4412.820405
4411.281943
4414.871687
4414.871687
4407.179379
4399.999892
4404.615277
4413.333225
4416.922969
4413.846046
4409.230661
4403.076815
4396.922969
4392.820405
4393.846046
4402.563995
4404.615277
4399.999892
4396.922969
4401.025533
4409.743482
4410.256302
4401.538354
4400.512713
4407.6922
4405.128097
4396.922969
4398.461431
4403.076815
4409.230661
4411.281943
4404.102456
4400.512713
4409.230661
4413.846046
4407.179379
4406.666559
4409.230661
4410.769123
4415.897328
4414.358866
4401.538354
4394.871687
4400.512713
4403.076815
4402.051174
4401.538354
4397.94861
4393.333226
4394.358867
4400.512713
4403.076815
4399.999892
4400.512713
4407.179379
4410.769123
4406.666559
4406.153738
4412.307584
4416.922969
4410.256302
4405.640918
4412.820405
4417.94861
4418.46143
4420.512712
4421.025533
4415.384507
4414.358866
4413.333225
4409.743482
4403.076815
4397.94861
4400.512713
4402.563995
4397.43579
4398.974251
4406.153738
4403.589636
4394.871687
4394.358867
4398.974251
4402.051174
4401.538354
4399.487072
4396.410149
4397.94861
4407.179379
4412.820405
4412.820405
4408.717841
4406.666559
4405.640918
4401.025533
4398.974251
4405.640918
4411.281943
4410.769123
4411.794764
4411.794764
4413.333225
4416.922969
4417.435789
4413.846046
4415.897328
4415.384507
4409.743482
4413.333225
4423.589635
4423.076815
4417.435789
4420.512712
4424.615276
4422.563994
4425.640917
4433.333225
4431.794763
4425.640917
4426.153738
4426.153738
4422.563994
4421.538353
4416.922969
4410.769123
4411.281943
4415.384507
4415.897328
4415.897328
4418.46143
4417.94861
4414.871687
4413.846046
4413.846046
4405.128097
4397.94861
4399.487072
4404.102456
4407.179379
4409.230661
4407.179379
4401.538354
4398.461431
4398.974251
4399.999892
4398.461431
4398.461431
4399.999892
4403.076815
4405.128097
4402.051174
4401.538354
4409.743482
4412.820405
4408.20502
4407.179379
4407.6922
4405.640918
4409.743482
4411.794764
4410.256302
4411.281943
4409.230661
4405.128097
4406.153738
4408.717841
4409.230661
4411.794764
4411.794764
4412.307584
4418.46143
4424.102456
4422.051174
4418.46143
4415.384507
4412.820405
4416.922969
4423.589635
4421.025533
4414.358866
4414.871687
4422.051174
4425.640917
4421.025533
4415.897328
4411.794764
4407.179379
4401.538354
4399.999892
4402.563995
4409.743482
4411.281943
4403.589636
4399.487072
4404.615277
4404.102456
4398.461431
4402.563995
4408.20502
4406.666559
4405.128097
4408.717841
4411.794764
4414.358866
4409.743482
4404.102456
4405.128097
4412.307584
4416.922969
4421.538353
4426.666558
4425.640917
4420.512712
4421.538353
4429.743481
4433.333225
4432.307584
4430.769122
4430.256302
4428.20502
4425.640917
4418.974251
4413.333225
4416.410148
4426.153738
4428.20502
4422.563994
4422.051174
4422.051174
4416.410148
4412.820405
4413.846046
4412.307584
4408.20502
4404.102456
4403.076815
4407.6922
4411.794764
4407.6922
4407.179379
4415.384507
4425.640917
4429.743481
4426.153738
4421.025533
4419.487071
4417.435789
4413.846046
4418.46143
4424.102456
4424.615276
4426.153738
4428.71784
4422.051174
4414.871687
4412.820405
4411.281943
4414.358866
4424.102456
4425.128097
4418.46143
4413.333225
4408.20502
4407.179379
4412.307584
4416.922969
4423.589635
4429.743481
4424.102456
4414.871687
4408.717841
4402.051174
4401.538354
4411.794764
4419.999892
4415.384507
4408.717841
4411.281943
4414.871687
4412.820405
4411.794764
4412.307584
4410.769123
4411.281943
4417.94861
4421.025533
4418.46143
4417.94861
4424.615276
4425.640917
4418.974251
4414.871687
4415.897328
4413.846046
4408.717841
4410.256302
4415.897328
4421.538353
4423.076815
4424.615276
4425.640917
4426.666558
4429.743481
4433.333225
4435.897327
4436.922968
4438.97425
4441.538353
4445.128096
4449.23066
4450.256301
