
4369.743483
4373.846047
4373.333226
4368.717842
4366.153739
4367.692201
4365.640919
4362.051175
4364.615278
4367.17938
4367.692201
4365.128098
4361.025534
4358.974252
4357.435791
4361.538355
4372.820406
4377.43579
4369.743483
4366.153739
4366.66656
4367.17938
4365.640919
4362.051175
4362.563996
4366.66656
4364.615278
4360.512714
4356.92297
4354.358868
4353.846047
4355.897329
4357.948611
4360.512714
4365.128098
4367.692201
4366.66656
4358.461432
4349.230663
4346.66656
4347.179381
4345.128099
4342.051176
4337.435791
4337.948612
4346.15374
4357.948611
4365.128098
4365.128098
4361.025534
4363.589637
4369.230662
4366.153739
4364.102457
4367.692201
4373.846047
4373.846047
4365.128098
4357.948611
4361.025534
4364.102457
4361.025534
4357.435791
4356.41015
4360.512714
4365.128098
4366.66656
4367.692201
4366.153739
4364.102457
4365.128098
4360.512714
4353.333227
4352.820406
4354.871688
4354.871688
4353.846047
4349.743483
4348.205022
4353.846047
4357.948611
4357.435791
4361.538355
4368.205021
4367.17938
4364.615278
4363.589637
4366.153739
4370.769124
4372.820406
4371.794765
4373.846047
4378.974252
4382.051175
4382.051175
4379.999893
4373.846047
4365.640919
4358.974252
4353.333227
4348.717842
4346.15374
4347.179381
4342.051176
4335.384509
4344.615278
4365.640919
4375.897329
4371.281944
4366.153739
4365.128098
4363.589637
4362.563996
4365.128098
4364.102457
4357.435791
4351.794765
4350.769124
4354.358868
4366.66656
4379.999893
4385.128098
4382.051175
4378.974252
4381.025534
4381.538354
4373.333226
4365.640919
4367.17938
4373.333226
4377.43579
4374.871688
4371.281944
4370.256303
4365.128098
4355.384509
4356.41015
4362.051175
4365.128098
4366.66656
4368.717842
4369.743483
4368.205021
4361.538355
4355.897329
4355.384509
4353.333227
4357.948611
4370.256303
4371.794765
4366.66656
4369.743483
4372.307585
4370.769124
4371.281944
4370.769124
4370.256303
4374.358867
4368.717842
4357.948611
4358.974252
4361.538355
4359.487073
4362.563996
4365.128098
4358.974252
4355.384509
4356.92297
4364.102457
4372.820406
4373.846047
4369.230662
4370.769124
4372.307585
4368.717842
4370.256303
4373.846047
4367.692201
4361.025534
4367.17938
4375.897329
4376.92297
4373.846047
4372.307585
4372.307585
4375.384508
4374.358867
4365.640919
4361.025534
4368.717842
4375.384508
4371.281944
4364.102457
4358.974252
4352.307586
4346.15374
4347.692201
4352.820406
4354.871688
4355.897329
4360.512714
4362.563996
4361.025534
4359.999893
4358.974252
4358.974252
4368.717842
4378.461431
4374.871688
4369.230662
4372.820406
4373.846047
4370.256303
4377.43579
4377.948611
4368.205021
4366.66656
4371.794765
4372.820406
4375.384508
4376.410149
4370.769124
4365.128098
4363.076816
4360.512714
4349.743483
4332.820407
4328.717843
4336.922971
4335.89733
4334.358868
4342.563996
4346.15374
4343.076817
4348.717842
4353.846047
4349.743483
4348.717842
4352.820406
4352.307586
4347.179381
4335.89733
4327.692202
4332.307586
4335.89733
4332.820407
4329.743484
4326.666561
4320.512715
4316.410151
4317.948612
4324.615279
4320.512715
4308.205023
4305.64092
4309.230664
4311.794766
4315.38451
4314.358869
4309.230664
4314.871689
4319.487074
4317.948612
4320.512715
4327.692202
4330.769125
4334.871689
4335.89733
4329.230663
4325.128099
4325.64092
4327.692202
4332.307586
4330.256304
4322.051176
4314.871689
4303.589638
4286.666562
4284.61528
4298.974254
4303.076818
4299.999895
4304.615279
4310.256305
4307.692202
4307.179382
4307.179382
4301.538356
4294.358869
4287.179382
4281.538357
4282.051177
4287.179382
4285.1281
4282.563998
4289.743485
4297.435792
4294.87169
4293.846049
4293.333228
4291.794767
4295.38451
4299.999895
4295.897331
4292.820408
4300.512715
4304.615279
4299.999895
4290.769126
4287.179382
4289.743485
4292.820408
4296.922972
4304.102459
4309.743484
4314.871689
4318.461433
4320.512715
4320.512715
4319.999894
4319.999894
4324.615279
4328.205022
4323.589638
4318.461433
4318.461433
4319.487074
4317.435792
4319.999894
4327.179381
4332.307586
4332.307586
4332.820407
4332.820407
4330.769125
4327.692202
4326.15374
4328.717843
4329.230663
4324.102458
4321.538356
4325.128099
4325.64092
4322.051176
4322.051176
4325.128099
4327.692202
4332.820407
4339.487073
4343.589637
4339.999894
4334.358868
4335.89733
4336.41015
4329.743484
4325.64092
4323.076817
4316.922971
4314.358869
4314.871689
4312.307587
4308.717843
4308.717843
4307.179382
4305.1281
4305.1281
4309.230664
4315.89733
4318.974253
4315.38451
4309.743484
4306.153741
4306.666561
4310.769125
4315.89733
4323.589638
4326.15374
4329.230663
4339.999894
4350.769124
4351.281945
4352.820406
4353.846047
4349.743483
4347.692201
4342.051176
4330.769125
4325.128099
4330.256304
4335.89733
4331.281945
4325.128099
4330.256304
4336.922971
4336.41015
4337.948612
4339.999894
4332.307586
4328.205022
4334.871689
4341.538355
4344.615278
4341.538355
4334.358868
4329.230663
4327.179381
4329.743484
4332.820407
4329.230663
4330.769125
4339.999894
4342.563996
4337.948612
4339.999894
4341.538355
4342.051176
4344.615278
4342.051176
4337.435791
4338.974253
4340.512714
4339.487073
4341.025535
4341.025535
4339.999894
4343.076817
4344.615278
4339.999894
4343.589637
4353.333227
4352.820406
4343.076817
4339.999894
4342.563996
4344.615278
4348.717842
4356.92297
4354.871688
4343.589637
4341.538355
4345.640919
4347.692201
4348.717842
4349.743483
4343.589637
4339.999894
4344.102458
4352.820406
4358.461432
4361.538355
4365.640919
4368.205021
4364.102457
4358.974252
4360.512714
4366.153739
4366.66656
4358.974252
4354.358868
4357.435791
4363.076816
4362.563996
4359.487073
4361.538355
4367.692201
4372.307585
4370.256303
4367.692201
4368.717842
4368.717842
4365.640919
4364.102457
4366.66656
4369.743483
4368.717842
4364.102457
4358.974252
4358.461432
4361.538355
4363.076816
4361.538355
4364.102457
4370.256303
4367.692201
4359.487073
4353.846047
4350.256304
4346.15374
4347.692201
4353.333227
4357.435791
4357.435791
4358.461432
4359.487073
4357.948611
4355.897329
4356.92297
4356.92297
4359.999893
4366.66656
4366.66656
4357.948611
4355.897329
4365.128098
4362.563996
4352.820406
4348.205022
4347.179381
4346.15374
4347.179381
4348.205022
4350.256304
4357.948611
4366.153739
4369.743483
4368.717842
4367.17938
4364.615278
4354.871688
4346.15374
4345.640919
4345.128099
4342.051176
4338.974253
4342.051176
4349.743483
4354.871688
4356.92297
4362.051175
4364.615278
4362.051175
4364.102457
4369.743483
4372.820406
4375.897329
4379.999893
4376.410149
4365.640919
4357.948611
4356.92297
4349.743483
4342.563996
4349.743483
4358.974252
4361.025534
4365.640919
4370.256303
4379.487072
4397.94861
4405.640918
4397.94861
4389.743482
4384.102457
4374.358867
4369.743483
4369.230662
4368.205021
4367.17938
4366.153739
4364.615278
4368.205021
4376.92297
4381.025534
4382.563995
4386.153739
4388.205021
4387.6922
4386.153739
4380.512713
4379.487072
4380.512713
4375.384508
4369.230662
4370.256303
4375.897329
4383.589636
4388.205021
4387.6922
4389.230662
4395.897328
4397.43579
4390.769123
4384.615277
4382.563995
4384.102457
4384.615277
4382.051175
4375.384508
4371.281944
4369.743483
4369.743483
4374.871688
4383.589636
4388.205021
4386.153739
4383.589636
4384.102457
4379.999893
4375.384508
4381.025534
4379.487072
4366.153739
4362.051175
4370.256303
4374.358867
4378.461431
4385.640918
4388.717841
4387.6922
4382.051175
4374.358867
4373.333226
4379.487072
4379.487072
4372.820406
4367.692201
4363.589637
4361.538355
4370.769124
4384.615277
4392.820405
4390.256303
4378.974252
4371.794765
4373.333226
4370.769124
4361.025534
4354.358868
4356.41015
4366.66656
4373.333226
4370.769124
4368.205021
4366.153739
4359.999893
4356.41015
4357.948611
4358.974252
4358.461432
4354.358868
4347.692201
4348.205022
4354.871688
4356.41015
4354.871688
4354.871688
4357.435791
4363.076816
4371.281944
4372.820406
4367.17938
4360.512714
4355.384509
4349.743483
4350.256304
4356.41015
4360.512714
4354.871688
4346.66656
4341.538355
4341.025535
4346.66656
4350.769124
4350.256304
4352.820406
4359.487073
4362.563996
4365.640919
4365.128098
4357.435791
4347.692201
4345.640919
4349.230663
4351.281945
4348.717842
4346.66656
4349.743483
4349.743483
4347.692201
4348.205022
4354.871688
4364.615278
4370.769124
4368.717842
4364.102457
4364.102457
4366.153739
4359.999893
4352.307586
4359.487073
4370.769124
4364.615278
4356.41015
4360.512714
4362.563996
4356.92297
4351.794765
4350.769124
4350.256304
4355.897329
4359.999893
4354.358868
4346.15374
4345.640919
4352.820406
4361.538355
4362.051175
4354.871688
4353.846047
4360.512714
4365.128098
4366.66656
4367.17938
4359.487073
4353.846047
4359.999893
4367.17938
4364.102457
4357.435791
4358.974252
4364.102457
4359.999893
4354.871688
4357.948611
4362.563996
4364.615278
4365.640919
4363.076816
4359.487073
4360.512714
4359.999893
4362.563996
4364.615278
4363.076816
4363.076816
4366.66656
4366.153739
4363.076816
4362.563996
4365.640919
4370.256303
4372.307585
4369.743483
4368.205021
4368.205021
4368.205021
4373.846047
4379.999893
4376.92297
4373.846047
4383.076816
4390.256303
4390.256303
4389.743482
4384.102457
4377.43579
4382.563995
4385.640918
4379.487072
4382.051175
4388.205021
4384.615277
4379.999893
4383.589636
4387.17938
4388.717841
4389.743482
4387.6922
4379.487072
4372.820406
4372.307585
4375.384508
4378.461431
4382.051175
4384.102457
4381.538354
4377.948611
4377.948611
4381.538354
4385.640918
4390.769123
4390.256303
4387.6922
4386.666559
4372.307585
4349.230663
4344.615278
4351.281945
4347.692201
4343.076817
4342.563996
4341.025535
4346.66656
4351.281945
4345.640919
4346.66656
4352.820406
4353.846047
4350.256304
4349.743483
4351.794765
4357.948611
4363.589637
4363.076816
4356.92297
4348.205022
4344.615278
4345.128099
4344.102458
4342.563996
4342.051176
4342.563996
4347.179381
4350.769124
4347.692201
4345.640919
4351.281945
4352.820406
4346.66656
4341.538355
4346.15374
4347.692201
4342.563996
4341.025535
4337.435791
4327.692202
4326.15374
4338.974253
4349.230663
4348.717842
4343.076817
4345.640919
4351.281945
4350.769124
4349.230663
4351.281945
4349.230663
4348.717842
4352.820406
4351.794765
4351.281945
4352.307586
4348.205022
4346.66656
4355.897329
4364.102457
4366.66656
4368.717842
4371.281944
4369.230662
4367.17938
4370.769124
4381.538354
4385.640918
4373.846047
4364.102457
4368.205021
4370.769124
4362.051175
4354.871688
4355.897329
4360.512714
4363.589637
4362.563996
4359.487073
4362.051175
4367.692201
4371.794765
4377.43579
4381.025534
4373.846047
4364.102457
4364.615278
4366.66656
4366.66656
4371.794765
4377.43579
4376.92297
4374.871688
4375.384508
4376.410149
4380.512713
4390.256303
4396.922969
4393.333226
4386.153739
4381.025534
4376.410149
4370.769124
4365.128098
4363.589637
4370.256303
4374.358867
4375.384508
4378.974252
4381.538354
4378.461431
4378.974252
4381.025534
4380.512713
4383.589636
4390.256303
4391.281944
4380.512713
4371.794765
4373.846047
4379.999893
4381.025534
4382.563995
4382.051175
4376.92297
4375.384508
4378.974252
4379.487072
4380.512713
4382.051175
4383.076816
4383.076816
4380.512713
4377.43579
4381.538354
4385.128098
4380.512713
4378.461431
4379.999893
4375.897329
4369.230662
4371.794765
4374.871688
4369.230662
4364.615278
4366.66656
4370.769124
4371.281944
4368.717842
4369.230662
4373.333226
4372.307585
4366.66656
4364.615278
4366.66656
4369.743483
4371.794765
4372.820406
4374.358867
4373.333226
4372.820406
4375.384508
4377.948611
4378.461431
4375.897329
4371.281944
4371.281944
4375.384508
4376.92297
4379.999893
4381.025534
4380.512713
4384.102457
4385.128098
4376.92297
4373.846047
4381.025534
4385.128098
4385.640918
4386.666559
4385.128098
4383.076816
4381.025534
4377.948611
4382.051175
4386.153739
4377.948611
4366.153739
4366.153739
4371.281944
4369.743483
4362.051175
4357.435791
4361.025534
4366.153739
4369.743483
4377.43579
4381.538354
4380.512713
4382.563995
4384.102457
4381.025534
4379.487072
4379.487072
4370.769124
4363.076816
4366.153739
4374.871688
4380.512713
4381.025534
4380.512713
4378.974252
4382.051175
4393.333226
4398.974251
4391.794764
4383.589636
4380.512713
4377.43579
4371.794765
4368.717842
4371.281944
4378.461431
4381.538354
4381.538354
4381.538354
4383.076816
4382.563995
4383.076816
4382.051175
4374.871688
4369.743483
4373.333226
4379.487072
4374.358867
4370.256303
4375.897329
4382.051175
4380.512713
4379.999893
4387.6922
4387.6922
4373.846047
4364.102457
4368.205021
4371.281944
4370.769124
4374.871688
4376.92297
4372.307585
4369.230662
4370.769124
4377.43579
4380.512713
4377.948611
4377.43579
4379.999893
4382.563995
4382.563995
4372.307585
4360.512714
4363.076816
4374.358867
4377.43579
4375.384508
4377.948611
4384.102457
4392.307585
4398.461431
4397.94861
4388.205021
4380.512713
4377.43579
4373.333226
4367.17938
4370.769124
4381.025534
4383.589636
4382.051175
4389.743482
4398.974251
4396.922969
4393.333226
4391.281944
4383.076816
4370.769124
4366.66656
4371.281944
4378.461431
4382.563995
4384.102457
4387.6922
4392.307585
4389.743482
4384.615277
4383.589636
4376.92297
4364.102457
4357.435791
4365.128098
4371.281944
4368.205021
4367.692201
4372.820406
4373.846047
4368.717842
4368.205021
4371.794765
4370.256303
4364.615278
4365.640919
4376.410149
4376.410149
4363.589637
4358.974252
4360.512714
4362.563996
4368.205021
4371.794765
4367.692201
4363.076816
4357.948611
4357.435791
4363.589637
4364.615278
4363.076816
4367.692201
4369.230662
4370.769124
4370.256303
4359.487073
4353.846047
4361.538355
4365.128098
4358.461432
4356.92297
4354.871688
4348.205022
4348.205022
4356.92297
4371.281944
4382.563995
4386.153739
4384.102457
4386.153739
4390.769123
4393.333226
4386.153739
4375.897329
4375.897329
4381.538354
4376.410149
4373.333226
4380.512713
4382.051175
4375.897329
4380.512713
4388.717841
4383.076816
4374.358867
4374.871688
4381.025534
4382.563995
4382.563995
4385.128098
4383.589636
4372.820406
4365.640919
4371.281944
4379.999893
4375.897329
4373.333226
4384.102457
4388.205021
4375.897329
4370.256303
4374.358867
4371.281944
4369.230662
4371.794765
4371.281944
4368.717842
4369.743483
4370.256303
4370.769124
4369.230662
4369.743483
4382.051175
4392.820405
4388.717841
4375.384508
4368.205021
4366.66656
4362.563996
4358.974252
4368.205021
4376.92297
4376.92297
4379.487072
4388.205021
4391.281944
4390.256303
4385.640918
4375.897329
4370.769124
4377.43579
4384.615277
4375.897329
4365.128098
4371.281944
4383.076816
4381.538354
4379.999893
4387.6922
4389.743482
4383.589636
4386.666559
4395.384508
4398.974251
4395.897328
4388.205021
4378.974252
4371.281944
4366.153739
4368.717842
4376.92297
4381.025534
4386.153739
4390.256303
4391.794764
4395.384508
4402.563995
4409.230661
4414.871687
4415.384507
4406.666559
4389.230662
4375.384508
4375.384508
4376.410149
4369.230662
4366.66656
4373.846047
4377.948611
4376.92297
4378.974252
4389.743482
4401.538354
4399.487072
4389.230662
4381.025534
4373.846047
4364.102457
4355.384509
4348.717842
4348.205022
4353.846047
4357.435791
4362.051175
4373.333226
4377.43579
4372.307585
4371.794765
4374.358867
4368.717842
4364.615278
4366.66656
4367.692201
4367.17938
4370.256303
4377.948611
4384.102457
4389.230662
4393.333226
4393.333226
4390.769123
4387.17938
4377.43579
4369.230662
4368.717842
4372.820406
4377.43579
4378.974252
4376.92297
4376.410149
4375.897329
4373.846047
4372.307585
4369.230662
4367.692201
4373.333226
4382.563995
4385.640918
4381.025534
4373.333226
4369.743483
4372.820406
4378.974252
4379.999893
4380.512713
4380.512713
4378.974252
4375.384508
4374.871688
4378.974252
4380.512713
4379.999893
4377.948611
4375.897329
4375.897329
4379.999893
4378.461431
4371.794765
4367.17938
4368.205021
4372.820406
4375.897329
4380.512713
4389.743482
4393.846046
4386.666559
4380.512713
4381.538354
4382.051175
4377.948611
4379.487072
4386.153739
4385.640918
4379.487072
4382.563995
4387.17938
4385.128098
4381.538354
4385.128098
4390.256303
4390.769123
4386.666559
4382.051175
4375.384508
4365.128098
4361.025534
4368.205021
4376.92297
4376.410149
4375.897329
4381.025534
4388.205021
4390.256303
4388.205021
4385.128098
4385.128098
4382.563995
4375.384508
4372.820406
4376.92297
4380.512713
4378.974252
4381.025534
4383.076816
4380.512713
4379.487072
4379.999893
4373.333226
4370.769124
4377.43579
4380.512713
4378.974252
4378.974252
4377.948611
4377.43579
4376.410149
4373.846047
4371.794765
4371.281944
4373.846047
4373.846047
4371.794765
4372.307585
4371.794765
4366.66656
4364.615278
4372.307585
4377.43579
4378.461431
4378.461431
4379.487072
4379.487072
4381.538354
4382.563995
4379.487072
4375.384508
4372.307585
4368.717842
4368.717842
4375.384508
4380.512713
4379.999893
4377.43579
4374.871688
4371.281944
4365.128098
4358.461432
4361.538355
4371.794765
4378.461431
4380.512713
4384.102457
4385.128098
4383.076816
4383.589636
4391.281944
4401.538354
4403.589636
4393.333226
4379.999893
4371.281944
4364.615278
4359.487073
4362.563996
4374.871688
4383.076816
4383.589636
4386.153739
4394.358867
4392.307585
4377.43579
4362.563996
4358.461432
4359.999893
4361.538355
4367.17938
4372.820406
4373.846047
4376.410149
4385.128098
4386.666559
4376.410149
4367.17938
4364.615278
4368.717842
4375.384508
4376.92297
4377.43579
4378.461431
4380.512713
4382.051175
4384.102457
4387.6922
4390.256303
4389.743482
4382.563995
4372.307585
4364.615278
4365.128098
4370.256303
4373.333226
4373.846047
4372.820406
4371.794765
4374.871688
4377.948611
4376.410149
4372.307585
4373.333226
4377.948611
4378.974252
4379.487072
4380.512713
4377.43579
4368.717842
4363.589637
4367.17938
4375.384508
4382.051175
4386.666559
4387.17938
4381.025534
4372.820406
4374.871688
4385.640918
4395.897328
4398.461431
4390.256303
4382.563995
4376.92297
4370.769124
4368.717842
4372.307585
4373.333226
4366.66656
4355.897329
4350.256304
4355.897329
4365.640919
4371.794765
4378.461431
4382.051175
4382.051175
4383.589636
4386.153739
4384.615277
4376.410149
4371.281944
4375.384508
4383.076816
4377.948611
4366.153739
4362.051175
4364.615278
4367.692201
4365.640919
4359.487073
4355.897329
4362.051175
4375.384508
4386.153739
4385.128098
4377.43579
4368.205021
4352.820406
4339.487073
4345.640919
4358.974252
4362.563996
4362.563996
4370.769124
4375.897329
4374.358867
4375.384508
4373.846047
4367.692201
4368.717842
4378.974252
4384.615277
4383.589636
4387.6922
4395.897328
4393.333226
4382.563995
4374.871688
4373.846047
4372.820406
4375.897329
4381.538354
4383.589636
4387.17938
4391.281944
4390.769123
4388.205021
4392.820405
4394.358867
4388.205021
4388.717841
4395.897328
4391.794764
4384.615277
4387.17938
4391.281944
4391.281944
4392.820405
4393.846046
4387.6922
4381.025534
4379.999893
4384.102457
4386.153739
4386.666559
4386.153739
4384.102457
4381.538354
4382.563995
4384.615277
4384.102457
4383.076816
4386.153739
4389.230662
4388.717841
4382.563995
4377.43579
4381.025534
4385.640918
4384.102457
4383.589636
4390.256303
4391.794764
4382.563995
4375.384508
4378.461431
4383.076816
4384.102457
4380.512713
4375.897329
4376.92297
4381.025534
4381.538354
4384.102457
4384.615277
4377.43579
4375.897329
4376.410149
4373.846047
4379.999893
4389.743482
4387.17938
4381.025534
4383.589636
4390.769123
4395.897328
4397.94861
4398.974251
4394.358867
4386.153739
4384.102457
4385.128098
4380.512713
4372.820406
4372.820406
4379.487072
4379.999893
4374.358867
4370.769124
4370.256303
4368.205021
4372.820406
4377.948611
4374.871688
4373.333226
4374.358867
4369.743483
4369.230662
4378.974252
4381.025534
4375.384508
4374.871688
4377.43579
4377.948611
4378.461431
4379.487072
4380.512713
4384.102457
4385.640918
4385.640918
4387.6922
4387.6922
4384.102457
4382.051175
4382.051175
4380.512713
4379.999893
4381.025534
4379.999893
4378.461431
4379.999893
4385.128098
4386.153739
4383.589636
4383.589636
4383.076816
4381.025534
4383.589636
4387.17938
4382.563995
4381.025534
4385.640918
4388.717841
4387.17938
4385.640918
4383.589636
4383.076816
4383.589636
4381.538354
4378.974252
4378.974252
4384.615277
4394.358867
4399.487072
4400.512713
4399.999892
4394.871687
4387.6922
4385.128098
4387.6922
4391.281944
4392.820405
4389.743482
4388.205021
4387.6922
4388.205021
4390.769123
4394.871687
4399.999892
4399.999892
4395.897328
4389.230662
4384.102457
4386.666559
4393.846046
4391.794764
4385.128098
4385.640918
4387.17938
4383.076816
4382.563995
4387.6922
4388.717841
4386.153739
4390.769123
4394.358867
4388.717841
4383.076816
4383.076816
4381.538354
4377.948611
4375.897329
4373.846047
4374.358867
4376.92297
4383.589636
4385.640918
4381.025534
4382.563995
4390.769123
4392.820405
4385.128098
4379.999893
4377.948611
4381.538354
4386.153739
4386.666559
4385.128098
4382.051175
4378.974252
4383.076816
4385.128098
4380.512713
4378.461431
4381.025534
4380.512713
4377.948611
4376.410149
4378.974252
4381.025534
4373.333226
4369.743483
4375.897329
4376.410149
4373.846047
4377.43579
4377.43579
4376.92297
4378.974252
4377.43579
4375.897329
4379.487072
4379.487072
4373.333226
4370.256303
4374.871688
4381.025534
4379.487072
4375.384508
4374.871688
4376.410149
4378.461431
4386.153739
4392.307585
4391.281944
4386.153739
4383.589636
4385.128098
4377.948611
4364.615278
4363.076816
4377.43579
4387.6922
4387.6922
4383.076816
4380.512713
4381.538354
4385.128098
4385.640918
4384.615277
4388.205021
4395.384508
4400.512713
4401.538354
4395.384508
4392.307585
4394.358867
4393.333226
4395.897328
4399.999892
4398.974251
4397.94861
4403.076815
4404.102456
4403.076815
4402.563995
4397.94861
4397.43579
4401.025533
4401.025533
4404.102456
4413.846046
4414.871687
4405.128097
4399.999892
4401.538354
4402.563995
4403.076815
4403.076815
4407.179379
4409.230661
4403.076815
4396.410149
4395.897328
4393.846046
4390.256303
4391.794764
4395.897328
4395.897328
4393.846046
4396.922969
4396.410149
4386.666559
4385.640918
4395.897328
4398.461431
4397.94861
4396.410149
4390.256303
4385.640918
4384.102457
4383.589636
4386.666559
4387.6922
4382.051175
4381.538354
4386.153739
4389.230662
4388.717841
4381.538354
4371.794765
4372.820406
4380.512713
4385.128098
4381.538354
4374.358867
4368.717842
4368.205021
4371.281944
4370.256303
4363.589637
4359.487073
4363.076816
4366.153739
4367.17938
4366.153739
4364.102457
4364.102457
4367.17938
4371.794765
4374.871688
4375.384508
4379.999893
4384.102457
4381.025534
4380.512713
4385.128098
4383.076816
4375.897329
4374.871688
4378.974252
4384.615277
4383.076816
4374.871688
4372.820406
4381.538354
4383.076816
4376.410149
4374.871688
4379.487072
4384.102457
4385.128098
4384.615277
4382.051175
4381.538354
4379.999893
4379.487072
4382.563995
4386.153739
4384.615277
4377.948611
4372.307585
4375.384508
4383.589636
4384.102457
4379.487072
4380.512713
4384.102457
4385.128098
4385.640918
4384.102457
4381.538354
4385.128098
4392.820405
4395.384508
4390.769123
4387.17938
4385.640918
4378.974252
4376.410149
4377.948611
4379.999893
4385.128098
4388.717841
4388.205021
4385.128098
4385.128098
4391.794764
4403.076815
4403.076815
4393.333226
4387.6922
4389.230662
4387.17938
4386.153739
4387.6922
4387.6922
4388.205021
4390.769123
4390.769123
4385.640918
4384.615277
4390.256303
4393.333226
4389.743482
4387.17938
4387.6922
4384.615277
4383.076816
4388.717841
4394.358867
4397.43579
4396.410149
4388.205021
4379.487072
4381.025534
4388.717841
4394.871687
4395.897328
4395.897328
4396.922969
4396.410149
4398.974251
4406.666559
4414.358866
4412.307584
4400.512713
4388.205021
4388.717841
4396.922969
4397.94861
4394.871687
4393.846046
4388.205021
4382.563995
4388.717841
4398.461431
4397.43579
4391.794764
4393.333226
4393.846046
4391.281944
4390.256303
4392.307585
4395.897328
4399.487072
4404.102456
4403.589636
4396.922969
4392.820405
4397.43579
4402.563995
4403.589636
4404.615277
4407.179379
4406.153738
4402.563995
4400.512713
4396.922969
4389.230662
4390.256303
4399.487072
4403.076815
4402.051174
4405.128097
4405.640918
4401.538354
4397.43579
4393.846046
4396.922969
4401.025533
4396.922969
4384.615277
4377.948611
4376.410149
4373.846047
4373.333226
4376.92297
4380.512713
4381.538354
4385.640918
4390.256303
4385.128098
4380.512713
4381.025534
4375.384508
4375.384508
4379.999893
4371.281944
4357.948611
4359.487073
4364.615278
4363.076816
4358.461432
4356.41015
4354.871688
4347.179381
4338.461432
4325.64092
4306.153741
4302.051177
4314.871689
4317.435792
4306.666561
4294.87169
4288.205023
4287.179382
4295.897331
4310.769125
4328.717843
4337.948612
4337.948612
4337.435791
4340.512714
4350.769124
4359.999893
4356.41015
4350.769124
4357.435791
4366.66656
4368.205021
4365.640919
4362.563996
4357.435791
4352.307586
4351.281945
4352.820406
4352.820406
4355.897329
4359.487073
4356.92297
4355.897329
4358.974252
4362.563996
4366.153739
4369.230662
4366.153739
4369.230662
4373.333226
4369.230662
4365.640919
4369.230662
4370.769124
4370.769124
4369.230662
4361.025534
4356.41015
4362.051175
4367.692201
4363.589637
4353.333227
4344.615278
4344.615278
4350.256304
4350.769124
4346.15374
4344.102458
4343.076817
4343.076817
4348.717842
4353.333227
4352.307586
4353.846047
4359.999893
4363.589637
4365.640919
4358.461432
4349.230663
4350.256304
4356.41015
4358.974252
4360.512714
4358.974252
4356.92297
4362.563996
4368.205021
4366.66656
4371.281944
4379.487072
4378.974252
4376.410149
4374.871688
4374.358867
4372.820406
4372.307585
4370.769124
4373.333226
4377.43579
4374.871688
4368.717842
4371.281944
4376.410149
4373.333226
4366.66656
4357.948611
4351.794765
4354.358868
4358.974252
4359.999893
4365.128098
4365.640919
4358.461432
4355.384509
4355.384509
4352.307586
4350.256304
4351.794765
4354.358868
4353.333227
4349.743483
4351.794765
4355.897329
4353.846047
4350.769124
4355.384509
4362.051175
4362.051175
4355.897329
4354.871688
4361.025534
4362.051175
4359.999893
4361.025534
4357.435791
4356.41015
4364.102457
4369.230662
4367.692201
4367.17938
4365.640919
4358.974252
4357.435791
4359.999893
4362.563996
4362.051175
4356.92297
4346.15374
4342.563996
4350.256304
4357.435791
4357.948611
4357.435791
4358.974252
4361.025534
4366.153739
4365.640919
4357.948611
4351.794765
4351.281945
4349.230663
4350.256304
4354.871688
4358.974252
4363.076816
4366.153739
4368.205021
4375.384508
4377.43579
4366.153739
4357.948611
4356.92297
4349.743483
4343.076817
4351.794765
4358.974252
4356.41015
4356.92297
4361.538355
4357.948611
4352.820406
4355.384509
4362.051175
4363.589637
4363.076816
4366.66656
4368.205021
4367.692201
4366.66656
4366.66656
4369.230662
4374.358867
4372.820406
4364.102457
4356.92297
4358.974252
4362.051175
4364.102457
4368.205021
4367.692201
4362.051175
4364.102457
4368.205021
4366.66656
4369.230662
4374.871688
4375.384508
4373.846047
4368.717842
4362.051175
4362.051175
4359.487073
4353.846047
4355.897329
4358.974252
4358.461432
4363.589637
4368.717842
4363.589637
4357.435791
4357.948611
4362.563996
4363.589637
4362.563996
4363.589637
4365.640919
4361.025534
4356.41015
4357.948611
4356.41015
4351.281945
4356.41015
4367.692201
4364.102457
4355.384509
4352.307586
4351.281945
4351.794765
4357.435791
4358.974252
4361.538355
4368.717842
4370.256303
4364.102457
4359.999893
4362.563996
4364.102457
4360.512714
4357.948611
4359.999893
4359.999893
4359.487073
4365.128098
4364.615278
4355.897329
4356.41015
4361.538355
4360.512714
4357.948611
4359.999893
4363.589637
4368.205021
4371.794765
4366.153739
4355.897329
4351.794765
4353.333227
4356.92297
4362.563996
4361.025534
4356.41015
4355.897329
4358.461432
4357.948611
4358.461432
4357.948611
4355.384509
4351.281945
4350.256304
4357.435791
4364.615278
4365.640919
4364.615278
4365.640919
4364.102457
4362.051175
4364.102457
4367.692201
4360.512714
4352.820406
4354.358868
4360.512714
4363.589637
4364.615278
4363.589637
4361.538355
4358.974252
4355.384509
4353.846047
4356.92297
4364.102457
4367.17938
4363.076816
4356.92297
4350.769124
4345.640919
4347.179381
4353.333227
4355.897329
4353.846047
4356.92297
4365.640919
4365.640919
4359.999893
4362.051175
4371.794765
4375.384508
4369.743483
4362.563996
4363.589637
4367.17938
4364.615278
4358.461432
4360.512714
4369.743483
4372.820406
4367.17938
4363.076816
4364.615278
4364.102457
4357.948611
4353.333227
4354.358868
4358.461432
4362.563996
4364.102457
4365.640919
4369.743483
4370.256303
4367.692201
4371.281944
4374.871688
4375.384508
4373.846047
4367.17938
4362.051175
4366.66656
4372.820406
4371.794765
4368.717842
4363.589637
4362.051175
4366.66656
4371.281944
4372.820406
4373.846047
4373.333226
4372.820406
4367.17938
4359.999893
4358.974252
4358.974252
4358.461432
4362.563996
4368.717842
4369.230662
4369.230662
4369.743483
4370.256303
4370.256303
4368.717842
4367.17938
4364.102457
4356.92297
4357.948611
4370.769124
4376.410149
4368.717842
4366.66656
4371.794765
4370.769124
4368.717842
4375.384508
4381.538354
4377.948611
4375.384508
4378.461431
4377.948611
4371.281944
4370.769124
4372.820406
4369.743483
4366.153739
4368.717842
4374.871688
4378.461431
4376.92297
4370.256303
4367.17938
4374.358867
4387.17938
4388.205021
4381.025534
4371.794765
4359.999893
4349.230663
4352.307586
4363.589637
4368.717842
4370.256303
4371.281944
4369.230662
4366.153739
4369.230662
4371.794765
4372.820406
4371.281944
4365.128098
4365.640919
4377.43579
4381.538354
4378.974252
4383.076816
4386.666559
4385.128098
4381.025534
4373.333226
4369.230662
4377.948611
4386.666559
4383.589636
4375.897329
4377.948611
4384.102457
4385.640918
4382.051175
4380.512713
4383.076816
4387.17938
4389.230662
4387.6922
4384.102457
4379.999893
4373.846047
4365.128098
4363.076816
4367.17938
4367.692201
4364.102457
4360.512714
4359.999893
4370.256303
4381.538354
4384.102457
4389.230662
4401.538354
4405.128097
4396.922969
4389.230662
4381.025534
4367.17938
4359.487073
4363.589637
4365.640919
4366.153739
4369.230662
4366.66656
4359.999893
4364.615278
4372.307585
4372.820406
4375.384508
4385.640918
4389.230662
4382.563995
4379.487072
4383.076816
4377.43579
4362.563996
4359.487073
4363.076816
4360.512714
4355.897329
4356.92297
4352.820406
4347.692201
4356.41015
4371.794765
4379.999893
4378.461431
4377.948611
4377.948611
4372.820406
4367.692201
4368.205021
4367.17938
4362.051175
4357.948611
4354.358868
4355.384509
4357.948611
4357.435791
4359.999893
4365.128098
4366.153739
4366.66656
4376.410149
4385.640918
4380.512713
4374.358867
4381.025534
4385.640918
4374.871688
4365.128098
4364.102457
4365.128098
4365.640919
4367.692201
4365.128098
4359.487073
4357.948611
4363.589637
4368.717842
4367.17938
4362.051175
4359.487073
4366.153739
4376.92297
4381.538354
4382.563995
4381.538354
4376.410149
4372.307585
4368.717842
4358.974252
4348.205022
4350.769124
4362.051175
4368.205021
4370.256303
4375.897329
4381.538354
4377.43579
4370.769124
4366.153739
4363.589637
4364.102457
4369.230662
4373.846047
4375.384508
4374.871688
4374.871688
4374.358867
4373.846047
4374.871688
4374.358867
4372.820406
4373.333226
4373.333226
4368.205021
4362.051175
4361.538355
4365.640919
4365.640919
4362.051175
4360.512714
4362.051175
4362.051175
4365.640919
4372.820406
4373.846047
4370.769124
4372.307585
4373.846047
4368.205021
4362.051175
4362.563996
4367.692201
4368.717842
4362.051175
4356.92297
4364.102457
4371.281944
4370.256303
4367.17938
4364.615278
4362.051175
4362.563996
4367.692201
4370.256303
4366.66656
4363.589637
4366.153739
4365.128098
4361.538355
4361.025534
4362.563996
4365.640919
4371.281944
4373.333226
4373.333226
4378.974252
4379.999893
4373.333226
4372.820406
4381.025534
4381.025534
4371.794765
4367.17938
4371.794765
4376.410149
4379.487072
4382.051175
4382.051175
4377.43579
4370.769124
4365.128098
4365.640919
4373.846047
4377.948611
4375.384508
4371.281944
4370.769124
4369.230662
4368.717842
4370.256303
4372.307585
4375.897329
4381.538354
4381.538354
4376.410149
4370.769124
4368.717842
4367.692201
4370.769124
4376.410149
4381.025534
4379.999893
4378.974252
4382.051175
4381.025534
4376.92297
4378.461431
4379.999893
4372.820406
4364.102457
4362.563996
4371.794765
4380.512713
4381.025534
4378.461431
4376.410149
4375.897329
4373.846047
4370.256303
4371.281944
4377.948611
4382.051175
4384.615277
4385.640918
4382.563995
4381.025534
4380.512713
4369.743483
4361.538355
4363.589637
4368.717842
4372.307585
4375.384508
4375.897329
4371.794765
4371.794765
4372.820406
4367.17938
4364.102457
4367.692201
4366.66656
4370.256303
4381.538354
4383.076816
4375.384508
4374.871688
4375.897329
4372.820406
4371.281944
4371.794765
4370.769124
4373.333226
4380.512713
4382.563995
4381.538354
4382.051175
4377.948611
4371.794765
4377.948611
4385.128098
4383.589636
4377.948611
4376.410149
4375.897329
4371.794765
4370.256303
4375.384508
4377.43579
4373.846047
4377.948611
4383.076816
4376.92297
4368.717842
4371.281944
4371.794765
4364.102457
4359.487073
4367.17938
4376.410149
4377.43579
4373.333226
4368.717842
4366.66656
4372.820406
4382.051175
4378.461431
4369.743483
4372.820406
4381.025534
4379.487072
4377.948611
4381.538354
4382.051175
4379.487072
4379.487072
4377.43579
4374.358867
4374.358867
4374.358867
4376.92297
4377.43579
4371.794765
4369.230662
4371.794765
4372.307585
4377.43579
4381.538354
4381.538354
4384.615277
4388.717841
4386.153739
4383.589636
4383.589636
4382.563995
4381.025534
4379.487072
4378.974252
4379.999893
4382.563995
4379.999893
4380.512713
4386.153739
4387.6922
4384.102457
4379.487072
4376.92297
4377.948611
4380.512713
4380.512713
4381.025534
4378.974252
4370.256303
4365.128098
4376.92297
4389.230662
4387.6922
4381.025534
4383.076816
4387.17938
4390.256303
4391.794764
4388.205021
4381.025534
4380.512713
4382.563995
4382.051175
4383.076816
4387.6922
4392.307585
4394.871687
4395.384508
4389.230662
4379.487072
4374.358867
4375.384508
4375.897329
4377.43579
4383.589636
4385.640918
4379.999893
4376.410149
4375.384508
4374.871688
4376.410149
4374.871688
4369.743483
4366.66656
4371.794765
4376.92297
4376.410149
4373.846047
4372.307585
4372.820406
