
4584.102452
4586.153734
4585.640914
4579.487068
4576.410145
4577.948606
4576.410145
4575.897324
4579.487068
4576.410145
4572.820401
4573.333222
4568.205016
4561.025529
4557.948606
4559.999888
4561.025529
4556.410145
4552.820401
4558.974247
4556.922965
4539.487068
4546.666555
4530.76912
4432.307584
4340.512714
4323.076817
4307.179382
4267.692203
4245.640922
4172.820411
4023.076825
3930.769135
3919.487084
3871.281957
3787.692215
3759.487088
3763.589652
3754.871703
3762.564011
3781.025549
3787.179395
3774.871703
3733.846063
3669.23068
3612.820424
3588.20504
3587.69222
3594.358886
3586.666579
3570.256323
3553.846067
3496.410171
3394.358891
3278.974279
3154.871718
3047.179413
2971.794799
2898.974288
2857.435828
2922.564031
3052.307618
3172.820435
3284.615304
3394.358891
3488.717863
3562.564015
3621.025552
3666.666577
3695.897346
3711.794781
3719.487089
3723.589653
3726.153755
3733.333242
3745.128114
3752.307601
3757.435806
3769.230677
3785.640933
3793.333241
3799.999907
3816.410163
3828.205035
3834.871701
3846.666573
3853.84606
3857.948624
3866.666572
3875.384521
3882.564008
3892.307597
3902.051187
3908.717853
3916.410161
3927.692212
3936.922981
3936.41016
3939.487083
3953.333237
3961.538365
3965.640929
3977.948621
3989.230672
3991.794774
3995.897338
4004.102466
4010.256312
4016.922979
4024.615286
4027.692209
4033.333235
4042.564004
4052.307593
4059.999901
4067.179388
4074.358875
4082.051182
4087.692208
4092.307592
4097.948618
4101.025541
4105.128105
4114.358874
4123.076822
4127.179386
4132.307591
4138.461437
4143.076822
4145.640924
4153.333232
4157.435796
4157.948616
4162.564001
4171.79477
4180.512718
4182.564
4182.564
4188.205026
4197.948615
4204.615282
4205.640923
4205.128102
4207.179384
4210.769128
4211.281948
4214.871692
4222.563999
4225.128102
4224.615281
4232.820409
4244.10246
4246.153742
4246.666563
4251.794768
4257.948614
4263.076819
4265.640921
4268.205024
4272.307588
4274.35887
4277.435793
4287.179382
4290.256305
4287.179382
4291.281946
4295.38451
4294.358869
4294.87169
4298.461433
4303.589638
4311.281946
4316.922971
4316.922971
4319.487074
4325.128099
4326.666561
4326.15374
4330.256304
4335.384509
4337.435791
4337.948612
4336.922971
4338.974253
4345.640919
4347.179381
4344.102458
4350.256304
4361.025534
4362.051175
4358.974252
4361.538355
4370.256303
4374.358867
4374.358867
4377.948611
4385.640918
4388.205021
4389.743482
4394.358867
4398.974251
4398.974251
4399.999892
4403.589636
4407.179379
4407.179379
4403.589636
4405.128097
4413.333225
4418.46143
4417.435789
4419.999892
4422.051174
4417.94861
4417.435789
4422.563994
4426.666558
4431.281943
4435.384507
4434.871686
4435.384507
4443.076814
4449.23066
4449.743481
4451.794763
4451.794763
4451.794763
4454.358865
4455.897327
4456.922968
4461.025532
4464.102455
4465.640916
4466.153737
4466.666557
4470.769121
4475.897326
4478.461429
4481.538352
4481.538352
4481.025531
4483.076813
4483.589634
4483.589634
4487.179377
4492.820403
4495.897326
4497.948608
4500.51271
4500.51271
4498.974249
4499.487069
4504.615274
4508.205018
4509.743479
4511.794761
4514.871684
4515.897325
4515.384505
4511.281941
4511.281941
4521.02553
4526.666556
4521.538351
4524.102453
4533.846043
4534.871684
4532.307581
4538.461427
4545.640914
4545.640914
4542.563991
4545.128094
4551.28194
4553.333222
4548.717837
4543.076812
4549.230658
4559.487068
4557.435786
4549.230658
4550.769119
4555.897324
4554.871683
4554.871683
4558.974247
4558.461427
4556.922965
4561.025529
4560.512709
4561.53835
4569.230657
4571.281939
4564.615273
4561.53835
4563.076811
4566.153734
4570.256298
4574.358863
4574.358863
4574.871683
4576.922965
4577.948606
4576.410145
4577.435786
4578.461427
4574.871683
4574.871683
4579.487068
4581.025529
4576.922965
4574.871683
4576.922965
4577.948606
4577.435786
4577.948606
4578.461427
4578.461427
4580.512709
4579.999888
4581.53835
4586.153734
4588.205016
4586.666555
4587.179375
4588.717837
4588.717837
4589.230657
4590.256298
4587.692196
4589.230657
4594.871683
4594.358862
4593.846042
4599.999888
4604.102452
4601.538349
4599.999888
4600.512708
4603.076811
4606.666554
4606.666554
4607.179375
4610.256298
4608.205016
4609.230657
4616.922964
4617.435785
4610.256298
4608.205016
4612.30758
4614.871682
4615.384503
4613.846041
4613.333221
4615.384503
4616.410144
4616.922964
4616.922964
4618.974246
4622.051169
4624.615272
4627.179374
4629.230656
4632.307579
4633.846041
4632.8204
4633.33322
4633.846041
4630.769118
4630.256297
4631.794759
4632.307579
4635.897323
4639.999887
4638.974246
4638.974246
4641.025528
4641.025528
4642.563989
4642.563989
4639.999887
4638.461425
4636.922964
4637.435784
4639.487066
4641.538348
4641.025528
4640.512707
4641.538348
4637.948605
4635.897323
4638.974246
4637.435784
4632.8204
4636.922964
4643.58963
4645.640912
4645.640912
4645.128092
4645.640912
4647.179374
4645.640912
4644.615271
4641.538348
4636.922964
4639.487066
4646.153733
4644.615271
4642.051169
4647.179374
4649.230656
4646.666553
4643.58963
4642.051169
4646.153733
4654.358861
4652.307579
4647.179374
4650.256297
4654.871681
4653.33322
4652.307579
4655.897322
4656.922963
4654.358861
4656.922963
4660.512707
4659.487066
4662.051168
4665.640912
4663.58963
4665.640912
4672.307578
4672.820399
4669.230655
4667.179373
4668.205014
4670.769117
4671.794758
4671.794758
4676.922963
4683.589629
4683.076809
4679.999886
4678.461424
4677.948604
4679.487065
4681.025527
4679.999886
4677.435783
4674.871681
4676.922963
4680.512706
4681.538347
4678.974245
4678.461424
4681.025527
4679.999886
4675.384501
4677.435783
4683.589629
4683.589629
4679.487065
4678.974245
4680.512706
4676.922963
4670.769117
4671.281937
4675.897322
4677.948604
4676.922963
4673.333219
4674.35886
4681.025527
4683.076809
4678.974245
4682.563988
4689.230655
4690.769116
4690.256296
4689.230655
4691.281937
4694.35886
4692.307578
4686.666552
4685.128091
4686.666552
4686.153732
4686.153732
4688.717834
4693.846039
4698.461424
4700.512706
4697.435783
4695.897321
4696.410142
4694.87168
4693.333219
4692.307578
4689.743475
4692.820398
4694.35886
4689.743475
4690.256296
4694.35886
4691.281937
4693.846039
4699.999885
4696.922962
4693.846039
4696.922962
4701.025526
4702.563988
4702.051167
4700.512706
4705.12809
4707.692193
4704.102449
4703.589629
4707.179372
4708.717834
4707.179372
4706.153731
4708.717834
4711.794757
4709.743475
4707.692193
4709.230654
4709.230654
4710.769116
4712.820398
4710.256295
4709.743475
4710.256295
4708.205013
4709.230654
4709.230654
4703.589629
4707.179372
4714.358859
4710.256295
4704.102449
4703.076808
4705.640911
4708.717834
4710.256295
4711.281936
4713.333218
4711.794757
4710.256295
4712.307577
4710.256295
4703.589629
4702.563988
4704.102449
4701.538347
4703.076808
4703.589629
4696.922962
4698.461424
4707.692193
4706.666552
4704.102449
4708.717834
4707.179372
4702.563988
4704.61527
4704.61527
4699.999885
4697.948603
4697.435783
4696.410142
4699.487065
4702.051167
4703.076808
4705.640911
4707.179372
4704.61527
4702.051167
4702.051167
4701.025526
4704.102449
4709.230654
4706.666552
4702.051167
4702.563988
4704.102449
4705.640911
4708.717834
4709.230654
4709.230654
4709.230654
4706.153731
4707.179372
4712.820398
4711.794757
4708.717834
4711.794757
4714.87168
4712.307577
4712.820398
4719.487064
4721.025526
4715.897321
4712.820398
4715.897321
4717.435782
4716.922962
4718.974244
4724.615269
4727.692192
4725.12809
4722.563987
4721.538346
4723.076808
4726.153731
4727.179372
4729.743474
4736.410141
4738.461423
4736.922961
4737.948602
4737.435782
4734.358859
4738.461423
4743.076807
4742.051166
4741.538346
4743.589628
4742.051166
4738.461423
4738.461423
4743.589628
4746.666551
4745.128089
4744.102448
4744.615269
4746.15373
4747.692192
4748.205012
4747.692192
4748.205012
4749.230653
4749.743474
4749.743474
4748.205012
4750.769115
4756.41014
4751.281935
4742.563987
4743.076807
4747.179371
4748.717833
4749.230653
4747.692192
4749.230653
4753.846038
4755.89732
4757.948602
4757.948602
4755.384499
4754.871679
4754.871679
4753.846038
4757.435781
4759.999884
4761.538345
4766.15373
4771.281935
4773.333217
4773.846037
4775.897319
4776.92296
4777.948601
4781.025524
4782.051165
4782.051165
4786.66655
4789.230652
4787.17937
4788.205011
4790.769114
4791.281934
4792.307575
4793.333216
4792.307575
4793.846037
4797.948601
4801.538344
4800.512703
4793.846037
4791.281934
4793.333216
4792.307575
4792.820396
4795.897319
4797.43578
4799.999883
4802.051165
4798.974242
4801.538344
4807.17937
4806.666549
4804.615267
4805.640908
4806.666549
4804.615267
4803.076806
4805.128088
4809.230652
4807.69219
4807.17937
4808.205011
4808.205011
4809.230652
4812.307575
4812.307575
4808.717831
4811.794754
4814.871677
4812.307575
4813.333216
4819.487062
4819.487062
4811.281934
4806.666549
4806.666549
4809.230652
4813.846036
4816.410139
4818.461421
4816.922959
4815.897318
4817.43578
4819.999882
4820.512703
4814.871677
4810.256293
4812.307575
4816.410139
4816.410139
4815.897318
4817.43578
4819.999882
4821.538344
4816.922959
4812.307575
4817.43578
4821.538344
4821.538344
4824.102446
4822.563985
4818.461421
4819.999882
4822.051164
4818.461421
4819.487062
4821.538344
4820.512703
4821.538344
4826.666549
4827.69219
4824.102446
4818.974241
4817.9486
4819.487062
4821.538344
4824.615267
4824.615267
4823.076805
4823.076805
4824.102446
4823.076805
4824.615267
4824.615267
4823.589626
4825.128087
4825.128087
4824.102446
4826.666549
4826.666549
4821.538344
4818.974241
4822.051164
4822.563985
4819.999882
4821.025523
4826.153728
4828.20501
4821.538344
4818.974241
4826.666549
4830.256292
4823.589626
4821.025523
4823.076805
4820.512703
4817.9486
4821.025523
4822.563985
4819.999882
4819.999882
4819.999882
4815.897318
4815.384498
4819.487062
4818.461421
4816.922959
4819.999882
4821.025523
4819.487062
4821.025523
4823.589626
4821.538344
4817.43578
4817.43578
4820.512703
4818.461421
4813.846036
4813.846036
4816.922959
4816.922959
4816.410139
4817.9486
4818.974241
4819.999882
4820.512703
4819.999882
4820.512703
4819.487062
4815.384498
4811.794754
4817.43578
4825.640908
4824.615267
4822.051164
4821.538344
4817.9486
4810.256293
4809.230652
4811.794754
4810.769113
4810.769113
4816.410139
4819.999882
4815.897318
4813.333216
4812.307575
4810.769113
4810.769113
4812.307575
4813.333216
4812.307575
4810.769113
4809.230652
4810.256293
4812.820395
4810.256293
4806.666549
4808.205011
4811.281934
4807.17937
4805.128088
4807.69219
4809.230652
4809.230652
4808.717831
4810.769113
4813.846036
4816.922959
4817.9486
4812.820395
4805.128088
4803.076806
4806.666549
4807.17937
4802.563985
4801.538344
4799.487062
4793.846037
4793.846037
4797.948601
4796.410139
4793.333216
4799.487062
4803.076806
4796.92296
4789.230652
4789.743473
4795.384498
4796.92296
4793.846037
4792.820396
4789.743473
4788.717832
4790.256293
4789.230652
4783.076806
4781.538345
4788.205011
4789.743473
4787.17937
4787.17937
4788.205011
4785.640909
4781.538345
4779.487063
4783.076806
4788.205011
4787.17937
4784.615268
4787.17937
4789.743473
4787.692191
4788.717832
4791.281934
4789.230652
4784.615268
4786.153729
4788.717832
4786.66655
4784.102447
4785.128088
4789.743473
4792.307575
4789.743473
4787.17937
4787.692191
4787.692191
4787.17937
4787.17937
4787.17937
4784.102447
4781.025524
4780.512704
4779.999883
4781.025524
4782.051165
4781.538345
4783.076806
4782.051165
4775.384499
4774.871678
4779.487063
4777.948601
4775.897319
4776.92296
4776.41014
4776.41014
4776.41014
4772.307576
4770.769114
4773.333217
4773.846037
4773.333217
4774.358858
4774.358858
4769.743473
4767.692191
4772.820396
4776.41014
4772.820396
4770.769114
4772.820396
4771.794755
4770.769114
4771.794755
4769.743473
4764.615268
4763.076807
4767.179371
4768.717832
4766.66655
4766.66655
4765.640909
4758.974243
4761.025525
4768.205012
4764.102448
4759.487063
4763.589627
4763.589627
4762.563986
4766.15373
4764.615268
4761.538345
4762.563986
4759.487063
4754.358858
4755.384499
4762.563986
4764.615268
4761.025525
4758.461422
4756.41014
4757.435781
4761.025525
4765.128089
4764.615268
4761.538345
4758.974243
4761.025525
4762.051166
4759.487063
4757.948602
4757.948602
4758.974243
4760.512704
4758.974243
4756.922961
4757.948602
4753.333217
4748.717833
4750.769115
4753.846038
4753.846038
4755.384499
4756.922961
4755.89732
4752.307576
4747.692192
4748.717833
4752.307576
4750.256294
4745.128089
4745.128089
4746.666551
4746.15373
4746.666551
4749.230653
4746.666551
4742.563987
4744.615269
4747.179371
4744.102448
4743.589628
4745.64091
4743.076807
4737.948602
4739.999884
4746.15373
4748.717833
4749.743474
4753.846038
4756.41014
4752.820397
4752.307576
4755.384499
4755.89732
4754.358858
4754.871679
4756.41014
4756.41014
4752.307576
4749.230653
4751.794756
4755.89732
4756.41014
4757.948602
4758.974243
4756.922961
4756.41014
4755.89732
4753.846038
4753.846038
4756.41014
4756.41014
4754.871679
4754.358858
4754.871679
4755.384499
4754.871679
4751.794756
4748.205012
4745.128089
4745.64091
4753.333217
4753.846038
4747.692192
4750.256294
4755.89732
4747.179371
4738.461423
4741.538346
4741.538346
4739.487064
4741.538346
4745.128089
4748.205012
4747.692192
4741.025525
4738.461423
4742.563987
4742.563987
4736.410141
4735.3845
4738.461423
4741.025525
4739.999884
4737.435782
4735.89732
4735.3845
4735.3845
4736.410141
4734.871679
4734.871679
4741.025525
4737.948602
4729.230654
4732.307577
4738.461423
4737.948602
4739.487064
4741.025525
4737.948602
4732.820397
4731.794756
4733.846038
4731.281936
4727.692192
4728.717833
4729.230654
4728.717833
4729.230654
4728.717833
4725.12809
4718.974244
4714.87168
4715.3845
4714.87168
4711.281936
4709.743475
4710.256295
4712.307577
4715.897321
4712.307577
4703.589629
4702.051167
4705.12809
4705.640911
4704.61527
4699.999885
4696.410142
4696.410142
4695.384501
4693.333219
4693.846039
4692.307578
4691.281937
4692.820398
4691.794757
4689.743475
4685.640911
4683.076809
4684.10245
4684.61527
4682.051168
4679.487065
4678.974245
4681.025527
4678.461424
4675.384501
4677.948604
4677.948604
4672.307578
4670.256296
4668.205014
4665.128091
4664.10245
4663.076809
4665.640912
4664.615271
4658.461425
4659.487066
4668.205014
4671.281937
4665.128091
4658.974245
4656.922963
4657.948604
4658.461425
4655.384502
4649.230656
4647.179374
4647.692194
4646.153733
4646.153733
4647.179374
4649.743476
4653.84604
4653.84604
4651.794758
4652.307579
4653.33322
4652.307579
4653.33322
4653.33322
4651.281938
4646.153733
4643.07681
4642.051169
4641.538348
4642.563989
4645.128092
4644.102451
4641.025528
4642.051169
4641.025528
4636.922964
4634.871682
4634.358861
4630.769118
4625.640913
4624.615272
4629.230656
4633.846041
4633.846041
4635.897323
4638.974246
4633.33322
4627.692195
4629.743477
4629.743477
4625.640913
4625.640913
4628.205015
4628.717836
4628.717836
4626.666554
4626.666554
4628.205015
4627.179374
4626.153733
4627.179374
4627.179374
4623.07681
4621.538349
4621.538349
4622.051169
4622.051169
4624.102451
4625.640913
4623.589631
4622.56399
4624.102451
4623.589631
4624.102451
4626.666554
4629.230656
4630.256297
4626.666554
4625.128092
4629.230656
4628.717836
4623.07681
4622.051169
4622.051169
4622.051169
4623.07681
4622.56399
4623.07681
4624.615272
4618.461426
4612.30758
4615.897323
4618.461426
4614.358862
4610.256298
4608.717836
4606.666554
4610.256298
4618.461426
4621.538349
4616.922964
4611.281939
4610.769118
4611.794759
4611.281939
4611.281939
4610.256298
4607.179375
4610.256298
4617.948605
4619.487067
4613.846041
4611.794759
4614.871682
4615.897323
4610.769118
4607.179375
4609.230657
4610.256298
4610.769118
4612.8204
4612.30758
4612.30758
4615.384503
4616.922964
4614.871682
4611.281939
4607.179375
4602.56399
4602.05117
4607.179375
4612.8204
4612.30758
4606.153734
4603.076811
4608.205016
4611.794759
4608.205016
4608.717836
4612.8204
4612.30758
4611.281939
4611.281939
4610.769118
4613.846041
4615.384503
4613.333221
4614.358862
4617.948605
4616.410144
4614.358862
4615.384503
4616.410144
4615.384503
4616.410144
4618.974246
4617.435785
4615.897323
4616.410144
4617.435785
4617.435785
4612.30758
4610.256298
4614.871682
4613.846041
4605.640913
4605.128093
4611.281939
4612.8204
4606.153734
4601.025529
4615.897323
4630.769118
4622.56399
4610.769118
4610.769118
4610.769118
4609.743477
4613.333221
4615.384503
4612.8204
4609.743477
4608.717836
4608.205016
4609.743477
4612.8204
4614.358862
4615.897323
4618.461426
4617.435785
4610.256298
4610.256298
4616.410144
4613.333221
4606.153734
4609.743477
4611.794759
4609.743477
4612.30758
4619.487067
4621.538349
4616.922964
4613.333221
4614.358862
4612.30758
4607.179375
4610.769118
4615.384503
4613.846041
4614.358862
4618.974246
4616.922964
4610.256298
4611.794759
4619.999887
4621.538349
4617.435785
4616.410144
4618.974246
4622.56399
4618.974246
4611.794759
4618.461426
4625.640913
4620.512708
4619.487067
4623.07681
4615.384503
4609.230657
4613.846041
4611.794759
4610.256298
4615.897323
4619.487067
4617.948605
4615.897323
4613.846041
4613.846041
4617.948605
4618.461426
4615.384503
4611.794759
4610.256298
4615.384503
4616.922964
4611.281939
4613.846041
4620.512708
4617.435785
4611.794759
4613.846041
4612.30758
4607.179375
4610.256298
4615.897323
4614.871682
4612.30758
4614.358862
4615.897323
4611.794759
4611.281939
4611.794759
4608.205016
4609.743477
4618.974246
4621.538349
4612.30758
4608.205016
4613.846041
4616.410144
4612.30758
4610.256298
4610.256298
4612.30758
4614.358862
4614.358862
4618.461426
4625.640913
4623.589631
4618.461426
4622.56399
4625.128092
4618.974246
4614.871682
4618.974246
4621.025528
4620.512708
4621.538349
4619.487067
4617.948605
4620.512708
4624.615272
4626.153733
4623.589631
4617.948605
4618.461426
4622.051169
4622.56399
4624.615272
4626.153733
4623.589631
4622.56399
4626.666554
4628.717836
4623.07681
4619.487067
4622.051169
4622.56399
4619.999887
4620.512708
4623.07681
4624.102451
4628.717836
4631.794759
4627.179374
4622.051169
4622.051169
4625.128092
4625.128092
4625.640913
4627.692195
4629.230656
4626.153733
4627.692195
4632.8204
4629.230656
4626.153733
4631.281938
4631.794759
4632.307579
4635.897323
4632.307579
4631.794759
4638.974246
4637.435784
4632.307579
4632.8204
4634.358861
4636.410143
4637.948605
4637.948605
4638.974246
4639.487066
4639.999887
4642.563989
4642.051169
4637.948605
4638.461425
4641.538348
4639.487066
4633.846041
4634.358861
4639.999887
4642.051169
4641.538348
4643.58963
4647.692194
4649.230656
4642.563989
4638.461425
4642.563989
4644.615271
4639.487066
4636.922964
4639.487066
4642.051169
4644.615271
4648.205015
4651.794758
4652.307579
4647.692194
4640.512707
4639.999887
4641.538348
4639.487066
4639.999887
4644.615271
4645.128092
4644.102451
4643.58963
4641.538348
4638.461425
4639.487066
4643.58963
4645.128092
4645.128092
4646.153733
4644.102451
4641.538348
4645.128092
4647.692194
4645.128092
4643.58963
4645.128092
4647.692194
4649.230656
4644.615271
4642.563989
4648.205015
4650.769117
4648.717835
4650.256297
4653.33322
4653.84604
4656.410143
4656.410143
4652.820399
4650.769117
4649.230656
4647.179374
4648.717835
4647.692194
4645.128092
4646.153733
4648.205015
4649.743476
4652.820399
4653.84604
4653.84604
4656.410143
4654.358861
4652.820399
4655.384502
4650.769117
4645.128092
4648.205015
4654.871681
4656.922963
4655.897322
4655.384502
4654.358861
4655.897322
4659.999886
4664.10245
4664.10245
4663.076809
4660.512707
4659.487066
4661.025527
4659.999886
4659.999886
4661.538348
4660.512707
4655.897322
4654.358861
4656.410143
4662.051168
4664.615271
4659.999886
4658.974245
4663.076809
4663.076809
4658.461425
4657.948604
4659.487066
4658.974245
4656.410143
4653.84604
4653.84604
4654.358861
4654.871681
4656.410143
4655.384502
4652.820399
4654.358861
4657.435784
4657.435784
4658.974245
4658.974245
4655.384502
4655.384502
4656.410143
4656.922963
4661.025527
4666.153732
4662.051168
4655.897322
4655.897322
4659.487066
4661.025527
4661.538348
4661.025527
4658.461425
4658.974245
4661.025527
4658.974245
4660.512707
4665.128091
4663.076809
4658.974245
4662.563989
4665.640912
4663.076809
4662.051168
4668.205014
4670.256296
4666.153732
4666.666553
4673.84604
4673.333219
4670.769117
4676.922963
4682.051168
4682.051168
4682.563988
4679.487065
4675.384501
4677.435783
4682.051168
4677.948604
4674.35886
4678.974245
4679.487065
4676.410142
4678.461424
4681.538347
4678.461424
4674.871681
4674.35886
4674.871681
4675.384501
4674.871681
4675.897322
4681.538347
4682.051168
4679.999886
4678.461424
4677.435783
4677.435783
4677.435783
4680.512706
4681.538347
4678.461424
4678.461424
4683.589629
4683.589629
4682.563988
4689.743475
4693.333219
4688.205014
4683.076809
4683.589629
4686.666552
4686.666552
4687.692193
4690.769116
4691.281937
4690.256296
4691.794757
4691.794757
4687.179373
4685.128091
4687.179373
4690.769116
4692.307578
4692.307578
4691.281937
4688.205014
4686.153732
4684.61527
4684.61527
4684.10245
4682.051168
4681.538347
4687.179373
4694.35886
4697.948603
4693.333219
4688.205014
4688.205014
4689.743475
4690.769116
4692.307578
4691.794757
4694.35886
4694.87168
4690.769116
4689.230655
4689.743475
4686.666552
4687.179373
4692.820398
4696.410142
4695.384501
4693.846039
4692.820398
4692.820398
4696.410142
4700.512706
4697.435783
4692.307578
4694.35886
4693.333219
4688.205014
4691.281937
4694.35886
4688.205014
4687.179373
4693.846039
4690.256296
4687.179373
4691.794757
4692.307578
4691.794757
4694.35886
4694.35886
4692.820398
4690.769116
4687.692193
4689.230655
4691.794757
4692.820398
4693.333219
4694.35886
4692.307578
4690.769116
4687.692193
4688.205014
4689.230655
4687.179373
4687.179373
4689.230655
4686.153732
4679.999886
4679.487065
4685.128091
4683.589629
4679.487065
4683.589629
4686.666552
4683.589629
4683.076809
4685.128091
4684.10245
4686.153732
4688.717834
4687.179373
4686.153732
4686.666552
4684.61527
4681.025527
4681.025527
4686.666552
4690.256296
4688.205014
4686.153732
4684.10245
4683.076809
4682.563988
4679.487065
4675.384501
4679.999886
4682.563988
4678.461424
4677.948604
4680.512706
4679.999886
4675.897322
4675.384501
4676.410142
4675.384501
4673.84604
4679.999886
4686.153732
4685.128091
4682.051168
4681.025527
4685.640911
4690.256296
4685.640911
4681.025527
4685.640911
4686.153732
4682.051168
4682.563988
4682.051168
4678.974245
4682.051168
4684.61527
4684.61527
4689.230655
4693.333219
4692.307578
4689.230655
4687.692193
4688.717834
4686.153732
4682.563988
4684.61527
4688.205014
4686.153732
4686.153732
4691.281937
4695.897321
4694.35886
4687.179373
4684.10245
4686.153732
4688.717834
4685.640911
4683.589629
4682.563988
4679.487065
4680.512706
4682.563988
4682.563988
4682.563988
4684.61527
4683.589629
4678.974245
4674.35886
4672.307578
4674.35886
4675.897322
4676.410142
4677.948604
4676.922963
4675.897322
4675.384501
4673.84604
4672.820399
4670.769117
4665.128091
4662.051168
4663.58963
4667.179373
4671.281937
4670.256296
4667.692194
4668.205014
4671.281937
4670.769117
4670.256296
4668.205014
4666.153732
4666.153732
4665.640912
4666.666553
4671.281937
4673.333219
4670.256296
4668.717835
4669.743476
4667.692194
4664.615271
4666.153732
4665.640912
4663.58963
4668.717835
4671.281937
4668.205014
4667.179373
4670.256296
4670.769117
4669.743476
4665.640912
4662.563989
4669.743476
4675.384501
4670.256296
4668.717835
4673.333219
4674.35886
4671.794758
4672.307578
4671.281937
4670.769117
4672.820399
4671.794758
4669.230655
4671.794758
4672.820399
4668.205014
4668.717835
4670.256296
4666.153732
4666.666553
4667.692194
4664.615271
4663.076809
4661.538348
4662.051168
4666.153732
4665.128091
4662.563989
4662.563989
4657.435784
4652.307579
4655.384502
4657.435784
4659.999886
4664.10245
4664.615271
4662.563989
4662.051168
4659.487066
4658.461425
4659.999886
4663.58963
4665.640912
4664.10245
4663.58963
4666.153732
4667.692194
4667.692194
4669.230655
4667.692194
4665.128091
4664.10245
4664.10245
4662.563989
4662.051168
4665.640912
4668.717835
4667.179373
4665.128091
4665.128091
4665.640912
4667.179373
4664.615271
4662.051168
4665.640912
4665.640912
4660.512707
4659.487066
4664.10245
4667.179373
4665.128091
4664.10245
4664.10245
4664.615271
4665.128091
4665.128091
4663.076809
4663.076809
4664.10245
4661.538348
4661.025527
4662.051168
4660.512707
4661.025527
4664.10245
4662.563989
4658.974245
4660.512707
4660.512707
4656.410143
4654.871681
4655.384502
4655.897322
4655.384502
4653.84604
4654.871681
4656.410143
4655.384502
4654.358861
4653.84604
4650.256297
4647.692194
4644.615271
4641.538348
4642.563989
4646.153733
4649.743476
4650.769117
4648.717835
4644.615271
4645.640912
4647.692194
4646.666553
4648.205015
4652.820399
4654.358861
4653.84604
4655.384502
4656.922963
4656.922963
4657.435784
4655.897322
4652.307579
4649.743476
4653.33322
4660.512707
4664.10245
4662.563989
4658.974245
4657.435784
4657.948604
4657.948604
4655.897322
4655.384502
4656.922963
4656.410143
4654.871681
4654.358861
4654.358861
4655.384502
4656.410143
4653.33322
4648.205015
4651.281938
4657.948604
4658.974245
4656.410143
4654.358861
4653.33322
4653.84604
4655.384502
4655.384502
4656.922963
4658.461425
4657.948604
4658.974245
4659.487066
4657.435784
4655.897322
4654.358861
4651.281938
4650.256297
4649.230656
4649.230656
4652.820399
4653.33322
4650.769117
4652.820399
4653.33322
4650.256297
4654.358861
4658.974245
4657.948604
4657.948604
4655.897322
4654.871681
4656.410143
4657.435784
4662.563989
4667.692194
4664.615271
4662.051168
4665.640912
4664.615271
4663.076809
4665.640912
4666.153732
4663.58963
4663.076809
4664.615271
4665.128091
4666.153732
4666.153732
4664.10245
4661.538348
4664.615271
4668.205014
4665.128091
4661.025527
4658.461425
4658.461425
4661.538348
4663.58963
4659.999886
4655.384502
4655.897322
4655.384502
4653.84604
4655.897322
4656.410143
4655.384502
4657.435784
4662.563989
4666.666553
4669.743476
4667.692194
4661.025527
4658.461425
4659.999886
4660.512707
4659.487066
4657.948604
4657.948604
4660.512707
4661.538348
4661.538348
4663.076809
4665.640912
4664.615271
4664.615271
4666.153732
4667.179373
4665.128091
4661.538348
4659.999886
4662.563989
4662.051168
4657.948604
4656.410143
4655.897322
4656.410143
4655.897322
4654.871681
4653.84604
4655.897322
4657.948604
4657.948604
4662.051168
4666.153732
4662.051168
4657.948604
4657.948604
4659.487066
4661.538348
4664.10245
4663.58963
4662.051168
4661.025527
4658.461425
4661.025527
4667.179373
4668.717835
4664.615271
4666.666553
4673.333219
4673.333219
4669.230655
4669.743476
4668.205014
4662.051168
4660.512707
4663.58963
4661.025527
4657.948604
4664.10245
4668.717835
4660.512707
4651.794758
4652.820399
4655.897322
4657.948604
4662.051168
4665.128091
4663.076809
4663.58963
4667.179373
4667.179373
4664.615271
4663.076809
4659.999886
4658.461425
4658.461425
4657.948604
4658.974245
4659.487066
4656.922963
4654.871681
4656.410143
4654.871681
4653.84604
4653.33322
4648.205015
4647.692194
4654.871681
4654.871681
4647.692194
4649.743476
4657.435784
4658.974245
4653.84604
4651.794758
4655.897322
4654.358861
4647.692194
4650.256297
4653.84604
4651.794758
4651.281938
4651.794758
4648.717835
4650.256297
4654.358861
4653.33322
4653.33322
4655.384502
4655.384502
4652.820399
4652.820399
4654.871681
4656.410143
4655.897322
4655.384502
4655.384502
4653.84604
4652.307579
4651.794758
4650.769117
4650.256297
4649.743476
4651.794758
4655.384502
4651.794758
4648.205015
4653.33322
4654.358861
4644.615271
4642.563989
4647.692194
4647.692194
4645.640912
4647.179374
4650.769117
4653.84604
4654.871681
4654.871681
4657.435784
4659.999886
4658.461425
4655.384502
4652.820399
4651.794758
4654.358861
4654.358861
4651.794758
4654.871681
4657.435784
4654.871681
4655.384502
4658.461425
4655.384502
4652.820399
4655.384502
4655.897322
4650.769117
4648.205015
4651.281938
4653.84604
4654.358861
4652.820399
4653.84604
4659.487066
4662.563989
4657.435784
4653.84604
4654.358861
4650.256297
4648.205015
4652.820399
4654.358861
4654.358861
4654.358861
4654.358861
4655.897322
4658.461425
4655.384502
4653.33322
4654.358861
4651.794758
4647.692194
4648.205015
4649.743476
4651.281938
4653.33322
4655.384502
4657.948604
4655.897322
4651.794758
4653.33322
4655.897322
4652.820399
4652.307579
4654.358861
4652.307579
4648.717835
4645.640912
4644.102451
4644.615271
4647.179374
4648.205015
4646.666553
4647.692194
4650.769117
4650.256297
4646.666553
4646.666553
4649.743476
4651.281938
4648.205015
4642.563989
4641.025528
4643.58963
4644.615271
4645.128092
4652.307579
4656.922963
4651.281938
4645.640912
4646.666553
4647.692194
4645.128092
4646.666553
4650.256297
4649.743476
4645.128092
4645.640912
4648.205015
4646.153733
4646.666553
4651.281938
4652.307579
4648.717835
4647.179374
4649.230656
4649.230656
4645.128092
4644.615271
4646.666553
4648.717835
4652.820399
4654.358861
4652.820399
4653.84604
4653.84604
4650.256297
4651.794758
4654.358861
4651.281938
4646.153733
4643.58963
4646.153733
4649.743476
4649.743476
4650.769117
4655.897322
4658.461425
4654.871681
4652.820399
4651.794758
4650.256297
4650.256297
4653.33322
4654.871681
4653.33322
4651.281938
4648.717835
4649.230656
4649.230656
4647.179374
4645.640912
4647.179374
4648.717835
4648.205015
4645.128092
4646.153733
4649.743476
4649.230656
4647.179374
4648.205015
4647.179374
4645.128092
4646.153733
4646.153733
4646.666553
4648.205015
4648.205015
4645.640912
4645.128092
4648.717835
4653.33322
4653.84604
4652.820399
4652.820399
4649.743476
4646.666553
4647.692194
4646.153733
4645.640912
4653.84604
4659.487066
4655.897322
4652.307579
4652.820399
4652.820399
4651.281938
4646.666553
4641.025528
4638.974246
4642.051169
4646.666553
4648.717835
4649.743476
4648.205015
4646.666553
4646.153733
4645.640912
4646.153733
4646.153733
4643.58963
4640.512707
4641.025528
4646.666553
4651.281938
4651.281938
4649.230656
4649.743476
4648.205015
4644.615271
4644.615271
4642.563989
4643.07681
4647.179374
4646.666553
4645.128092
4648.205015
4649.743476
4648.717835
4646.153733
4645.640912
4643.58963
4636.410143
4630.769118
4635.384502
4641.538348
4641.025528
4639.487066
4638.974246
4640.512707
4641.538348
4641.538348
4639.999887
4638.974246
4638.974246
4644.102451
4650.256297
4649.743476
4645.640912
4646.153733
4647.692194
4645.128092
4641.025528
4635.897323
4635.897323
4643.07681
4645.640912
4638.461425
4635.897323
4639.999887
4642.051169
4639.487066
4637.435784
4639.999887
4641.025528
4639.487066
4636.410143
4634.871682
4639.487066
4643.07681
4641.025528
4643.58963
4647.692194
4643.07681
4636.922964
4638.461425
4639.487066
4639.999887
4641.538348
4639.999887
4636.410143
4638.974246
4644.615271
4644.615271
4643.58963
4645.128092
4649.230656
4650.769117
4645.640912
4637.948605
4636.922964
4639.487066
4640.512707
4641.025528
4640.512707
4639.999887
4637.435784
4633.33322
4633.33322
4634.358861
4635.384502
4638.974246
4641.025528
4641.025528
4642.563989
4643.07681
4642.051169
4643.07681
4643.07681
4638.974246
4637.948605
4643.58963
4644.102451
4643.07681
4645.128092
4645.128092
4643.58963
4642.051169
4639.999887
4636.922964
4633.846041
4633.846041
4638.461425
4638.974246
4639.487066
4641.538348
4638.974246
4635.384502
4635.384502
4636.922964
4638.974246
4639.487066
4637.435784
4636.410143
4636.922964
4638.974246
4642.051169
4643.07681
4642.563989
4643.58963
4643.58963
4642.563989
4641.025528
4639.487066
4640.512707
4642.563989
4640.512707
4638.974246
4644.615271
4648.717835
4649.230656
4649.230656
4650.256297
4648.205015
4644.102451
4644.102451
4649.743476
4648.717835
4643.58963
4650.769117
4659.999886
4657.948604
4654.871681
4655.897322
4655.897322
4652.820399
4650.769117
4649.743476
4648.717835
4648.205015
4647.692194
4648.717835
4648.717835
4648.717835
4648.717835
4649.743476
4649.743476
4645.128092
4645.640912
4648.205015
4644.615271
4641.538348
4643.07681
4641.025528
4639.999887
4644.615271
4647.692194
4644.102451
4640.512707
4639.999887
4639.487066
4637.435784
4639.487066
4641.538348
4641.025528
4643.58963
4644.615271
4641.538348
4643.58963
4645.640912
4642.051169
4643.07681
4647.692194
4645.128092
4642.563989
4646.153733
4646.153733
4646.153733
4647.692194
4647.692194
4647.692194
4647.179374
4647.179374
4648.205015
4647.179374
4645.640912
4650.256297
4653.84604
4650.256297
4650.769117
4655.384502
4651.794758
4647.179374
4650.256297
4650.256297
4648.717835
4653.84604
4656.410143
4653.33322
4654.871681
4657.948604
4656.410143
4652.307579
4647.692194
4645.128092
4646.666553
4651.281938
4655.897322
4650.769117
4645.640912
4649.743476
4651.794758
4647.692194
4646.666553
4649.743476
4649.743476
4647.179374
4648.205015
4651.794758
4653.84604
4650.769117
4645.640912
4645.640912
4649.743476
4649.743476
4646.153733
4649.230656
4653.33322
4652.307579
4650.769117
4651.794758
4656.410143
4659.487066
4656.410143
4655.897322
4658.461425
4655.897322
4652.820399
4653.84604
4653.84604
4653.84604
4655.384502
4656.410143
4655.897322
4651.794758
4650.256297
4654.871681
4655.384502
4651.281938
4651.281938
4652.307579
4649.743476
4651.281938
4654.871681
4655.897322
4652.820399
4653.33322
4656.922963
4657.435784
4657.948604
4659.487066
4657.948604
4656.922963
4656.410143
4654.358861
4658.974245
4662.051168
4657.948604
4655.897322
4657.948604
4652.820399
4651.794758
4657.435784
4653.33322
4648.205015
4653.84604
4655.384502
4653.33322
4656.922963
4658.461425
4652.307579
4650.256297
4654.358861
4656.922963
4657.435784
4655.384502
4655.384502
4655.384502
4651.794758
4652.820399
4658.461425
4658.974245
4654.871681
4652.820399
4654.871681
4657.435784
4657.435784
4653.84604
4650.256297
4652.820399
4659.487066
4663.076809
4661.538348
4659.999886
4659.999886
4661.025527
4662.051168
4658.461425
4652.820399
4648.205015
4646.666553
4648.205015
4650.256297
4651.794758
4655.897322
4656.922963
4656.922963
4658.461425
4656.410143
4653.84604
4659.487066
4663.076809
4657.948604
4655.897322
4661.025527
4660.512707
4656.410143
4657.948604
