
4601.538349
4602.05117
4604.102452
4599.487067
4593.846042
4596.410144
4599.999888
4597.948606
4595.384503
4599.487067
4604.615272
4599.999888
4595.384503
4595.384503
4598.461426
4601.538349
4602.56399
4599.999888
4596.922965
4596.410144
4595.384503
4596.410144
4596.922965
4594.358862
4596.922965
4600.512708
4595.384503
4589.743478
4591.79476
4593.333221
4590.769119
4592.30758
4594.358862
4594.871683
4595.897324
4595.384503
4592.30758
4590.256298
4588.717837
4586.666555
4588.205016
4588.205016
4587.692196
4588.717837
4590.769119
4591.79476
4592.30758
4594.871683
4594.871683
4593.846042
4594.871683
4597.435785
4595.384503
4593.846042
4597.435785
4601.025529
4599.487067
4595.897324
4594.871683
4598.461426
4598.974247
4594.871683
4591.281939
4593.846042
4595.384503
4595.384503
4599.487067
4601.538349
4597.948606
4596.922965
4600.512708
4598.974247
4593.333221
4593.333221
4595.897324
4595.384503
4593.846042
4591.79476
4591.79476
4596.922965
4600.512708
4596.922965
4596.410144
4600.512708
4602.05117
4599.999888
4596.410144
4598.461426
4605.128093
4607.179375
4604.102452
4606.153734
4609.743477
4608.717836
4605.640913
4607.179375
4607.179375
4601.025529
4599.487067
4602.05117
4598.461426
4593.846042
4594.358862
4592.30758
4590.256298
4595.384503
4604.615272
4607.692195
4606.666554
4606.666554
4605.640913
4604.102452
4606.666554
4606.153734
4601.025529
4599.487067
4597.435785
4593.846042
4599.487067
4607.179375
4607.179375
4608.717836
4610.769118
4611.281939
4612.30758
4615.384503
4612.30758
4604.615272
4603.589631
4609.230657
4611.281939
4607.179375
4608.205016
4611.794759
4608.717836
4605.128093
4606.153734
4605.128093
4604.615272
4607.179375
4605.640913
4599.487067
4599.999888
4605.640913
4608.205016
4606.666554
4606.153734
4607.692195
4608.205016
4607.179375
4608.205016
4609.230657
4608.717836
4610.256298
4610.256298
4608.717836
4610.256298
4610.769118
4604.615272
4603.076811
4604.615272
4602.05117
4599.487067
4603.589631
4606.153734
4603.076811
4603.589631
4606.153734
4607.179375
4605.640913
4603.076811
4604.615272
4607.179375
4603.589631
4598.974247
4599.999888
4602.56399
4603.589631
4601.538349
4600.512708
4604.102452
4606.666554
4603.076811
4599.999888
4600.512708
4599.999888
4598.461426
4597.948606
4597.435785
4602.56399
4608.205016
4604.102452
4594.871683
4594.358862
4595.897324
4592.30758
4592.820401
4593.846042
4591.79476
4594.358862
4602.05117
4602.56399
4600.512708
4602.05117
4602.05117
4600.512708
4602.56399
4605.128093
4602.56399
4600.512708
4602.56399
4602.05117
4602.56399
4605.128093
4601.538349
4596.922965
4599.999888
4604.102452
4605.640913
4605.640913
4603.589631
4600.512708
4595.384503
4594.358862
4597.435785
4589.230657
4572.820401
4568.717837
4574.358863
4575.384504
4573.333222
4576.410145
4582.563991
4583.589632
4580.512709
4581.53835
4584.102452
4585.640914
4589.230657
4589.230657
4579.999888
4568.205016
4567.179375
4571.79476
4574.871683
4574.871683
4570.256298
4565.640914
4565.128093
4564.102452
4563.076811
4567.179375
4566.666555
4559.487068
4558.461427
4564.102452
4567.692196
4567.179375
4564.615273
4566.153734
4567.179375
4565.640914
4564.102452
4564.615273
4570.769119
4574.871683
4573.846042
4571.79476
4572.820401
4574.358863
4573.333222
4574.358863
4579.999888
4576.922965
4566.153734
4561.025529
4555.897324
4544.615273
4543.076812
4554.358863
4559.487068
4557.948606
4559.999888
4565.640914
4564.102452
4555.897324
4553.846042
4554.358863
4548.205017
4543.076812
4545.640914
4547.179376
4545.640914
4547.692196
4550.256299
4548.205017
4548.205017
4550.769119
4549.230658
4548.205017
4553.846042
4559.487068
4556.410145
4553.846042
4558.461427
4562.05117
4562.563991
4557.948606
4551.79476
4552.820401
4556.410145
4557.435786
4557.948606
4559.999888
4560.512709
4560.512709
4560.512709
4561.53835
4561.53835
4561.025529
4561.53835
4563.589632
4563.589632
4559.999888
4557.435786
4560.512709
4562.563991
4559.999888
4562.563991
4563.076811
4558.974247
4561.53835
4566.153734
4567.179375
4568.717837
4568.717837
4566.666555
4564.615273
4562.05117
4559.487068
4558.974247
4561.025529
4561.53835
4561.53835
4564.615273
4565.128093
4562.05117
4568.717837
4575.897324
4571.79476
4570.769119
4573.846042
4570.256298
4567.179375
4569.230657
4567.179375
4563.589632
4564.615273
4565.640914
4563.589632
4561.025529
4560.512709
4560.512709
4560.512709
4563.076811
4563.076811
4562.05117
4563.076811
4564.102452
4563.589632
4563.589632
4563.076811
4562.563991
4564.615273
4565.128093
4564.102452
4565.128093
4569.743478
4573.333222
4574.358863
4575.897324
4577.948606
4575.897324
4576.410145
4576.922965
4570.769119
4565.640914
4566.666555
4569.230657
4569.743478
4566.153734
4561.53835
4562.563991
4566.666555
4566.153734
4564.615273
4565.640914
4565.640914
4564.615273
4566.153734
4571.79476
4576.922965
4574.871683
4570.256298
4567.179375
4565.128093
4567.179375
4571.281939
4572.307581
4571.79476
4573.333222
4575.384504
4575.384504
4573.846042
4573.333222
4575.384504
4574.871683
4573.333222
4574.358863
4577.435786
4576.410145
4574.358863
4576.410145
4576.922965
4574.358863
4576.922965
4579.487068
4575.897324
4575.897324
4579.487068
4578.974247
4575.384504
4574.871683
4575.897324
4575.897324
4577.435786
4582.563991
4584.615273
4579.999888
4578.974247
4581.53835
4581.53835
4579.999888
4580.512709
4578.461427
4577.948606
4578.461427
4579.999888
4583.076811
4585.128093
4585.640914
4586.666555
4586.666555
4584.615273
4584.615273
4587.179375
4587.692196
4585.128093
4586.153734
4590.769119
4591.281939
4588.205016
4588.717837
4588.205016
4588.205016
4590.769119
4588.717837
4584.102452
4585.640914
4589.743478
4588.205016
4586.153734
4587.179375
4587.692196
4586.666555
4586.153734
4587.179375
4588.205016
4588.205016
4587.692196
4587.179375
4590.769119
4593.333221
4591.79476
4590.769119
4588.205016
4582.05117
4580.512709
4582.563991
4580.512709
4578.461427
4581.53835
4585.640914
4584.102452
4583.589632
4584.615273
4584.615273
4585.128093
4589.230657
4591.281939
4588.205016
4584.102452
4586.153734
4592.820401
4592.30758
4584.615273
4579.999888
4583.076811
4587.179375
4586.153734
4584.102452
4585.640914
4585.640914
4584.615273
4585.128093
4585.128093
4585.128093
4587.692196
4587.179375
4581.53835
4579.487068
4581.53835
4583.076811
4586.153734
4589.743478
4589.743478
4590.256298
4592.30758
4592.820401
4591.281939
4591.79476
4591.79476
4594.358862
4595.897324
4594.358862
4592.30758
4589.743478
4586.666555
4585.128093
4589.230657
4590.769119
4587.692196
4589.743478
4595.897324
4595.384503
4592.30758
4594.871683
4598.974247
4602.05117
4605.128093
4602.05117
4597.948606
4598.461426
4594.358862
4589.230657
4591.79476
4595.897324
4593.333221
4591.79476
4596.410144
4603.589631
4607.179375
4605.640913
4604.615272
4605.640913
4603.589631
4603.076811
4604.615272
4599.999888
4596.410144
4597.435785
4596.922965
4593.333221
4594.871683
4597.948606
4601.538349
4603.589631
4601.538349
4603.076811
4605.640913
4603.589631
4603.589631
4608.717836
4610.256298
4608.717836
4608.205016
4604.615272
4601.538349
4601.538349
4598.974247
4597.948606
4603.076811
4607.692195
4606.153734
4607.692195
4606.153734
4599.487067
4596.410144
4596.410144
4594.358862
4592.30758
4591.79476
4593.333221
4597.435785
4600.512708
4604.102452
4608.717836
4608.205016
4603.589631
4601.025529
4599.999888
4601.538349
4600.512708
4594.358862
4590.256298
4590.256298
4592.820401
4592.820401
4593.846042
4599.999888
4603.589631
4595.897324
4589.743478
4592.30758
4595.384503
4592.30758
4591.79476
4592.30758
4591.79476
4593.333221
4595.897324
4595.384503
4592.820401
4591.79476
4590.769119
4590.256298
4592.30758
4594.871683
4593.846042
4592.820401
4592.820401
4591.281939
4589.743478
4590.769119
4592.30758
4588.205016
4584.102452
4587.179375
4590.769119
4590.256298
4589.230657
4588.205016
4586.153734
4585.640914
4585.640914
4586.666555
4590.256298
4587.179375
4581.025529
4580.512709
4580.512709
4579.487068
4583.076811
4588.205016
4587.692196
4587.179375
4589.230657
4590.769119
4589.230657
4584.615273
4579.487068
4578.974247
4578.461427
4579.487068
4584.102452
4586.666555
4585.640914
4585.640914
4585.128093
4586.153734
4590.256298
4589.230657
4584.615273
4585.128093
4589.743478
4591.281939
4590.769119
4589.230657
4588.205016
4587.179375
4586.666555
4583.076811
4581.025529
4584.102452
4586.153734
4584.615273
4585.640914
4587.692196
4589.743478
4591.79476
4589.743478
4584.102452
4582.563991
4583.076811
4586.153734
4590.256298
4585.640914
4579.999888
4583.589632
4585.640914
4585.640914
4590.769119
4591.281939
4587.179375
4587.692196
4589.743478
4592.30758
4592.820401
4587.179375
4585.640914
4591.79476
4591.79476
4584.615273
4583.589632
4586.153734
4588.205016
4588.205016
4583.589632
4584.615273
4590.769119
4589.743478
4586.666555
4590.769119
4592.30758
4590.769119
4593.846042
4594.871683
4594.358862
4595.897324
4597.948606
4597.948606
4596.410144
4596.922965
4598.461426
4597.948606
4594.871683
4595.384503
4596.922965
4595.384503
4596.410144
4601.025529
4602.05117
4603.076811
4605.640913
4605.640913
4603.076811
4602.05117
4601.025529
4599.487067
4599.487067
4603.589631
4606.153734
4602.56399
4599.999888
4601.538349
4601.538349
4600.512708
4600.512708
4596.922965
4592.820401
4594.871683
4598.974247
4601.538349
4605.128093
4607.179375
4607.692195
4608.717836
4607.692195
4608.205016
4606.666554
4600.512708
4599.999888
4605.128093
4604.102452
4592.820401
4578.974247
4576.922965
4585.640914
4588.205016
4582.563991
4582.563991
4586.666555
4589.230657
4589.230657
4587.179375
4588.205016
4589.743478
4591.281939
4590.769119
4587.692196
4587.692196
4591.79476
4593.333221
4591.281939
4590.769119
4589.743478
4588.205016
4588.717837
4589.743478
4587.179375
4587.179375
4589.230657
4588.717837
4586.666555
4588.205016
4590.256298
4591.281939
4591.79476
4590.769119
4588.717837
4589.230657
4590.769119
4591.79476
4593.333221
4591.79476
4588.205016
4588.205016
4591.281939
4594.358862
4595.897324
4593.846042
4592.30758
4592.30758
4590.256298
4589.230657
4588.717837
4589.230657
4591.281939
4592.820401
4595.384503
4598.461426
4597.435785
4594.358862
4595.384503
4597.948606
4600.512708
4602.05117
4599.999888
4597.435785
4594.871683
4595.384503
4600.512708
4604.615272
4604.615272
4603.076811
4603.076811
4603.589631
4602.05117
4598.974247
4600.512708
4603.589631
4599.487067
4596.922965
4599.999888
4597.435785
4593.333221
4595.384503
4600.512708
4602.56399
4603.076811
4603.589631
4602.56399
4599.487067
4602.05117
4608.717836
4607.692195
4606.153734
4608.205016
4606.666554
4605.128093
4605.640913
4605.640913
4606.153734
4609.230657
4610.256298
4608.717836
4607.179375
4606.666554
4603.589631
4598.974247
4600.512708
4606.666554
4608.205016
4608.717836
4609.230657
4606.666554
4604.615272
4608.205016
4609.230657
4606.666554
4608.205016
4612.8204
4609.743477
4604.102452
4606.153734
4610.256298
4609.743477
4608.205016
4609.743477
4608.205016
4607.179375
4607.692195
4606.153734
4605.128093
4607.179375
4608.205016
4612.30758
4614.871682
4610.256298
4607.179375
4610.256298
4610.769118
4607.179375
4609.743477
4611.281939
4608.717836
4606.666554
4606.666554
4608.205016
4606.153734
4604.102452
4603.076811
4604.615272
4608.717836
4605.640913
4602.56399
4608.717836
4612.30758
4607.179375
4605.128093
4609.230657
4612.8204
4614.358862
4610.769118
4608.717836
4610.256298
4609.743477
4608.717836
4608.205016
4608.205016
4608.717836
4612.8204
4616.922964
4616.410144
4610.769118
4613.333221
4618.974246
4616.922964
4613.846041
4612.8204
4609.743477
4610.256298
4611.281939
4613.846041
4618.461426
4619.999887
4615.384503
4613.333221
4612.8204
4611.794759
4615.384503
4615.384503
4609.743477
4606.153734
4610.256298
4611.281939
4606.153734
4605.640913
4608.717836
4609.230657
4610.769118
4611.281939
4610.256298
4613.333221
4616.922964
4615.384503
4615.897323
4617.948605
4615.897323
4614.358862
4610.769118
4605.128093
4605.128093
4609.230657
4610.769118
4613.333221
4615.897323
4614.358862
4616.410144
4622.051169
4622.051169
4616.922964
4614.358862
4613.846041
4610.769118
4606.153734
4606.666554
4610.256298
4613.333221
4614.871682
4616.922964
4616.922964
4616.410144
4616.410144
4618.974246
4617.948605
4610.769118
4609.230657
4613.333221
4613.333221
4611.281939
4614.871682
4617.948605
4617.435785
4617.435785
4616.922964
4614.358862
4611.281939
4609.230657
4611.281939
4611.794759
4609.743477
4611.794759
4616.922964
4618.974246
4614.358862
4610.769118
4611.281939
4611.794759
4612.30758
4613.846041
4614.358862
4613.846041
4611.794759
4613.333221
4613.333221
4609.743477
4608.717836
4612.8204
4613.846041
4608.205016
4607.179375
4613.333221
4619.487067
4621.538349
4619.999887
4615.897323
4615.897323
4615.897323
4609.743477
4604.615272
4608.205016
4615.384503
4616.410144
4614.358862
4617.948605
4623.07681
4621.025528
4620.512708
4622.051169
4616.410144
4611.281939
4612.30758
4610.256298
4610.256298
4615.384503
4617.948605
4618.461426
4621.538349
4622.56399
4619.487067
4614.358862
4609.743477
4608.717836
4607.692195
4607.692195
4609.743477
4608.717836
4606.153734
4609.230657
4609.743477
4606.666554
4608.205016
4611.281939
4608.205016
4603.589631
4603.589631
4607.179375
4610.256298
4609.743477
4607.692195
4607.179375
4609.230657
4611.794759
4609.743477
4603.076811
4599.487067
4601.538349
4601.538349
4602.05117
4605.640913
4607.179375
4608.717836
4613.333221
4613.846041
4609.230657
4602.56399
4597.948606
4599.487067
4604.615272
4603.076811
4599.999888
4604.615272
4609.743477
4606.153734
4608.205016
4617.948605
4618.461426
4612.30758
4609.743477
4609.743477
4610.256298
4612.8204
4612.30758
4609.743477
4614.871682
4618.974246
4613.846041
4608.717836
4610.769118
4615.384503
4616.922964
4616.922964
4614.358862
4611.281939
4610.769118
4610.769118
4611.281939
4614.358862
4617.948605
4618.974246
4614.358862
4611.281939
4613.846041
4613.333221
4609.230657
4608.205016
4609.230657
4606.666554
4607.692195
4608.717836
4607.179375
4607.692195
4607.179375
4606.666554
4608.717836
4610.769118
4608.205016
4606.153734
4607.692195
4610.256298
4609.743477
4609.230657
4615.384503
4617.435785
4608.717836
4605.128093
4607.179375
4606.153734
4605.640913
4608.205016
4607.692195
4605.640913
4605.640913
4607.692195
4612.8204
4614.871682
4612.30758
4610.256298
4608.717836
4607.179375
4611.281939
4615.384503
4611.281939
4606.666554
4606.153734
4610.769118
4612.30758
4610.769118
4612.8204
4615.897323
4614.358862
4613.846041
4612.30758
4611.281939
4613.846041
4614.871682
4610.256298
4608.205016
4609.230657
4612.30758
4616.410144
4614.358862
4611.794759
4610.769118
4609.230657
4613.333221
4621.025528
4622.56399
4622.56399
4623.589631
4615.384503
4604.615272
4605.128093
4607.179375
4606.153734
4607.179375
4607.692195
4608.205016
4611.794759
4611.794759
4607.179375
4609.743477
4617.948605
4619.999887
4613.846041
4609.743477
4609.743477
4608.205016
4604.102452
4601.025529
4598.974247
4595.384503
4594.871683
4603.589631
4612.30758
4609.230657
4606.666554
4608.717836
4606.153734
4603.076811
4605.128093
4604.615272
4604.615272
4607.692195
4608.717836
4609.230657
4610.769118
4611.281939
4611.281939
4609.743477
4606.666554
4604.615272
4598.461426
4593.846042
4596.410144
4602.05117
4605.128093
4606.666554
4607.179375
4605.128093
4604.615272
4607.692195
4606.666554
4602.56399
4605.640913
4610.769118
4610.256298
4610.256298
4608.205016
4601.538349
4602.56399
4608.205016
4609.230657
4606.153734
4604.615272
4606.153734
4610.256298
4611.281939
4608.205016
4610.769118
4614.871682
4613.846041
4611.794759
4610.769118
4608.717836
4607.692195
4606.153734
4605.128093
4605.640913
4605.640913
4606.666554
4609.743477
4610.769118
4612.8204
4613.333221
4609.743477
4608.205016
4611.794759
4612.30758
4610.256298
4615.384503
4621.538349
4617.948605
4613.333221
4612.8204
4608.717836
4606.153734
4609.230657
4610.769118
4608.205016
4609.743477
4609.743477
4609.230657
4611.794759
4609.230657
4605.640913
4610.256298
4613.846041
4609.743477
4609.743477
4611.794759
4612.30758
4615.897323
4617.435785
4614.871682
4613.846041
4612.30758
4608.717836
4609.230657
4610.769118
4611.281939
4612.30758
4613.846041
4612.8204
4610.769118
4609.743477
4607.692195
4606.666554
4608.205016
4610.256298
4612.30758
4610.769118
4608.205016
4607.692195
4607.692195
4606.153734
4605.128093
4604.102452
4604.102452
4609.743477
4609.743477
4605.128093
4605.128093
4608.717836
4607.179375
4604.615272
4606.666554
4609.230657
4610.256298
4609.743477
4611.281939
4612.30758
4610.769118
4612.30758
4613.846041
4612.30758
4611.281939
4608.205016
4607.179375
4609.743477
4611.281939
4610.256298
4611.794759
4611.281939
4608.205016
4605.640913
4606.153734
4609.743477
4612.30758
4610.769118
4610.769118
4613.846041
4612.8204
4610.256298
4608.205016
4610.769118
4617.435785
4619.999887
4615.897323
4613.333221
4612.8204
4610.769118
4609.230657
4612.30758
4616.410144
4615.384503
4610.256298
4608.205016
4610.769118
4612.8204
4611.281939
4607.179375
4604.102452
4604.102452
4606.153734
4608.717836
4612.30758
4612.8204
4611.281939
4611.794759
4612.8204
4611.794759
4609.743477
4610.769118
4614.358862
4614.871682
4609.743477
4606.666554
4609.230657
4610.769118
4613.333221
4615.897323
4617.948605
4622.56399
4625.640913
4619.487067
4612.30758
4611.794759
4611.281939
4606.666554
4606.153734
4608.717836
4608.717836
4606.666554
4606.666554
4607.179375
4609.743477
4610.256298
4609.743477
4609.230657
4606.666554
4605.640913
4609.743477
4610.256298
4607.692195
4610.256298
4610.256298
4611.794759
4617.948605
4621.025528
4617.435785
4610.769118
4607.179375
4612.8204
4621.025528
4623.07681
4622.051169
4617.948605
4613.333221
4610.256298
4609.743477
4609.743477
4610.769118
4609.230657
4604.102452
4603.076811
4605.128093
4605.128093
4606.153734
4610.256298
4615.384503
4619.487067
4617.948605
4610.769118
4609.743477
4609.230657
4601.025529
4599.487067
4607.692195
4611.794759
4609.230657
4606.666554
4605.640913
4607.179375
4608.205016
4606.153734
4605.640913
4606.666554
4610.256298
4614.358862
4612.8204
4610.769118
4610.769118
4609.743477
4606.666554
4603.076811
4604.615272
4608.205016
4607.179375
4606.153734
4611.281939
4612.30758
4609.230657
4613.333221
4615.384503
4609.230657
4610.769118
4617.948605
4617.435785
4612.30758
4611.281939
4615.897323
4619.999887
4617.435785
4613.333221
4611.794759
4610.769118
4613.846041
4616.410144
4612.8204
4611.794759
4614.358862
4614.871682
4613.846041
4614.358862
4612.8204
4610.256298
4610.769118
4616.922964
4618.974246
4615.897323
4616.922964
4618.974246
4616.922964
4619.999887
4623.589631
4618.974246
4615.384503
4614.358862
4610.769118
4611.794759
4613.846041
4612.30758
4613.333221
4615.897323
4613.333221
4610.769118
4612.30758
4615.897323
4621.538349
4623.07681
4617.948605
4614.358862
4613.333221
4612.8204
4611.281939
4611.281939
4614.358862
4620.512708
4625.128092
4622.56399
4618.461426
4616.922964
4615.897323
4613.333221
4608.717836
4611.281939
4615.897323
4615.384503
4614.358862
4617.948605
4620.512708
4616.410144
4611.794759
4611.794759
4612.30758
4610.769118
4612.8204
4616.922964
4618.461426
4620.512708
4624.102451
4625.128092
4623.07681
4622.051169
4622.56399
4620.512708
4618.974246
4618.974246
4615.384503
4610.256298
4610.769118
4615.384503
4617.948605
4616.922964
4612.30758
4607.179375
4604.615272
4610.769118
4614.871682
4608.717836
4608.717836
4614.871682
4612.8204
4610.769118
4615.897323
4614.871682
4609.743477
4610.256298
4612.8204
4609.743477
4604.615272
4607.179375
4612.30758
4613.846041
4614.871682
4617.435785
4618.974246
4621.025528
4620.512708
4618.974246
4618.461426
4613.846041
4609.743477
4609.743477
4612.30758
4613.846041
4612.8204
4612.8204
4614.871682
4612.8204
4608.205016
4609.230657
4610.769118
4611.794759
4613.333221
4612.8204
4615.384503
4617.948605
4615.897323
4612.30758
4611.794759
4611.281939
4610.769118
4610.769118
4609.743477
4610.769118
4615.897323
4619.999887
4624.102451
4625.128092
4625.128092
4624.102451
4618.461426
4614.871682
4615.384503
4618.461426
4620.512708
4621.538349
4619.487067
4618.974246
4623.07681
4624.102451
4623.589631
4624.102451
4624.102451
4621.025528
4618.461426
4618.974246
4622.051169
4623.07681
4623.07681
4621.538349
4621.025528
4622.56399
4623.07681
4620.512708
4619.487067
4622.56399
4623.07681
4622.051169
4625.128092
4627.179374
4625.128092
4623.589631
4624.615272
4624.102451
4623.589631
4624.615272
4623.589631
4624.102451
4623.589631
4623.07681
4623.07681
4621.025528
4620.512708
4626.153733
4628.205015
4623.07681
4621.538349
4623.589631
4624.615272
4623.07681
4621.538349
4619.999887
4622.051169
4623.589631
4622.56399
4624.102451
4625.640913
4624.615272
4624.102451
4626.666554
4626.666554
4623.07681
4625.128092
4626.153733
4616.410144
4610.769118
4617.435785
4624.102451
4620.512708
4615.384503
4614.358862
4619.487067
4622.56399
4618.461426
4615.384503
4613.846041
4611.794759
4610.769118
4614.358862
4617.948605
4615.897323
4613.846041
4616.410144
4617.948605
4616.922964
4618.974246
4624.102451
4626.153733
4623.589631
4620.512708
4621.538349
4622.56399
4618.461426
4613.846041
4610.769118
4609.743477
4614.871682
4622.051169
4622.051169
4616.922964
4613.846041
4615.384503
4617.948605
4619.999887
4623.589631
4627.179374
4627.692195
4625.128092
4622.56399
4623.589631
4625.128092
4624.102451
4622.051169
4623.07681
4623.589631
4623.589631
4625.640913
4625.128092
4625.128092
4626.666554
4625.640913
4624.102451
4625.640913
4626.153733
4625.128092
4627.179374
4628.717836
4625.128092
4621.538349
4622.56399
4622.56399
4617.948605
4615.897323
4622.56399
4625.640913
4622.56399
4622.051169
4618.461426
4610.769118
4613.846041
4619.999887
4615.897323
4614.358862
4616.410144
4615.384503
4614.358862
4613.333221
4611.281939
4617.948605
4624.615272
4620.512708
4613.333221
4612.30758
4613.846041
4614.358862
4615.384503
4618.461426
4616.922964
4610.769118
4609.743477
4614.358862
4619.487067
4619.999887
4618.974246
4616.410144
4613.333221
4613.333221
4615.897323
4618.461426
4617.435785
4611.794759
4607.692195
4610.769118
4613.333221
4610.769118
4608.717836
4611.794759
4614.358862
4612.30758
4610.256298
4610.769118
4610.769118
4613.333221
4615.384503
4615.384503
4617.948605
4622.56399
4624.102451
4623.589631
4621.538349
4621.025528
4621.538349
4619.999887
4621.538349
4624.102451
4623.07681
4620.512708
4619.999887
4617.435785
4619.487067
4623.07681
4621.538349
4617.435785
4618.461426
4622.56399
4622.051169
4621.025528
4619.487067
4615.384503
4616.410144
4621.538349
4622.56399
4623.589631
4623.07681
4617.435785
4614.358862
4618.461426
4620.512708
4619.999887
4619.487067
4620.512708
4622.56399
4623.07681
4622.051169
4621.538349
4620.512708
4623.07681
4626.153733
4624.102451
4622.56399
4623.07681
4623.07681
4624.102451
4625.128092
4623.589631
4622.051169
4621.538349
4621.538349
4621.538349
4622.051169
4623.589631
4625.128092
4628.717836
4631.794759
4627.692195
4624.615272
4628.205015
4628.205015
4624.102451
4625.640913
4628.717836
4626.666554
4625.640913
4629.230656
4628.717836
4622.56399
4621.025528
4626.666554
4628.717836
4623.589631
4621.538349
4624.102451
4623.07681
4623.07681
4627.692195
4628.717836
4625.640913
4625.640913
4625.640913
4624.102451
4624.102451
4624.615272
4626.666554
4627.179374
4626.666554
4625.640913
4626.666554
4628.205015
4631.794759
4636.410143
4635.384502
4629.743477
4628.717836
4629.230656
4625.128092
4622.56399
4625.128092
4626.666554
4627.179374
4628.205015
4628.717836
4627.692195
4623.589631
4620.512708
4621.538349
4624.615272
4625.128092
4627.179374
4631.281938
4633.33322
4630.256297
4626.153733
4626.153733
4628.205015
4631.794759
4631.281938
4628.205015
4625.640913
4626.153733
4626.666554
4627.179374
4625.128092
4621.538349
4620.512708
4621.025528
4623.07681
4626.666554
4627.692195
4628.717836
4630.256297
4628.717836
4625.128092
4625.640913
4628.205015
4629.743477
4626.153733
4618.974246
4615.384503
4612.8204
4612.8204
4617.948605
4621.538349
4623.07681
4624.615272
4622.051169
4619.999887
4620.512708
4620.512708
4619.999887
4618.974246
4616.922964
4618.461426
4614.871682
4608.205016
4611.281939
4615.897323
4612.30758
4608.205016
4607.179375
4603.589631
4602.05117
4601.538349
4591.79476
4582.563991
4586.666555
4593.333221
4592.30758
4591.79476
4590.769119
4586.666555
4587.692196
4591.79476
4595.384503
4602.56399
4607.692195
4607.692195
4605.640913
4605.128093
4607.179375
4610.256298
4608.205016
4603.076811
4605.128093
4611.794759
4611.281939
4608.717836
4612.8204
4613.846041
4609.743477
4608.205016
4610.256298
4611.281939
4611.281939
4612.8204
4612.8204
4610.769118
4609.743477
4610.769118
4612.8204
4613.846041
4612.30758
4614.871682
4619.487067
4616.410144
4609.230657
4611.794759
4613.846041
4610.256298
4609.230657
4611.281939
4611.794759
4612.30758
4612.30758
4611.794759
4609.230657
4604.615272
4604.615272
4606.666554
4603.589631
4604.102452
4608.205016
4606.666554
4605.128093
4607.692195
4609.230657
4606.153734
4607.692195
4611.281939
4611.794759
4610.769118
4607.692195
4605.640913
4606.666554
4609.230657
4609.230657
4610.256298
4610.256298
4609.230657
4608.717836
4610.256298
4612.8204
4612.8204
4611.281939
4612.30758
4611.794759
4610.256298
4611.281939
4608.717836
4604.615272
4606.153734
4608.205016
4607.179375
4606.666554
4607.692195
4609.230657
4609.743477
4609.743477
4608.717836
4603.076811
4598.974247
4602.05117
4603.589631
4601.538349
4604.615272
4604.102452
4597.948606
4596.922965
4598.974247
4595.384503
4596.922965
4605.640913
4607.179375
4597.435785
4594.871683
4602.05117
4604.102452
4599.999888
4602.56399
4608.205016
4607.692195
4604.102452
4600.512708
4601.025529
4604.615272
4606.153734
4605.640913
4605.128093
4604.102452
4607.179375
4609.230657
4606.153734
4606.153734
4610.256298
4610.256298
4603.076811
4598.974247
4600.512708
4604.102452
4605.640913
4605.640913
4602.05117
4600.512708
4601.025529
4602.56399
4603.076811
4598.974247
4596.922965
4601.025529
4602.05117
4596.922965
4594.871683
4596.410144
4595.384503
4593.846042
4595.897324
4597.948606
4599.487067
4604.102452
4606.153734
4605.128093
4607.179375
4608.205016
4604.102452
4599.999888
4598.974247
4593.846042
4591.281939
4598.461426
4601.538349
4597.948606
4597.948606
4603.076811
4603.589631
4604.102452
4606.153734
4604.102452
4604.102452
4607.179375
4606.666554
4602.05117
4602.05117
4604.102452
4602.56399
4602.56399
4607.179375
4608.205016
4603.076811
4599.999888
4604.615272
4607.692195
4604.615272
4603.076811
4603.589631
4602.05117
4604.102452
4609.230657
4609.743477
4607.692195
4607.179375
4606.153734
4602.56399
4599.999888
4596.922965
4593.846042
4594.358862
4599.999888
4599.999888
4596.922965
4601.025529
4604.615272
4601.025529
4595.897324
4596.922965
4600.512708
4602.05117
4600.512708
4599.999888
4601.538349
4602.56399
4603.076811
4599.487067
4594.871683
4596.410144
4596.410144
4595.897324
4596.922965
4597.948606
4594.871683
4592.30758
4592.30758
4593.846042
4598.974247
4602.56399
4601.538349
4601.025529
4603.076811
4600.512708
4596.922965
4596.410144
4598.461426
4599.487067
4596.922965
4594.871683
4594.871683
4597.948606
4603.076811
4602.05117
4596.922965
4599.487067
4601.025529
4595.897324
4596.922965
4605.128093
4607.692195
4606.666554
4604.615272
4598.461426
4592.30758
4591.79476
4593.846042
4596.410144
4595.897324
4593.333221
4596.922965
4600.512708
4598.974247
4601.025529
4603.589631
4596.922965
4593.333221
4595.897324
4596.922965
4598.974247
4604.102452
4607.692195
4603.589631
4596.922965
4597.435785
4603.076811
4601.025529
4596.922965
4596.922965
4595.897324
4592.820401
4595.897324
4601.538349
4604.102452
4602.56399
4601.538349
4601.025529
4601.538349
4599.999888
4597.948606
4601.538349
4603.076811
4598.461426
4600.512708
4601.538349
4594.358862
4596.922965
4605.128093
4599.999888
4588.717837
4591.79476
4597.435785
4596.410144
4595.384503
4596.922965
4598.974247
4603.076811
4602.56399
4595.384503
4594.358862
4596.922965
4596.922965
4594.358862
4597.948606
4605.128093
4605.640913
4597.948606
4594.871683
4597.948606
4597.948606
4597.948606
4596.922965
4594.871683
4596.922965
4602.56399
4607.179375
4608.205016
4606.666554
4606.666554
4608.205016
4610.256298
4610.769118
4608.717836
4605.128093
4603.589631
4603.076811
4603.076811
4606.153734
4608.717836
4606.666554
4605.128093
4607.692195
4607.692195
4608.717836
4609.743477
4607.179375
4604.615272
4608.205016
4608.205016
4603.589631
4602.05117
4602.56399
4601.025529
4602.56399
4607.692195
4609.743477
4608.717836
4608.205016
4607.692195
4607.692195
4607.179375
4607.179375
4608.205016
4609.230657
4607.692195
4607.692195
4606.666554
4605.128093
4606.666554
4607.179375
4604.615272
4603.589631
4605.640913
4610.256298
4614.871682
4614.358862
4610.769118
4610.769118
4608.717836
4607.179375
4611.281939
4612.8204
4608.717836
4608.205016
4611.281939
4610.256298
4607.179375
4605.128093
4607.179375
4612.30758
4612.8204
4608.717836
4608.205016
4605.640913
4603.589631
4605.128093
4603.076811
4601.025529
4607.692195
4612.30758
4606.666554
4601.025529
4601.538349
4604.615272
4608.205016
4609.743477
4608.717836
4607.692195
4608.205016
4611.794759
4609.743477
4603.076811
4603.076811
4606.666554
4606.666554
4607.179375
4608.717836
4609.230657
4611.281939
4611.281939
4608.717836
4610.256298
4611.281939
4606.153734
4605.640913
4609.230657
4608.205016
4607.692195
4610.256298
4610.256298
4610.256298
4612.30758
4611.794759
4608.205016
4604.615272
4604.102452
4605.128093
4606.666554
4607.179375
4607.179375
4606.153734
4608.717836
4613.333221
4616.410144
4618.461426
4622.051169
4624.615272
4618.461426
4609.743477
4607.692195
4604.615272
4600.512708
4603.589631
4605.640913
4606.153734
4606.153734
4601.025529
4596.922965
4603.076811
4607.179375
4604.615272
4608.205016
4613.333221
4611.794759
4608.717836
4609.743477
4612.8204
4607.692195
4598.461426
4600.512708
4608.717836
4609.743477
4606.666554
4607.179375
4604.615272
4603.589631
4608.717836
4611.794759
4609.743477
4607.179375
4606.666554
4608.205016
4606.666554
4603.589631
4604.615272
4606.153734
4604.102452
4602.56399
4606.153734
4607.692195
4604.615272
4603.589631
4606.666554
4608.717836
4608.717836
4609.230657
4612.8204
4616.410144
4614.358862
4610.256298
4612.30758
4612.8204
4605.128093
4599.999888
4603.076811
4607.179375
4607.179375
4606.153734
4605.640913
4602.56399
4603.076811
4606.666554
4606.153734
4604.102452
4603.589631
4603.589631
4605.640913
4608.717836
4609.743477
4611.281939
4611.794759
4608.717836
4607.692195
4608.205016
4603.076811
4595.384503
4595.897324
4602.05117
4605.128093
4605.128093
4608.717836
4610.769118
4609.743477
4609.230657
4605.640913
4602.05117
4604.615272
4608.205016
4608.717836
4608.717836
4608.717836
4610.256298
4611.794759
4608.717836
4607.179375
4609.230657
4607.692195
4606.666554
4608.205016
4604.615272
4601.538349
4604.102452
4608.205016
4608.205016
4607.692195
4607.692195
4606.666554
4607.179375
4608.205016
4607.692195
4605.640913
4605.640913
4610.769118
4613.333221
4608.717836
4605.640913
4609.230657
4609.230657
4605.128093
4603.589631
4602.56399
4603.076811
4605.128093
4605.640913
4605.128093
4606.153734
4603.589631
4602.05117
4607.692195
4611.281939
4608.205016
4606.666554
4609.230657
4608.717836
4607.179375
4608.205016
4609.743477
4608.717836
4608.717836
4611.281939
4611.281939
4610.256298
4612.30758
4614.358862
4613.846041
4614.358862
4615.897323
4612.8204
4608.205016
4608.717836
4610.769118
4611.281939
4612.30758
4612.30758
4608.717836
4605.640913
4606.153734
4609.230657
4610.256298
4612.8204
4614.358862
4610.769118
4608.205016
4609.743477
4611.794759
4610.769118
4609.230657
4607.692195
4608.717836
4610.256298
4612.30758
4612.30758
4606.666554
4604.615272
4612.8204
4616.922964
4611.794759
4611.281939
4616.410144
4614.871682
4608.717836
4608.717836
4611.794759
4612.30758
4608.717836
4604.615272
4604.102452
4607.692195
4611.281939
4610.256298
4607.692195
4611.281939
4614.871682
4611.281939
4610.256298
4613.846041
4615.384503
4613.333221
4611.794759
4611.281939
4611.794759
4610.256298
4609.230657
4607.692195
4605.640913
4606.153734
4608.717836
4607.692195
4608.717836
4610.256298
4608.205016
4608.205016
4610.769118
4609.230657
4608.717836
4611.281939
4611.281939
4611.281939
4613.333221
4612.8204
4610.256298
4610.256298
4611.281939
4607.692195
4603.076811
4608.205016
4614.871682
4614.358862
4614.871682
4615.897323
4611.281939
4608.205016
4609.230657
4605.640913
4604.102452
4607.692195
4608.717836
4609.230657
4610.256298
4609.743477
4609.743477
4610.769118
4610.256298
4607.692195
4605.640913
4610.769118
4614.358862
4610.256298
4606.666554
4609.743477
4609.230657
4605.640913
4606.666554
4607.692195
4607.692195
4609.743477
4610.256298
4609.230657
4608.205016
4608.205016
4608.205016
4608.205016
4607.179375
4608.205016
4609.230657
4608.205016
4610.769118
4610.769118
4607.692195
4609.743477
4613.333221
4610.769118
4608.205016
4606.153734
4602.56399
4603.076811
4607.179375
4606.666554
4603.589631
4604.102452
4607.179375
4611.281939
4611.281939
4609.230657
4609.230657
4612.30758
4610.256298
4606.666554
4606.153734
4608.205016
4608.205016
4605.640913
4605.640913
4608.717836
4610.769118
4608.717836
4609.743477
4614.358862
4613.846041
4608.717836
4608.205016
4609.230657
4607.179375
4607.692195
4608.205016
4606.153734
4606.666554
4605.640913
4601.538349
4603.589631
4607.179375
4606.666554
4605.128093
4605.640913
4608.205016
4613.846041
4614.871682
4610.256298
4607.692195
4609.743477
4610.769118
4611.794759
4615.897323
4617.435785
4615.897323
4615.384503
4614.358862
4611.281939
4608.717836
4609.230657
4611.281939
4609.743477
4607.179375
4611.794759
4615.897323
4610.256298
4607.692195
4611.281939
4611.281939
4610.769118
4610.769118
4607.692195
4605.128093
4608.205016
4609.743477
4608.717836
4608.205016
4605.640913
4605.128093
