
4420.512712
4433.333225
4449.23066
4454.358865
4446.153737
4438.46143
4443.589635
4450.769122
4449.23066
4449.743481
4451.281942
4445.128096
4445.640917
4451.794763
4449.743481
4445.128096
4447.179378
4446.153737
4445.640917
4442.563994
4436.922968
4443.589635
4451.281942
4443.589635
4435.897327
4438.46143
4437.948609
4436.922968
4438.46143
4436.922968
4438.46143
4443.076814
4436.410148
4432.307584
4436.922968
4436.922968
4430.769122
4436.410148
4448.205019
4449.23066
4438.46143
4433.846045
4441.538353
4450.256301
4448.71784
4443.589635
4444.102455
4441.025532
4438.46143
4442.563994
4446.666558
4439.487071
4435.897327
4439.487071
4437.435789
4434.871686
4441.538353
4448.71784
4445.128096
4437.948609
4429.743481
4426.666558
4428.71784
4425.128097
4416.410148
4422.563994
4430.769122
4431.794763
4432.307584
4435.384507
4433.846045
4435.897327
4435.897327
4426.153738
4428.71784
4438.97425
4432.820404
4419.999892
4422.563994
4425.640917
4423.076815
4428.71784
4439.999891
4439.999891
4429.230661
4421.025533
4421.538353
4420.512712
4418.974251
4423.076815
4429.743481
4436.410148
4438.46143
4432.820404
4429.743481
4437.948609
4443.589635
4444.615276
4441.538353
4438.97425
4432.307584
4419.487071
4414.358866
4428.71784
4442.051173
4443.589635
4447.179378
4449.743481
4441.538353
4428.71784
4428.20502
4433.846045
4431.281943
4424.102456
4431.794763
4440.512712
4442.563994
4441.025532
4437.435789
4435.384507
4439.999891
4439.487071
4432.820404
4433.846045
4437.435789
4436.922968
4438.46143
4442.563994
4442.563994
4441.025532
4442.051173
4446.666558
4441.538353
4428.71784
4429.743481
4440.512712
4439.999891
4435.384507
4438.46143
4443.589635
4448.205019
4449.23066
4447.692199
4448.71784
4446.666558
4437.948609
4439.487071
4440.512712
4435.384507
4434.871686
4438.46143
4437.948609
4441.538353
4448.205019
4444.615276
4440.512712
4445.128096
4448.205019
4440.512712
4431.281943
4434.358866
4449.23066
4451.794763
4445.640917
4448.205019
4451.794763
4446.153737
4448.71784
4452.820404
4443.589635
4437.435789
4442.563994
4443.589635
4439.999891
4445.128096
4450.256301
4453.333224
4453.846045
4445.640917
4434.358866
4438.46143
4445.640917
4437.435789
4433.846045
4444.102455
4446.666558
4441.538353
4436.922968
4431.281943
4431.794763
4441.538353
4450.256301
4452.820404
4452.820404
4441.025532
4432.307584
4434.871686
4441.025532
4445.640917
4445.640917
4442.563994
4441.025532
4439.487071
4438.46143
4450.256301
4457.948609
4448.71784
4445.128096
4451.794763
4450.769122
4446.153737
4452.307583
4461.025532
4449.23066
4434.358866
4434.358866
4441.538353
4441.538353
4438.46143
4437.948609
4437.948609
4437.948609
4433.846045
4433.333225
4439.999891
4446.153737
4444.102455
4449.23066
4458.97425
4457.435788
4448.71784
4447.692199
4450.769122
4449.743481
4445.128096
4442.051173
4444.615276
4447.692199
4448.71784
4444.102455
4437.948609
4438.46143
4444.102455
4440.512712
4436.410148
4436.410148
4436.922968
4437.948609
4438.46143
4439.999891
4442.563994
4438.97425
4430.256302
4428.20502
4425.640917
4418.46143
4421.538353
4430.256302
4427.692199
4426.153738
4425.640917
4419.999892
4424.615276
4439.999891
4434.871686
4416.922969
4410.256302
4410.256302
4415.897328
4427.692199
4431.281943
4424.615276
4425.640917
4434.871686
4447.179378
4456.922968
4463.589634
4464.102455
4466.666557
4467.692198
4462.051173
4462.563993
4478.461429
4491.794762
4496.922967
4509.230659
4523.589633
4530.256299
4532.307581
4530.76912
4524.102453
4518.974248
4511.794761
4500.51271
4490.769121
4484.102454
4479.99989
4483.589634
4494.871685
4504.615274
4510.76912
4518.461428
4519.487069
4496.410146
4480.512711
4502.563992
4536.410145
4531.28194
4499.487069
4470.769121
4451.794763
4447.692199
4474.358865
4515.897325
4546.153735
4578.461427
4620.512708
4648.205015
4653.84604
4647.692194
4619.999887
4577.948606
4542.051171
4519.999889
4510.76912
4513.846043
4508.717838
4489.74348
4476.922967
4473.846044
4459.999891
4444.615276
4443.076814
4426.666558
4386.153739
4341.025535
4299.999895
4254.35887
4216.410153
4197.435795
4194.358872
4193.846051
4202.051179
4226.666563
4256.410152
4281.538357
4312.820407
4341.538355
4355.897329
4363.589637
4355.897329
4329.230663
4303.076818
4290.769126
4285.1281
4295.38451
4324.102458
4356.41015
4386.153739
4413.846046
4426.153738
4422.563994
4421.025533
4427.692199
4430.256302
4427.179379
4423.589635
4416.922969
4421.538353
4430.769122
4425.128097
4417.435789
4429.743481
4445.128096
4451.794763
4452.820404
4456.922968
4477.948608
4498.461428
4497.948608
4494.358864
4499.99989
4496.410146
4486.666557
4483.076813
4486.153736
4487.692198
4479.48707
4465.128096
4458.97425
4443.076814
4417.94861
4398.461431
4378.461431
4355.384509
4342.051176
4336.922971
4337.435791
4346.66656
4355.384509
4372.820406
4402.563995
4425.128097
4431.794763
4437.435789
4451.794763
4467.692198
4468.717839
4465.128096
4468.205019
4464.615275
4453.333224
4443.076814
4424.615276
4401.538354
4399.487072
4406.153738
4401.025533
4393.846046
4393.333226
4393.846046
4394.871687
4394.358867
4393.846046
4399.999892
4413.846046
4427.179379
4423.076815
4405.640918
4393.846046
4384.102457
4366.153739
4350.256304
4343.589637
4342.563996
4336.41015
4327.692202
4331.281945
4348.717842
4366.153739
4379.999893
4387.17938
4393.333226
4406.153738
4417.435789
4422.563994
4432.307584
4446.666558
4449.743481
4449.743481
4450.256301
4451.281942
4454.358865
4454.871686
4445.640917
4437.948609
4441.025532
4442.051173
4432.307584
4426.153738
4429.230661
4428.20502
4425.128097
4429.230661
4436.410148
4437.435789
4436.922968
4436.922968
4447.692199
4463.076814
4471.281942
4475.897326
4487.179377
4498.974249
4505.640915
4506.666556
4506.153736
4506.153736
4502.051172
4498.461428
4502.051172
4511.794761
4514.358864
4512.307582
4511.281941
4511.281941
4506.153736
4499.99989
4506.153736
4520.51271
4521.02553
4515.897325
4516.410146
4506.153736
4490.769121
4482.051172
4471.281942
4458.461429
4453.333224
4441.538353
4430.769122
4433.846045
4436.410148
4430.769122
4429.230661
4426.666558
4417.435789
4417.435789
4425.640917
4421.025533
4415.897328
4420.512712
4406.666559
4389.230662
4396.922969
4405.128097
4389.230662
4376.410149
4375.897329
4371.794765
4365.640919
4362.563996
4357.435791
4349.743483
4345.128099
4348.205022
4352.820406
4354.358868
4349.743483
4346.15374
4355.384509
4359.487073
4356.92297
4359.999893
4372.307585
4376.410149
4368.717842
4361.025534
4363.076816
4374.358867
4385.640918
4390.769123
4395.897328
4410.256302
4422.051174
4425.128097
4429.743481
4437.435789
4435.384507
4432.307584
4443.076814
4459.999891
4467.692198
4471.794762
4474.358865
4473.333224
4470.256301
4461.538352
4443.076814
4422.051174
4406.666559
4391.281944
4381.538354
4375.897329
4372.820406
4369.743483
4370.256303
4374.358867
4374.871688
4365.128098
4354.358868
4351.281945
4356.41015
4363.589637
4363.076816
4362.051175
4368.205021
4369.743483
4358.461432
4354.358868
4351.281945
4343.076817
4342.563996
4352.820406
4359.487073
4366.153739
4379.487072
4383.589636
4378.974252
4377.43579
4377.43579
4379.487072
4381.538354
4370.256303
4359.487073
4370.256303
4382.051175
4372.820406
4370.256303
4385.640918
4400.512713
4405.128097
4412.820405
4421.025533
4416.410148
4408.20502
4406.153738
4407.179379
4412.820405
4422.051174
4425.640917
4427.692199
4432.820404
4439.999891
4450.769122
4465.640916
4469.23066
4465.640916
4468.717839
4471.794762
4468.205019
4467.179378
4467.179378
4457.948609
4450.769122
4452.820404
4453.846045
4449.743481
4446.153737
4437.948609
4433.846045
4436.922968
4433.846045
4422.563994
4420.512712
4424.615276
4422.051174
4416.922969
4415.384507
4415.897328
4409.743482
4401.025533
4400.512713
4406.153738
4405.640918
4404.102456
4406.666559
4413.846046
4414.358866
4409.230661
4413.333225
4424.102456
4421.025533
4410.256302
4405.128097
4397.94861
4390.769123
4394.871687
4402.051174
4399.999892
4399.999892
4406.153738
4408.717841
4406.153738
4411.281943
4417.94861
4419.487071
4422.563994
4424.102456
4417.94861
4412.820405
4414.871687
4421.025533
4428.20502
4429.743481
4440.512712
4466.153737
4486.666557
4489.74348
4485.128095
4477.435788
4475.897326
4483.076813
4492.820403
4499.487069
4499.99989
4495.384505
4489.74348
4483.076813
4476.410147
4475.897326
4466.153737
4447.692199
4435.897327
4436.922968
4441.538353
4437.948609
4430.769122
4430.769122
4431.281943
4427.692199
4426.153738
4425.640917
4422.563994
4421.538353
4419.487071
4410.769123
4409.230661
4415.384507
4416.922969
4408.717841
4401.538354
4397.43579
4397.43579
4398.974251
4393.846046
4388.205021
4393.333226
4402.051174
4402.563995
4402.051174
4405.640918
4411.281943
4413.333225
4414.358866
4416.922969
4419.999892
4421.538353
4423.589635
4419.999892
4412.307584
4415.384507
4417.94861
4408.717841
4407.6922
4415.384507
4412.307584
4409.230661
4413.846046
4414.871687
4412.820405
4417.435789
4425.640917
4436.922968
4436.410148
4423.589635
4417.435789
4417.94861
4417.435789
4416.922969
4419.487071
4417.435789
4408.717841
4404.102456
4408.20502
4411.794764
4409.743482
4410.256302
4420.512712
4427.692199
4428.20502
4429.230661
4435.897327
4445.128096
4454.358865
4456.410147
4448.205019
4449.23066
4462.563993
4472.820403
4485.640916
4509.743479
4520.51271
4500.51271
4463.589634
4437.435789
4419.999892
4388.717841
4339.999894
4297.948613
4260.512716
4222.051179
4190.256308
4164.615283
4142.564001
4137.435796
4154.871693
4190.769128
4239.999896
4288.717844
4339.487073
4397.43579
4452.307583
4498.461428
4549.743478
4594.358862
4617.948605
4629.743477
4636.410143
4633.846041
4619.487067
4603.589631
4591.281939
4573.846042
4551.28194
4539.999889
4534.358863
4533.846043
4538.974248
4536.922966
4524.615274
4516.922966
4504.102454
4488.717839
4491.794762
4493.333223
4481.025531
4478.461429
4484.615275
4477.435788
4470.769121
4472.307583
4472.307583
4474.358865
4479.99989
4475.897326
4469.74348
4465.128096
4456.922968
4448.71784
4438.97425
4424.102456
4408.717841
4398.974251
4390.769123
4383.589636
4378.974252
4378.974252
4368.205021
4346.66656
4342.563996
4352.820406
4349.230663
4346.66656
4363.589637
4377.43579
4374.358867
4371.794765
4382.563995
4390.769123
4380.512713
4365.640919
4363.076816
4366.66656
4377.43579
4389.230662
4386.153739
4378.461431
4384.102457
4389.230662
4392.820405
4406.666559
4412.307584
4401.025533
4392.820405
4395.384508
4390.769123
4386.666559
4390.256303
4391.794764
4390.769123
4396.410149
4397.43579
4397.94861
4404.615277
4407.6922
4401.025533
4396.922969
4396.410149
4390.256303
4386.153739
4390.256303
4396.922969
4399.487072
4405.128097
4412.820405
4413.846046
4410.256302
4414.871687
4427.179379
4436.922968
4435.384507
4426.153738
4416.922969
4411.794764
4412.307584
4411.794764
4408.717841
4404.615277
4398.974251
4392.820405
4393.333226
4394.871687
4395.384508
4394.871687
4397.94861
4397.94861
4389.230662
4383.589636
4394.358867
4409.230661
4416.410148
4420.512712
4422.051174
4416.410148
4409.743482
4410.256302
4416.410148
4423.589635
4427.692199
4430.256302
4426.666558
4414.871687
4401.025533
4396.922969
4395.384508
4383.589636
4372.820406
4382.051175
4398.974251
4404.102456
4407.179379
4413.846046
4416.410148
4417.435789
4423.589635
4423.076815
4411.794764
4397.94861
4392.307585
4395.384508
4405.128097
4418.46143
4426.153738
4427.179379
4434.358866
4443.076814
4439.999891
4437.435789
4439.999891
4437.435789
4429.743481
4432.307584
4434.871686
4426.666558
4418.46143
4421.025533
4423.076815
4409.743482
4399.487072
4404.615277
4410.256302
4405.128097
4402.051174
4402.563995
4395.897328
4383.076816
4383.076816
4393.846046
4393.333226
4384.615277
4393.333226
4406.153738
4397.94861
4386.666559
4386.666559
4387.6922
4392.307585
4404.102456
4403.076815
4396.410149
4405.640918
4423.589635
4432.307584
4437.948609
4442.051173
4446.153737
4455.897327
4470.769121
4476.922967
4477.435788
4471.794762
4462.051173
4463.589634
4465.128096
4456.410147
4448.71784
4450.256301
4447.692199
4441.025532
4432.820404
4422.563994
4414.871687
4413.846046
4413.333225
4419.487071
4426.666558
4425.640917
4425.128097
4430.256302
4428.20502
4419.487071
4418.46143
4416.410148
4417.435789
4425.640917
4428.71784
4420.512712
4417.435789
4422.563994
4429.743481
4429.230661
4428.20502
4433.846045
4434.358866
4425.640917
4422.051174
4422.563994
4412.820405
4410.769123
4418.46143
4423.076815
4423.589635
4425.640917
4423.589635
4418.46143
4416.922969
4417.435789
4411.281943
4406.153738
4411.794764
4418.974251
4419.999892
4422.563994
4428.20502
4429.743481
4432.820404
4428.71784
4416.922969
4420.512712
4433.333225
4429.230661
4423.589635
4429.743481
4429.743481
4421.538353
4424.102456
4433.846045
4442.051173
4449.743481
4453.846045
4455.897327
4452.307583
4451.794763
4451.794763
4448.71784
4443.076814
4437.435789
4430.769122
4422.563994
4418.46143
4418.46143
4415.384507
4411.281943
4411.281943
4409.230661
4408.20502
4409.743482
4408.20502
4401.025533
4399.999892
4403.589636
4403.589636
4398.974251
4400.512713
4405.128097
4399.487072
4397.94861
4411.281943
4420.512712
4418.46143
4418.46143
4412.307584
4401.025533
4395.897328
4398.974251
4403.589636
4414.358866
4423.076815
4428.20502
4433.846045
4438.46143
4434.871686
4432.307584
4434.871686
4436.922968
4441.538353
4442.051173
4434.358866
4432.307584
4442.563994
4448.205019
4452.820404
4459.48707
4457.435788
4450.256301
4450.256301
4445.640917
4443.589635
4453.846045
4457.435788
4452.307583
4453.333224
4452.820404
4443.076814
4445.640917
4454.871686
4449.743481
4442.051173
4446.153737
4445.640917
4441.538353
4435.897327
4426.666558
4421.538353
4423.589635
4425.640917
4428.71784
4436.410148
4439.999891
4445.128096
4450.769122
4452.307583
4448.71784
4446.153737
4446.666558
4447.692199
4446.153737
4447.692199
4449.743481
4443.076814
4432.820404
4436.410148
4449.23066
4448.205019
4437.435789
4436.922968
4445.640917
4448.205019
4447.179378
4445.640917
4448.71784
4448.71784
4439.999891
4434.871686
4435.897327
4427.692199
4416.922969
4415.384507
4413.846046
4408.20502
4406.666559
4411.794764
4413.333225
4409.743482
4407.6922
4415.384507
4423.076815
4425.128097
4426.153738
4425.128097
4414.871687
4404.102456
4405.128097
4415.384507
4429.743481
4444.102455
4454.358865
4458.461429
4459.48707
4455.897327
4460.512711
4469.74348
4469.23066
4465.640916
4476.410147
4487.692198
4483.076813
4469.74348
4461.025532
4450.256301
4433.846045
4426.153738
4424.615276
4418.46143
4412.307584
4417.435789
4420.512712
4418.974251
4415.384507
4409.230661
4404.615277
4408.717841
4410.256302
4404.102456
4401.538354
4406.666559
4408.717841
4404.102456
4402.563995
4407.6922
4412.820405
4409.743482
4410.769123
4415.897328
4414.358866
4409.230661
4408.717841
4403.589636
4397.94861
4397.43579
4394.358867
4393.846046
4401.538354
4404.102456
4401.025533
4405.128097
4411.281943
4412.820405
4412.307584
4413.846046
4410.256302
4402.563995
4401.538354
4406.153738
4403.589636
4398.974251
4402.051174
4402.563995
4394.871687
4394.358867
4405.640918
4412.307584
4411.794764
4418.46143
4430.769122
4432.307584
4430.769122
4427.179379
4422.051174
4421.025533
4430.769122
4437.435789
4435.384507
4430.769122
4428.71784
4429.230661
4425.640917
4418.46143
4408.20502
4393.846046
4382.563995
4387.17938
4395.897328
4404.102456
4410.769123
4415.897328
4419.487071
4422.051174
4419.487071
4417.435789
4417.94861
4419.487071
4425.640917
4426.666558
4421.025533
4416.410148
4423.076815
4434.358866
4438.97425
4434.871686
4434.358866
4431.794763
4426.153738
4427.692199
4430.769122
4427.179379
4425.640917
4428.71784
4430.256302
4432.820404
4430.256302
4417.94861
4409.743482
4412.820405
4414.871687
4416.922969
4417.435789
4412.307584
4408.20502
4414.871687
4423.589635
4424.102456
4419.999892
4415.897328
4409.743482
4402.051174
4399.487072
4401.538354
4407.179379
4415.897328
4425.128097
4429.743481
4435.897327
4437.948609
4434.871686
4433.333225
4434.871686
4430.256302
4423.076815
4422.051174
4422.563994
4419.999892
4423.076815
4428.20502
4421.025533
4412.820405
4411.281943
4416.410148
4421.538353
4423.076815
4422.563994
4424.615276
4425.128097
4422.563994
4423.589635
4425.128097
4425.640917
4425.128097
4422.051174
4417.435789
4416.410148
4416.922969
4413.846046
4406.666559
4411.281943
4418.974251
4416.922969
4414.871687
4418.46143
4414.358866
4406.153738
4405.128097
4407.6922
4409.743482
4411.281943
4417.94861
4423.589635
4430.256302
4435.384507
4436.922968
4438.97425
4441.538353
4435.897327
4426.666558
4423.076815
4418.974251
4415.384507
4421.025533
4431.794763
4432.820404
4425.640917
4422.051174
4422.563994
4419.999892
4421.538353
4430.256302
4436.410148
4435.384507
4437.948609
4442.051173
4437.948609
4425.640917
4418.974251
4423.589635
4428.20502
4424.615276
4417.435789
4416.922969
4415.897328
4410.256302
4410.256302
4419.999892
4420.512712
4415.384507
4420.512712
4429.230661
4428.71784
4424.102456
4419.487071
4418.46143
4416.922969
4413.333225
4412.307584
4412.820405
4412.307584
4413.333225
4414.871687
4415.897328
4424.615276
4434.871686
4437.435789
4430.769122
4429.230661
4435.384507
4433.846045
4428.20502
4430.256302
4434.358866
4426.153738
4415.897328
4415.897328
4421.538353
4417.435789
4410.769123
4416.410148
4427.179379
4424.615276
4423.589635
4436.410148
4446.153737
4441.025532
4437.948609
4438.97425
4433.846045
4429.743481
4431.281943
4432.307584
4426.153738
4419.487071
4421.025533
4426.153738
4425.640917
4425.640917
4427.179379
4425.640917
4421.025533
4419.487071
4421.538353
4427.692199
4429.743481
4426.666558
4428.20502
4430.256302
4430.769122
4431.281943
4432.307584
4427.692199
4426.153738
4431.281943
4433.846045
4430.256302
4430.256302
4432.307584
4428.20502
4430.256302
4434.871686
4435.384507
4435.897327
4435.384507
4429.743481
4424.102456
4419.999892
4417.94861
4417.94861
4415.897328
4409.743482
4410.256302
4418.46143
4419.999892
4415.384507
4420.512712
4424.102456
4413.846046
4411.794764
4417.94861
4419.487071
4416.410148
4412.307584
4408.717841
4416.922969
4422.051174
4410.769123
4401.538354
4404.102456
4408.717841
4410.769123
4409.743482
4407.179379
4410.256302
4417.435789
4423.076815
4424.102456
4426.666558
4433.333225
4439.487071
4437.435789
4434.871686
4433.333225
4436.922968
4444.102455
4446.666558
4439.999891
4438.97425
4446.666558
4445.640917
4436.922968
4434.358866
4439.487071
4435.384507
4429.230661
4426.153738
4421.538353
4415.897328
4419.999892
4425.640917
4418.974251
4405.640918
4400.512713
4404.102456
4409.230661
4409.743482
4411.281943
4417.94861
4417.435789
4413.846046
4418.974251
4426.153738
4422.051174
4418.974251
4425.640917
4437.948609
4443.076814
4441.025532
4433.846045
4426.153738
4426.666558
4434.358866
4443.589635
4446.153737
4441.025532
4433.333225
4429.743481
4425.128097
4421.025533
4415.897328
4413.846046
4419.487071
4429.743481
4438.97425
4438.97425
4425.128097
4415.897328
4417.435789
4413.333225
4412.820405
4418.974251
4418.46143
4414.358866
4418.46143
4426.153738
4432.820404
4432.820404
4432.307584
4431.281943
4423.589635
4416.410148
4416.410148
4417.94861
4418.974251
4420.512712
4424.102456
4428.20502
4426.153738
4426.666558
4428.20502
4422.563994
4419.999892
4431.281943
4433.333225
4422.563994
4417.94861
4418.46143
4420.512712
4427.692199
4428.20502
4423.589635
4426.666558
4428.20502
4429.743481
4432.820404
4431.281943
4427.692199
4432.820404
4437.948609
4438.97425
4436.922968
4438.97425
4442.051173
4430.256302
4416.410148
4421.025533
4424.615276
4413.333225
4414.358866
4428.20502
4433.333225
4428.20502
4427.692199
4430.769122
4434.871686
4439.487071
4441.538353
4433.846045
4427.179379
4423.589635
4414.871687
4409.743482
4412.307584
4415.384507
4421.025533
4429.230661
4429.230661
4429.743481
4436.922968
4443.076814
4438.46143
4429.743481
4424.615276
4423.076815
4423.076815
4422.051174
4420.512712
4417.94861
4419.999892
4425.640917
4430.769122
4429.743481
4425.128097
4421.025533
4425.128097
4428.71784
4428.20502
4427.179379
4424.102456
4417.435789
4420.512712
4431.794763
4432.820404
4423.076815
4419.999892
4430.256302
4434.358866
4429.743481
4431.794763
4432.820404
4423.076815
4426.153738
4437.435789
4436.922968
4430.769122
4432.820404
4437.948609
4434.871686
4428.20502
4429.743481
4431.794763
4428.71784
4432.307584
4433.846045
4429.743481
4436.410148
4448.205019
4444.102455
4437.948609
4442.563994
4440.512712
4432.820404
4436.922968
4445.128096
4440.512712
4433.846045
4433.333225
4433.333225
4431.794763
4428.20502
4428.71784
4440.512712
4445.640917
4437.435789
4430.256302
4431.794763
4428.71784
4424.615276
4428.20502
4434.871686
4436.410148
4433.846045
4433.846045
4431.281943
4432.307584
4438.97425
4439.487071
4431.794763
4426.666558
4424.615276
4425.128097
4425.640917
4423.076815
4421.025533
4423.076815
4422.051174
4416.410148
4412.820405
4412.820405
4414.871687
4419.999892
4429.230661
4430.769122
4419.999892
4408.717841
4413.333225
4423.076815
4424.615276
4420.512712
4427.692199
4430.256302
4419.487071
4422.051174
4436.410148
4437.948609
4432.820404
4436.410148
4436.410148
4438.46143
4440.512712
4432.820404
4431.281943
4442.051173
4446.153737
4438.46143
4427.179379
4424.615276
4428.71784
4428.71784
4428.20502
4435.897327
4439.487071
4436.922968
4443.076814
4446.666558
4441.025532
4435.384507
4439.487071
4442.051173
4434.871686
4429.743481
4432.307584
4433.333225
4432.820404
4435.897327
4434.871686
4435.384507
4436.922968
4436.410148
4437.948609
4440.512712
4442.563994
4447.179378
4444.102455
4433.846045
4432.820404
4436.922968
4435.897327
4440.512712
4448.71784
4450.256301
4441.538353
4432.820404
4433.846045
4438.46143
4441.025532
4439.487071
4442.051173
4442.051173
4435.897327
4435.897327
4446.666558
4448.205019
4442.051173
4444.615276
4453.846045
4452.820404
4445.128096
4442.051173
4442.051173
4442.051173
4437.435789
4434.358866
4439.487071
4445.640917
4435.384507
4424.615276
4421.538353
4417.94861
4415.384507
4414.871687
4411.281943
4408.717841
4413.333225
4421.025533
4426.153738
4427.692199
4432.307584
4440.512712
4444.615276
4442.563994
4441.025532
4432.820404
4423.076815
4426.153738
4440.512712
4444.102455
4436.922968
4432.820404
4436.922968
4447.179378
4451.794763
4450.256301
4444.615276
4436.410148
4431.281943
4432.307584
4436.410148
4443.589635
4445.128096
4443.076814
4443.589635
4442.563994
4437.435789
4433.846045
4431.281943
4430.256302
4431.794763
4432.820404
4434.358866
4433.846045
4429.230661
4422.563994
4422.563994
4427.179379
4428.20502
4422.563994
4422.563994
4428.20502
4426.153738
4419.487071
4420.512712
4427.692199
4428.71784
4426.666558
4421.025533
4417.435789
4418.974251
4417.94861
4410.769123
4408.717841
4414.358866
4421.025533
4426.153738
4436.410148
4445.128096
4442.563994
4428.20502
4423.076815
4430.256302
4432.307584
4428.71784
4425.128097
4423.589635
4421.025533
4419.999892
4423.076815
4430.769122
4432.820404
4429.230661
4425.640917
4421.025533
4413.846046
4412.307584
4415.384507
4413.333225
4412.307584
4416.922969
4420.512712
4417.94861
4418.974251
4426.666558
4439.487071
4452.307583
4452.307583
4443.589635
4447.179378
4452.820404
4447.692199
4450.256301
4459.999891
4456.922968
4447.179378
4442.563994
4437.948609
4435.897327
4439.487071
4445.128096
4443.589635
4438.97425
4446.153737
4459.999891
4457.435788
4449.23066
4448.71784
4443.589635
4436.410148
4441.538353
4449.23066
4440.512712
4431.794763
4434.358866
4438.97425
4439.999891
4443.076814
4448.71784
4451.794763
4447.179378
4440.512712
4437.435789
4436.922968
4435.897327
4441.025532
4453.333224
4464.102455
4468.205019
4460.512711
4449.743481
4445.128096
4449.23066
4453.846045
4455.384506
4454.871686
4454.358865
4447.179378
4438.97425
4435.384507
4439.487071
4444.102455
4443.589635
4442.051173
4448.71784
4457.435788
4454.358865
4446.666558
4436.410148
4429.743481
4431.281943
4431.281943
4430.256302
4438.46143
4444.102455
4438.46143
4432.820404
4436.922968
4445.128096
4449.23066
4451.794763
4456.410147
4455.384506
4445.128096
4441.025532
4445.128096
4446.666558
4440.512712
4436.410148
4438.97425
4445.640917
4450.769122
4452.307583
4447.692199
4438.46143
4434.871686
4438.97425
4442.563994
4437.435789
4436.410148
4435.897327
4429.230661
4424.615276
4427.179379
4430.256302
4435.384507
4439.487071
4438.46143
4437.948609
4439.999891
4438.46143
4434.871686
4432.307584
4430.256302
4431.281943
4432.307584
4431.281943
4432.820404
4442.051173
4443.076814
4437.435789
4437.435789
4441.025532
4437.435789
4431.281943
4432.820404
4438.46143
4435.384507
4425.128097
4427.179379
4438.46143
4441.538353
4435.384507
4436.410148
4444.615276
4449.743481
4443.589635
4439.999891
4441.025532
4441.025532
4440.512712
4447.692199
4453.846045
4449.743481
4447.179378
4451.794763
4452.820404
4447.692199
4447.692199
4442.563994
4434.358866
4436.410148
4440.512712
4435.897327
4434.871686
4437.435789
4433.333225
4432.307584
4441.538353
4450.256301
4451.281942
4449.743481
4447.179378
4441.538353
4438.46143
4442.563994
4442.563994
4437.948609
4433.333225
4433.846045
4438.97425
4445.128096
4443.589635
4437.435789
4435.384507
4429.230661
4429.743481
4445.128096
4454.871686
4451.794763
4446.666558
4435.384507
4423.076815
4419.999892
4422.051174
4422.051174
4427.179379
4433.846045
4435.897327
4435.384507
4436.922968
4444.102455
4443.076814
4433.846045
4430.769122
4433.333225
4430.256302
4431.794763
4437.435789
4438.97425
4435.897327
4435.384507
4433.846045
4430.769122
4425.128097
4422.563994
4422.051174
4421.025533
4428.20502
4439.487071
4439.999891
4432.307584
4431.794763
4432.820404
4431.794763
4431.794763
4434.871686
4436.922968
4443.589635
4445.640917
4443.589635
4444.615276
4443.589635
4438.97425
4443.589635
4446.666558
4435.897327
4431.281943
4437.948609
4444.102455
4443.589635
4446.153737
4453.333224
4457.435788
4452.307583
4450.256301
4454.358865
4461.025532
4463.589634
4457.948609
4450.256301
4447.692199
4444.615276
4435.897327
4433.333225
4432.307584
4428.20502
4423.589635
4422.563994
4427.692199
4438.97425
4442.563994
4437.435789
4438.46143
4444.102455
4448.205019
4452.820404
4449.743481
4436.922968
4432.307584
4434.358866
4429.743481
4421.025533
4423.076815
4427.179379
4427.179379
4426.666558
4424.102456
4413.333225
4406.153738
4411.794764
4416.922969
4414.871687
4411.281943
4413.333225
4423.076815
4432.307584
4425.128097
4412.820405
4410.256302
4414.871687
4413.846046
4411.794764
4412.307584
4413.846046
4408.20502
4403.076815
4406.153738
4411.281943
4417.94861
4425.640917
4424.615276
4415.897328
4411.281943
4409.743482
4409.743482
4411.281943
4416.922969
4423.076815
4428.20502
4433.846045
4437.948609
4438.46143
4441.025532
4440.512712
4435.384507
4439.487071
4448.205019
4446.153737
4438.46143
4435.384507
4436.922968
4439.999891
4439.999891
4442.051173
4445.128096
4439.487071
4432.307584
4438.46143
4448.71784
4450.769122
4445.640917
4438.97425
4434.358866
4436.922968
4448.71784
4456.922968
4455.897327
4449.743481
4449.743481
4453.333224
4453.333224
4450.769122
4448.71784
4446.153737
4444.615276
4444.615276
4444.615276
4449.23066
4452.820404
4449.23066
4441.538353
4436.410148
4436.922968
4444.615276
4449.743481
4444.102455
4436.922968
4442.563994
4453.333224
4457.948609
4454.871686
4457.948609
4469.74348
4468.717839
4465.128096
4478.461429
4487.692198
4473.333224
4465.128096
4464.615275
4457.948609
4463.076814
4479.99989
4483.589634
4478.974249
4479.48707
4479.99989
4478.974249
4478.974249
4474.871685
4473.333224
4479.48707
4476.922967
4463.076814
4457.948609
4463.589634
4463.076814
4458.461429
4454.358865
4453.333224
4451.794763
4448.71784
4451.794763
4457.948609
4457.435788
4458.461429
4464.102455
4462.563993
4470.769121
4496.410146
4520.51271
4529.230658
4530.76912
4523.076812
4512.820402
4504.615274
4493.333223
4481.538352
4470.769121
4459.48707
4455.897327
4456.922968
4450.769122
4441.538353
4443.589635
4446.666558
4441.025532
4443.589635
4448.205019
4446.153737
4439.487071
4438.46143
4438.46143
4435.897327
4428.71784
4424.102456
4432.820404
4440.512712
4436.410148
4432.820404
4430.256302
4419.487071
4418.46143
4422.563994
4421.538353
4415.897328
4410.769123
4407.6922
4414.358866
4418.974251
4418.46143
4422.563994
4419.999892
4411.281943
4418.974251
4433.846045
4435.384507
4433.333225
4434.871686
4436.922968
4442.051173
4446.666558
4440.512712
4439.487071
4452.820404
4466.153737
4469.74348
4467.692198
4467.692198
4469.74348
4476.922967
4483.076813
4485.640916
4484.615275
4487.179377
4486.153736
4482.563993
4477.435788
4468.717839
4464.102455
4467.179378
4469.23066
4467.692198
4462.051173
4452.307583
4450.769122
4454.358865
4452.307583
4448.71784
4448.205019
4447.179378
4443.076814
4436.922968
4439.999891
4441.538353
4434.871686
4437.435789
4443.589635
4430.769122
4423.076815
4434.358866
4439.487071
4426.666558
4413.333225
4412.820405
4416.410148
4422.051174
4430.769122
4435.384507
4419.999892
4399.487072
4389.230662
4382.563995
4370.256303
4359.999893
4361.025534
4372.820406
4382.563995
4384.615277
4398.974251
4423.076815
4431.794763
4429.230661
4438.46143
4450.769122
4452.307583
4448.205019
4447.692199
4449.743481
4452.820404
4449.23066
4448.205019
4455.384506
4453.333224
4436.922968
4425.128097
4429.230661
4429.230661
4419.999892
4412.820405
4410.769123
4408.717841
4411.281943
4413.846046
4410.256302
4404.615277
4402.563995
4402.051174
4401.025533
4396.922969
4396.410149
4401.538354
4404.615277
4413.846046
4426.153738
4423.076815
4414.358866
4417.435789
4420.512712
4418.46143
4419.487071
4429.230661
4443.589635
4456.922968
4461.025532
4454.358865
4445.128096
4436.410148
4425.128097
4414.358866
4412.307584
4412.307584
4408.717841
4407.6922
4410.769123
4411.794764
4415.384507
4421.538353
4425.640917
4423.589635
4417.94861
4413.333225
4413.333225
4422.051174
4427.692199
4418.974251
4406.666559
4411.794764
4418.974251
4415.384507
4412.820405
4420.512712
4421.025533
4412.820405
4414.358866
4425.640917
4424.615276
4415.897328
4415.897328
4418.974251
4426.153738
4438.97425
4440.512712
4429.230661
4428.20502
4428.71784
4435.384507
4450.769122
4454.871686
4446.153737
4443.589635
4447.179378
4447.692199
4447.179378
4448.71784
4449.23066
4446.153737
4446.666558
4453.333224
4458.97425
4457.435788
4454.871686
4445.128096
4431.281943
4418.974251
4413.846046
4416.922969
4421.025533
4419.487071
4416.922969
4416.410148
4412.820405
4409.230661
4404.102456
4399.999892
4407.6922
4414.358866
4406.153738
4406.153738
4410.256302
4396.922969
4385.640918
4393.846046
4396.922969
4393.333226
4398.974251
4408.20502
4418.974251
4431.281943
4431.281943
4426.666558
4430.769122
4432.307584
4430.769122
4431.794763
4434.358866
4436.410148
4437.435789
4432.307584
4428.71784
4430.256302
4424.615276
4421.538353
4428.71784
4435.897327
4438.46143
4444.615276
4448.71784
4444.102455
4439.487071
4447.179378
4454.358865
4453.333224
4449.23066
4451.281942
4450.769122
4447.179378
4449.743481
4454.358865
4456.922968
4456.922968
4450.769122
4440.512712
4440.512712
4448.205019
4453.846045
4452.307583
4449.23066
4446.666558
4446.153737
4447.179378
4449.23066
4446.153737
4442.051173
4448.71784
4454.358865
4449.743481
4444.102455
4446.153737
4446.153737
4442.563994
4441.025532
4444.615276
4440.512712
4431.794763
4430.256302
4434.358866
4433.333225
4429.743481
4428.71784
4431.794763
4440.512712
4452.307583
4465.128096
4473.333224
4470.256301
4457.948609
4447.692199
4442.051173
4431.281943
4409.230661
4394.871687
4395.897328
4395.897328
4385.640918
4382.563995
4390.256303
4394.358867
4401.025533
4410.769123
4416.410148
4417.435789
4422.563994
4424.615276
4421.538353
4423.076815
4432.307584
4438.97425
4436.410148
4425.128097
4414.871687
4416.922969
4427.692199
4434.358866
4440.512712
4446.666558
4443.076814
4436.410148
4437.948609
4444.102455
4447.692199
4447.179378
4439.487071
4433.333225
4431.281943
4431.794763
4427.179379
4421.538353
4419.999892
4417.94861
4421.025533
4429.230661
4433.846045
4432.307584
4436.410148
4439.487071
4434.358866
4428.20502
4429.743481
4431.281943
4430.256302
4430.256302
4433.846045
4441.538353
4450.769122
4450.769122
4444.615276
4442.563994
4437.948609
4431.281943
4426.153738
4419.487071
4416.410148
4417.94861
4416.410148
4421.025533
4428.20502
4424.102456
4420.512712
4435.897327
4444.615276
4441.538353
4443.076814
4441.025532
4429.743481
4422.563994
4417.94861
4406.666559
4397.94861
4394.871687
4399.487072
4401.025533
4396.922969
4393.333226
4389.230662
4383.076816
4384.102457
4389.743482
4391.794764
4399.999892
4413.846046
4421.025533
4418.974251
4414.871687
4417.435789
4426.666558
4432.307584
4438.46143
4447.179378
4453.333224
4452.307583
4447.692199
4442.051173
4439.999891
4442.563994
4442.051173
4443.076814
4446.153737
4451.794763
4455.897327
4453.846045
4448.71784
4446.153737
4436.410148
4419.487071
4406.153738
4403.589636
4404.615277
4401.025533
4395.384508
4395.384508
4397.43579
4401.538354
4412.307584
4426.153738
4432.307584
4423.589635
4413.846046
4415.384507
4427.692199
4427.692199
4417.435789
4412.307584
4415.384507
4416.922969
4412.307584
4416.922969
4428.71784
4431.281943
4424.102456
4423.076815
4421.025533
4413.333225
4414.358866
4422.051174
4423.589635
4426.666558
4430.256302
4433.846045
4436.922968
4432.307584
4420.512712
4413.333225
4413.846046
4416.410148
4418.974251
4419.487071
4421.025533
4421.025533
4419.999892
4420.512712
4424.102456
4428.20502
4435.897327
4437.435789
4430.256302
4425.128097
4430.256302
4431.794763
4427.692199
4426.666558
4429.230661
4433.333225
4434.871686
4436.922968
4434.358866
4429.743481
4430.256302
4428.71784
4420.512712
4416.922969
4418.46143
4422.563994
4432.307584
4438.97425
4435.897327
4433.333225
4431.281943
4424.615276
4422.563994
4426.153738
4432.307584
4436.410148
4437.435789
4430.256302
4421.025533
4415.384507
4412.820405
4410.256302
4406.666559
4404.615277
4407.6922
4417.94861
4425.128097
4420.512712
4419.487071
4432.307584
4436.410148
4432.307584
4429.230661
4424.615276
4421.538353
4421.538353
4421.025533
4426.153738
4429.230661
4423.076815
4419.487071
4423.589635
4428.20502
4427.692199
4424.102456
4425.128097
4427.692199
4422.051174
4424.615276
4437.435789
4445.128096
4446.666558
4451.794763
4453.333224
4453.846045
4460.512711
4459.999891
4450.769122
4445.128096
4445.640917
4447.179378
4451.794763
4449.743481
4443.589635
4445.128096
4449.743481
4445.128096
4437.948609
4432.307584
4429.743481
4432.820404
4433.846045
4431.281943
4433.846045
4444.615276
4452.307583
4453.333224
4454.358865
4458.461429
4458.461429
4448.71784
4433.333225
4424.615276
4427.692199
4435.384507
4431.794763
4418.46143
4413.846046
4421.025533
4421.538353
4415.897328
4417.435789
4417.94861
4415.897328
4410.769123
4409.743482
4412.820405
4415.897328
4413.846046
4416.410148
4425.128097
4432.307584
4432.307584
4428.71784
4428.71784
4429.743481
4432.307584
4428.20502
4415.897328
4415.897328
4433.846045
4437.948609
4433.333225
4438.46143
4446.153737
4446.666558
4446.153737
4444.102455
4442.051173
4441.538353
4443.589635
4449.743481
4452.820404
4453.333224
4455.384506
4455.384506
4452.820404
4451.794763
4449.23066
4445.640917
4441.025532
4434.358866
4426.153738
4426.666558
4433.333225
4436.410148
4428.20502
4418.46143
4417.94861
4415.897328
4409.230661
4408.20502
4416.922969
4425.128097
4421.538353
4407.179379
4402.563995
4410.769123
4418.974251
4422.051174
4424.102456
4419.487071
4414.358866
