
4484.102454
4484.615275
4472.307583
4459.48707
4442.051173
4419.487071
4411.281943
4413.846046
4413.846046
4412.307584
4414.358866
4417.435789
4420.512712
4426.153738
4427.179379
4425.128097
4426.666558
4429.743481
4427.179379
4428.20502
4434.358866
4433.846045
4429.743481
4433.846045
4437.948609
4435.897327
4429.230661
4426.153738
4429.230661
4430.256302
4427.692199
4428.71784
4429.743481
4424.615276
4426.666558
4432.820404
4436.410148
4436.410148
4433.333225
4434.358866
4444.615276
4453.333224
4452.307583
4452.307583
4451.281942
4451.794763
4459.48707
4469.74348
4468.205019
4456.922968
4443.076814
4433.333225
4430.256302
4426.153738
4418.46143
4421.025533
4428.20502
4424.102456
4417.94861
4421.538353
4423.076815
4416.410148
4415.384507
4413.846046
4406.666559
4404.615277
4408.20502
4406.666559
4412.820405
4420.512712
4416.410148
4415.384507
4421.025533
4421.538353
4422.563994
4425.128097
4424.615276
4425.128097
4424.102456
4424.102456
4426.153738
4427.179379
4429.743481
4435.384507
4434.358866
4435.897327
4443.589635
4447.179378
4449.743481
4461.538352
4461.538352
4449.23066
4459.999891
4472.307583
4454.358865
4445.128096
4460.512711
4455.384506
4439.999891
4441.538353
4443.589635
4431.281943
4417.435789
4413.846046
4422.563994
4428.20502
4426.666558
4426.153738
4427.179379
4428.20502
4430.256302
4433.846045
4430.256302
4425.640917
4430.256302
4430.256302
4418.46143
4411.794764
4410.769123
4406.153738
4402.051174
4404.102456
4409.743482
4413.333225
4408.20502
4406.666559
4413.846046
4415.897328
4414.871687
4413.333225
4416.410148
4421.025533
4425.640917
4430.769122
4440.512712
4442.051173
4428.71784
4419.487071
4419.487071
4421.538353
4426.666558
4428.20502
4417.94861
4411.281943
4417.94861
4422.563994
4414.358866
4407.6922
4403.589636
4401.538354
4405.640918
4407.6922
4398.974251
4407.179379
4431.281943
4425.640917
4401.025533
4404.102456
4422.563994
4425.640917
4427.179379
4427.179379
4413.333225
4395.897328
4387.17938
4380.512713
4371.794765
4370.256303
4378.461431
4387.6922
4395.384508
4398.974251
4397.43579
4397.94861
4409.230661
4417.94861
4411.794764
4411.794764
4421.025533
4428.71784
4435.384507
4443.076814
4444.102455
4447.179378
4455.384506
4455.384506
4448.205019
4448.205019
4453.846045
4453.333224
4448.71784
4443.589635
4441.538353
4438.97425
4434.358866
4428.71784
4429.743481
4432.820404
4435.384507
4444.102455
4454.871686
4457.948609
4456.922968
4448.205019
4441.025532
4450.769122
4466.666557
4467.179378
4456.410147
4442.051173
4423.076815
4408.20502
4400.512713
4397.43579
4397.94861
4407.6922
4413.333225
4407.6922
4410.769123
4424.615276
4427.692199
4422.563994
4419.999892
4415.897328
4416.410148
4424.615276
4431.281943
4433.333225
4439.999891
4446.666558
4448.205019
4442.051173
4437.948609
4436.922968
4430.256302
4418.46143
4413.333225
4414.871687
4413.846046
4412.820405
4412.307584
4411.281943
4413.333225
4422.051174
4427.179379
4430.256302
4431.281943
4430.769122
4434.871686
4439.999891
4440.512712
4450.769122
4467.179378
4462.563993
4449.743481
4455.384506
4467.179378
4469.74348
4471.794762
4464.102455
4440.512712
4414.871687
4399.999892
4389.743482
4383.589636
4386.153739
4393.846046
4402.051174
4406.153738
4405.128097
4409.230661
4425.640917
4438.46143
4437.948609
4430.256302
4429.230661
4431.794763
4426.666558
4415.384507
4419.999892
4434.871686
4442.051173
4441.025532
4439.487071
4442.051173
4443.589635
4439.487071
4433.846045
4433.846045
4435.897327
4434.871686
4432.307584
4432.307584
4432.307584
4432.820404
4432.820404
4433.846045
4431.281943
4430.256302
4434.871686
4436.922968
4429.743481
4426.666558
4433.333225
4430.256302
4419.999892
4416.922969
4415.384507
4410.256302
4415.897328
4424.102456
4427.179379
4434.871686
4448.205019
4451.794763
4445.640917
4438.97425
4436.410148
4439.999891
4441.538353
4437.435789
4432.307584
4432.307584
4435.384507
4442.563994
4449.23066
4454.358865
4454.871686
4453.846045
4450.769122
4446.153737
4444.102455
4444.102455
4443.589635
4447.179378
4455.897327
4456.922968
4451.281942
4449.23066
4442.563994
4424.615276
4414.358866
4417.435789
4419.999892
4412.820405
4416.410148
4430.769122
4437.948609
4439.487071
4439.487071
4434.358866
4431.281943
4437.435789
4439.999891
4433.846045
4426.153738
4429.743481
4437.435789
4435.384507
4430.256302
4430.256302
4426.666558
4426.153738
4432.820404
4438.97425
4442.563994
4442.051173
4437.948609
4438.46143
4439.487071
4433.333225
4430.769122
4428.71784
4424.615276
4417.94861
4409.743482
4401.025533
4397.94861
4404.102456
4414.358866
4418.46143
4419.487071
4425.128097
4430.256302
4430.769122
4431.281943
4436.410148
4443.076814
4449.743481
4450.256301
4448.71784
4442.051173
4436.922968
4437.435789
4438.97425
4437.948609
4441.538353
4445.128096
4446.153737
4452.307583
4453.846045
4449.23066
4449.23066
4453.846045
4452.820404
4452.820404
4453.333224
4450.769122
4442.563994
4429.230661
4424.102456
4430.769122
4431.794763
4424.102456
4427.179379
4437.435789
4441.025532
4444.615276
4450.769122
4451.281942
4449.23066
4447.692199
4447.692199
4449.743481
4457.948609
4461.025532
4455.384506
4450.256301
4450.769122
4453.333224
4450.769122
4455.897327
4469.23066
4472.307583
4459.48707
4450.256301
4446.153737
4436.922968
4429.230661
4431.794763
4438.97425
4445.128096
4446.153737
4450.256301
4456.922968
4452.820404
4450.769122
4459.999891
4455.384506
4435.384507
4430.769122
4437.948609
4436.922968
4429.230661
4429.230661
4434.358866
4437.948609
4438.46143
4445.128096
4451.281942
4452.307583
4449.743481
4447.179378
4449.23066
4448.71784
4439.999891
4432.307584
4428.20502
4416.410148
4404.615277
4408.20502
4421.025533
4424.615276
4426.153738
4437.435789
4444.102455
4437.948609
4437.435789
4448.205019
4452.820404
4448.205019
4447.692199
4450.256301
4443.589635
4443.589635
4455.897327
4458.461429
4450.769122
4451.281942
4453.333224
4459.48707
4465.128096
4449.743481
4431.794763
4425.128097
4406.153738
4386.153739
4397.43579
4415.897328
4415.897328
4410.256302
4412.820405
4419.999892
4427.179379
4427.692199
4425.128097
4421.025533
4418.46143
4417.94861
4426.153738
4436.410148
4433.333225
4430.256302
4437.435789
4441.025532
4441.025532
4448.205019
4451.281942
4450.769122
4457.435788
4461.025532
4452.820404
4441.538353
4434.358866
4434.358866
4436.922968
4435.897327
4437.948609
4442.051173
4438.46143
4432.820404
4433.846045
4434.871686
4432.307584
4429.743481
4431.794763
4430.256302
4429.743481
4430.256302
4431.794763
4435.384507
4438.46143
4437.435789
4438.46143
4444.102455
4445.128096
4451.281942
4462.051173
4459.999891
4444.615276
4439.999891
4448.205019
4450.769122
4442.051173
4431.794763
4428.20502
4430.256302
4430.769122
4429.230661
4432.307584
4434.358866
4432.307584
4430.769122
4429.230661
4430.769122
4435.384507
4430.769122
4427.692199
4430.256302
4426.666558
4422.563994
4431.794763
4437.435789
4432.307584
4429.230661
4430.256302
4431.281943
4437.435789
4446.153737
4443.076814
4438.97425
4433.846045
4421.538353
4417.435789
4430.769122
4433.846045
4426.153738
4427.179379
4433.846045
4435.897327
4433.846045
4430.256302
4436.922968
4454.358865
4453.846045
4429.743481
4416.922969
4435.384507
4452.307583
4449.743481
4448.205019
4451.794763
4438.46143
4418.974251
4413.846046
4413.846046
4410.769123
4413.846046
4419.487071
4421.538353
4422.563994
4426.153738
4430.769122
4431.794763
4429.743481
4426.153738
4427.692199
4430.256302
4433.846045
4432.820404
4429.743481
4430.256302
4430.256302
4425.640917
4421.025533
4424.615276
4434.871686
4443.076814
4439.999891
4436.410148
4440.512712
4445.640917
4447.692199
4453.333224
4457.948609
4456.410147
4453.846045
4450.256301
4446.666558
4450.256301
4455.897327
4455.897327
4454.358865
4450.256301
4445.640917
4439.999891
4434.871686
4433.333225
4437.948609
4434.871686
4424.615276
4415.897328
4412.307584
4410.769123
4410.256302
4410.769123
4416.410148
4425.128097
4429.230661
4430.256302
4426.666558
4423.076815
4424.615276
4431.794763
4433.846045
4437.948609
4441.025532
4437.948609
4433.333225
4433.333225
4433.846045
4436.922968
4435.897327
4430.256302
4434.358866
4445.128096
4450.769122
4453.333224
4455.384506
4447.179378
4435.897327
4436.410148
4447.179378
4452.307583
4447.692199
4441.538353
4434.358866
4422.051174
4415.897328
4419.487071
4419.999892
4413.846046
4411.281943
4418.974251
4431.281943
4444.102455
4449.743481
4449.743481
4444.102455
4436.922968
4434.358866
4435.384507
4434.358866
4434.358866
4433.333225
4426.153738
4424.615276
4425.128097
4418.974251
4414.358866
4418.46143
4422.051174
4426.666558
4435.384507
4445.128096
4447.692199
4443.589635
4445.640917
4453.846045
4454.358865
4451.281942
4448.71784
4436.922968
4427.692199
4431.281943
4432.307584
4426.666558
4429.743481
4436.410148
4434.871686
4429.230661
4431.281943
4435.897327
4437.948609
4436.922968
4435.384507
4437.948609
4439.487071
4433.333225
4430.256302
4434.871686
4431.794763
4421.538353
4414.358866
4414.871687
4418.46143
4425.640917
4429.743481
4431.281943
4432.307584
4434.358866
4436.922968
4437.435789
4436.410148
4436.922968
4438.97425
4436.922968
4435.897327
4434.871686
4427.179379
4419.999892
4422.563994
4422.563994
4422.563994
4430.256302
4436.922968
4437.948609
4445.640917
4450.769122
4438.46143
4427.692199
4430.769122
4433.333225
4437.435789
4449.23066
4445.128096
4432.307584
4434.871686
4437.435789
4422.563994
4415.384507
4419.487071
4415.384507
4407.179379
4405.640918
4407.179379
4409.743482
4416.922969
4430.256302
4436.922968
4429.230661
4426.666558
4432.820404
4427.692199
4417.435789
4423.076815
4428.71784
4426.153738
4428.20502
4434.358866
4438.46143
4439.487071
4434.358866
4427.692199
4427.179379
4426.153738
4426.153738
4425.640917
4419.487071
4414.358866
4411.794764
4407.179379
4409.230661
4413.846046
4413.333225
4414.358866
4421.025533
4419.999892
4415.897328
4419.487071
4428.20502
4435.897327
4438.46143
4437.948609
4437.948609
4445.128096
4445.128096
4428.71784
4414.358866
4410.769123
4407.179379
4400.512713
4404.615277
4418.974251
4427.692199
4432.307584
4441.025532
4450.769122
4462.051173
4462.051173
4444.102455
4426.666558
4425.640917
4429.230661
4433.846045
4431.794763
4422.563994
4420.512712
4428.71784
4429.230661
4425.640917
4428.20502
4430.256302
4430.256302
4432.307584
4436.410148
4432.307584
4431.794763
4439.999891
4444.615276
4437.948609
4431.794763
4428.71784
4428.71784
4437.435789
4446.153737
4447.692199
4441.025532
4426.153738
4417.94861
4426.666558
4428.71784
4427.692199
4435.897327
4440.512712
4432.307584
4426.153738
4414.358866
4398.461431
4394.871687
4396.922969
4396.410149
4401.025533
4410.256302
4420.512712
4430.769122
4435.897327
4434.871686
4430.256302
4424.615276
4415.384507
4410.256302
4404.615277
4399.999892
4399.487072
4404.615277
4407.179379
4404.102456
4401.538354
4398.461431
4397.43579
4402.051174
4409.230661
4411.281943
4413.846046
4416.410148
4416.922969
4416.410148
4411.794764
4402.051174
4404.615277
4415.384507
4415.897328
4414.871687
4421.025533
4425.640917
4421.538353
4416.922969
4412.820405
4411.794764
4404.102456
4392.307585
4383.589636
4379.487072
4374.358867
4373.846047
4382.563995
4388.717841
4387.6922
4386.666559
4398.461431
4411.281943
4416.922969
4421.538353
4426.666558
4422.563994
4419.999892
4425.640917
4426.153738
4421.538353
4419.487071
4419.487071
4426.153738
4432.307584
4432.820404
4437.948609
4442.563994
4433.846045
4427.179379
4438.97425
4448.71784
4445.128096
4440.512712
4443.076814
4443.589635
4438.97425
4436.922968
4441.025532
4445.640917
4444.102455
4440.512712
4442.051173
4443.589635
4439.999891
4437.948609
4432.307584
4423.076815
4424.615276
4432.307584
4421.025533
4408.717841
4415.897328
4419.487071
4403.589636
4392.307585
4392.307585
4391.794764
4391.794764
4396.922969
4405.128097
4414.358866
4416.922969
4412.307584
4414.358866
4422.051174
4426.666558
4429.743481
4436.922968
4436.922968
4429.230661
4426.666558
4431.281943
4434.358866
4435.384507
4439.487071
4444.615276
4445.640917
4445.128096
4447.692199
4451.794763
4454.358865
4454.871686
4454.871686
4448.71784
4441.025532
4438.97425
4441.025532
4440.512712
4442.051173
4446.153737
4445.640917
4444.102455
4444.615276
4445.128096
4446.153737
4453.846045
4462.051173
4465.128096
4464.615275
4459.48707
4449.743481
4450.769122
4458.461429
4457.948609
4454.871686
4452.307583
4447.692199
4445.128096
4446.666558
4445.640917
4442.051173
4438.46143
4430.769122
4421.025533
4418.974251
4422.563994
4425.640917
4427.179379
4437.435789
4450.769122
4458.461429
4458.97425
4457.948609
4459.48707
4459.48707
4461.538352
4463.589634
4461.538352
4457.948609
4457.435788
4457.948609
4456.410147
4452.820404
4449.743481
4443.589635
4439.487071
4447.692199
4458.97425
4457.948609
4455.897327
4462.051173
4463.076814
4453.846045
4446.153737
4445.640917
4444.102455
4438.46143
4442.563994
4455.384506
4452.307583
4434.358866
4421.538353
4415.897328
4411.281943
4409.230661
4406.153738
4405.640918
4419.487071
4430.769122
4432.820404
4438.46143
4448.205019
4455.897327
4461.538352
4461.025532
4466.666557
4473.846044
4464.615275
4453.333224
4455.897327
4454.358865
4446.153737
4439.999891
4435.897327
4435.897327
4433.333225
4427.692199
4424.102456
4426.666558
4429.743481
4430.256302
4426.666558
4427.692199
4426.666558
4421.538353
4421.025533
4425.640917
4427.692199
4429.230661
4430.769122
4430.256302
4425.640917
4415.384507
4399.999892
4394.358867
4412.820405
4433.846045
4432.820404
4423.076815
4425.128097
4428.20502
4426.666558
4421.538353
4410.769123
4405.640918
4407.179379
4406.666559
4411.281943
4423.589635
4430.256302
4434.871686
4445.128096
4455.384506
4462.051173
4464.615275
4457.948609
4452.820404
4455.897327
4456.922968
4452.307583
4445.128096
4442.051173
4440.512712
4433.333225
4429.743481
4439.999891
4447.692199
4448.71784
4453.846045
4458.97425
4453.333224
4445.640917
4443.589635
4441.538353
4430.256302
4422.051174
4426.153738
4428.71784
4428.71784
4432.820404
4432.820404
4427.692199
4428.20502
4439.999891
4458.461429
4464.615275
4458.461429
4452.307583
4443.589635
4431.794763
4431.281943
4433.333225
4425.128097
4411.794764
4403.589636
4408.20502
4426.666558
4444.615276
4450.256301
4452.820404
4457.948609
4458.461429
4455.384506
4454.871686
4452.820404
4447.692199
4440.512712
4435.897327
4431.281943
4427.692199
4427.692199
4429.230661
4434.871686
4438.97425
4432.820404
4422.051174
4422.051174
4423.076815
4417.94861
4411.794764
4408.20502
4407.6922
4408.20502
4408.20502
4409.743482
4413.333225
4412.307584
4406.666559
4398.461431
4391.794764
4391.281944
4390.769123
4392.307585
4405.640918
4412.820405
4408.717841
4415.384507
4426.666558
4419.487071
4407.6922
4407.179379
4403.589636
4401.025533
4406.666559
4416.410148
4426.666558
4434.358866
4429.743481
4426.153738
4434.358866
4446.666558
4455.897327
4461.025532
4458.97425
4457.435788
4456.922968
4461.025532
4471.281942
4477.435788
4474.358865
4471.281942
4471.281942
4472.307583
4474.358865
4471.794762
4472.307583
4472.820403
4466.666557
4463.076814
4468.205019
4472.820403
4474.871685
4475.897326
4479.99989
4487.692198
4491.794762
4490.769121
4489.230659
4482.563993
4474.358865
4482.563993
4493.333223
4483.589634
4463.076814
4455.897327
4456.410147
4454.871686
4453.846045
4452.820404
4454.871686
4455.897327
4449.23066
4442.563994
4440.512712
4429.230661
4411.794764
4405.128097
4412.307584
4418.46143
4419.999892
4424.102456
4437.435789
4447.179378
4448.71784
4449.743481
4449.23066
4443.589635
4439.487071
4447.692199
4455.897327
4452.820404
4448.71784
4447.692199
4437.948609
4427.692199
4423.589635
4419.487071
4416.922969
4418.974251
4415.384507
4416.410148
4424.615276
4429.743481
4431.794763
4426.666558
4414.871687
4410.256302
4412.820405
4410.769123
4419.487071
4431.281943
4426.153738
4414.358866
4414.871687
4418.46143
4416.410148
4414.871687
4417.435789
4418.974251
4417.94861
4416.922969
4417.435789
4415.897328
4418.46143
4425.128097
4424.615276
4424.102456
4429.743481
4432.307584
4427.179379
4427.179379
4431.794763
4430.769122
4428.71784
4435.897327
4448.71784
4449.23066
4442.563994
4448.205019
4457.948609
4450.769122
4443.076814
4442.051173
4434.871686
4422.563994
4416.922969
4417.94861
4422.563994
4428.71784
4429.743481
4423.076815
4419.999892
4415.897328
4410.256302
4410.769123
4407.6922
4397.94861
4394.871687
4402.051174
4409.230661
4417.435789
4416.410148
4405.128097
4403.589636
4414.358866
4424.102456
4429.743481
4433.333225
4435.897327
4435.897327
4434.871686
4439.999891
4445.640917
4443.589635
4436.922968
4435.384507
4435.897327
4437.948609
4441.538353
4443.076814
4441.538353
4441.538353
4440.512712
4431.794763
4425.640917
4428.20502
4428.20502
4418.974251
4416.922969
4421.025533
4414.871687
4402.563995
4399.487072
4401.538354
4403.589636
4403.589636
4402.051174
4394.871687
4382.563995
4371.794765
4365.640919
4365.640919
4371.281944
4378.461431
4377.948611
4379.487072
4387.6922
4395.384508
4402.563995
4408.717841
4407.6922
4406.153738
4407.6922
4409.230661
4411.281943
4417.94861
4426.666558
4430.769122
4432.307584
4433.846045
4430.256302
4427.692199
4436.410148
4444.615276
4448.205019
4452.307583
4457.435788
4459.999891
4461.538352
4462.051173
4457.435788
4448.71784
4445.640917
4444.615276
4439.487071
4439.487071
4437.435789
4429.743481
4427.179379
4427.179379
4412.307584
4401.025533
4404.615277
4409.743482
4410.256302
4415.897328
4426.666558
4429.230661
4427.692199
4432.307584
4434.871686
4428.20502
4428.20502
4441.538353
4447.179378
4439.487071
4438.46143
4442.563994
4437.435789
4426.153738
4420.512712
4418.974251
4418.974251
4422.051174
4427.179379
4431.794763
4434.871686
4439.999891
4443.589635
4441.538353
4440.512712
4443.076814
4438.97425
4435.897327
4444.102455
4453.333224
4461.025532
4470.769121
4471.794762
4465.640916
4459.999891
4450.256301
4443.589635
4446.666558
4446.666558
4441.025532
4442.051173
4444.102455
4439.999891
4434.871686
4432.820404
4434.358866
4439.999891
4438.46143
4429.230661
4424.615276
4424.102456
4416.922969
4406.153738
4415.384507
4441.025532
4453.333224
4446.666558
4446.666558
4447.692199
4435.384507
4410.769123
4384.615277
4376.410149
4390.769123
4405.640918
4410.769123
4417.435789
4421.025533
4419.487071
4417.435789
4417.94861
4421.025533
4424.615276
4427.179379
4432.307584
4439.487071
4445.640917
4451.281942
4451.794763
4442.563994
4440.512712
4444.615276
4444.102455
4444.102455
4442.563994
4429.743481
4417.94861
4417.94861
4417.435789
4416.410148
4414.358866
4412.820405
4415.384507
4423.076815
4426.666558
4421.025533
4412.307584
4407.179379
4406.666559
4403.589636
4393.846046
4392.307585
4407.6922
4428.20502
4436.410148
4434.358866
4433.333225
4432.820404
4430.769122
4427.179379
4418.974251
4408.717841
4409.743482
4422.563994
4428.71784
4428.20502
4432.307584
4441.025532
4444.615276
4446.153737
4445.640917
4445.128096
4448.205019
4451.281942
4447.692199
4443.589635
4438.46143
4432.820404
4430.769122
4427.179379
4421.025533
4415.384507
4407.6922
4401.538354
4401.025533
4400.512713
4402.051174
4404.615277
4408.717841
4417.435789
4426.153738
4416.922969
4403.589636
4408.20502
4423.076815
4428.71784
4421.025533
4412.307584
4406.666559
4405.128097
4412.820405
4421.538353
4418.46143
4408.20502
4401.538354
4402.051174
4404.615277
4406.153738
4404.102456
4409.230661
4429.230661
4446.153737
4448.205019
4448.71784
4458.97425
4464.102455
4464.102455
4467.692198
4469.23066
4467.179378
4466.666557
4461.538352
4455.897327
4456.410147
4457.948609
4458.97425
4464.615275
4465.640916
4466.666557
4473.846044
4470.769121
4457.435788
4452.307583
4456.410147
4453.846045
4446.666558
4441.025532
4442.051173
4445.128096
4443.589635
4437.948609
4431.794763
4428.71784
4427.179379
4428.71784
4435.384507
4440.512712
4433.333225
4429.743481
4433.846045
4433.333225
4428.71784
4430.256302
4427.692199
4419.999892
4417.435789
4420.512712
4421.025533
4426.153738
4436.410148
4448.205019
4460.512711
4468.717839
4470.769121
4471.794762
4472.307583
4472.820403
4476.922967
4475.384506
4464.102455
4446.666558
4437.435789
4446.666558
4459.48707
4455.384506
4449.743481
4453.333224
4453.333224
4451.281942
4457.948609
4460.512711
4450.769122
4441.025532
4436.410148
4437.435789
4443.076814
4447.179378
4439.999891
4432.820404
4436.410148
4441.025532
4435.897327
4432.307584
4433.333225
4427.692199
4424.615276
4425.128097
4426.153738
4434.358866
4440.512712
4438.46143
4444.615276
4453.846045
4446.153737
4431.794763
4432.820404
4444.615276
4455.384506
4459.48707
4457.948609
4453.333224
4447.692199
4450.256301
4456.922968
4461.538352
4469.23066
4477.948608
4472.307583
4460.512711
4460.512711
4465.128096
4461.538352
4458.97425
4460.512711
4457.948609
4449.23066
4441.538353
4442.051173
4446.153737
4448.205019
4443.076814
4433.846045
4427.179379
4424.615276
4420.512712
4418.46143
4417.435789
4411.794764
4407.179379
4411.281943
4417.435789
4416.922969
4415.897328
4423.076815
4430.256302
4429.230661
4428.20502
4431.281943
4432.307584
4433.846045
4439.999891
4445.128096
4447.692199
4437.435789
4417.435789
4409.743482
4424.615276
4438.46143
4448.71784
4469.74348
4482.563993
4480.512711
4479.99989
4482.051172
4472.307583
4462.563993
4458.97425
4458.461429
4457.435788
4452.307583
4446.666558
4443.589635
4441.025532
4439.487071
4437.948609
4436.410148
4440.512712
4445.640917
4443.589635
4441.538353
4439.999891
4429.743481
4423.076815
4422.563994
4419.487071
4417.94861
4419.999892
4418.46143
4420.512712
4428.20502
4430.769122
4426.153738
4419.999892
4414.871687
4413.333225
4412.307584
4412.820405
4413.333225
4411.281943
4414.358866
4417.435789
4416.410148
4415.384507
4414.871687
4411.281943
4413.333225
4425.640917
4441.538353
4455.897327
4466.666557
4475.384506
4477.948608
4477.948608
4479.48707
4477.435788
4465.128096
4454.871686
4455.384506
4456.922968
4450.769122
4447.179378
4456.410147
4460.512711
4448.205019
4441.538353
4444.102455
4434.871686
4422.563994
4418.974251
4411.281943
4397.43579
4395.384508
4395.897328
4393.333226
4393.846046
4397.43579
4397.43579
4396.922969
4395.384508
4390.769123
4390.769123
4402.563995
4424.102456
4433.846045
4427.179379
4429.743481
4443.076814
4441.538353
4426.153738
4410.769123
4397.94861
4390.769123
4395.897328
4408.717841
4424.615276
4439.999891
4452.820404
4460.512711
4459.48707
4453.846045
4450.769122
4451.281942
4452.307583
4455.897327
4452.820404
4444.102455
4448.71784
4462.563993
4462.563993
4454.871686
4454.358865
4457.435788
4455.384506
4449.23066
4444.102455
4437.435789
4430.769122
4426.666558
4427.179379
4424.615276
4422.563994
4432.820404
4445.640917
4439.999891
4427.179379
4430.256302
4435.384507
4436.922968
4444.615276
4446.666558
4446.666558
4456.922968
4459.48707
4459.999891
4471.281942
4481.538352
4478.461429
4475.897326
4468.205019
4448.71784
4429.230661
4416.410148
4408.20502
4410.769123
4421.538353
4435.384507
4450.256301
4456.410147
4449.743481
4444.102455
4449.743481
4454.871686
4453.333224
4446.666558
4444.615276
4449.743481
4456.410147
4459.48707
4459.999891
4461.538352
4466.666557
4470.256301
4465.640916
4459.48707
4459.48707
4459.999891
4452.820404
4450.769122
4449.23066
4442.563994
4438.46143
4441.025532
4444.102455
4446.666558
4444.615276
4431.794763
4424.102456
4427.692199
4428.20502
4425.640917
4439.487071
4448.205019
4433.846045
4427.692199
4450.769122
4468.205019
4468.205019
4472.307583
4474.871685
4461.025532
4446.666558
4438.46143
4429.743481
4424.615276
4428.20502
4433.333225
4431.794763
4433.846045
4440.512712
4444.615276
4448.205019
4453.333224
4448.205019
4439.999891
4439.999891
4437.948609
4429.743481
4426.666558
4430.256302
4430.769122
4432.307584
4432.820404
4430.769122
4431.794763
4431.794763
4425.640917
4423.076815
4423.076815
4419.999892
4421.538353
4424.615276
4417.94861
4416.410148
4424.102456
4434.358866
4449.23066
4457.948609
4451.281942
4436.922968
4418.46143
4403.076815
4400.512713
4398.974251
4396.922969
4401.025533
4412.820405
4427.692199
4439.999891
4435.384507
4421.025533
4418.46143
4427.179379
4435.384507
4432.820404
4432.820404
4437.435789
4437.948609
4436.922968
4435.384507
4430.256302
4427.179379
4421.538353
4416.410148
4420.512712
4425.128097
4416.922969
4409.743482
4416.922969
4425.640917
4427.179379
4431.281943
4444.102455
4452.307583
4450.769122
4443.076814
4431.281943
4423.589635
4424.615276
4422.563994
4421.538353
4423.076815
4421.538353
4416.922969
4414.871687
4414.871687
4411.794764
4411.794764
4424.615276
4435.384507
4419.487071
4395.384508
4392.820405
4403.076815
4405.640918
4402.563995
4402.563995
4409.743482
4414.358866
4413.333225
4411.281943
4415.384507
4427.692199
4426.666558
4412.307584
4411.794764
4426.666558
4432.820404
4429.230661
4428.71784
4436.410148
4442.563994
4437.948609
4431.281943
4429.743481
4421.025533
4411.281943
4414.871687
4422.051174
4422.051174
4421.538353
4428.71784
4430.256302
4427.692199
4431.794763
4439.487071
4441.538353
4445.128096
4447.692199
4441.538353
4437.948609
4445.128096
4452.307583
4455.897327
4457.435788
4445.128096
4427.692199
4427.179379
4430.256302
4417.94861
4403.076815
4393.333226
4391.794764
4405.128097
4414.358866
4409.230661
4402.563995
4402.563995
4406.153738
4415.384507
4426.666558
4438.46143
4437.948609
4420.512712
4399.999892
4393.846046
4393.846046
4394.358867
4400.512713
4410.256302
4412.307584
4411.794764
4421.538353
4431.794763
4424.102456
4409.230661
4404.102456
4401.025533
4398.974251
4402.051174
4404.102456
4406.153738
4416.922969
4430.256302
4441.025532
4447.692199
4447.692199
4436.410148
4426.153738
4429.743481
4439.999891
4449.743481
4451.794763
4446.666558
4437.948609
4432.820404
4425.640917
4412.820405
4399.487072
4395.384508
4397.94861
4401.025533
4402.563995
4406.666559
4409.743482
4409.743482
4411.794764
4411.281943
4404.102456
4404.102456
4410.769123
4404.615277
4395.897328
4399.487072
4406.153738
4409.230661
4412.820405
4418.46143
4430.256302
4433.333225
4427.692199
4426.666558
4419.999892
4404.102456
4392.820405
4379.999893
4358.974252
4353.333227
4361.025534
4362.563996
4369.230662
4388.205021
4405.128097
4420.512712
4443.589635
4462.051173
4464.615275
4463.589634
4467.179378
4464.102455
4447.692199
4427.692199
4414.358866
4408.717841
4403.076815
4393.333226
4391.794764
4404.615277
4418.46143
4425.640917
4435.384507
4439.487071
4438.97425
4434.871686
4426.153738
4416.922969
4406.153738
4397.94861
4391.794764
4385.128098
4376.92297
4373.333226
4369.743483
4366.153739
4371.281944
4385.128098
4394.358867
4395.384508
4394.358867
4394.358867
4387.17938
4375.897329
4373.846047
4377.948611
4382.563995
4386.153739
4393.333226
4406.666559
4417.435789
4414.358866
4412.820405
4420.512712
4430.769122
4437.948609
4444.102455
4446.666558
4447.692199
4448.205019
4448.205019
4445.128096
4442.563994
4441.538353
4433.846045
4424.615276
4418.46143
4414.358866
4410.769123
4408.717841
4407.179379
4414.358866
4424.102456
4429.230661
4438.46143
4443.076814
4431.794763
4416.922969
4411.794764
4409.743482
4411.794764
4415.384507
4415.897328
4411.281943
4408.20502
4409.743482
4415.897328
4424.615276
4430.769122
4426.666558
4413.333225
4401.538354
4397.43579
4399.999892
4404.102456
4399.487072
4388.717841
4387.6922
4395.897328
4406.153738
4422.051174
4436.922968
4435.384507
4426.666558
4420.512712
4409.743482
4389.743482
4371.794765
4368.205021
4372.820406
4376.410149
4377.43579
4379.487072
4379.999893
4383.076816
4387.17938
4398.974251
4420.512712
4434.871686
4436.410148
4443.589635
4451.281942
4451.281942
4449.743481
4442.051173
4429.230661
4426.153738
4433.333225
4436.922968
4431.794763
4430.769122
4443.076814
4448.205019
4438.46143
4431.794763
4434.358866
4435.384507
4434.358866
4433.846045
4435.384507
4434.871686
4423.589635
4414.358866
4414.358866
4414.871687
4409.743482
4401.538354
4399.999892
4408.717841
4416.410148
4415.384507
4403.076815
4389.230662
4381.538354
4384.615277
4390.769123
4397.94861
4409.743482
4418.974251
4424.102456
4429.230661
4438.46143
4449.743481
4459.48707
4460.512711
4456.410147
4454.871686
4458.97425
4464.102455
4463.076814
4454.871686
4448.71784
4446.666558
4437.948609
4429.230661
4430.256302
4430.256302
4421.025533
4417.94861
4419.999892
4413.333225
4409.230661
4417.435789
4421.538353
4423.076815
4426.153738
4422.051174
4412.307584
4406.153738
4403.076815
4405.640918
4414.358866
4421.025533
4426.153738
4430.769122
4431.281943
4420.512712
4402.563995
4392.820405
4401.538354
4411.794764
4412.820405
4409.230661
4408.717841
4414.358866
4427.692199
4443.076814
4452.820404
4458.97425
4459.999891
4454.358865
4446.153737
4446.666558
4447.692199
4443.589635
4436.922968
4433.846045
4435.384507
4441.538353
4446.666558
4442.563994
4438.97425
4442.051173
4443.076814
4435.384507
4427.692199
4426.666558
4430.256302
4436.410148
4434.871686
4423.589635
4421.025533
4427.692199
4428.20502
4416.410148
4409.230661
4410.256302
4412.820405
4423.589635
4446.153737
4453.333224
4430.256302
4409.743482
4405.128097
4404.102456
4404.102456
4402.051174
4394.871687
4396.410149
4408.20502
4421.538353
4436.410148
4451.281942
4457.435788
4459.48707
4462.563993
4461.025532
4454.871686
4448.71784
4446.153737
4441.538353
4437.435789
4437.435789
4437.948609
4432.307584
4427.179379
4428.71784
4429.230661
4427.692199
4427.692199
4429.743481
4430.769122
4433.333225
4430.769122
4424.102456
4424.615276
4428.20502
4427.692199
4425.640917
4422.563994
4415.384507
4410.256302
4411.281943
4416.410148
4426.666558
4434.358866
4437.948609
4440.512712
4437.435789
4429.230661
4417.94861
4406.153738
4394.871687
4384.615277
4375.384508
4371.794765
4370.256303
4371.794765
4382.051175
4394.871687
4405.640918
4413.333225
4410.256302
4401.538354
4406.666559
4414.358866
4414.358866
4416.922969
4414.871687
4404.615277
4407.6922
4415.384507
4410.256302
4404.615277
4409.743482
4416.922969
4418.974251
4413.846046
4411.281943
4413.846046
4413.333225
4410.256302
4407.6922
4415.897328
4435.384507
4444.102455
4430.769122
4420.512712
4427.692199
4436.410148
4441.025532
4448.71784
4452.307583
4447.179378
4442.563994
4431.794763
4413.333225
4406.666559
4408.717841
4402.563995
4400.512713
4409.743482
4422.051174
4428.20502
4428.20502
4427.179379
4431.281943
4432.307584
4429.230661
4430.769122
4433.846045
4430.256302
4421.025533
4414.358866
4410.769123
4409.743482
4408.20502
4406.153738
4404.615277
4405.640918
4408.717841
4409.743482
4406.666559
4405.128097
4403.589636
4396.922969
4396.410149
4399.487072
4397.43579
4394.871687
4392.307585
4378.974252
4362.563996
4351.281945
4347.692201
4361.025534
4391.281944
4422.051174
4441.538353
4447.692199
4449.23066
4452.307583
4456.922968
4459.999891
4459.48707
4458.461429
4453.846045
4446.666558
4445.128096
4454.358865
4461.025532
4459.999891
4460.512711
4468.717839
4469.74348
4462.051173
4458.461429
4461.025532
4458.97425
4457.435788
4457.948609
4450.769122
4443.589635
4450.256301
4460.512711
4455.384506
4447.179378
4444.102455
4434.871686
4423.076815
4421.025533
4423.076815
4423.589635
4426.666558
4431.794763
4438.97425
4447.692199
4448.71784
4439.487071
4431.794763
4425.640917
4413.846046
4398.974251
4391.794764
4392.307585
4392.307585
4388.717841
4393.333226
4407.6922
4412.820405
4410.769123
4420.512712
4432.307584
4435.897327
4438.97425
4441.025532
4444.615276
4447.179378
4441.538353
4434.871686
4449.743481
4469.74348
4468.205019
4456.922968
4457.948609
4466.153737
4463.076814
4449.743481
4436.410148
4428.71784
4429.743481
4438.97425
4445.640917
4447.692199
4449.743481
4449.743481
4446.153737
4444.615276
4440.512712
4433.846045
4428.71784
4422.563994
4419.487071
4425.128097
4430.256302
4423.589635
4414.358866
4413.846046
4417.435789
4419.487071
4422.563994
4425.640917
4431.794763
4439.487071
4441.538353
4448.71784
4459.48707
4454.871686
4448.205019
4455.384506
4458.461429
4451.794763
4448.71784
4446.666558
4441.538353
4436.922968
4429.743481
4423.589635
4422.051174
4425.640917
4429.743481
4430.256302
4429.230661
4430.256302
4433.333225
4429.230661
4417.94861
4412.820405
4417.435789
4418.974251
4409.743482
4400.512713
4396.922969
4395.384508
4398.461431
4401.025533
4399.487072
4405.128097
4423.076815
4437.435789
4445.128096
4445.640917
4437.435789
4430.256302
4425.640917
4418.974251
4416.410148
4421.538353
4425.128097
4432.307584
4441.538353
4444.102455
4442.051173
4444.102455
4450.769122
4455.384506
4452.307583
4444.615276
4439.999891
4440.512712
4441.025532
4437.948609
4437.948609
4436.922968
4428.20502
4419.999892
4419.999892
4414.871687
4409.230661
4411.281943
4411.794764
4407.179379
4407.6922
4413.333225
4413.846046
4412.307584
4410.256302
4412.307584
4419.487071
4425.640917
4430.769122
4442.563994
4449.23066
4441.025532
4429.743481
4423.076815
4418.46143
4419.999892
4425.128097
4428.20502
4433.333225
4442.051173
4446.666558
4445.128096
4447.179378
4450.769122
4454.871686
4458.461429
4455.897327
4445.128096
4437.948609
4437.948609
4432.820404
4422.563994
4421.025533
4424.102456
4422.051174
4422.563994
4428.71784
4428.71784
4422.051174
4421.025533
4419.999892
4414.871687
4409.230661
4401.538354
4401.025533
4419.999892
4431.794763
4427.179379
4428.20502
4433.333225
4428.71784
4424.615276
4429.230661
4433.846045
4432.307584
4429.743481
4439.999891
4452.307583
4454.871686
4454.358865
4455.897327
4455.897327
4456.922968
4456.922968
4451.281942
4443.076814
4438.46143
4439.487071
4446.666558
4450.769122
4444.615276
4441.025532
4440.512712
4437.948609
4437.435789
4441.025532
4440.512712
4437.948609
4433.846045
4428.71784
4426.153738
4423.076815
4421.025533
4429.230661
4442.563994
4450.769122
4461.538352
4469.23066
4465.128096
4455.897327
4449.23066
4435.897327
4419.999892
4408.20502
4403.589636
4405.128097
4410.256302
4412.307584
4417.94861
4428.71784
4435.897327
4443.076814
4447.179378
4445.640917
4443.589635
4443.589635
4435.897327
4426.666558
4425.640917
4421.025533
4411.794764
4410.769123
4414.871687
4412.820405
4409.743482
4415.897328
4424.615276
4427.692199
4424.615276
4424.102456
4425.128097
4416.922969
4410.256302
4410.769123
4403.589636
4396.922969
4414.871687
4447.179378
4473.333224
4486.153736
4479.99989
4464.102455
4453.333224
4444.615276
4434.358866
4430.256302
4432.820404
4439.487071
4448.71784
4450.769122
4446.666558
4448.205019
4451.281942
4453.333224
4454.871686
4453.846045
4449.23066
4449.23066
4450.256301
4443.076814
4434.871686
4431.281943
4430.256302
4426.153738
4416.922969
4407.179379
4402.563995
4399.999892
4396.410149
4394.871687
4403.076815
4419.487071
4436.410148
4449.23066
4455.384506
4450.256301
4437.948609
4429.743481
4422.051174
4412.820405
4408.717841
4416.410148
4425.128097
4429.743481
4432.307584
4435.384507
4438.46143
4447.179378
4454.871686
4451.281942
4444.615276
4443.589635
4443.076814
4436.922968
4429.743481
4424.102456
4422.563994
4423.589635
4425.640917
4422.051174
4411.281943
4403.589636
4400.512713
4389.230662
4386.153739
4408.717841
4433.846045
4447.692199
4456.410147
4452.820404
4438.97425
4427.692199
4413.333225
4400.512713
4396.410149
4395.897328
4397.94861
4408.717841
4418.46143
4422.563994
4425.128097
4426.666558
4429.743481
4436.922968
4445.640917
4445.640917
4444.102455
4443.589635
4434.871686
4418.46143
4410.256302
4409.230661
4409.743482
4412.820405
4413.333225
4410.256302
4411.281943
4414.871687
4413.846046
4411.794764
4412.307584
4418.974251
4429.230661
4436.922968
4439.999891
4441.538353
4431.794763
4419.487071
4421.025533
4423.076815
4411.794764
4404.615277
4407.6922
4415.384507
4425.128097
4431.794763
4430.256302
4427.692199
4434.358866
4444.102455
4450.769122
4446.666558
4438.46143
4434.358866
4433.333225
4431.281943
4430.256302
4429.230661
4423.076815
4421.025533
4423.589635
4419.487071
4412.307584
4414.871687
4419.999892
4419.487071
4412.820405
4403.076815
4395.897328
4397.94861
4398.461431
4391.281944
4385.640918
4388.717841
4398.974251
4415.384507
4430.256302
4433.333225
4431.281943
4425.640917
4416.922969
4408.717841
4408.20502
4409.743482
4411.794764
4418.974251
4433.846045
4441.538353
4434.871686
4429.230661
4432.307584
4431.794763
4431.281943
4436.410148
4434.871686
4428.71784
4428.71784
4427.692199
4421.538353
4422.051174
4421.538353
4411.794764
4403.589636
4404.102456
4400.512713
4386.153739
4371.281944
4365.640919
4369.230662
4368.717842
4361.025534
4353.333227
4357.435791
4374.871688
4391.794764
4394.358867
4397.94861
4405.128097
4404.615277
4402.051174
4405.640918
4405.640918
4408.20502
4423.076815
4430.769122
4426.153738
4427.179379
4430.256302
4431.281943
4441.025532
4446.666558
4438.46143
4427.179379
4425.128097
4425.640917
4422.051174
4416.410148
4413.333225
4407.6922
4396.922969
4396.922969
4405.128097
4403.589636
4396.410149
4395.384508
4389.743482
4382.051175
4389.743482
4404.615277
4407.6922
4411.794764
4421.025533
4415.897328
4411.794764
4423.076815
4432.307584
4434.871686
4438.97425
4444.102455
4447.179378
4447.692199
4444.615276
4438.46143
4437.435789
4441.025532
4444.615276
4442.051173
