
4653.84604
4653.33322
4659.999886
4661.025527
4656.410143
4658.461425
4662.563989
4662.051168
4659.487066
4666.153732
4670.769117
4664.615271
4661.538348
4665.128091
4665.640912
4661.025527
4661.025527
4665.640912
4664.615271
4655.384502
4653.84604
4662.563989
4665.128091
4659.999886
4658.974245
4658.974245
4656.922963
4656.410143
4656.410143
4654.358861
4652.820399
4651.281938
4649.743476
4649.230656
4649.743476
4652.820399
4653.33322
4652.820399
4655.384502
4657.948604
4654.358861
4652.307579
4656.410143
4659.487066
4657.948604
4654.871681
4656.922963
4657.435784
4656.410143
4657.435784
4655.384502
4652.820399
4657.948604
4656.922963
4652.307579
4656.922963
4661.025527
4657.435784
4656.410143
4655.897322
4650.769117
4649.230656
4652.307579
4651.794758
4647.179374
4648.205015
4653.84604
4657.435784
4656.922963
4657.435784
4655.384502
4653.84604
4653.33322
4652.820399
4655.897322
4660.512707
4656.922963
4651.281938
4652.820399
4653.84604
4652.820399
4655.897322
4659.487066
4658.461425
4653.84604
4652.820399
4657.948604
4655.897322
4646.153733
4646.153733
4656.410143
4659.999886
4654.358861
4652.820399
4656.922963
4657.948604
4653.33322
4652.307579
4652.820399
4651.281938
4649.743476
4645.640912
4641.538348
4650.769117
4661.025527
4654.871681
4650.769117
4659.999886
4658.461425
4648.205015
4654.871681
4664.10245
4654.871681
4645.128092
4648.717835
4652.820399
4653.33322
4652.307579
4652.307579
4657.435784
4658.974245
4652.820399
4652.820399
4656.410143
4655.897322
4654.358861
4655.897322
4659.999886
4658.974245
4654.871681
4658.974245
4664.615271
4655.897322
4648.205015
4655.897322
4662.051168
4658.461425
4655.897322
4657.948604
4659.999886
4658.974245
4657.435784
4660.512707
4661.538348
4657.435784
4655.897322
4659.999886
4661.025527
4657.948604
4656.410143
4658.461425
4658.974245
4658.974245
4661.538348
4660.512707
4656.922963
4660.512707
4662.051168
4654.358861
4654.358861
4664.10245
4665.640912
4660.512707
4664.615271
4668.717835
4664.615271
4661.538348
4667.179373
4670.256296
4665.640912
4662.051168
4662.563989
4663.076809
4662.051168
4665.128091
4665.640912
4664.10245
4667.179373
4666.666553
4660.512707
4662.563989
4666.153732
4658.461425
4654.358861
4664.10245
4667.179373
4664.615271
4662.051168
4658.974245
4659.487066
4664.10245
4666.666553
4665.128091
4666.666553
4662.563989
4658.974245
4662.563989
4665.640912
4666.153732
4667.692194
4667.692194
4663.076809
4658.461425
4659.487066
4663.076809
4663.58963
4662.051168
4664.10245
4666.153732
4666.153732
4667.692194
4672.820399
4676.410142
4670.769117
4661.025527
4657.948604
4665.128091
4667.692194
4662.563989
4660.512707
4664.615271
4666.666553
4662.563989
4659.999886
4662.563989
4662.051168
4658.974245
4665.640912
4670.769117
4667.179373
4664.10245
4668.717835
4670.769117
4667.179373
4664.615271
4665.640912
4665.128091
4662.051168
4664.10245
4665.128091
4662.563989
4664.615271
4666.153732
4663.58963
4667.179373
4668.717835
4663.58963
4661.538348
4664.615271
4665.640912
4664.615271
4663.58963
4660.512707
4656.922963
4653.84604
4654.871681
4658.461425
4659.487066
4658.461425
4657.948604
4653.33322
4652.307579
4657.435784
4661.538348
4659.999886
4654.358861
4648.717835
4651.281938
4654.871681
4653.33322
4655.897322
4658.974245
4655.897322
4658.461425
4670.769117
4675.897322
4672.307578
4671.794758
4679.487065
4677.435783
4668.205014
4672.307578
4685.128091
4688.717834
4689.743475
4698.974244
4705.640911
4706.666552
4706.153731
4702.051167
4695.384501
4693.333219
4693.333219
4689.230655
4683.076809
4679.999886
4682.563988
4688.717834
4690.256296
4692.307578
4698.461424
4701.025526
4693.333219
4679.999886
4677.948604
4691.281937
4706.666552
4702.563988
4683.076809
4669.230655
4666.153732
4670.256296
4683.589629
4698.974244
4709.743475
4725.12809
4743.076807
4749.230653
4749.230653
4748.717833
4732.307577
4707.179372
4689.743475
4681.538347
4679.487065
4686.153732
4687.692193
4678.974245
4670.769117
4668.205014
4663.58963
4657.948604
4655.897322
4649.230656
4630.769118
4608.205016
4589.743478
4573.333222
4564.102452
4558.461427
4553.846042
4556.922965
4568.205016
4577.948606
4586.666555
4599.999888
4617.435785
4627.692195
4629.743477
4627.179374
4618.461426
4606.153734
4600.512708
4599.487067
4598.974247
4607.179375
4621.538349
4633.846041
4644.102451
4654.358861
4655.384502
4650.769117
4652.307579
4656.922963
4658.461425
4659.487066
4655.897322
4648.205015
4654.358861
4659.487066
4652.820399
4653.33322
4665.128091
4669.230655
4672.307578
4672.820399
4670.769117
4679.487065
4688.717834
4686.666552
4686.153732
4685.128091
4680.512706
4677.948604
4678.461424
4681.025527
4684.10245
4679.999886
4674.35886
4669.743476
4655.897322
4645.128092
4642.563989
4635.897323
4626.153733
4623.589631
4624.615272
4626.153733
4626.153733
4625.640913
4637.435784
4650.256297
4654.871681
4657.948604
4663.58963
4668.717835
4676.922963
4678.461424
4674.35886
4674.871681
4674.35886
4669.230655
4664.10245
4654.358861
4646.666553
4648.205015
4647.179374
4642.051169
4641.538348
4642.563989
4641.538348
4644.102451
4646.666553
4644.102451
4643.07681
4650.769117
4654.358861
4646.153733
4639.999887
4642.051169
4639.999887
4626.153733
4614.871682
4615.384503
4619.487067
4613.846041
4605.640913
4610.256298
4621.538349
4629.743477
4637.435784
4638.461425
4636.922964
4641.025528
4647.692194
4650.769117
4654.358861
4659.999886
4663.58963
4664.615271
4661.025527
4661.025527
4667.179373
4669.743476
4660.512707
4653.84604
4656.922963
4656.410143
4645.640912
4642.051169
4649.230656
4651.281938
4646.666553
4648.717835
4655.897322
4655.384502
4653.33322
4656.922963
4661.025527
4662.563989
4664.10245
4667.692194
4675.384501
4681.025527
4680.512706
4679.999886
4680.512706
4679.487065
4678.461424
4678.974245
4681.538347
4684.10245
4683.076809
4681.538347
4683.589629
4687.692193
4684.61527
4676.410142
4679.999886
4687.692193
4682.051168
4679.999886
4686.666552
4679.999886
4671.794758
4674.871681
4669.743476
4657.435784
4654.358861
4647.179374
4642.563989
4648.717835
4649.230656
4642.051169
4641.538348
4640.512707
4635.897323
4640.512707
4646.153733
4639.999887
4636.922964
4638.974246
4630.769118
4627.179374
4638.461425
4638.461425
4623.589631
4619.487067
4620.512708
4616.410144
4616.410144
4618.461426
4612.8204
4606.666554
4608.205016
4613.333221
4612.30758
4607.179375
4609.230657
4616.922964
4617.435785
4612.30758
4619.487067
4626.153733
4620.512708
4617.948605
4623.589631
4621.538349
4617.435785
4623.589631
4628.205015
4627.692195
4633.846041
4646.153733
4651.794758
4651.281938
4650.769117
4650.769117
4648.717835
4649.230656
4655.384502
4664.615271
4669.230655
4672.820399
4672.307578
4667.179373
4666.666553
4667.179373
4653.33322
4641.025528
4638.974246
4633.846041
4628.205015
4627.179374
4626.153733
4623.07681
4622.56399
4622.56399
4622.56399
4622.051169
4616.922964
4612.8204
4618.461426
4623.589631
4621.025528
4619.999887
4630.256297
4632.8204
4622.051169
4621.538349
4621.025528
4612.30758
4613.333221
4623.589631
4624.102451
4624.102451
4632.8204
4636.922964
4633.846041
4630.256297
4627.179374
4628.205015
4629.230656
4621.538349
4613.846041
4623.07681
4633.33322
4625.128092
4623.589631
4637.435784
4639.999887
4632.307579
4636.922964
4647.179374
4641.538348
4631.794759
4634.871682
4643.07681
4646.666553
4647.179374
4647.692194
4648.205015
4647.692194
4648.205015
4653.84604
4664.615271
4667.692194
4665.128091
4669.743476
4673.333219
4668.717835
4667.692194
4668.717835
4663.076809
4660.512707
4661.538348
4658.974245
4655.384502
4655.897322
4657.435784
4658.461425
4654.871681
4650.256297
4649.743476
4651.794758
4649.743476
4648.205015
4646.666553
4642.051169
4640.512707
4639.487066
4636.922964
4638.461425
4643.58963
4639.999887
4638.974246
4645.640912
4648.205015
4647.692194
4644.615271
4640.512707
4643.58963
4646.153733
4640.512707
4636.410143
4636.410143
4631.794759
4629.230656
4636.410143
4642.563989
4642.563989
4641.538348
4645.128092
4646.153733
4645.640912
4642.563989
4643.58963
4648.717835
4645.640912
4637.435784
4636.410143
4638.974246
4642.563989
4646.666553
4648.205015
4653.84604
4665.640912
4672.307578
4670.769117
4665.640912
4662.051168
4667.692194
4671.794758
4670.256296
4673.333219
4677.948604
4675.384501
4669.230655
4664.615271
4663.076809
4666.153732
4663.58963
4652.820399
4644.615271
4647.179374
4651.281938
4651.794758
4649.230656
4647.692194
4645.640912
4643.58963
4644.615271
4645.640912
4643.58963
4640.512707
4637.435784
4638.974246
4644.615271
4645.128092
4641.538348
4636.410143
4629.743477
4627.692195
4634.871682
4636.922964
4630.256297
4625.128092
4627.179374
4629.230656
4634.358861
4639.487066
4636.922964
4633.846041
4637.948605
4645.128092
4644.102451
4638.974246
4637.435784
4643.07681
4639.999887
4634.358861
4640.512707
4645.640912
4639.999887
4639.999887
4642.563989
4634.871682
4630.769118
4634.871682
4638.974246
4641.025528
4642.051169
4644.615271
4648.717835
4646.153733
4639.487066
4636.922964
4638.461425
4637.435784
4637.435784
4637.948605
4635.897323
4632.307579
4628.205015
4629.230656
4632.8204
4634.358861
4636.922964
4644.102451
4645.128092
4642.563989
4645.128092
4647.179374
4644.615271
4650.256297
4655.384502
4650.769117
4649.743476
4659.999886
4664.10245
4666.666553
4682.051168
4689.743475
4672.307578
4653.33322
4650.256297
4640.512707
4621.025528
4600.512708
4578.461427
4558.974247
4547.179376
4532.820402
4513.333223
4506.153736
4511.281941
4519.487069
4537.435786
4562.05117
4583.076811
4609.230657
4637.948605
4655.897322
4670.769117
4697.435783
4719.487064
4724.615269
4723.076808
4724.102449
4726.666551
4722.563987
4716.922962
4714.358859
4703.589629
4689.743475
4685.128091
4683.076809
4683.076809
4687.692193
4687.179373
4683.076809
4680.512706
4670.769117
4664.10245
4669.743476
4670.256296
4661.025527
4661.538348
4667.692194
4665.128091
4663.076809
4661.025527
4657.948604
4660.512707
4666.153732
4663.58963
4659.487066
4656.410143
4650.769117
4647.692194
4647.179374
4639.999887
4629.230656
4624.615272
4625.128092
4623.589631
4620.512708
4623.589631
4619.487067
4606.153734
4605.640913
4613.333221
4610.769118
4608.717836
4614.871682
4617.948605
4615.897323
4618.461426
4625.640913
4629.230656
4623.589631
4616.922964
4615.897323
4614.871682
4621.538349
4631.281938
4628.205015
4622.56399
4625.128092
4623.589631
4627.179374
4638.974246
4637.435784
4626.666554
4626.666554
4626.666554
4622.051169
4625.640913
4631.281938
4631.794759
4629.230656
4628.717836
4629.230656
4630.256297
4631.794759
4632.8204
4630.769118
4630.769118
4631.281938
4632.307579
4630.769118
4628.205015
4628.717836
4627.692195
4628.717836
4634.358861
4633.33322
4627.692195
4634.358861
4645.640912
4646.153733
4642.051169
4639.487066
4636.410143
4634.871682
4633.33322
4632.8204
4633.33322
4630.769118
4629.230656
4627.179374
4621.538349
4618.974246
4624.615272
4626.666554
4626.666554
4626.153733
4623.589631
4623.07681
4630.769118
4637.435784
4637.948605
4637.435784
4634.358861
4631.794759
4630.769118
4630.769118
4632.307579
4634.358861
4637.435784
4637.948605
4636.410143
4633.33322
4626.666554
4623.07681
4621.025528
4617.435785
4615.384503
4619.999887
4627.179374
4628.205015
4627.692195
4632.8204
4637.948605
4636.922964
4638.461425
4641.538348
4635.384502
4624.615272
4623.589631
4629.743477
4634.871682
4637.948605
4641.025528
4641.538348
4643.58963
4647.692194
4648.717835
4647.692194
4648.205015
4646.153733
4637.948605
4637.948605
4643.07681
4637.948605
4629.743477
4635.384502
4638.974246
4632.307579
4629.743477
4629.230656
4625.128092
4622.051169
4622.56399
4622.051169
4622.56399
4622.051169
4625.128092
4629.743477
4626.666554
4620.512708
4621.538349
4623.07681
4621.538349
4626.666554
4632.307579
4628.717836
4628.205015
4633.33322
4632.8204
4629.230656
4629.743477
4631.794759
4634.871682
4639.999887
4643.58963
4649.230656
4655.384502
4658.461425
4659.487066
4661.538348
4658.974245
4653.33322
4653.33322
4653.33322
4649.230656
4646.153733
4648.205015
4646.666553
4644.102451
4645.128092
4643.58963
4636.410143
4634.358861
4636.922964
4640.512707
4641.025528
4639.487066
4640.512707
4642.563989
4638.461425
4637.435784
4645.128092
4643.58963
4637.435784
4642.051169
4642.051169
4634.871682
4641.538348
4651.794758
4648.717835
4642.563989
4645.640912
4648.205015
4645.128092
4641.025528
4641.538348
4640.512707
4634.358861
4634.358861
4640.512707
4642.051169
4638.461425
4638.461425
4639.999887
4639.487066
4641.025528
4643.07681
4637.435784
4633.33322
4637.435784
4644.102451
4648.205015
4646.666553
4643.07681
4644.615271
4650.256297
4644.102451
4637.948605
4642.563989
4643.58963
4636.410143
4641.025528
4651.281938
4649.230656
4643.58963
4648.717835
4651.794758
4648.717835
4650.769117
4657.948604
4657.435784
4651.794758
4649.743476
4649.230656
4650.256297
4652.307579
4653.84604
4653.33322
4652.307579
4647.692194
4639.487066
4633.33322
4633.846041
4635.384502
4632.307579
4633.33322
4638.461425
4638.974246
4637.948605
4643.07681
4646.666553
4639.999887
4633.846041
4639.487066
4642.051169
4635.897323
4631.794759
4634.871682
4638.461425
4639.999887
4643.58963
4642.563989
4634.871682
4627.179374
4632.8204
4640.512707
4642.051169
4642.051169
4647.692194
4655.384502
4657.435784
4652.820399
4648.205015
4646.666553
4646.666553
4648.205015
4649.230656
4647.179374
4644.615271
4645.128092
4648.717835
4653.33322
4655.897322
4659.999886
4660.512707
4655.897322
4652.820399
4654.871681
4655.384502
4654.871681
4653.84604
4653.84604
4652.820399
4650.769117
4654.358861
4661.025527
4657.435784
4648.717835
4652.307579
4656.410143
4651.794758
4645.128092
4644.102451
4646.666553
4647.179374
4646.153733
4648.205015
4652.307579
4652.820399
4655.384502
4657.435784
4654.358861
4651.794758
4652.820399
4655.384502
4657.948604
4656.922963
4657.948604
4656.410143
4645.640912
4640.512707
4651.794758
4658.461425
4649.743476
4644.102451
4648.205015
4652.820399
4650.769117
4647.692194
4648.717835
4656.410143
4655.897322
4649.743476
4648.717835
4647.692194
4641.025528
4639.999887
4641.538348
4639.999887
4641.538348
4645.128092
4645.640912
4644.102451
4644.102451
4642.051169
4641.538348
4644.102451
4644.615271
4638.974246
4638.461425
4640.512707
4638.461425
4637.948605
4643.58963
4650.256297
4656.410143
4659.999886
4659.487066
4658.974245
4658.974245
4661.025527
4666.153732
4666.666553
4663.076809
4667.179373
4671.281937
4668.717835
4663.076809
4660.512707
4654.358861
4647.179374
4645.128092
4642.051169
4637.948605
4638.974246
4644.102451
4644.102451
4642.563989
4645.640912
4644.102451
4637.948605
4637.435784
4638.974246
4635.384502
4632.8204
4637.435784
4639.487066
4637.948605
4636.922964
4637.435784
4639.487066
4637.435784
4635.897323
4637.435784
4637.948605
4634.358861
4634.871682
4634.871682
4629.743477
4627.692195
4628.205015
4630.769118
4634.871682
4635.384502
4630.769118
4630.256297
4636.922964
4637.435784
4632.307579
4631.281938
4630.769118
4629.230656
4629.743477
4634.871682
4633.33322
4630.769118
4634.358861
4635.897323
4630.256297
4628.717836
4633.846041
4631.281938
4627.692195
4635.897323
4646.153733
4647.692194
4648.205015
4646.666553
4640.512707
4639.487066
4642.051169
4641.025528
4643.07681
4645.640912
4642.051169
4639.999887
4642.051169
4638.461425
4631.794759
4625.640913
4621.025528
4624.102451
4628.205015
4630.256297
4632.8204
4635.897323
4637.948605
4638.974246
4636.922964
4635.897323
4638.461425
4641.538348
4641.025528
4638.974246
4638.461425
4634.358861
4632.307579
4637.435784
4642.051169
4638.461425
4637.435784
4640.512707
4641.025528
4639.999887
4638.974246
4636.922964
4637.435784
4639.487066
4640.512707
4639.487066
4634.871682
4629.230656
4629.743477
4633.846041
4631.794759
4631.794759
4633.846041
4630.256297
4625.640913
4628.717836
4632.307579
4634.358861
4637.435784
4637.435784
4630.256297
4623.589631
4624.615272
4628.717836
4629.743477
4630.769118
4635.384502
4635.384502
4637.948605
4643.07681
4640.512707
4638.461425
4646.666553
4649.230656
4642.051169
4638.974246
4637.435784
4634.358861
4632.307579
4633.33322
4634.871682
4633.846041
4632.8204
4635.897323
4635.384502
4632.8204
4632.8204
4634.358861
4634.871682
4635.384502
4638.461425
4641.538348
4637.948605
4634.871682
4636.410143
4634.358861
4631.281938
4630.769118
4630.769118
4629.230656
4632.307579
4632.307579
4630.769118
4632.307579
4630.769118
4626.666554
4630.769118
4639.487066
4637.435784
4631.281938
4632.307579
4636.410143
4635.384502
4633.846041
4635.384502
4639.487066
4644.102451
4645.640912
4640.512707
4634.871682
4632.8204
4630.769118
4627.692195
4629.743477
4638.461425
4641.025528
4638.974246
4641.025528
4641.538348
4635.897323
4635.897323
4635.384502
4632.8204
4632.307579
4633.33322
4631.794759
4631.281938
4629.743477
4629.743477
4634.871682
4637.948605
4636.410143
4631.794759
4631.794759
4632.8204
4630.769118
4630.256297
4635.384502
4636.410143
4634.871682
4636.410143
4638.974246
4639.999887
4638.974246
4633.33322
4627.692195
4624.102451
4624.102451
4630.769118
4634.871682
4633.846041
4633.33322
4633.846041
4634.358861
4637.435784
4639.999887
4638.461425
4633.846041
4634.871682
4640.512707
4639.487066
4631.794759
4634.358861
4638.974246
4632.8204
4628.205015
4630.256297
4634.358861
4633.846041
4631.281938
4631.794759
4636.922964
4637.948605
4637.435784
4639.999887
4641.025528
4637.948605
4637.948605
4640.512707
4642.051169
4641.538348
4637.948605
4634.358861
4631.281938
4629.743477
4632.307579
4638.461425
4639.999887
4639.999887
4641.538348
4641.025528
4635.897323
4635.384502
4641.025528
4641.538348
4637.435784
4637.435784
4640.512707
4637.948605
4632.8204
4635.384502
4640.512707
4637.435784
4634.358861
4638.461425
4639.999887
4636.410143
4638.974246
4641.025528
4638.974246
4640.512707
4643.07681
4641.538348
4641.025528
4643.58963
4642.051169
4636.410143
4633.33322
4636.410143
4636.922964
4629.743477
4625.128092
4631.794759
4636.922964
4636.922964
4636.410143
4636.410143
4633.846041
4630.769118
4631.794759
4634.871682
4637.435784
4637.948605
4636.922964
4633.33322
4636.410143
4638.974246
4633.33322
4633.33322
4638.974246
4638.974246
4638.461425
4639.487066
4637.435784
4635.897323
4637.948605
4639.487066
4640.512707
4641.538348
4640.512707
4642.563989
4645.128092
4648.717835
4650.256297
4648.717835
4649.230656
4650.256297
4647.179374
4644.615271
4649.230656
4650.769117
4645.640912
4645.640912
4649.230656
4647.179374
4643.07681
4641.025528
4638.461425
4633.846041
4636.410143
4641.538348
4638.974246
4633.846041
4633.846041
4636.922964
4639.487066
4638.461425
4634.871682
4634.871682
4635.897323
4634.871682
4637.435784
4642.051169
4639.999887
4637.435784
4638.461425
4645.128092
4651.281938
4651.281938
4644.102451
4638.461425
4641.025528
4646.153733
4648.205015
4648.717835
4646.153733
4639.999887
4639.487066
4643.58963
4642.563989
4637.435784
4638.974246
4642.563989
4641.538348
4641.538348
4645.128092
4643.07681
4641.025528
4642.563989
4638.974246
4637.435784
4642.051169
4642.563989
4640.512707
4642.563989
4646.666553
4649.230656
4648.205015
4649.743476
4650.769117
4644.615271
4637.435784
4640.512707
4644.615271
4642.051169
4640.512707
4645.128092
4647.692194
4644.102451
4646.153733
4648.717835
4642.563989
4642.051169
4651.794758
4646.666553
4638.974246
4642.051169
4641.538348
4639.487066
4645.640912
4648.717835
4646.153733
4647.692194
4648.205015
4647.692194
4646.666553
4646.153733
4646.153733
4645.640912
4646.153733
4647.692194
4648.205015
4651.281938
4653.33322
4648.205015
4642.563989
4644.615271
4646.666553
4641.538348
4642.563989
4650.769117
4651.281938
4643.07681
4643.07681
4646.666553
4649.230656
4652.307579
4651.794758
4647.692194
4648.205015
4645.640912
4638.974246
4639.487066
4643.07681
4644.615271
4649.230656
4647.692194
4641.025528
4642.051169
4646.153733
4644.102451
4640.512707
4639.999887
4638.461425
4638.974246
4641.025528
4645.128092
4645.640912
4639.999887
4637.948605
4643.07681
4644.102451
4639.487066
4639.999887
4642.563989
4643.58963
4644.615271
4644.615271
4643.07681
4640.512707
4639.487066
4643.07681
4647.179374
4645.640912
4641.538348
4639.999887
4641.025528
4644.102451
4644.102451
4641.538348
4639.999887
4638.974246
4643.07681
4645.640912
4645.640912
4647.179374
4650.256297
4649.230656
4644.615271
4644.102451
4644.615271
4642.563989
4640.512707
4642.563989
4641.538348
4639.999887
4642.563989
4644.102451
4644.102451
4646.666553
4647.179374
4645.640912
4647.179374
4650.769117
4649.230656
4645.128092
4646.153733
4648.205015
4646.666553
4645.640912
4644.615271
4643.58963
4648.205015
4650.769117
4644.102451
4640.512707
4645.128092
4644.102451
4636.922964
4637.435784
4643.58963
4647.179374
4648.205015
4645.640912
4640.512707
4642.051169
4645.640912
4642.051169
4635.384502
4635.384502
4638.461425
4641.025528
4638.974246
4637.435784
4637.435784
4636.410143
4632.307579
4628.717836
4627.179374
4629.230656
4629.743477
4631.281938
4636.922964
4636.922964
4632.8204
4628.717836
4626.666554
4631.281938
4638.461425
4636.410143
4637.435784
4638.974246
4633.846041
4633.846041
4641.538348
4639.487066
4635.384502
4639.487066
4641.538348
4643.58963
4646.666553
4643.07681
4638.461425
4643.07681
4647.692194
4645.128092
4640.512707
4640.512707
4641.025528
4639.999887
4639.487066
4639.999887
4639.487066
4641.025528
4646.153733
4647.692194
4644.102451
4642.563989
4646.666553
4648.205015
4643.58963
4638.974246
4639.999887
4639.999887
4641.538348
4645.640912
4645.640912
4644.615271
4645.640912
4645.640912
4646.153733
4646.153733
4645.640912
4649.743476
4647.692194
4639.999887
4641.025528
4645.128092
4643.07681
4646.153733
4650.769117
4646.153733
4636.922964
4636.410143
4641.538348
4644.102451
4642.563989
4641.538348
4646.153733
4647.179374
4639.999887
4635.897323
4643.07681
4645.640912
4642.051169
4639.487066
4639.999887
4639.999887
4639.487066
4638.461425
4637.435784
4635.384502
4633.33322
4635.897323
4639.999887
4640.512707
4632.8204
4626.666554
4627.179374
4628.205015
4625.128092
4621.538349
4619.999887
4621.538349
4626.153733
4628.717836
4629.230656
4630.256297
4631.794759
4633.846041
4635.384502
4634.358861
4633.846041
4633.33322
4631.281938
4630.769118
4635.897323
4638.461425
4632.8204
4627.692195
4633.846041
4640.512707
4638.461425
4638.461425
4639.487066
4635.384502
4632.307579
4638.461425
4644.102451
4648.205015
4646.666553
4643.07681
4645.128092
4643.58963
4635.384502
4633.33322
4636.922964
4637.435784
4637.435784
4637.948605
4636.922964
4635.384502
4631.794759
4628.717836
4629.743477
4630.256297
4632.8204
4633.846041
4632.307579
4633.33322
4636.410143
4635.384502
4632.8204
4634.358861
4634.358861
4631.794759
4630.769118
4631.281938
4629.743477
4629.743477
4629.743477
4628.717836
4631.281938
4633.846041
4629.743477
4634.871682
4645.640912
4644.102451
4636.410143
4633.846041
4634.358861
4636.410143
4635.897323
4634.358861
4637.435784
4636.410143
4630.769118
4631.794759
4640.512707
4643.07681
4639.999887
4638.461425
4635.897323
4632.307579
4632.8204
4634.358861
4629.230656
4623.589631
4631.281938
4642.563989
4642.051169
4636.410143
4635.897323
4639.999887
4645.640912
4643.07681
4637.435784
4648.205015
4655.897322
4649.230656
4651.794758
4658.974245
4651.794758
4644.615271
4645.640912
4643.07681
4642.051169
4645.128092
4646.666553
4644.102451
4642.563989
4645.128092
4649.230656
4647.692194
4647.179374
4649.230656
4642.563989
4633.33322
4634.871682
4638.461425
4635.897323
4636.922964
4641.025528
4642.051169
4641.538348
4642.563989
4645.128092
4646.153733
4644.102451
4643.07681
4643.07681
4643.07681
4645.640912
4647.692194
4645.640912
4650.256297
4657.435784
4650.769117
4642.563989
4643.58963
4647.692194
4649.230656
4649.230656
4646.153733
4645.640912
4642.563989
4638.974246
4643.07681
4648.717835
4646.666553
4643.58963
4646.153733
4647.692194
4647.179374
4644.102451
4639.487066
4638.461425
4639.999887
4638.461425
4638.461425
4644.102451
4648.205015
4645.640912
4641.538348
4639.999887
4643.58963
4649.230656
4648.717835
4647.692194
4650.769117
4653.33322
4650.256297
4645.128092
4645.128092
4646.153733
4643.58963
4641.538348
4641.025528
4643.07681
4646.153733
4647.692194
4641.538348
4636.410143
4639.487066
4641.538348
4638.461425
4633.846041
4637.948605
4644.102451
4642.051169
4635.897323
4635.384502
4637.948605
4639.999887
4638.974246
4635.384502
4634.871682
4638.974246
4640.512707
4637.948605
4635.897323
4635.897323
4637.435784
4638.974246
4640.512707
4639.999887
4640.512707
4641.538348
4643.07681
4643.58963
4644.615271
4641.025528
4637.435784
4637.948605
4638.974246
4637.435784
4634.871682
4639.999887
4648.717835
4645.128092
4635.384502
4637.948605
4645.640912
4645.128092
4643.58963
4643.07681
4644.102451
4647.692194
4644.102451
4644.615271
4650.769117
4648.717835
4645.128092
4651.281938
4651.794758
4645.128092
4646.666553
4645.640912
4641.025528
4642.563989
4649.743476
4648.717835
4642.051169
4640.512707
4643.58963
4643.58963
4642.563989
4644.102451
4647.692194
4649.230656
4647.692194
4646.666553
4647.179374
4648.717835
4646.666553
4644.615271
4644.102451
4644.615271
4644.102451
4644.102451
4643.58963
4643.58963
4644.615271
4641.025528
4640.512707
4648.717835
4648.205015
4640.512707
4643.58963
4647.692194
4641.538348
4636.922964
4637.435784
4637.948605
4642.563989
4649.743476
4651.794758
4647.179374
4644.615271
4647.179374
4647.692194
4647.179374
4649.230656
4649.743476
4647.179374
4646.153733
4644.615271
4644.615271
4647.692194
4648.717835
4646.666553
4646.666553
4646.153733
4645.640912
4645.640912
4645.128092
4647.692194
4652.307579
4649.743476
4645.128092
4646.666553
4646.666553
4647.179374
4648.717835
4651.281938
4653.33322
4656.922963
4661.538348
4661.538348
4656.922963
4653.33322
4653.33322
4652.820399
4650.769117
4650.256297
4652.820399
4656.922963
4654.358861
4649.743476
4654.358861
4660.512707
4660.512707
4656.410143
4656.410143
4656.922963
4658.461425
4655.897322
4651.794758
4654.871681
4657.435784
4653.84604
4649.230656
4646.666553
4643.07681
4644.102451
4647.692194
4645.640912
4645.640912
4653.84604
4652.820399
4644.102451
4643.58963
4649.230656
4648.717835
4648.717835
4647.179374
4641.025528
4642.563989
4649.743476
4647.692194
4640.512707
4643.07681
4644.615271
4642.051169
4643.07681
4643.07681
4637.948605
4637.948605
4641.025528
4639.487066
4636.922964
4638.461425
4642.563989
4645.640912
4646.153733
4645.128092
4642.563989
4639.487066
4638.974246
4638.461425
4636.410143
4635.897323
4637.948605
4637.948605
4634.871682
4633.846041
4635.897323
4635.384502
4636.922964
4640.512707
4635.897323
4631.281938
4636.410143
4642.051169
4637.435784
4636.410143
4642.051169
4644.615271
4645.640912
4647.692194
4648.205015
4648.717835
4649.230656
4647.692194
4650.769117
4657.435784
4656.410143
4647.692194
4643.58963
4649.743476
4651.794758
4646.666553
4650.769117
4654.358861
4646.666553
4643.58963
4651.281938
4655.384502
4656.922963
4655.897322
4649.743476
4646.153733
4646.666553
4648.205015
4648.717835
4648.717835
4648.205015
4651.281938
4650.769117
4644.615271
4642.051169
4644.615271
4645.128092
4643.58963
4643.58963
4645.640912
4646.666553
4643.07681
4641.025528
4644.102451
4642.051169
4638.974246
4644.102451
4643.58963
4634.871682
4631.281938
4640.512707
4650.769117
4655.384502
4651.281938
4650.769117
4653.84604
4649.230656
4648.717835
4657.948604
4659.999886
4654.358861
4653.33322
4650.256297
4650.256297
4657.948604
4661.538348
4656.922963
4655.897322
4657.948604
4658.974245
4659.487066
4655.897322
4652.307579
4655.384502
4660.512707
4657.435784
4651.281938
4651.281938
4653.84604
4651.281938
4648.717835
4644.615271
4640.512707
4641.538348
4645.640912
4648.717835
4650.769117
4649.230656
4647.179374
4649.743476
4650.769117
4652.307579
4664.10245
4676.922963
4678.461424
4673.333219
4668.717835
4668.205014
4661.538348
4653.84604
4651.794758
4649.743476
4645.640912
4645.128092
4644.615271
4639.487066
4641.538348
4648.205015
4646.666553
4640.512707
4642.563989
4648.717835
4645.128092
4634.871682
4634.358861
4638.974246
4635.384502
4631.281938
4637.435784
4646.153733
4647.692194
4645.640912
4645.128092
4639.487066
4634.358861
4637.435784
4637.948605
4635.897323
4633.846041
4630.256297
4629.743477
4636.922964
4637.435784
4634.871682
4639.487066
4639.999887
4636.410143
4635.897323
4639.999887
4643.07681
4642.051169
4643.07681
4647.692194
4648.717835
4647.179374
4646.153733
4648.205015
4651.281938
4654.871681
4656.922963
4658.974245
4659.999886
4661.538348
4667.179373
4670.256296
4668.717835
4671.281937
4673.84604
4668.717835
4663.58963
4662.563989
4658.461425
4655.897322
4657.948604
4658.974245
4658.461425
4655.384502
4653.84604
4653.84604
4654.871681
4653.84604
4650.769117
4651.281938
4652.820399
4650.769117
4646.666553
4646.666553
4649.230656
4650.769117
4649.743476
4648.205015
4648.205015
4647.179374
4646.666553
4645.128092
4638.461425
4632.307579
4634.358861
4642.563989
4647.179374
4646.666553
4646.153733
4638.461425
4627.179374
4623.589631
4626.153733
4623.589631
4621.538349
4626.153733
4630.769118
4631.281938
4632.307579
4640.512707
4649.743476
4653.84604
4652.307579
4651.794758
4653.84604
4656.410143
4655.384502
4656.410143
4657.948604
4657.435784
4655.897322
4657.948604
4662.563989
4662.563989
4653.84604
4646.666553
4649.230656
4649.743476
4645.640912
4645.128092
4646.153733
4644.102451
4644.102451
4643.58963
4642.563989
4643.58963
4645.128092
4643.58963
4641.538348
4638.974246
4639.487066
4641.025528
4639.487066
4642.051169
4647.692194
4647.692194
4644.102451
4645.640912
4648.717835
4653.33322
4658.461425
4662.051168
4661.025527
4660.512707
4659.487066
4656.922963
4655.897322
4652.820399
4642.563989
4638.974246
4644.615271
4645.128092
4642.563989
4644.615271
4646.153733
4645.128092
4644.102451
4645.128092
4647.692194
4648.205015
4647.692194
4648.205015
4649.230656
4649.743476
4649.743476
4647.179374
4643.07681
4644.615271
4647.179374
4644.615271
4642.051169
4647.692194
4650.769117
4642.051169
4638.461425
4647.179374
4648.717835
4645.128092
4647.179374
4647.179374
4646.153733
4652.307579
4652.820399
4649.230656
4650.769117
4650.769117
4651.281938
4656.410143
4656.410143
4650.769117
4650.769117
4653.33322
4655.384502
4656.922963
4658.461425
4658.461425
4657.435784
4657.435784
4658.461425
4661.538348
4662.563989
4657.948604
4648.717835
4643.07681
4641.538348
4639.487066
4637.435784
4638.974246
4639.999887
4639.999887
4641.538348
4639.999887
4636.410143
4630.769118
4631.794759
4641.538348
4642.563989
4635.897323
4638.461425
4642.051169
4632.307579
4625.640913
4633.846041
4636.922964
4635.384502
4636.410143
4638.974246
4642.563989
4650.256297
4651.794758
4643.07681
4641.538348
4646.153733
4647.692194
4642.051169
4642.563989
4647.179374
4646.153733
4644.102451
4648.717835
4651.281938
4644.615271
4639.999887
4645.128092
4647.692194
4644.102451
4646.153733
4652.307579
4655.384502
4655.384502
4656.410143
4657.435784
4656.410143
4653.84604
4656.922963
4659.487066
4655.897322
4655.384502
4658.974245
4661.025527
4661.538348
4659.487066
4655.897322
4656.922963
4655.384502
4652.307579
4652.307579
4650.256297
4646.153733
4645.640912
4647.692194
4652.307579
4652.307579
4653.84604
4660.512707
4663.076809
4660.512707
4656.410143
4654.358861
4652.307579
4651.794758
4650.769117
4648.717835
4646.153733
4646.666553
4650.256297
4650.769117
4649.230656
4649.230656
4647.179374
4648.205015
4655.897322
4663.58963
4667.179373
4667.692194
4666.666553
4663.58963
4657.948604
4653.33322
4649.743476
4642.051169
4634.358861
4632.8204
4630.769118
4625.128092
4627.692195
4632.8204
4633.846041
4637.948605
4643.58963
4643.58963
4642.051169
4646.153733
4649.230656
4648.205015
4647.179374
4652.307579
4655.384502
4653.84604
4649.230656
4645.640912
4647.179374
4650.256297
4647.692194
4649.743476
4655.897322
4649.743476
4646.666553
4654.358861
4655.384502
4653.84604
4657.435784
4654.871681
4647.692194
4648.205015
4649.743476
4645.128092
4643.07681
4644.102451
4644.615271
4644.615271
4645.640912
4646.666553
4645.640912
4650.256297
4654.358861
4651.281938
4645.640912
4650.256297
4655.897322
4653.84604
4648.205015
4648.717835
4656.410143
4663.076809
4663.076809
4659.487066
4654.871681
4652.307579
4653.33322
4651.794758
4645.128092
4644.615271
4649.230656
4648.717835
4649.743476
4653.84604
4650.769117
4647.692194
4654.871681
4658.461425
4655.897322
4657.948604
4655.897322
4648.205015
4644.102451
4640.512707
4635.384502
4633.33322
4630.769118
4632.307579
4639.999887
4642.051169
4635.897323
4633.846041
4632.8204
4633.33322
4637.435784
4638.461425
4639.999887
4647.179374
4649.743476
4645.128092
4644.102451
4643.58963
4645.128092
4652.307579
4656.922963
4654.871681
4656.922963
4660.512707
4662.563989
4663.58963
4664.10245
4661.025527
4655.897322
4655.897322
4659.487066
4662.051168
4660.512707
4661.025527
4659.487066
4654.358861
4648.717835
4642.051169
4634.358861
4636.410143
4642.563989
4639.487066
4631.794759
4631.281938
4631.794759
4631.281938
4637.435784
4646.666553
4649.743476
4642.563989
4637.435784
4638.974246
4644.615271
4646.666553
4640.512707
4633.846041
4636.922964
4642.051169
4639.999887
4640.512707
4646.153733
4645.128092
4641.025528
4639.999887
4635.897323
4633.846041
4643.07681
4651.281938
4646.666553
4645.128092
4647.179374
4646.153733
4646.153733
4646.666553
4642.051169
4636.922964
4637.948605
4641.538348
4641.538348
4643.07681
4647.179374
4645.640912
4641.538348
4644.102451
4646.666553
4644.102451
4646.666553
4645.640912
4640.512707
4641.538348
4648.717835
4649.743476
4643.58963
4641.025528
4645.128092
4650.769117
4647.179374
4643.58963
4643.07681
4643.58963
4645.640912
4643.07681
4636.410143
4636.410143
4636.410143
4635.384502
4641.025528
4644.615271
4641.538348
4641.025528
4643.58963
4642.563989
4641.025528
4640.512707
4641.538348
4642.563989
4643.58963
4643.07681
4638.974246
4634.871682
4634.358861
4633.33322
4631.281938
4629.743477
4633.33322
4639.487066
4641.025528
4636.410143
4633.846041
4637.435784
4643.07681
4646.666553
4642.051169
4638.461425
4637.948605
4638.461425
4641.025528
4644.102451
4638.974246
4634.871682
4641.025528
4642.563989
4642.051169
4646.666553
4643.07681
4634.871682
4636.410143
4641.025528
4641.538348
4643.07681
4645.128092
4646.666553
4648.717835
4648.717835
4650.256297
4654.358861
4654.358861
4651.794758
4650.769117
4648.205015
4647.179374
4650.769117
4647.179374
4644.102451
4647.692194
4649.230656
4644.102451
4639.487066
4638.461425
4638.974246
4643.07681
4645.640912
4641.538348
4640.512707
4647.692194
4653.84604
4652.820399
4654.871681
4656.410143
4653.33322
4649.230656
4641.538348
4638.974246
4644.615271
4646.153733
4640.512707
4639.487066
4641.538348
4639.999887
4637.435784
4639.999887
4642.563989
4639.999887
4637.435784
4636.922964
4637.948605
4638.974246
4640.512707
4639.487066
4642.563989
4647.179374
4648.205015
4644.102451
4643.07681
4647.179374
4645.128092
4644.102451
4642.563989
4634.871682
4635.384502
4650.256297
4652.820399
4644.615271
4645.640912
4649.230656
4647.179374
4647.179374
4644.615271
4639.487066
4641.025528
4646.666553
4648.717835
4648.205015
4647.692194
4648.205015
4649.230656
4648.205015
4647.692194
4649.743476
4647.692194
4643.07681
4644.102451
4643.58963
4643.07681
4644.615271
4644.102451
4639.487066
4637.948605
4637.948605
4634.358861
4631.281938
4631.281938
4633.33322
4639.487066
4640.512707
4633.33322
4632.8204
4638.461425
4641.025528
4641.025528
4641.025528
4639.487066
4637.435784
