
4315.89733
4319.487074
4320.512715
4317.948612
4317.948612
4318.974253
4316.922971
4314.358869
4314.871689
4316.922971
4316.922971
4315.38451
4315.89733
4319.487074
4317.435792
4314.871689
4316.922971
4318.461433
4317.435792
4315.89733
4315.38451
4314.871689
4316.410151
4316.922971
4316.410151
4317.435792
4318.461433
4316.410151
4315.38451
4318.461433
4319.999894
4317.948612
4316.922971
4315.89733
4315.89733
4317.435792
4317.435792
4314.871689
4315.89733
4318.461433
4319.999894
4319.999894
4318.461433
4317.948612
4315.89733
4314.871689
4317.435792
4319.487074
4316.922971
4315.38451
4317.435792
4318.461433
4318.974253
4318.461433
4318.461433
4317.948612
4317.948612
4318.461433
4318.461433
4318.461433
4319.487074
4318.461433
4317.948612
4315.89733
4314.358869
4315.89733
4318.461433
4317.435792
4316.410151
4317.948612
4317.948612
4316.410151
4316.410151
4316.922971
4316.410151
4316.410151
4317.435792
4317.948612
4317.948612
4317.435792
4317.948612
4317.948612
4316.922971
4317.948612
4319.999894
4319.999894
4319.487074
4318.974253
4319.999894
4319.999894
4317.948612
4316.922971
4316.410151
4313.333228
4315.89733
4319.487074
4317.948612
4316.922971
4317.948612
4317.948612
4318.461433
4318.974253
4317.435792
4316.922971
4318.974253
4318.461433
4316.410151
4317.435792
4319.487074
4319.487074
4318.461433
4318.461433
4317.435792
4317.435792
4317.948612
4319.487074
4320.512715
4319.487074
4317.948612
4316.922971
4317.435792
4317.948612
4318.974253
4319.487074
4318.461433
4315.89733
4316.410151
4317.948612
4317.435792
4318.461433
4319.999894
4318.461433
4317.948612
4318.461433
4317.435792
4316.410151
4316.922971
4318.461433
4318.974253
4317.948612
4315.89733
4316.922971
4318.461433
4317.948612
4317.948612
4318.974253
4316.410151
4314.871689
4316.922971
4318.461433
4317.435792
4317.435792
4318.974253
4317.948612
4317.435792
4317.435792
4317.948612
4318.974253
4319.487074
4317.948612
4317.948612
4318.974253
4317.948612
4316.410151
4316.922971
4317.435792
4316.922971
4316.410151
4319.999894
4321.025535
4317.948612
4319.487074
4322.051176
4318.461433
4316.410151
4318.974253
4317.948612
4316.410151
4316.922971
4316.410151
4316.922971
4318.974253
4319.999894
4319.999894
4319.999894
4317.948612
4318.974253
4319.487074
4317.948612
4317.948612
4319.487074
4317.435792
4318.974253
4321.025535
4318.974253
4316.410151
4317.435792
4319.487074
4318.974253
4317.948612
4318.461433
4318.461433
4317.435792
4317.948612
4317.948612
4317.435792
4318.461433
4318.461433
4318.461433
4317.948612
4316.410151
4315.89733
4316.922971
4318.974253
4318.974253
4318.974253
4317.948612
4315.89733
4316.922971
4316.922971
4315.38451
4314.871689
4316.410151
4314.871689
4316.410151
4318.974253
4319.487074
4319.487074
4318.974253
4316.922971
4317.435792
4317.435792
4316.922971
4316.922971
4314.871689
4314.871689
4317.948612
4317.948612
4316.410151
4316.410151
4316.922971
4318.461433
4318.974253
4318.974253
4317.948612
4316.410151
4317.435792
4319.487074
4319.487074
4318.461433
4319.487074
4320.512715
4318.461433
4316.410151
4317.948612
4320.512715
4320.512715
4319.999894
4321.538356
4323.076817
4323.589638
4321.538356
4319.487074
4322.051176
4325.128099
4323.589638
4322.051176
4324.102458
4324.615279
4322.051176
4320.512715
4322.051176
4323.589638
4324.102458
4324.102458
4326.666561
4329.230663
4329.230663
4327.692202
4328.205022
4330.256304
4327.179381
4321.538356
4320.512715
4322.563997
4321.538356
4318.974253
4316.922971
4319.487074
4321.025535
4318.974253
4317.435792
4318.974253
4318.974253
4317.948612
4317.948612
4320.512715
4321.538356
4320.512715
4322.051176
4321.538356
4317.435792
4316.410151
4318.974253
4319.487074
4320.512715
4322.563997
4322.051176
4317.948612
4318.461433
4321.025535
4319.487074
4316.922971
4316.922971
4316.922971
4315.38451
4316.410151
4315.89733
4314.871689
4317.435792
4318.461433
4314.358869
4313.846048
4317.948612
4316.922971
4315.89733
4319.487074
4321.025535
4318.461433
4318.461433
4318.974253
4317.948612
4317.948612
4318.461433
4317.948612
4317.948612
4319.999894
4319.999894
4317.435792
4318.461433
4321.538356
4319.999894
4315.89733
4318.461433
4323.076817
4320.512715
4317.948612
4320.512715
4321.538356
4317.948612
4317.948612
4319.999894
4318.974253
4317.435792
4321.025535
4321.538356
4318.974253
4319.487074
4319.999894
4316.410151
4316.922971
4318.974253
4315.89733
4315.38451
4317.948612
4318.461433
4317.948612
4317.435792
4315.89733
4314.358869
4315.89733
4317.435792
4316.410151
4315.38451
4314.871689
4314.871689
4314.358869
4314.871689
4316.410151
4316.410151
4316.922971
4316.922971
4315.89733
4313.333228
4312.307587
4314.358869
4315.89733
4314.358869
4312.820407
4312.820407
4313.333228
4312.307587
4310.769125
4311.281946
4311.281946
4310.256305
4308.717843
4308.717843
4312.820407
4316.922971
4317.435792
4316.922971
4316.410151
4317.435792
4317.435792
4315.38451
4313.333228
4312.307587
4308.717843
4303.076818
4301.538356
4301.025536
4299.999895
4299.999895
4300.512715
4301.025536
4303.076818
4307.179382
4309.230664
4310.256305
4314.871689
4316.410151
4314.358869
4312.307587
4313.846048
4314.358869
4311.794766
4311.281946
4313.846048
4314.358869
4312.307587
4312.820407
4311.794766
4310.256305
4311.794766
4313.846048
4316.410151
4319.999894
4319.487074
4316.922971
4318.974253
4320.512715
4316.922971
4315.38451
4319.999894
4319.999894
4315.38451
4316.410151
4319.999894
4318.461433
4319.999894
4322.563997
4322.563997
4321.538356
4322.563997
4323.589638
4325.128099
4323.589638
4323.589638
4326.15374
4325.128099
4322.563997
4323.589638
4324.102458
4321.538356
4322.563997
4324.615279
4323.076817
4322.051176
4324.102458
4323.076817
4320.512715
4323.589638
4325.64092
4322.563997
4321.025535
4325.128099
4326.666561
4324.102458
4324.102458
4327.692202
4327.179381
4326.15374
4330.769125
4333.846048
4332.307586
4336.922971
4342.051176
4337.948612
4333.333227
4330.256304
4323.076817
4318.461433
4318.974253
4318.461433
4317.435792
4317.435792
4318.461433
4319.999894
4319.999894
4317.948612
4318.974253
4319.999894
4319.999894
4321.538356
4322.563997
4322.051176
4320.512715
4319.487074
4318.461433
4320.512715
4322.051176
4319.999894
4317.948612
4317.948612
4317.948612
4317.948612
4318.461433
4318.974253
4317.435792
4317.435792
4318.461433
4315.89733
4315.38451
4317.948612
4317.948612
4315.38451
4315.38451
4317.948612
4317.435792
4314.358869
4315.89733
4317.435792
4314.871689
4312.820407
4316.410151
4318.461433
4317.948612
4319.487074
4318.974253
4316.410151
4315.89733
4318.974253
4319.487074
4318.461433
4317.435792
4315.89733
4314.871689
4316.922971
4317.435792
4312.820407
4310.256305
4310.769125
4306.666561
4303.589638
4304.615279
4304.615279
4303.589638
4303.076818
4305.1281
4306.666561
4307.692202
4308.205023
4308.205023
4306.666561
4306.153741
4307.179382
4307.692202
4307.692202
4305.64092
4302.563997
4301.025536
4300.512715
4301.025536
4301.538356
4299.487074
4300.512715
4302.051177
4299.487074
4296.922972
4298.974254
4298.461433
4295.897331
4294.87169
4294.358869
4293.846049
4293.846049
4294.87169
4297.435792
4299.999895
4302.051177
4305.64092
4307.179382
4306.153741
4306.153741
4308.205023
4309.743484
4308.717843
4308.717843
4309.743484
4309.743484
4308.717843
4311.794766
4313.846048
4312.820407
4313.333228
4316.410151
4318.974253
4318.974253
4316.922971
4319.487074
4322.051176
4324.102458
4327.692202
4333.333227
4336.41015
4335.89733
4334.358868
4335.384509
4337.435791
4338.461432
4337.948612
4336.922971
4337.435791
4336.922971
4334.871689
4332.307586
4330.769125
4329.230663
4327.179381
4324.102458
4322.563997
4323.076817
4323.076817
4322.563997
4322.051176
4321.538356
4321.538356
4322.563997
4322.051176
4322.051176
4323.589638
4324.102458
4322.051176
4321.538356
4322.563997
4322.051176
4320.512715
4320.512715
4321.025535
4320.512715
4318.974253
4318.461433
4319.487074
4321.025535
4322.051176
4318.461433
4317.948612
4319.999894
4320.512715
4319.999894
4321.025535
4319.487074
4316.922971
4318.461433
4318.461433
4317.948612
4317.948612
4318.461433
4316.410151
4316.922971
4318.461433
4318.461433
4317.948612
4319.487074
4318.461433
4317.435792
4318.974253
4320.512715
4319.487074
4322.051176
4323.076817
4318.974253
4317.435792
4319.487074
4320.512715
4319.999894
4317.948612
4316.922971
4318.461433
4317.948612
4316.922971
4317.948612
4319.487074
4318.461433
4317.948612
4317.948612
4317.948612
4317.435792
4317.948612
4319.487074
4317.948612
4317.435792
4319.999894
4320.512715
4316.922971
4317.435792
4319.999894
4318.974253
4317.435792
4318.461433
4317.948612
4316.410151
4317.435792
4317.948612
4316.922971
4315.89733
4316.410151
4317.435792
4315.89733
4314.871689
4316.922971
4316.410151
4315.38451
4317.948612
4318.974253
4316.410151
4315.38451
4316.922971
4318.461433
4318.974253
4318.974253
4319.999894
4321.025535
4320.512715
4318.974253
4316.922971
4315.38451
4315.38451
4317.435792
4318.974253
4316.922971
4316.410151
4319.487074
4319.999894
4316.922971
4317.948612
4321.538356
4320.512715
4316.922971
4316.922971
4318.974253
4318.461433
4316.922971
4315.38451
4315.89733
4316.922971
4316.410151
4315.38451
4316.410151
4316.922971
4315.38451
4316.410151
4317.435792
4317.435792
4316.922971
4317.435792
4317.948612
4318.974253
4318.974253
4318.461433
4317.948612
4317.435792
4317.435792
4318.974253
4317.435792
4315.38451
4317.435792
4318.461433
4316.922971
4318.974253
4321.538356
4318.974253
4318.974253
4320.512715
4318.461433
4316.922971
4321.025535
4322.563997
4317.948612
4315.89733
4318.461433
4318.974253
4317.948612
4317.948612
4316.922971
4317.948612
4319.487074
4318.461433
4317.948612
4319.487074
4317.948612
4316.410151
4317.948612
4318.461433
4316.410151
4317.435792
4319.999894
4319.487074
4317.948612
4318.461433
4318.461433
4317.948612
4316.410151
4316.922971
4319.999894
4319.999894
4317.948612
4317.435792
4317.948612
4317.948612
4317.948612
4318.461433
4319.487074
4318.461433
4316.922971
4317.948612
4318.461433
4316.922971
4317.435792
4317.948612
4314.871689
4314.871689
4318.461433
4319.487074
4317.435792
4318.974253
4319.999894
4318.974253
4317.948612
4319.999894
4319.999894
4316.922971
4316.410151
4319.487074
4319.999894
4318.461433
4319.999894
4319.999894
4317.948612
4317.435792
4318.974253
4318.461433
4316.922971
4316.922971
4316.922971
4316.410151
4319.487074
4321.025535
4318.974253
4318.461433
4318.974253
4317.948612
4317.948612
4318.461433
4316.410151
4316.922971
4317.948612
4317.948612
4318.974253
4318.974253
4317.435792
4317.948612
4319.999894
4319.999894
4318.461433
4316.922971
4315.38451
4316.410151
4318.461433
4317.435792
4315.89733
4317.435792
4318.461433
4317.948612
4316.922971
4316.410151
4316.922971
4317.948612
4318.974253
4317.948612
4317.435792
4317.948612
4318.461433
4318.974253
4317.435792
4318.461433
4319.999894
4318.974253
4317.435792
4318.974253
4319.487074
4319.487074
4318.974253
4319.487074
4317.435792
4316.410151
4318.461433
4318.974253
4316.922971
4317.948612
4319.487074
4318.461433
4318.461433
4318.461433
4318.461433
4319.487074
4317.948612
4314.358869
4317.948612
4322.051176
4319.487074
4316.410151
4317.948612
4317.948612
4317.948612
4320.512715
4319.999894
4317.435792
4316.922971
4317.948612
4315.89733
4315.38451
4317.435792
4317.948612
4316.410151
4317.948612
4317.948612
4316.410151
4314.871689
4314.358869
4316.410151
4317.948612
4317.435792
4317.435792
4319.487074
4317.948612
4315.38451
4316.410151
4318.974253
4318.974253
4318.461433
4318.461433
4318.974253
4318.461433
4318.974253
4319.999894
4318.974253
4316.410151
4315.38451
4316.922971
4316.922971
4316.410151
4316.922971
4317.435792
4313.846048
4314.358869
4318.974253
4319.487074
4316.410151
4316.922971
4318.974253
4317.948612
4317.435792
4317.435792
4318.974253
4319.487074
4318.461433
4317.435792
4317.435792
4317.435792
4318.974253
4319.487074
4317.948612
4316.922971
4316.922971
4317.435792
4318.461433
4317.948612
4316.410151
4318.461433
4319.999894
4317.948612
4316.922971
4316.922971
4315.38451
4315.89733
4318.461433
4318.461433
4315.89733
4317.435792
4319.487074
4317.948612
4316.922971
4317.948612
4318.461433
4316.922971
4316.410151
4317.435792
4318.974253
4318.974253
4316.922971
4316.410151
4317.948612
4317.435792
4316.922971
4318.461433
4318.974253
4318.461433
4318.974253
4319.999894
4317.948612
4317.435792
4317.435792
4316.922971
4316.410151
4317.435792
4316.922971
4316.410151
4317.435792
4318.974253
4317.948612
4317.948612
4317.435792
4315.38451
4315.89733
4317.435792
4316.410151
4315.89733
4317.435792
4317.435792
4316.410151
4317.948612
4316.922971
4314.358869
4317.948612
4320.512715
4319.999894
4319.487074
4319.487074
4317.435792
4317.435792
4317.948612
4316.410151
4316.410151
4318.461433
4319.487074
4318.461433
4317.948612
4317.435792
4317.948612
4318.974253
4317.948612
4314.871689
4316.410151
4317.948612
4315.89733
4315.89733
4318.461433
4317.948612
4316.410151
4318.974253
4319.999894
4318.461433
4317.435792
4317.435792
4317.948612
4317.948612
4314.871689
4315.38451
4318.974253
4317.948612
4316.922971
4318.974253
4317.435792
4316.410151
4319.999894
4320.512715
4318.461433
4318.461433
4320.512715
4318.974253
4316.922971
4315.89733
4316.922971
4317.948612
4318.461433
4318.974253
4319.487074
4317.948612
4316.410151
4317.435792
4317.948612
4317.435792
4317.435792
4317.948612
4318.974253
4318.461433
4315.38451
4315.38451
4316.922971
4315.89733
4315.38451
4317.435792
4317.948612
4316.922971
4318.461433
4318.461433
4316.922971
4317.435792
4318.974253
4317.948612
4317.948612
4318.461433
4317.435792
4318.461433
4318.461433
4317.435792
4317.435792
4316.922971
4318.461433
4318.974253
4318.461433
4317.435792
4317.435792
4318.974253
4318.974253
4316.410151
4316.410151
4321.025535
4320.512715
4316.922971
4316.410151
4317.948612
4317.435792
4316.922971
4318.974253
4321.025535
4319.999894
4317.948612
4316.922971
4316.922971
4318.461433
4316.922971
4315.89733
4316.922971
4318.974253
4317.435792
4316.410151
4317.948612
4318.974253
4316.922971
4317.948612
4319.487074
4318.461433
4317.948612
4318.461433
4316.922971
4315.38451
4315.89733
4316.922971
4316.410151
4314.871689
4315.89733
4317.435792
4317.435792
4315.89733
4314.358869
4315.38451
4316.410151
4316.922971
4318.461433
4318.461433
4316.922971
4317.435792
4316.922971
4316.410151
4318.461433
4318.974253
4315.89733
4314.358869
4316.410151
4316.410151
4314.358869
4315.89733
4317.948612
4316.410151
4314.871689
4316.410151
4317.435792
4316.922971
4315.38451
4313.846048
4314.871689
4315.38451
4314.358869
4314.871689
4316.922971
4316.922971
4316.922971
4316.410151
4315.89733
4316.922971
4317.435792
4314.871689
4314.358869
4317.435792
4317.435792
4315.38451
4313.846048
4315.89733
4317.948612
4317.435792
4316.410151
4316.922971
4317.435792
4316.410151
4317.948612
4319.487074
4318.461433
4316.922971
4316.410151
4316.410151
4316.922971
4316.922971
4315.38451
4315.38451
4317.435792
4315.89733
4313.846048
4314.358869
4317.435792
4317.948612
4315.38451
4315.38451
4317.948612
4318.461433
4316.410151
4315.89733
4318.461433
4321.025535
4318.461433
4315.38451
4315.89733
4316.922971
4316.922971
4318.461433
4316.410151
4314.871689
4318.461433
4320.512715
4318.461433
4316.410151
4317.435792
4317.435792
4316.922971
4316.922971
4315.89733
4315.38451
4317.948612
4319.487074
4316.922971
4314.871689
4318.461433
4321.025535
4318.461433
4317.948612
4318.974253
4316.922971
4315.89733
4320.512715
4320.512715
4316.410151
4317.435792
4318.974253
4317.435792
4318.461433
4319.487074
4316.922971
4317.435792
4318.974253
4316.922971
4315.89733
4317.435792
4317.948612
4315.89733
4315.38451
4317.948612
4319.999894
4317.948612
4316.410151
4317.435792
4318.461433
4318.461433
4314.871689
4315.38451
4322.051176
4322.051176
4316.410151
4315.89733
4319.487074
4319.487074
4317.435792
4316.410151
4319.999894
4321.025535
4318.974253
4317.948612
4317.948612
4318.461433
4319.487074
4319.487074
4318.461433
4317.435792
4318.461433
4319.999894
4318.974253
4318.461433
4319.487074
4318.974253
4317.948612
4317.948612
4317.435792
4316.410151
4313.846048
4314.358869
4317.948612
4320.512715
4318.461433
4317.435792
4318.461433
4318.974253
4317.435792
4317.435792
4319.487074
4318.974253
4317.948612
4317.948612
4317.435792
4316.410151
4316.922971
4316.922971
4316.410151
4317.435792
4319.487074
4318.974253
4318.461433
4320.512715
4320.512715
4317.435792
4316.922971
4317.948612
4317.435792
4318.461433
4319.487074
4321.025535
4319.999894
4317.948612
4317.435792
4318.974253
4317.435792
4317.435792
4318.974253
4317.948612
4317.435792
4318.974253
4317.948612
4315.38451
4315.89733
4319.487074
4318.461433
4315.89733
4317.948612
4318.974253
4317.435792
4318.461433
4319.999894
4316.922971
4316.410151
4319.999894
4321.025535
4318.461433
4317.948612
4320.512715
4320.512715
4320.512715
4319.999894
4318.461433
4317.948612
4317.948612
4316.922971
4318.461433
4318.974253
4316.410151
4317.948612
4318.974253
4316.922971
4316.922971
4318.461433
4317.948612
4318.974253
4319.999894
4317.948612
4316.922971
4320.512715
4319.999894
4315.89733
4315.38451
4318.461433
4317.948612
4316.410151
4318.974253
4320.512715
4318.461433
4317.435792
4318.461433
4317.435792
4316.410151
4316.922971
4318.461433
4318.461433
4317.435792
4318.461433
4319.487074
4317.435792
4317.435792
4319.999894
4319.487074
4317.435792
4317.948612
4318.461433
4318.461433
4319.999894
4318.461433
4316.410151
4316.922971
4318.461433
4316.922971
4316.410151
4318.461433
4317.948612
4314.871689
4315.89733
4318.461433
4317.948612
4317.948612
4318.461433
4318.974253
4318.974253
4317.435792
4316.922971
4317.435792
4317.435792
4316.410151
4316.922971
4318.974253
4318.461433
4317.435792
4316.410151
4316.410151
4316.410151
4318.461433
4318.461433
4315.38451
4316.410151
4318.461433
4318.461433
4317.435792
4318.974253
4318.974253
4318.974253
4318.461433
4317.435792
4317.948612
4318.974253
4317.948612
4316.410151
4317.435792
4317.948612
4316.922971
4316.410151
4316.922971
4317.948612
4318.461433
4315.89733
4314.871689
4317.435792
4318.974253
4317.948612
4318.974253
4321.025535
4320.512715
4316.410151
4316.410151
4319.999894
4318.974253
4316.410151
4316.410151
4317.948612
4316.922971
4316.922971
4317.948612
4317.435792
4315.89733
4316.410151
4316.922971
4317.435792
4317.948612
4318.461433
4319.487074
4318.461433
4316.922971
4317.948612
4317.948612
4315.38451
4315.89733
4316.922971
4316.922971
4318.461433
4318.461433
4317.435792
4318.974253
4317.948612
4316.410151
4317.435792
4317.948612
4317.948612
4318.974253
4317.948612
4316.410151
4317.435792
4318.461433
4317.948612
4317.948612
4318.974253
4317.948612
4316.410151
4316.922971
4316.410151
4316.410151
4319.487074
4320.512715
4317.435792
4316.922971
4319.487074
4317.435792
4314.871689
4315.38451
4316.922971
4317.948612
4318.974253
4319.487074
4318.974253
4317.948612
4317.435792
4317.948612
4317.948612
4317.948612
4316.922971
4314.871689
4317.435792
4319.487074
4318.461433
4316.922971
4318.461433
4318.974253
4317.435792
4317.435792
4319.999894
4321.025535
4318.974253
4315.89733
4316.922971
4318.461433
4316.922971
4316.410151
4318.461433
4319.487074
4318.974253
4318.974253
4317.948612
4317.948612
4317.948612
4317.435792
4317.435792
4317.435792
4318.461433
4320.512715
4318.974253
4317.948612
4318.974253
4318.461433
4317.948612
4319.999894
4319.999894
4317.435792
4317.435792
4318.974253
4319.487074
4318.974253
4319.999894
4319.487074
4317.948612
4317.948612
4318.461433
4316.922971
4316.922971
4317.435792
4316.922971
4318.461433
4319.999894
4318.461433
4317.435792
4318.461433
4318.461433
4320.512715
4322.051176
4319.999894
4316.922971
4318.461433
4320.512715
4318.974253
4316.922971
4317.435792
4318.461433
4318.461433
4317.948612
4316.410151
4314.871689
4316.410151
4317.948612
4316.410151
4316.922971
4319.487074
4318.461433
4318.461433
4319.487074
4317.948612
4315.38451
4317.435792
4318.461433
4317.435792
4316.922971
4316.922971
4316.410151
4317.435792
4317.435792
4316.410151
4317.435792
4318.461433
4317.948612
4317.435792
4316.922971
4318.974253
4322.563997
4319.999894
4316.922971
4317.948612
4318.461433
4317.435792
4318.974253
4317.948612
4316.410151
4317.948612
4319.999894
4317.948612
4316.922971
4319.999894
4319.487074
4317.435792
4318.461433
4317.948612
4317.948612
4318.974253
4317.948612
4317.948612
4318.974253
4318.461433
4317.948612
4317.435792
4315.38451
4318.461433
4321.025535
4318.974253
4316.410151
4318.974253
4319.487074
4317.435792
4317.435792
4318.461433
4319.999894
4318.974253
4316.410151
4316.922971
4318.461433
4317.948612
4319.487074
4321.025535
4318.974253
4317.435792
4318.974253
4318.461433
4315.89733
4314.871689
4315.89733
4318.974253
4319.487074
4317.948612
4317.948612
4318.974253
4317.435792
4317.435792
4318.461433
4317.948612
4317.435792
4318.974253
4319.999894
4317.948612
4316.922971
4319.487074
4321.538356
4318.974253
4315.89733
4315.89733
4317.435792
4317.948612
4319.487074
4318.974253
4317.948612
4317.948612
4317.948612
4317.435792
4318.461433
4317.948612
4315.89733
4315.89733
4318.461433
4317.435792
4316.410151
4316.410151
4317.435792
4316.410151
4313.846048
4316.410151
4319.999894
4318.461433
4317.435792
4318.974253
4317.948612
4317.948612
4317.948612
4317.948612
4318.461433
4318.461433
4316.410151
4316.922971
4318.461433
4318.461433
4317.435792
4315.38451
4316.922971
4318.461433
4317.948612
4317.435792
4319.999894
4319.999894
4316.410151
4316.410151
4316.922971
4316.922971
4317.948612
4318.461433
4316.922971
4317.435792
4318.461433
4318.461433
4317.948612
4318.461433
4318.461433
4318.974253
4319.487074
4319.487074
4318.974253
4319.487074
4319.999894
4318.974253
4317.435792
4317.948612
4318.461433
4316.922971
4316.922971
4318.974253
4319.487074
4316.922971
4317.948612
4319.487074
4317.435792
4315.89733
4316.922971
4316.922971
4316.410151
4318.461433
4319.487074
4319.487074
4317.948612
4316.922971
4317.948612
4318.461433
4316.922971
4318.461433
4319.487074
4316.922971
4316.410151
4317.435792
4317.435792
4318.461433
4319.999894
4319.487074
4319.487074
4318.461433
4318.974253
4319.999894
4318.461433
4315.38451
4317.435792
4319.999894
4318.461433
4315.38451
4315.89733
4318.461433
4318.974253
4317.435792
4317.948612
4319.487074
4318.974253
4316.922971
4317.435792
4320.512715
4319.487074
4316.922971
4317.948612
4318.974253
4316.922971
4317.948612
4318.461433
4317.435792
4318.974253
4319.999894
4318.461433
4317.948612
4320.512715
4319.999894
4316.410151
4317.948612
4319.487074
4317.435792
4317.948612
4319.487074
4316.922971
4316.410151
4318.974253
4317.948612
4318.461433
4320.512715
4318.974253
4318.974253
4321.025535
4319.999894
4315.38451
4315.89733
4318.974253
4318.461433
4315.38451
4316.410151
4317.948612
4317.435792
4317.435792
4319.999894
4319.999894
4317.948612
4316.410151
4317.948612
4319.999894
4318.461433
4316.410151
4316.410151
4315.89733
4316.922971
4319.487074
4318.974253
4316.410151
4317.948612
4320.512715
4317.948612
4317.435792
4319.999894
4318.974253
4317.435792
4319.999894
4319.487074
4316.410151
4317.948612
4318.974253
4316.922971
4317.948612
4319.487074
4318.461433
4317.435792
4317.435792
4317.435792
4317.948612
4318.461433
4318.461433
4318.974253
4318.974253
4318.461433
4317.948612
4317.435792
4317.948612
4317.948612
4318.461433
4318.461433
4317.948612
4319.487074
4321.025535
4317.948612
4315.89733
4318.974253
4320.512715
4318.461433
4317.435792
4318.974253
4318.974253
4316.922971
4315.89733
4318.974253
4319.487074
4316.922971
4316.410151
4316.922971
4316.922971
4318.974253
4319.999894
4318.974253
4318.461433
4318.974253
4318.974253
4317.948612
4317.948612
4317.435792
4316.922971
4316.922971
4318.461433
4318.461433
4318.461433
4318.461433
4317.948612
4317.948612
4319.487074
4318.461433
4316.922971
4318.974253
4319.999894
4317.948612
4316.410151
4317.948612
4317.948612
4316.922971
4317.948612
4318.461433
4317.948612
4320.512715
4321.025535
4317.948612
4316.410151
4317.948612
4318.461433
4317.948612
4317.948612
4317.948612
4318.974253
4318.461433
4317.435792
4316.922971
4318.461433
4317.948612
4318.461433
4319.487074
4317.948612
4314.871689
4314.871689
4316.922971
4316.922971
4317.948612
4318.974253
4317.948612
4315.89733
4316.922971
4318.461433
4317.948612
4316.410151
4317.435792
4319.487074
4318.974253
4316.922971
4317.948612
4318.461433
4317.435792
4317.948612
4318.974253
4317.948612
4315.89733
4315.89733
4316.410151
4316.922971
4315.38451
4317.435792
4318.974253
4317.435792
4316.410151
4316.922971
4316.410151
4317.948612
4319.487074
4318.461433
4318.974253
4318.974253
4317.948612
4317.435792
4318.974253
4319.487074
4317.948612
4315.38451
4314.871689
4316.922971
4318.974253
4318.974253
4317.948612
4317.948612
4318.461433
4318.461433
4317.948612
4317.435792
4317.948612
4318.461433
4317.435792
4317.435792
4317.435792
4318.974253
4318.461433
4317.435792
4316.922971
4316.922971
4317.948612
4318.461433
4317.948612
4317.948612
4317.948612
4318.461433
4318.461433
4316.922971
4315.38451
4317.435792
4318.974253
4317.435792
4317.948612
4317.435792
4316.410151
4316.410151
4317.435792
4317.948612
4317.948612
4318.461433
4318.974253
4317.948612
4316.922971
4317.948612
4318.461433
4317.948612
4317.948612
4317.435792
4316.922971
4318.461433
4318.974253
4319.487074
4319.487074
4317.948612
4318.461433
4319.487074
4317.435792
4315.89733
4316.410151
4315.89733
4316.922971
4317.435792
4316.922971
4317.435792
4317.948612
4317.948612
4321.025535
4321.025535
4316.410151
4316.410151
4319.999894
4317.948612
4315.89733
4319.487074
4320.512715
4317.435792
4316.410151
4317.948612
4317.435792
4317.435792
4318.461433
4316.922971
4315.89733
4318.461433
4318.974253
4315.89733
4314.358869
4316.922971
4317.948612
4316.922971
4317.435792
4318.974253
4318.461433
4316.922971
4316.922971
4315.38451
4315.38451
4315.89733
4314.358869
4313.846048
4316.410151
4314.871689
4312.307587
4313.846048
4315.38451
4316.410151
4318.461433
4318.461433
4316.922971
4315.38451
4314.871689
4315.38451
4315.38451
4314.871689
4314.358869
4314.871689
4316.922971
4318.974253
4317.948612
4319.487074
4319.487074
4317.435792
4316.922971
4317.435792
4315.38451
4313.846048
4316.410151
4315.89733
4316.922971
4318.461433
4317.948612
4317.948612
4318.461433
4318.461433
4318.974253
4318.974253
4318.461433
4318.974253
4320.512715
4322.051176
4323.589638
4322.051176
4319.487074
4320.512715
4321.025535
4323.076817
4324.615279
4323.076817
4323.076817
4327.692202
4330.769125
4330.769125
4333.333227
4333.846048
4332.307586
4331.794766
4329.230663
4322.051176
4318.461433
4318.461433
4318.461433
4318.974253
4316.922971
4316.410151
4317.435792
4316.410151
4314.871689
4314.871689
4315.38451
4314.871689
4315.89733
4316.922971
4315.38451
4314.871689
4313.846048
4314.871689
4316.410151
4316.410151
4313.846048
4316.922971
4318.974253
4317.435792
4318.461433
4319.487074
4317.435792
4316.410151
4317.948612
4320.512715
4319.999894
4317.948612
4318.461433
4319.487074
4317.435792
4316.922971
4319.487074
4318.461433
4316.410151
4318.461433
4320.512715
4317.435792
4315.89733
4318.461433
4319.487074
4316.922971
4316.410151
4317.435792
4319.487074
4319.487074
4315.89733
4314.358869
4316.922971
4317.435792
4315.38451
4316.410151
4317.948612
4318.974253
4317.435792
4316.410151
4319.999894
4321.538356
4317.948612
4316.922971
4317.948612
4315.89733
4313.333228
4315.38451
4317.948612
4315.89733
4313.846048
4316.410151
4318.974253
4317.948612
4319.999894
4321.538356
4319.487074
4319.487074
4319.487074
4316.410151
4314.871689
4316.410151
4315.38451
4313.846048
4313.846048
4315.38451
4316.922971
4316.922971
4315.38451
4315.89733
4316.410151
4315.38451
4315.38451
4314.871689
4314.358869
4314.871689
4314.871689
4313.333228
4315.38451
4316.410151
4313.333228
4312.820407
4314.871689
4314.871689
4316.922971
4318.974253
4317.948612
4317.948612
4319.487074
4316.922971
4315.38451
4316.410151
4315.38451
4313.333228
4313.333228
4315.38451
4315.89733
4313.846048
4311.794766
4314.871689
4318.461433
4317.435792
4316.922971
4317.948612
4317.435792
4314.871689
4316.922971
4319.487074
4319.487074
4319.487074
4322.563997
4322.563997
4320.512715
4322.051176
4324.102458
4323.076817
4322.051176
4322.563997
4325.128099
4325.128099
4322.051176
4322.563997
4323.589638
4321.538356
4321.538356
4324.102458
4322.563997
4324.102458
4326.666561
4326.15374
4327.692202
4329.230663
4324.615279
4321.538356
4323.076817
4322.051176
4324.615279
4328.717843
4327.179381
4324.615279
4324.102458
4323.076817
4324.615279
4325.64092
4324.615279
4323.589638
4322.051176
4318.461433
4320.512715
4322.051176
4320.512715
4320.512715
4321.025535
4319.487074
4318.974253
4321.025535
4319.487074
4315.89733
4315.89733
4317.948612
4316.410151
4315.38451
4316.922971
4316.922971
4314.871689
4315.89733
4316.922971
4315.38451
4313.846048
4314.358869
4316.410151
4317.948612
4317.948612
4317.948612
4318.461433
4318.974253
4320.512715
4319.999894
4319.487074
4319.999894
4321.538356
4321.538356
4323.076817
4323.589638
4322.563997
4322.051176
4322.563997
4324.615279
4324.615279
4326.666561
4328.717843
4327.692202
4326.666561
4329.230663
4328.717843
4325.64092
4326.666561
4327.179381
4323.589638
4323.076817
4324.102458
4320.512715
4319.487074
4323.076817
4321.025535
4317.948612
4319.487074
4317.948612
4316.410151
4318.461433
4319.487074
4317.948612
4320.512715
4321.538356
4320.512715
4320.512715
4319.487074
4317.948612
4317.435792
4315.89733
4315.38451
4316.922971
4315.89733
4313.846048
4315.38451
4315.38451
4314.871689
4316.922971
4316.410151
4314.358869
4313.846048
4312.820407
4311.281946
4313.333228
4313.333228
4311.794766
4312.820407
4310.769125
4309.230664
4309.743484
4307.692202
4307.692202
4312.820407
4312.820407
4309.743484
4307.692202
4306.666561
4305.1281
4306.153741
4307.179382
4308.717843
4308.205023
4307.179382
4310.769125
4314.871689
4316.922971
4315.89733
4317.435792
4319.487074
4321.538356
4320.512715
4317.948612
4317.435792
4315.89733
4313.846048
4314.358869
4314.358869
4311.281946
4308.717843
4309.230664
4308.205023
4305.1281
4306.153741
4307.692202
4307.692202
4306.666561
4305.1281
4305.64092
4307.179382
4305.64092
4305.64092
4306.666561
4305.64092
4306.666561
4308.205023
4306.153741
4304.102459
4305.1281
4305.1281
4305.1281
4306.153741
4310.769125
4312.307587
4312.307587
4316.410151
4321.025535
4322.563997
4324.615279
4327.179381
4325.128099
4324.615279
4326.666561
4328.205022
4328.717843
4330.256304
4330.769125
4329.743484
4327.692202
4326.666561
4327.179381
4328.717843
4323.076817
4316.922971
4322.051176
4326.15374
4322.563997
4321.538356
4322.563997
4316.410151
4309.743484
4308.717843
4309.230664
4306.666561
4306.666561
4306.666561
4303.589638
4302.051177
4303.076818
4302.051177
4301.538356
4302.563997
4302.563997
4305.1281
4309.230664
4310.256305
4310.256305
4312.307587
4312.820407
4313.333228
4316.410151
4318.974253
4317.435792
4318.974253
4319.999894
4316.922971
4315.38451
4314.871689
4313.333228
4311.281946
4309.230664
4310.256305
4313.333228
4312.820407
4311.794766
4313.333228
4314.871689
4315.38451
4316.922971
4316.410151
4317.948612
4321.538356
4322.051176
4322.563997
4325.128099
4326.15374
4324.102458
4324.615279
4324.102458
4324.102458
4327.179381
4329.743484
4329.743484
4330.256304
4331.281945
4330.256304
4330.769125
4331.281945
4329.743484
4328.717843
4328.205022
4330.769125
4330.769125
4327.692202
4326.15374
4324.615279
4323.589638
4322.051176
4323.076817
4324.615279
4325.64092
4323.076817
4322.563997
4325.64092
4325.64092
4322.563997
4321.538356
4324.102458
4326.666561
4323.589638
4321.025535
4321.538356
4321.025535
4319.999894
4321.025535
4322.051176
4321.538356
4321.538356
4321.025535
4321.538356
4320.512715
4320.512715
4321.025535
4319.999894
4317.948612
4317.435792
4321.538356
4320.512715
4316.922971
4317.948612
4318.974253
4314.871689
4316.922971
4322.051176
4317.435792
4313.333228
4315.38451
4317.435792
4315.38451
4316.410151
4317.948612
4318.461433
4318.461433
4318.974253
4317.948612
4316.922971
4315.89733
4316.922971
4316.922971
4315.89733
4314.358869
4314.871689
4314.358869
4314.871689
4315.89733
4315.38451
4316.922971
4318.461433
4317.435792
4315.38451
4318.974253
4318.974253
4315.38451
4315.38451
4317.435792
4315.89733
4316.922971
4319.999894
4317.948612
4315.89733
4317.948612
4317.948612
4316.410151
4316.922971
4316.410151
4315.38451
4317.435792
4318.461433
4315.89733
4315.38451
4316.410151
4317.435792
4318.974253
4319.999894
4318.974253
4318.461433
4317.948612
4317.948612
4320.512715
4319.487074
4317.435792
4317.948612
4319.487074
4318.461433
4317.948612
4317.948612
4320.512715
4322.051176
4321.025535
4319.999894
4320.512715
4320.512715
4321.025535
4322.051176
4321.538356
4321.025535
4321.025535
4323.589638
4325.128099
4321.538356
4320.512715
4324.615279
4323.076817
4319.487074
4319.999894
4318.461433
4312.820407
4309.230664
4307.692202
4309.743484
4313.846048
4311.794766
4309.230664
4311.794766
4313.333228
4308.717843
4306.153741
4308.717843
4313.846048
4316.922971
4319.999894
4322.563997
4324.615279
4327.179381
4327.179381
4326.666561
4325.64092
4323.589638
4323.589638
4324.615279
4321.025535
4316.922971
4316.410151
4315.38451
4311.794766
4309.230664
4306.666561
4305.64092
4306.153741
4308.717843
4309.230664
4307.692202
4309.743484
4311.794766
4307.692202
4303.076818
4304.615279
4306.666561
4304.615279
4303.076818
4305.1281
4306.666561
4307.692202
4310.256305
4312.307587
4313.333228
4317.948612
4326.666561
4328.717843
4323.589638
4319.999894
4322.051176
4319.487074
4316.410151
4318.974253
4322.051176
4321.025535
4321.538356
4323.076817
4323.076817
4322.051176
4321.025535
4319.999894
4318.974253
4317.435792
4316.922971
4316.410151
4315.38451
4315.89733
4315.89733
4316.922971
4318.974253
4318.461433
4316.922971
4318.974253
4321.538356
4318.974253
4315.89733
4317.948612
4320.512715
4320.512715
4320.512715
4322.051176
4323.076817
4319.999894
4318.461433
4319.999894
4318.974253
4313.846048
4310.769125
4309.230664
4309.743484
4311.794766
4310.256305
4307.179382
4307.179382
4306.666561
4304.615279
4305.1281
4305.1281
4305.1281
4304.615279
4302.563997
4301.538356
4303.589638
4299.999895
4293.846049
4292.820408
4294.358869
4292.820408
4289.743485
4289.230664
4292.307587
4290.769126
4288.205023
4291.794767
4295.38451
4295.897331
4297.948613
4299.487074
4299.487074
4303.589638
4306.666561
4309.230664
4313.333228
4316.922971
4318.974253
4318.974253
4317.948612
4317.435792
4318.461433
4315.89733
4314.871689
4315.89733
4313.846048
4308.717843
4306.666561
4305.64092
4305.64092
4306.666561
4304.615279
4304.615279
4311.794766
4316.922971
4316.922971
4317.948612
4320.512715
4323.076817
4323.589638
4325.64092
4326.666561
4326.666561
4324.615279
4322.563997
4323.076817
4324.102458
4321.538356
4319.487074
4317.948612
4315.38451
4314.871689
4315.89733
4316.410151
4314.871689
4313.846048
4313.333228
4313.333228
4313.333228
4312.820407
4312.820407
4314.871689
4315.89733
4313.846048
4315.89733
4318.974253
4316.922971
4314.358869
4315.38451
4314.871689
4311.794766
4310.769125
4311.281946
4309.230664
4308.205023
4312.307587
4314.358869
4311.794766
4313.846048
4318.974253
4319.487074
4317.948612
4317.435792
4316.922971
4316.922971
4318.461433
4317.948612
4317.435792
4317.435792
4315.89733
4315.89733
4316.922971
4313.846048
4313.846048
4316.922971
4315.38451
4311.281946
4311.794766
4313.333228
4315.38451
4317.435792
4315.89733
4316.410151
4318.461433
4316.922971
