
4655.384502
4653.84604
4651.794758
4651.794758
4657.435784
4660.512707
4661.025527
4662.051168
4661.025527
4659.487066
4660.512707
4658.461425
4656.410143
4656.922963
4657.948604
4659.487066
4659.999886
4656.410143
4657.435784
4659.487066
4653.33322
4650.769117
4654.358861
4656.922963
4661.025527
4664.10245
4659.487066
4658.974245
4660.512707
4654.358861
4653.84604
4661.025527
4656.410143
4650.769117
4656.410143
4659.487066
4655.897322
4657.948604
4661.025527
4658.461425
4656.922963
4655.897322
4655.897322
4657.435784
4659.487066
4657.948604
4655.384502
4653.33322
4649.743476
4647.179374
4651.281938
4654.871681
4655.897322
4656.922963
4661.025527
4666.153732
4667.692194
4663.58963
4661.025527
4661.025527
4655.897322
4655.897322
4659.999886
4659.999886
4656.922963
4657.948604
4658.974245
4657.948604
4654.871681
4651.794758
4647.692194
4646.153733
4652.307579
4653.84604
4652.307579
4658.461425
4665.640912
4662.563989
4658.461425
4654.358861
4651.281938
4651.794758
4652.820399
4653.33322
4655.384502
4655.897322
4653.84604
4652.820399
4651.794758
4653.33322
4655.384502
4655.897322
4655.897322
4655.897322
4654.358861
4660.512707
4666.666553
4659.487066
4652.307579
4657.435784
4659.999886
4654.358861
4653.33322
4657.948604
4655.897322
4650.769117
4656.410143
4663.076809
4659.487066
4655.897322
4659.999886
4661.538348
4657.435784
4653.33322
4653.33322
4655.384502
4653.33322
4655.897322
4658.974245
4652.307579
4648.205015
4656.410143
4659.999886
4655.384502
4657.435784
4658.461425
4652.307579
4652.820399
4656.410143
4656.922963
4654.358861
4652.820399
4655.384502
4656.410143
4651.281938
4648.205015
4651.794758
4649.230656
4646.153733
4648.717835
4650.256297
4648.205015
4649.743476
4655.897322
4657.948604
4653.33322
4651.794758
4653.84604
4652.307579
4649.743476
4649.230656
4644.615271
4643.07681
4648.717835
4649.230656
4652.820399
4657.435784
4651.794758
4646.666553
4654.358861
4656.410143
4650.769117
4653.84604
4658.974245
4658.461425
4659.487066
4661.025527
4656.922963
4655.897322
4661.025527
4662.563989
4658.461425
4656.922963
4662.563989
4668.717835
4667.692194
4660.512707
4657.435784
4664.10245
4667.179373
4660.512707
4657.435784
4660.512707
4662.563989
4664.10245
4663.076809
4661.025527
4663.076809
4665.128091
4665.640912
4667.692194
4666.666553
4659.999886
4654.871681
4653.84604
4658.461425
4661.025527
4656.922963
4657.435784
4663.076809
4663.58963
4663.58963
4667.692194
4666.153732
4661.025527
4660.512707
4663.076809
4659.999886
4656.922963
4659.487066
4664.10245
4664.615271
4664.10245
4664.615271
4664.615271
4666.666553
4667.692194
4665.640912
4660.512707
4661.025527
4666.666553
4667.692194
4660.512707
4661.538348
4663.076809
4656.922963
4654.358861
4660.512707
4665.128091
4669.230655
4671.281937
4666.666553
4659.999886
4655.897322
4658.461425
4662.563989
4663.58963
4662.051168
4659.487066
4659.487066
4662.563989
4658.461425
4653.84604
4655.384502
4652.820399
4652.307579
4658.974245
4663.076809
4662.563989
4664.615271
4662.563989
4659.487066
4660.512707
4660.512707
4661.538348
4667.692194
4668.717835
4666.153732
4664.615271
4662.051168
4661.538348
4671.794758
4679.487065
4674.35886
4674.35886
4682.563988
4684.10245
4678.974245
4681.025527
4686.666552
4687.179373
4685.640911
4686.666552
4684.10245
4682.563988
4687.179373
4690.769116
4688.717834
4688.205014
4685.128091
4681.538347
4684.61527
4684.61527
4681.538347
4682.563988
4683.076809
4683.589629
4689.743475
4688.717834
4679.999886
4674.871681
4675.897322
4671.794758
4662.563989
4658.974245
4661.538348
4654.871681
4645.640912
4644.102451
4638.461425
4630.769118
4627.692195
4622.051169
4617.948605
4624.102451
4625.640913
4618.974246
4617.948605
4622.051169
4624.615272
4626.153733
4626.666554
4627.692195
4629.743477
4632.307579
4635.384502
4635.897323
4634.358861
4629.230656
4627.179374
4626.153733
4623.589631
4624.615272
4631.281938
4629.743477
4619.487067
4616.922964
4624.102451
4625.128092
4618.974246
4619.999887
4624.615272
4625.128092
4624.102451
4629.743477
4633.33322
4627.692195
4621.538349
4619.487067
4614.871682
4615.384503
4621.538349
4622.56399
4626.153733
4637.948605
4638.461425
4632.307579
4638.461425
4638.461425
4628.205015
4627.179374
4632.8204
4630.256297
4628.205015
4632.307579
4628.717836
4623.589631
4628.205015
4637.435784
4641.538348
4644.102451
4641.025528
4635.897323
4644.615271
4650.769117
4641.025528
4642.563989
4652.307579
4643.07681
4641.025528
4666.666553
4676.410142
4665.640912
4661.025527
4658.974245
4654.358861
4652.307579
4652.307579
4654.358861
4657.435784
4655.384502
4658.974245
4661.538348
4656.410143
4656.922963
4662.051168
4660.512707
4662.051168
4670.256296
4673.84604
4673.84604
4681.538347
4692.820398
4697.435783
4697.948603
4708.717834
4719.999885
4715.897321
4714.358859
4726.666551
4734.358859
4728.717833
4722.563987
4720.512705
4713.846039
4700.512706
4694.87168
4699.999885
4700.512706
4699.487065
4706.153731
4714.87168
4711.794757
4705.12809
4703.589629
4703.076808
4698.974244
4691.281937
4679.487065
4664.615271
4654.871681
4651.794758
4649.743476
4646.666553
4645.640912
4644.102451
4641.538348
4644.102451
4647.179374
4644.615271
4651.794758
4662.051168
4661.538348
4659.999886
4661.025527
4653.33322
4645.640912
4647.179374
4647.179374
4642.563989
4643.07681
4647.179374
4647.692194
4649.743476
4656.410143
4657.948604
4651.794758
4650.256297
4648.717835
4639.487066
4639.487066
4649.743476
4643.58963
4634.871682
4640.512707
4637.948605
4628.205015
4631.794759
4631.281938
4621.538349
4619.999887
4619.999887
4617.435785
4616.922964
4619.487067
4622.56399
4624.102451
4622.56399
4626.666554
4632.307579
4633.33322
4637.948605
4644.102451
4645.640912
4645.128092
4644.102451
4641.025528
4638.974246
4634.358861
4634.358861
4637.948605
4633.846041
4629.230656
4636.922964
4636.410143
4623.589631
4618.461426
4621.538349
4623.07681
4627.179374
4631.281938
4631.794759
4638.974246
4645.640912
4641.025528
4633.33322
4629.743477
4623.07681
4618.974246
4619.487067
4616.410144
4610.769118
4604.615272
4599.999888
4604.102452
4610.769118
4613.333221
4614.871682
4612.8204
4614.871682
4619.487067
4616.410144
4613.333221
4620.512708
4619.999887
4617.948605
4629.743477
4636.922964
4631.281938
4631.281938
4636.922964
4637.948605
4639.999887
4644.615271
4642.563989
4636.922964
4638.461425
4639.999887
4634.358861
4633.846041
4643.58963
4646.666553
4640.512707
4638.974246
4642.051169
4643.07681
4639.999887
4638.974246
4643.07681
4646.153733
4641.538348
4633.846041
4630.256297
4630.256297
4631.281938
4630.256297
4623.589631
4626.153733
4638.461425
4643.58963
4642.563989
4650.769117
4656.410143
4652.307579
4657.435784
4668.717835
4669.230655
4658.461425
4649.230656
4648.205015
4652.307579
4650.769117
4646.153733
4648.205015
4647.692194
4638.974246
4642.051169
4653.33322
4653.84604
4650.256297
4656.410143
4662.563989
4657.435784
4656.410143
4665.640912
4671.794758
4670.256296
4671.281937
4674.871681
4670.256296
4663.58963
4662.563989
4662.051168
4655.897322
4653.84604
4660.512707
4663.58963
4663.076809
4667.692194
4667.692194
4657.948604
4650.769117
4648.717835
4644.102451
4641.538348
4647.692194
4653.33322
4654.358861
4656.922963
4655.897322
4654.358861
4656.922963
4656.410143
4653.33322
4652.307579
4650.769117
4651.281938
4656.410143
4658.461425
4662.051168
4661.538348
4653.84604
4645.128092
4644.102451
4646.666553
4648.717835
4644.102451
4638.974246
4641.025528
4639.487066
4632.8204
4631.281938
4636.922964
4640.512707
4638.461425
4634.871682
4638.974246
4646.153733
4646.153733
4642.051169
4646.153733
4650.769117
4648.205015
4651.281938
4658.974245
4656.922963
4647.692194
4646.153733
4646.666553
4645.128092
4643.07681
4641.538348
4642.051169
4646.666553
4649.743476
4650.256297
4650.769117
4648.717835
4644.102451
4649.230656
4655.897322
4648.717835
4646.666553
4658.461425
4667.179373
4663.076809
4655.897322
4650.256297
4653.33322
4655.384502
4651.281938
4650.256297
4656.410143
4657.435784
4655.897322
4656.922963
4651.794758
4646.666553
4652.820399
4663.076809
4665.128091
4658.974245
4654.871681
4652.820399
4648.717835
4650.256297
4655.897322
4658.461425
4654.358861
4655.897322
4662.051168
4658.974245
4649.230656
4649.230656
4659.999886
4665.640912
4668.205014
4668.205014
4663.58963
4659.999886
4658.461425
4654.871681
4652.820399
4654.358861
4662.051168
4669.230655
4662.563989
4652.820399
4655.384502
4656.922963
4655.384502
4664.615271
4669.230655
4662.563989
4660.512707
4661.025527
4652.820399
4649.743476
4652.307579
4651.794758
4650.769117
4655.897322
4659.999886
4658.461425
4660.512707
4665.128091
4665.128091
4662.051168
4666.153732
4665.640912
4657.435784
4657.435784
4665.640912
4663.076809
4657.948604
4661.538348
4665.640912
4664.615271
4663.076809
4664.10245
4659.999886
4648.717835
4645.128092
4653.33322
4654.358861
4649.743476
4650.769117
4653.33322
4652.820399
4651.281938
4645.640912
4647.692194
4655.384502
4657.435784
4657.435784
4658.461425
4659.487066
4661.538348
4661.538348
4658.461425
4661.025527
4662.051168
4653.84604
4652.820399
4666.666553
4669.230655
4659.487066
4661.538348
4670.256296
4664.615271
4658.461425
4663.58963
4662.563989
4653.84604
4650.769117
4654.358861
4651.281938
4645.640912
4645.640912
4648.205015
4647.692194
4648.717835
4646.153733
4643.58963
4650.769117
4658.461425
4656.410143
4655.384502
4658.461425
4659.999886
4663.58963
4665.128091
4663.076809
4661.538348
4661.025527
4660.512707
4663.58963
4661.025527
4656.922963
4657.948604
4662.051168
4662.051168
4655.384502
4655.384502
4668.717835
4672.820399
4661.025527
4658.461425
4663.58963
4662.563989
4660.512707
4662.051168
4664.10245
4663.076809
4656.922963
4656.410143
4664.10245
4665.640912
4660.512707
4663.076809
4661.025527
4652.307579
4652.307579
4655.897322
4655.897322
4655.384502
4657.948604
4661.538348
4667.179373
4661.538348
4653.33322
4653.84604
4656.410143
4656.922963
4658.974245
4659.999886
4661.025527
4665.128091
4662.051168
4652.307579
4649.230656
4656.922963
4663.58963
4662.563989
4661.025527
4664.10245
4666.666553
4664.615271
4659.999886
4659.999886
4662.563989
4660.512707
4655.897322
4658.461425
4660.512707
4653.84604
4651.281938
4655.384502
4655.384502
4651.794758
4649.230656
4647.179374
4651.281938
4653.33322
4651.281938
4652.307579
4656.410143
4655.384502
4651.281938
4651.281938
4654.871681
4654.871681
4654.358861
4657.435784
4653.33322
4650.769117
4659.999886
4664.10245
4654.358861
4652.820399
4656.922963
4657.435784
4659.999886
4661.025527
4659.999886
4658.974245
4657.948604
4659.999886
4665.128091
4664.615271
4658.974245
4656.410143
4657.435784
4654.358861
4652.820399
4653.33322
4656.410143
4656.410143
4651.794758
4647.179374
4648.717835
4650.256297
4646.666553
4646.153733
4650.256297
4652.307579
4648.717835
4649.230656
4659.999886
4662.563989
4649.743476
4645.640912
4652.820399
4652.307579
4646.153733
4651.794758
4655.384502
4647.692194
4646.153733
4649.743476
4645.640912
4647.179374
4655.384502
4654.358861
4651.281938
4650.256297
4645.640912
4639.999887
4636.922964
4634.871682
4640.512707
4650.769117
4652.820399
4649.230656
4643.58963
4640.512707
4643.07681
4647.692194
4646.666553
4644.102451
4644.615271
4649.230656
4647.692194
4640.512707
4639.999887
4647.179374
4648.205015
4644.102451
4644.102451
4644.615271
4644.102451
4646.153733
4647.179374
4645.128092
4644.102451
4640.512707
4634.358861
4631.281938
4634.358861
4635.384502
4637.948605
4639.999887
4638.461425
4639.487066
4644.615271
4645.128092
4644.102451
4646.153733
4645.640912
4641.538348
4639.487066
4640.512707
4638.461425
4636.922964
4641.025528
4643.07681
4638.974246
4637.435784
4638.974246
4637.948605
4635.384502
4634.358861
4631.794759
4631.794759
4634.871682
4635.897323
4638.974246
4644.615271
4646.666553
4642.051169
4639.999887
4640.512707
4638.461425
4633.33322
4633.846041
4641.025528
4642.563989
4636.922964
4635.897323
4639.487066
4640.512707
4639.487066
4641.025528
4643.58963
4643.58963
4640.512707
4636.410143
4637.435784
4641.025528
4642.051169
4643.58963
4647.692194
4650.769117
4649.743476
4649.743476
4648.717835
4648.717835
4649.743476
4649.743476
4649.743476
4650.769117
4649.230656
4647.692194
4647.179374
4642.563989
4641.538348
4644.102451
4641.538348
4641.025528
4645.128092
4644.102451
4642.563989
4645.128092
4645.128092
4645.640912
4647.692194
4645.640912
4645.640912
4648.205015
4644.102451
4638.974246
4645.640912
4651.794758
4647.692194
4644.102451
4646.666553
4649.230656
4648.205015
4645.128092
4644.102451
4646.666553
4647.179374
4645.640912
4643.07681
4645.640912
4647.692194
4644.102451
4643.07681
4649.230656
4649.230656
4646.153733
4649.743476
4648.717835
4643.07681
4644.615271
4644.615271
4639.487066
4641.538348
4644.615271
4640.512707
4639.487066
4644.102451
4643.07681
4643.07681
4648.205015
4648.205015
4641.538348
4638.461425
4640.512707
4646.153733
4652.820399
4648.717835
4637.948605
4636.922964
4641.538348
4638.974246
4636.410143
4642.051169
4646.666553
4639.999887
4634.358861
4636.410143
4639.999887
4642.051169
4645.128092
4645.640912
4644.102451
4642.051169
4636.922964
4636.922964
4640.512707
4641.538348
4638.974246
4642.051169
4647.692194
4647.179374
4646.153733
4646.153733
4644.102451
4641.025528
4639.487066
4635.897323
4634.871682
4637.948605
4637.948605
4639.487066
4645.128092
4643.58963
4636.922964
4635.384502
4639.487066
4639.487066
4636.922964
4635.384502
4637.948605
4643.07681
4643.07681
4639.487066
4638.461425
4638.461425
4636.410143
4641.538348
4646.153733
4641.538348
4636.410143
4644.102451
4652.307579
4650.256297
4646.666553
4649.743476
4653.33322
4653.33322
4649.743476
4645.640912
4644.102451
4643.58963
4641.538348
4643.07681
4647.692194
4644.102451
4641.025528
4644.615271
4647.692194
4647.692194
4646.666553
4646.153733
4645.640912
4644.615271
4643.07681
4643.58963
4644.615271
4645.128092
4644.615271
4639.999887
4641.025528
4644.615271
4639.487066
4638.461425
4641.538348
4640.512707
4636.410143
4636.922964
4639.487066
4641.538348
4644.102451
4649.230656
4654.871681
4653.84604
4651.281938
4651.281938
4650.769117
4646.666553
4643.58963
4645.640912
4649.743476
4650.769117
4649.743476
4647.179374
4647.692194
4652.820399
4651.794758
4646.666553
4646.153733
4646.153733
4643.58963
4645.128092
4645.128092
4643.07681
4644.102451
4649.230656
4654.358861
4655.384502
4651.281938
4650.769117
4655.384502
4656.922963
4652.820399
4648.717835
4648.717835
4647.179374
4645.128092
4646.153733
4649.743476
4649.743476
4647.179374
4645.640912
4648.205015
4649.230656
4643.07681
4641.025528
4646.666553
4647.179374
4643.58963
4646.153733
4650.769117
4650.769117
4648.205015
4643.58963
4639.999887
4643.07681
4643.58963
4638.461425
4639.999887
4647.692194
4649.743476
4647.692194
4648.205015
4650.769117
4653.33322
4656.922963
4658.974245
4658.974245
4656.922963
4652.820399
4652.307579
4653.84604
4655.384502
4655.897322
4652.307579
4646.666553
4647.692194
4649.743476
4646.153733
4645.128092
4646.666553
4645.128092
4645.128092
4646.153733
4644.615271
4641.025528
4635.897323
4635.384502
4640.512707
4645.640912
4647.692194
4650.256297
4650.769117
4647.692194
4645.128092
4647.179374
4651.281938
4649.230656
4646.153733
4647.692194
4646.153733
4637.435784
4637.435784
4645.128092
4647.179374
4648.205015
4652.307579
4648.205015
4640.512707
4641.025528
4643.58963
4646.666553
4650.769117
4646.666553
4641.538348
4646.666553
4648.717835
4645.640912
4652.307579
4659.999886
4651.794758
4644.102451
4645.640912
4645.640912
4643.58963
4643.58963
4643.07681
4641.025528
4642.563989
4647.179374
4645.128092
4641.025528
4645.640912
4650.769117
4649.230656
4646.153733
4651.794758
4654.871681
4651.281938
4650.256297
4654.358861
4654.358861
4652.307579
4655.897322
4657.435784
4650.769117
4645.640912
4647.692194
4647.692194
4646.153733
4646.153733
4648.717835
4650.256297
4649.230656
4644.102451
4642.563989
4648.717835
4651.794758
4650.256297
4653.33322
4654.358861
4651.281938
4649.743476
4648.717835
4647.179374
4649.743476
4653.33322
4650.256297
4647.179374
4646.153733
4644.615271
4647.179374
4653.33322
4654.358861
4654.871681
4658.461425
4657.948604
4654.871681
4656.410143
4655.897322
4652.820399
4652.307579
4654.358861
4658.974245
4658.974245
4653.84604
4657.435784
4668.717835
4668.205014
4662.051168
4659.999886
4654.871681
4648.205015
4652.820399
4657.948604
4653.84604
4654.871681
4659.487066
4659.999886
4660.512707
4662.051168
4656.410143
4651.281938
4652.820399
4656.922963
4660.512707
4662.051168
4661.025527
4659.487066
4658.461425
4656.922963
4656.410143
4655.897322
4657.435784
4656.410143
4654.358861
4655.384502
4659.487066
4659.999886
4659.487066
4659.999886
4657.948604
4653.84604
4653.84604
4656.410143
4657.948604
4658.974245
4656.922963
4652.820399
4654.358861
4659.999886
4658.461425
4656.410143
4655.897322
4651.281938
4646.666553
4651.794758
4654.358861
4651.281938
4652.820399
4657.435784
4657.435784
4658.461425
4663.076809
4659.487066
4655.384502
4656.922963
4659.487066
4657.435784
4655.897322
4658.974245
4664.10245
4664.615271
4663.076809
4663.076809
4664.615271
4662.563989
4660.512707
4662.051168
4667.179373
4664.10245
4655.384502
4654.871681
4656.922963
4657.948604
4661.538348
4660.512707
4655.384502
4656.922963
4659.487066
4658.974245
4663.076809
4666.153732
4661.538348
4663.076809
4668.717835
4667.179373
4667.692194
4672.307578
4670.769117
4664.615271
4668.205014
4668.205014
4656.922963
4654.871681
4667.692194
4672.307578
4667.692194
4667.179373
4668.205014
4665.128091
4663.58963
4663.076809
4663.58963
4666.153732
4664.615271
4662.051168
4663.076809
4666.666553
4669.230655
4669.743476
4664.10245
4663.076809
4668.205014
4668.717835
4666.666553
4667.179373
4667.692194
4666.666553
4668.205014
4667.692194
4665.640912
4667.692194
4671.794758
4669.743476
4663.58963
4665.128091
4667.692194
4663.076809
4660.512707
4660.512707
4662.563989
4667.692194
4669.230655
4663.58963
4659.999886
4661.538348
4661.538348
4662.051168
4666.666553
4670.769117
4667.179373
4663.076809
4664.10245
4665.640912
4671.281937
4674.871681
4667.179373
4663.58963
4667.179373
4666.153732
4668.205014
4673.333219
4675.384501
4676.410142
4677.948604
4674.35886
4670.256296
4670.256296
4670.769117
4666.666553
4664.10245
4666.666553
4666.666553
4661.025527
4662.051168
4664.10245
4661.538348
4660.512707
4658.974245
4658.974245
4662.051168
4663.076809
4658.974245
4657.435784
4655.897322
4655.897322
4662.563989
4663.58963
4658.461425
4657.948604
4661.538348
4660.512707
4659.999886
4661.025527
4662.051168
4663.076809
4664.10245
4660.512707
4659.487066
4660.512707
4665.128091
4666.666553
4660.512707
4654.358861
4657.435784
4660.512707
4658.974245
4659.999886
4662.563989
4663.076809
4661.538348
4656.922963
4653.84604
4654.358861
4651.281938
4650.769117
4654.871681
4657.435784
4653.84604
4652.307579
4658.461425
4665.128091
4665.640912
4661.025527
4656.922963
4657.948604
4661.538348
4665.128091
4666.153732
4662.051168
4659.487066
4658.461425
4656.410143
4654.871681
4657.435784
4656.922963
4655.384502
4654.358861
4654.871681
4655.897322
4658.974245
4660.512707
4656.410143
4654.871681
4656.922963
4657.435784
4654.871681
4653.84604
4652.307579
4651.794758
4652.820399
4649.743476
4648.717835
4660.512707
4671.281937
4667.692194
4662.563989
4663.58963
4664.10245
4657.948604
4653.84604
4655.384502
4659.487066
4661.025527
4656.410143
4651.281938
4657.435784
4666.153732
4666.666553
4663.58963
4665.640912
4665.128091
4662.563989
4664.10245
4665.128091
4667.179373
4664.10245
4661.538348
4666.153732
4667.692194
4659.487066
4657.435784
4658.974245
4658.461425
4661.025527
4666.153732
4665.640912
4665.640912
4664.615271
4659.487066
4659.999886
4662.051168
4662.051168
4662.563989
4661.025527
4655.897322
4657.948604
4663.58963
4663.58963
4664.615271
4671.281937
4673.84604
4668.717835
4665.128091
4664.615271
4665.128091
4664.10245
4664.10245
4662.051168
4660.512707
4661.538348
4662.051168
4659.999886
4654.871681
4655.384502
4666.153732
4667.692194
4658.974245
4660.512707
4668.717835
4669.230655
4666.153732
4664.615271
4661.025527
4663.076809
4663.58963
4658.974245
4657.948604
4664.615271
4668.205014
4665.128091
4666.153732
4670.769117
4667.692194
4663.076809
4664.615271
4666.153732
4664.615271
4664.10245
4661.538348
4658.461425
4662.563989
4662.563989
4658.974245
4656.922963
4658.974245
4658.974245
4658.974245
4663.58963
4665.640912
4659.487066
4659.999886
4670.256296
4668.717835
4661.538348
4664.615271
4663.58963
4656.410143
4656.410143
4658.974245
4660.512707
4661.538348
4665.128091
4665.640912
4662.051168
4660.512707
4662.051168
4661.538348
4658.974245
4658.461425
4653.33322
4652.307579
4660.512707
4663.58963
4660.512707
4664.10245
4667.692194
4665.640912
4660.512707
4659.487066
4663.58963
4668.205014
4667.692194
4665.128091
4664.615271
4665.640912
4666.666553
4664.10245
4658.974245
4653.33322
4654.358861
4657.435784
4656.410143
4647.179374
4643.07681
4652.307579
4659.999886
4654.871681
4658.974245
4665.640912
4654.358861
4652.820399
4669.230655
4669.743476
4659.999886
4662.563989
4663.076809
4661.538348
4665.640912
4670.256296
4671.281937
4669.230655
4662.563989
4655.897322
4656.922963
4664.10245
4664.615271
4657.435784
4659.487066
4667.692194
4667.179373
4663.076809
4668.205014
4671.794758
4668.717835
4667.179373
4665.640912
4664.10245
4666.153732
4668.205014
4663.58963
4660.512707
4666.153732
4669.743476
4665.128091
4666.666553
4673.333219
4673.333219
4666.153732
4663.076809
4661.538348
4661.025527
4663.076809
4668.717835
4673.84604
4673.333219
4671.281937
4675.384501
4678.974245
4674.35886
4668.717835
4667.692194
4665.640912
4667.179373
4676.410142
4678.461424
4673.84604
4670.769117
4670.256296
4667.179373
4664.10245
4663.58963
4664.615271
4664.615271
4663.58963
4664.10245
4665.640912
4668.717835
4667.179373
4663.58963
4664.10245
4668.205014
4664.615271
4659.487066
4663.58963
4671.281937
4673.84604
4672.307578
4668.205014
4665.640912
4668.717835
4665.640912
4658.974245
4661.025527
4665.640912
4658.974245
4656.410143
4664.615271
4669.230655
4665.128091
4667.692194
4674.871681
4672.820399
4669.230655
4671.281937
4671.794758
4666.666553
4664.10245
4662.051168
4662.051168
4663.58963
4664.10245
4667.692194
4673.84604
4668.717835
4660.512707
4663.58963
4668.717835
4664.10245
4662.563989
4668.205014
4670.256296
4666.153732
4662.051168
4662.563989
4663.076809
4662.563989
4660.512707
4661.538348
4663.076809
4663.076809
4659.487066
4661.025527
4663.58963
4658.461425
4653.84604
4656.922963
4659.487066
4658.974245
4661.025527
4663.58963
4662.563989
4661.538348
4664.615271
4662.051168
4653.84604
4654.871681
4665.640912
4666.153732
4665.640912
4666.153732
4659.487066
4651.794758
4653.84604
4657.948604
4659.487066
4657.435784
4654.358861
4656.922963
4657.435784
4652.820399
4652.307579
4655.384502
4655.897322
4656.922963
4656.922963
4655.897322
4654.358861
4654.358861
4654.358861
4652.307579
4652.820399
4657.948604
4656.410143
4649.743476
4653.33322
4658.974245
4657.435784
4653.84604
4654.871681
4658.461425
4659.487066
4655.384502
4654.871681
4655.384502
4653.33322
4656.410143
4662.563989
4661.538348
4656.922963
4655.384502
4653.84604
4656.922963
4662.051168
4658.461425
4657.948604
4666.153732
4663.58963
4654.871681
4660.512707
4666.153732
4657.435784
4651.794758
4656.922963
4663.58963
4662.563989
4651.794758
4646.666553
4649.743476
4651.794758
4649.230656
4650.256297
4653.33322
4655.384502
4652.307579
4652.820399
4657.435784
4657.435784
4658.461425
4657.948604
4647.692194
4642.051169
4652.820399
4659.487066
4653.33322
4651.794758
4656.410143
4654.358861
4651.794758
4652.820399
4654.871681
4653.84604
4653.33322
4652.307579
4649.230656
4649.230656
4648.717835
4645.640912
4643.58963
4647.179374
4652.307579
4653.84604
4652.307579
4653.33322
4651.281938
4649.743476
4652.307579
4652.307579
4651.281938
4651.794758
4648.205015
4646.666553
4651.794758
4653.84604
4651.794758
4652.820399
4655.384502
4654.358861
4651.281938
4650.769117
4651.281938
4649.230656
4650.256297
4652.307579
4653.33322
4652.820399
4651.281938
4651.794758
4648.717835
4644.102451
4646.153733
4649.743476
4649.743476
4655.897322
4654.871681
4651.794758
4659.999886
4666.153732
4657.948604
4652.820399
4656.922963
4657.435784
4655.897322
4653.84604
4651.794758
4651.794758
4654.358861
4658.461425
4662.051168
4662.051168
4662.563989
4660.512707
4655.897322
4652.820399
4655.384502
4658.461425
4657.435784
4653.33322
4649.230656
4648.205015
4650.256297
4653.84604
4654.871681
4653.33322
4655.384502
4657.948604
4652.820399
4649.230656
4651.794758
4659.487066
4664.615271
4663.58963
4660.512707
4661.538348
4661.025527
4663.076809
4668.717835
4666.666553
4663.58963
4666.666553
4664.615271
4657.948604
4653.33322
4650.256297
4651.794758
4653.84604
4650.256297
4648.717835
4651.794758
4653.33322
4656.922963
4657.948604
4651.794758
4650.769117
4657.948604
4659.487066
4653.33322
4653.84604
4657.435784
4655.384502
4651.794758
4649.743476
4649.230656
4652.820399
4654.871681
4650.256297
4650.769117
4654.871681
4653.33322
4652.307579
4652.307579
4646.666553
4644.615271
4646.153733
4648.205015
4650.256297
4654.358861
4655.384502
4655.897322
4651.281938
4645.640912
4647.179374
4651.281938
4650.256297
4650.256297
4649.743476
4647.692194
4649.743476
4654.871681
4654.358861
4653.33322
4654.358861
4653.33322
4651.794758
4651.794758
4651.794758
4649.743476
4647.692194
4647.179374
4648.205015
4649.230656
4647.179374
4643.58963
4643.58963
4645.128092
4645.128092
4647.692194
4644.102451
4642.051169
4647.179374
4648.205015
4640.512707
4643.07681
4646.666553
4643.07681
4644.615271
4647.179374
4644.615271
4643.58963
4647.692194
4650.769117
4649.743476
4647.692194
4646.666553
4646.666553
4649.743476
4653.33322
4654.871681
4653.33322
4654.358861
4654.358861
4654.871681
4658.461425
4658.974245
4657.948604
4655.897322
4652.820399
4649.743476
4652.307579
4655.384502
4657.435784
4658.461425
4658.461425
4656.922963
4658.974245
4662.563989
4663.58963
4659.487066
4652.820399
4652.307579
4657.435784
4657.435784
4651.794758
4652.307579
4659.487066
4664.615271
4656.922963
4648.717835
4649.743476
4653.33322
4647.692194
4645.128092
4651.281938
4653.84604
4652.820399
4656.922963
4658.461425
4654.358861
4653.33322
4656.922963
4664.10245
4664.615271
4661.538348
4664.10245
4670.256296
4669.230655
4668.205014
4671.794758
4672.820399
4670.256296
4668.717835
4669.743476
4674.871681
4681.025527
4684.10245
4684.61527
4685.640911
4686.666552
4685.640911
4685.128091
4682.051168
4680.512706
4685.128091
4688.205014
4685.128091
4683.589629
4684.61527
4680.512706
4677.948604
4679.487065
4675.897322
4670.256296
4672.820399
4674.871681
4673.333219
4671.794758
4669.230655
4666.153732
4666.666553
4663.58963
4656.922963
4659.487066
4664.10245
4660.512707
4659.999886
4665.640912
4665.640912
4661.025527
4660.512707
4663.58963
4661.025527
4659.999886
4666.666553
4669.230655
4658.974245
4659.999886
4671.794758
4669.230655
4659.487066
4665.128091
4678.974245
4682.051168
4677.435783
4677.948604
4686.153732
4690.769116
4688.205014
4685.128091
4683.589629
4681.538347
4683.076809
4680.512706
4678.461424
4682.051168
4679.487065
4674.871681
4675.384501
4674.35886
4669.743476
4671.794758
4671.281937
4665.640912
4662.051168
4659.999886
4655.384502
4649.230656
4644.615271
4644.615271
4642.563989
4636.922964
4632.8204
4629.743477
4628.717836
4630.256297
4632.307579
4633.846041
4636.922964
4634.358861
4627.692195
4624.615272
4627.179374
4631.794759
4632.8204
4623.589631
4618.461426
4623.07681
4627.692195
4625.640913
4619.999887
4614.871682
4611.794759
4609.743477
4608.717836
4613.333221
4616.410144
4616.410144
4612.30758
4606.666554
4603.076811
4602.56399
4597.435785
4590.769119
4590.256298
4590.769119
4586.666555
4583.589632
4587.692196
4595.897324
4600.512708
4599.487067
4605.128093
4609.230657
4604.615272
4603.076811
4611.794759
4616.410144
4617.435785
4620.512708
4621.538349
4622.051169
4627.692195
4632.307579
4631.794759
4632.8204
4636.410143
4633.846041
4628.717836
4628.205015
4628.205015
4628.717836
4627.179374
4625.128092
4626.153733
4629.743477
4628.717836
4623.07681
4618.974246
4621.025528
4624.102451
4622.56399
4625.128092
4628.717836
4626.153733
4620.512708
4618.461426
4618.974246
4622.051169
4623.07681
4624.615272
4628.205015
4627.692195
4627.179374
4630.256297
4626.666554
4617.435785
4616.410144
4619.999887
4617.948605
4610.256298
4607.179375
4612.30758
4615.897323
4615.897323
4622.051169
4628.205015
4629.743477
4635.384502
4643.58963
4643.07681
4640.512707
4645.640912
4648.205015
4645.128092
4646.153733
4650.769117
4651.794758
4652.820399
4654.871681
4652.820399
4652.820399
4656.410143
4655.897322
4650.769117
4650.256297
4652.307579
4650.256297
4649.743476
4653.33322
4651.281938
4645.640912
4642.563989
4645.640912
4645.128092
4642.563989
4644.615271
4645.640912
4639.999887
4637.435784
4637.435784
4634.871682
4635.384502
4635.897323
4633.846041
4636.410143
4637.948605
4634.358861
4632.8204
4632.307579
4634.871682
4637.435784
4630.256297
4622.051169
4628.717836
4636.410143
4635.384502
4633.846041
4633.846041
4633.33322
4629.230656
4626.666554
4629.743477
4637.435784
4643.58963
4648.205015
4649.230656
4648.205015
4645.128092
4643.58963
4645.640912
4649.230656
4648.205015
4648.205015
4652.307579
4654.358861
4653.84604
4657.948604
4663.58963
4657.435784
4648.717835
4653.84604
4664.10245
4662.563989
4662.051168
4663.076809
4661.538348
4661.538348
4662.051168
4664.10245
4672.820399
4673.84604
4664.10245
4661.538348
4664.615271
4665.128091
4663.58963
4659.999886
4656.410143
4661.538348
4665.640912
4663.076809
4661.538348
4669.230655
4676.410142
4675.384501
4672.820399
4672.820399
4668.205014
4662.051168
4662.051168
4663.58963
4664.10245
4665.128091
4667.179373
4667.179373
4665.128091
4664.615271
4668.205014
4671.281937
4672.820399
4674.871681
4678.461424
4677.435783
4670.769117
4665.128091
4663.58963
4666.666553
4669.230655
4665.128091
4662.051168
4666.666553
4664.10245
4655.897322
4654.358861
4658.974245
4662.051168
4662.563989
4661.538348
4660.512707
4658.974245
4657.435784
4658.461425
4660.512707
4661.025527
4663.076809
4669.230655
4671.281937
4665.640912
4661.025527
4662.563989
4662.051168
4659.487066
4658.461425
4654.871681
4650.769117
4649.230656
4648.717835
4648.717835
4649.230656
4651.281938
4652.820399
4649.230656
4646.666553
4648.717835
4650.769117
4653.33322
4656.410143
4655.897322
4656.410143
4659.999886
4664.10245
4669.743476
4673.333219
4669.743476
4666.153732
4667.692194
4670.769117
4674.871681
4679.487065
4682.563988
4683.589629
4687.692193
4692.820398
4695.897321
4697.948603
4701.538347
4706.666552
4706.666552
4703.076808
4702.051167
4704.102449
4699.487065
4691.794757
4687.692193
4687.179373
4681.025527
4674.871681
4673.333219
4670.256296
4660.512707
4655.384502
4659.487066
4662.563989
4662.051168
4661.538348
4664.10245
4671.281937
4676.922963
4674.871681
4671.281937
4668.717835
4665.640912
4663.58963
4663.076809
4656.410143
4648.205015
4645.128092
4645.640912
4643.58963
4643.07681
4648.717835
4650.256297
4643.58963
4636.922964
4637.948605
4640.512707
4638.974246
4633.33322
4632.307579
4635.384502
4637.435784
4632.8204
4627.179374
4633.846041
4642.563989
4633.846041
4627.179374
4639.487066
4646.153733
4641.538348
4644.102451
4647.179374
4641.538348
4637.948605
4635.384502
4636.922964
4639.487066
4638.461425
4638.974246
4642.051169
4640.512707
4641.025528
4645.128092
4647.179374
4649.230656
4650.256297
4646.153733
4644.102451
4646.666553
4648.717835
4653.33322
4653.84604
4651.281938
4652.307579
4657.435784
4657.948604
4651.281938
4648.717835
4656.922963
4662.563989
4656.410143
4651.281938
4652.820399
4658.461425
4657.948604
4653.84604
4655.384502
4664.615271
4665.640912
4656.410143
4657.435784
4664.10245
4659.487066
4654.358861
4663.58963
4667.692194
4659.487066
4655.897322
4659.999886
4665.128091
4665.128091
4662.563989
4664.10245
4665.640912
4669.230655
4672.307578
4668.205014
4663.58963
4670.256296
4673.333219
4665.640912
4666.666553
4672.820399
4670.769117
4669.230655
4671.281937
4667.692194
4669.230655
4674.35886
4670.256296
4664.10245
4664.615271
4662.563989
4656.922963
4655.384502
4652.820399
4646.666553
4647.692194
4656.922963
4652.820399
4644.102451
4652.820399
4659.487066
4650.256297
4646.153733
4649.743476
4648.717835
4646.666553
4648.717835
4649.230656
4649.230656
4648.205015
4645.128092
4646.153733
4652.820399
4655.384502
4650.256297
4646.666553
4646.153733
4645.128092
4641.025528
4642.051169
4648.205015
4649.743476
4648.205015
4647.692194
4639.487066
4633.33322
4637.948605
4635.384502
4626.666554
4629.743477
4637.435784
4633.846041
4629.230656
4626.153733
4622.051169
4621.538349
4624.102451
4627.692195
4635.897323
4644.615271
4648.205015
4649.230656
4647.692194
4643.58963
4645.640912
4650.769117
4651.281938
4649.230656
4649.743476
4650.769117
4646.666553
4642.051169
4639.999887
4637.948605
4633.33322
4632.307579
4634.358861
4632.8204
4628.717836
4627.692195
4630.769118
4631.794759
4632.8204
4638.461425
4646.153733
4647.692194
4645.640912
4644.102451
4648.205015
4653.84604
4659.487066
4668.205014
4674.35886
4671.281937
4670.769117
4678.974245
4679.487065
4675.384501
4681.025527
4691.794757
4691.281937
4685.640911
4690.769116
4696.922962
4694.35886
4694.87168
4694.87168
4689.743475
4692.820398
4693.333219
4676.410142
4661.538348
4655.384502
4653.84604
4662.563989
4666.666553
4660.512707
4655.384502
4655.384502
4654.358861
4652.820399
4650.256297
4646.153733
4644.615271
4644.102451
4643.07681
4647.179374
4654.871681
4652.820399
4649.230656
4656.922963
4658.974245
4650.256297
4646.666553
4639.487066
4631.281938
4632.8204
4632.8204
4623.07681
4619.999887
4619.487067
4612.8204
4603.076811
4596.922965
4593.333221
4589.743478
4585.640914
4580.512709
4581.025529
4582.05117
4583.076811
4588.717837
4599.487067
4607.179375
4613.333221
4617.948605
4618.974246
4618.461426
4619.999887
4623.07681
4629.230656
4637.948605
4641.538348
4643.07681
4647.179374
4647.692194
4642.563989
4643.58963
4651.794758
4661.025527
4666.153732
4669.743476
4673.84604
4681.025527
4686.153732
4685.128091
4686.666552
4692.307578
4696.922962
4697.435783
4702.051167
4707.692193
4706.153731
4705.12809
4712.307577
4714.358859
4709.230654
4707.179372
4709.230654
4710.256295
4708.717834
4703.076808
4702.051167
4706.153731
4699.999885
4694.87168
4700.512706
4704.61527
4698.974244
4702.051167
4709.230654
4707.692193
4707.179372
4712.307577
4710.256295
4703.589629
4703.076808
4703.589629
4697.948603
4690.256296
4690.769116
4695.384501
4687.179373
4676.922963
4676.922963
4673.84604
4668.205014
4668.205014
4668.205014
4662.563989
4662.563989
4670.256296
4673.333219
4674.35886
4678.461424
4684.10245
4686.153732
4684.61527
4681.538347
4685.640911
4696.922962
4701.538347
4698.461424
4696.410142
4694.35886
4691.281937
4686.666552
4678.974245
4670.256296
4661.538348
4654.871681
4647.179374
4642.051169
4641.025528
4645.128092
4648.205015
4646.666553
4642.051169
4636.922964
4628.205015
4618.974246
4614.871682
4614.358862
4611.794759
4610.256298
4609.230657
4609.230657
4611.794759
4611.794759
4612.8204
4617.948605
4618.974246
4616.922964
4623.07681
4628.717836
4623.07681
4618.461426
4624.615272
4630.256297
4630.256297
4629.743477
4630.256297
4629.743477
4626.666554
4625.128092
4627.179374
4626.153733
4617.948605
