
4457.435788
4452.307583
4446.153737
4443.589635
4451.281942
4458.97425
4461.538352
4462.051173
4461.538352
4459.999891
4462.051173
4461.538352
4460.512711
4461.538352
4467.692198
4467.179378
4457.948609
4454.358865
4458.97425
4456.922968
4446.153737
4445.128096
4446.153737
4447.179378
4457.948609
4470.769121
4469.23066
4462.563993
4459.999891
4457.948609
4457.435788
4458.97425
4453.846045
4448.71784
4453.333224
4464.102455
4463.076814
4455.384506
4461.025532
4463.076814
4451.794763
4443.589635
4447.692199
4448.71784
4446.153737
4446.666558
4449.743481
4448.71784
4439.999891
4433.846045
4437.948609
4443.076814
4444.102455
4443.589635
4445.640917
4452.307583
4460.512711
4461.025532
4454.871686
4456.410147
4458.97425
4458.97425
4462.051173
4464.615275
4456.410147
4452.307583
4459.999891
4455.384506
4439.487071
4436.410148
4441.025532
4438.46143
4441.538353
4444.102455
4443.589635
4454.358865
4463.076814
4453.846045
4449.743481
4452.307583
4446.153737
4440.512712
4437.435789
4436.410148
4443.076814
4453.333224
4454.871686
4451.794763
4446.666558
4448.71784
4456.410147
4459.48707
4456.410147
4455.897327
4452.820404
4456.410147
4464.102455
4458.97425
4447.692199
4448.71784
4452.307583
4446.153737
4448.205019
4456.410147
4454.358865
4449.743481
4456.922968
4465.640916
4465.128096
4457.435788
4453.846045
4455.897327
4455.897327
4449.23066
4444.615276
4448.205019
4452.307583
4456.922968
4457.948609
4450.769122
4449.743481
4458.461429
4459.48707
4455.897327
4456.410147
4455.384506
4447.179378
4444.615276
4448.71784
4454.871686
4453.333224
4447.692199
4451.281942
4451.794763
4441.025532
4435.897327
4443.076814
4448.71784
4447.692199
4443.076814
4438.97425
4436.922968
4438.46143
4442.051173
4444.615276
4439.999891
4440.512712
4446.666558
4444.102455
4443.589635
4446.666558
4435.384507
4425.128097
4435.384507
4444.102455
4451.281942
4459.999891
4451.281942
4438.46143
4446.666558
4449.743481
4438.46143
4446.666558
4461.538352
4458.97425
4459.48707
4469.23066
4464.102455
4457.435788
4464.615275
4467.179378
4459.999891
4466.153737
4475.897326
4472.307583
4463.589634
4463.589634
4467.692198
4473.333224
4477.435788
4472.820403
4468.205019
4466.153737
4462.051173
4461.025532
4464.102455
4459.48707
4455.897327
4458.97425
4467.692198
4475.384506
4474.871685
4464.102455
4455.897327
4455.384506
4457.948609
4455.384506
4451.281942
4458.97425
4464.615275
4459.999891
4462.051173
4470.256301
4465.640916
4454.871686
4445.640917
4444.102455
4448.71784
4456.410147
4461.025532
4462.563993
4466.666557
4470.256301
4470.769121
4470.769121
4474.871685
4475.897326
4471.794762
4461.538352
4459.48707
4469.23066
4472.307583
4466.153737
4469.74348
4471.281942
4457.435788
4446.153737
4453.846045
4466.666557
4469.74348
4467.179378
4464.102455
4459.48707
4452.820404
4451.281942
4454.358865
4461.025532
4462.051173
4456.410147
4455.384506
4461.025532
4455.384506
4445.640917
4444.615276
4441.025532
4437.435789
4443.589635
4453.846045
4457.435788
4461.538352
4462.051173
4449.743481
4442.563994
4449.743481
4455.384506
4462.051173
4474.358865
4478.974249
4471.281942
4467.179378
4473.846044
4484.615275
4491.794762
4488.717839
4490.2563
4502.051172
4510.76912
4507.692197
4507.179377
4512.307582
4516.410146
4518.461428
4518.974248
4513.846043
4509.230659
4510.76912
4511.794761
4512.820402
4507.692197
4497.435787
4498.974249
4511.281941
4505.640915
4498.974249
4505.640915
4510.2563
4511.281941
4517.948607
4511.794761
4495.897326
4486.153736
4479.99989
4472.307583
4462.051173
4447.179378
4432.820404
4422.563994
4411.794764
4404.102456
4397.43579
4387.17938
4371.794765
4363.076816
4358.974252
4361.025534
4367.17938
4365.128098
4353.846047
4353.846047
4364.102457
4368.717842
4374.358867
4383.076816
4385.128098
4382.051175
4385.128098
4390.769123
4391.281944
4379.999893
4372.820406
4374.358867
4375.897329
4379.487072
4389.743482
4391.794764
4377.948611
4374.358867
4384.102457
4385.640918
4378.974252
4380.512713
4384.102457
4384.615277
4389.743482
4401.025533
4403.589636
4396.922969
4389.230662
4381.538354
4374.871688
4377.948611
4381.025534
4373.846047
4379.999893
4404.102456
4417.435789
4415.897328
4419.487071
4415.897328
4403.589636
4400.512713
4404.615277
4394.871687
4383.076816
4385.128098
4392.307585
4397.94861
4405.128097
4417.94861
4427.692199
4434.358866
4435.897327
4433.333225
4436.410148
4438.97425
4430.769122
4432.820404
4446.153737
4447.179378
4447.692199
4467.692198
4490.2563
4495.897326
4485.128095
4473.333224
4470.256301
4466.666557
4459.48707
4456.922968
4458.97425
4458.97425
4465.128096
4470.769121
4469.23066
4472.307583
4483.076813
4486.153736
4486.153736
4498.461428
4512.307582
4522.563992
4538.461427
4557.435786
4568.717837
4576.922965
4595.897324
4618.974246
4622.051169
4621.025528
4630.769118
4640.512707
4631.794759
4616.922964
4610.769118
4601.025529
4582.05117
4569.743478
4573.846042
4575.897324
4576.922965
4591.281939
4608.205016
4604.615272
4591.79476
4587.692196
4589.230657
4575.384504
4549.743478
4526.153735
4504.102454
4480.512711
4465.640916
4456.922968
4444.615276
4438.97425
4437.435789
4430.256302
4433.333225
4446.666558
4449.23066
4450.769122
4465.640916
4478.974249
4476.922967
4468.717839
4457.435788
4445.640917
4438.97425
4433.846045
4432.307584
4441.538353
4453.333224
4449.23066
4445.128096
4456.410147
4464.615275
4450.769122
4442.051173
4440.512712
4428.20502
4420.512712
4428.20502
4425.640917
4412.307584
4407.6922
4407.179379
4400.512713
4390.256303
4382.563995
4378.461431
4374.871688
4368.205021
4368.205021
4369.230662
4371.794765
4376.410149
4377.948611
4379.999893
4388.717841
4396.922969
4402.563995
4415.384507
4422.051174
4421.025533
4422.051174
4427.179379
4425.128097
4413.846046
4403.076815
4406.666559
4411.794764
4403.589636
4393.846046
4394.871687
4386.666559
4370.256303
4364.102457
4363.589637
4357.435791
4360.512714
4377.948611
4384.615277
4388.205021
4402.563995
4409.230661
4396.410149
4383.076816
4375.897329
4366.66656
4354.358868
4345.128099
4338.461432
4329.230663
4320.512715
4319.999894
4327.692202
4338.461432
4344.615278
4342.051176
4345.128099
4353.333227
4352.820406
4345.128099
4352.820406
4369.230662
4378.461431
4385.128098
4395.897328
4401.538354
4403.076815
4410.256302
4417.94861
4421.538353
4423.589635
4421.025533
4408.717841
4407.179379
4415.384507
4418.46143
4418.46143
4427.692199
4436.922968
4428.20502
4414.871687
4421.025533
4431.281943
4427.179379
4424.615276
4430.769122
4432.820404
4427.179379
4420.512712
4411.281943
4401.025533
4390.769123
4390.769123
4393.846046
4395.897328
4406.666559
4423.589635
4432.307584
4439.487071
4450.769122
4454.871686
4464.102455
4479.48707
4484.102454
4469.23066
4455.897327
4451.794763
4449.743481
4444.615276
4443.076814
4443.589635
4434.871686
4422.051174
4422.563994
4431.281943
4432.820404
4434.871686
4445.640917
4458.97425
4464.615275
4473.846044
4480.512711
4474.358865
4468.205019
4482.563993
4493.846044
4483.589634
4471.794762
4465.128096
4454.871686
4444.615276
4444.102455
4451.281942
4462.051173
4467.179378
4468.717839
4464.615275
4453.846045
4437.435789
4422.563994
4415.384507
4413.846046
4417.435789
4424.102456
4432.307584
4442.563994
4444.102455
4437.435789
4439.999891
4444.102455
4437.948609
4431.281943
4431.281943
4430.769122
4437.435789
4444.102455
4448.71784
4450.256301
4438.97425
4419.999892
4410.769123
4411.281943
4411.281943
4407.179379
4399.999892
4397.43579
4397.43579
4392.307585
4384.615277
4385.128098
4390.769123
4391.794764
4388.205021
4394.871687
4411.281943
4422.051174
4421.025533
4424.102456
4433.333225
4432.820404
4432.820404
4440.512712
4441.538353
4429.743481
4423.076815
4424.102456
4426.153738
4425.640917
4422.051174
4416.410148
4414.871687
4419.487071
4424.102456
4425.640917
4423.076815
4419.999892
4426.153738
4437.435789
4434.871686
4433.846045
4448.71784
4463.076814
4459.48707
4451.794763
4445.640917
4445.128096
4449.23066
4449.743481
4444.102455
4443.076814
4448.71784
4447.179378
4435.897327
4429.230661
4442.563994
4457.948609
4455.897327
4452.820404
4460.512711
4452.820404
4437.948609
4436.922968
4441.025532
4437.948609
4438.97425
4441.538353
4439.999891
4443.076814
4444.102455
4441.025532
4437.435789
4444.615276
4453.846045
4458.97425
4458.97425
4456.410147
4452.307583
4446.666558
4441.025532
4438.97425
4437.435789
4443.589635
4454.871686
4452.307583
4438.97425
4437.435789
4444.615276
4441.538353
4441.538353
4447.179378
4448.205019
4443.076814
4437.948609
4434.358866
4432.820404
4433.333225
4434.358866
4431.281943
4431.281943
4437.435789
4442.051173
4445.128096
4447.692199
4449.23066
4449.23066
4454.358865
4449.743481
4436.410148
4431.281943
4434.358866
4430.769122
4426.666558
4432.820404
4442.051173
4447.179378
4448.71784
4445.640917
4432.820404
4417.94861
4413.846046
4418.974251
4419.487071
4418.974251
4417.94861
4415.384507
4417.94861
4420.512712
4412.307584
4412.820405
4427.692199
4433.846045
4434.358866
4438.97425
4439.487071
4436.410148
4439.487071
4441.538353
4443.589635
4441.538353
4431.281943
4424.615276
4433.846045
4439.999891
4434.358866
4438.46143
4447.692199
4444.615276
4440.512712
4449.23066
4447.179378
4431.281943
4424.615276
4426.666558
4420.512712
4410.256302
4408.717841
4416.922969
4421.025533
4416.922969
4407.6922
4404.615277
4418.46143
4433.333225
4427.692199
4417.94861
4427.692199
4437.435789
4435.897327
4432.820404
4437.948609
4440.512712
4437.948609
4437.435789
4442.051173
4439.487071
4430.256302
4429.230661
4436.410148
4437.948609
4431.281943
4430.256302
4443.589635
4450.769122
4438.46143
4431.281943
4437.948609
4443.076814
4438.46143
4433.846045
4435.897327
4441.538353
4433.846045
4425.640917
4437.435789
4444.102455
4432.307584
4430.256302
4438.97425
4433.846045
4428.20502
4429.743481
4433.333225
4431.794763
4433.846045
4447.179378
4458.97425
4446.666558
4429.743481
4432.820404
4441.538353
4439.487071
4435.897327
4436.922968
4433.333225
4432.307584
4436.922968
4436.922968
4433.333225
4438.46143
4444.102455
4442.563994
4441.025532
4446.153737
4449.743481
4445.640917
4438.46143
4444.615276
4454.358865
4447.692199
4436.410148
4438.46143
4444.615276
4435.384507
4426.666558
4429.743481
4433.846045
4429.743481
4423.076815
4424.102456
4434.358866
4434.871686
4424.615276
4423.076815
4427.179379
4424.102456
4423.589635
4428.20502
4428.20502
4428.71784
4430.769122
4431.794763
4424.615276
4422.051174
4433.333225
4443.589635
4437.435789
4430.769122
4433.333225
4438.97425
4442.051173
4437.948609
4435.384507
4439.487071
4443.076814
4448.71784
4455.384506
4451.281942
4442.563994
4435.384507
4429.743481
4426.666558
4430.769122
4433.846045
4435.897327
4437.435789
4432.307584
4422.051174
4416.922969
4421.538353
4418.974251
4413.333225
4418.46143
4428.71784
4424.615276
4420.512712
4433.846045
4442.563994
4425.128097
4409.230661
4419.999892
4429.743481
4423.589635
4425.640917
4433.333225
4430.256302
4427.179379
4426.666558
4428.20502
4435.384507
4442.051173
4438.97425
4440.512712
4440.512712
4430.256302
4417.435789
4409.743482
4408.20502
4415.384507
4429.743481
4438.46143
4434.871686
4421.025533
4408.717841
4407.179379
4418.46143
4425.640917
4425.640917
4424.615276
4427.692199
4429.743481
4432.307584
4435.897327
4437.435789
4436.410148
4433.333225
4431.794763
4429.230661
4426.666558
4428.20502
4431.794763
4431.281943
4430.256302
4425.128097
4415.897328
4408.717841
4407.179379
4405.128097
4407.6922
4414.871687
4415.384507
4413.846046
4419.999892
4423.589635
4419.487071
4423.589635
4426.666558
4418.974251
4409.743482
4411.794764
4414.871687
4417.435789
4421.538353
4423.076815
4418.974251
4413.846046
4411.281943
4413.333225
4415.384507
4409.743482
4402.051174
4401.025533
4406.153738
4409.230661
4409.743482
4413.333225
4418.974251
4414.871687
4410.256302
4413.333225
4417.94861
4413.333225
4408.717841
4412.820405
4416.410148
4416.410148
4415.897328
4413.846046
4414.358866
4416.410148
4411.794764
4408.717841
4413.846046
4417.94861
4416.410148
4422.051174
4429.230661
4423.589635
4414.358866
4421.538353
4433.846045
4429.230661
4423.076815
4426.153738
4426.666558
4425.128097
4431.794763
4437.948609
4436.922968
4430.769122
4431.281943
4434.358866
4427.692199
4421.538353
4422.563994
4420.512712
4418.46143
4423.076815
4426.153738
4426.153738
4425.128097
4424.615276
4423.589635
4422.563994
4421.025533
4422.563994
4423.589635
4421.025533
4418.974251
4424.615276
4433.333225
4431.281943
4422.051174
4421.025533
4429.230661
4428.20502
4421.025533
4419.999892
4426.666558
4428.71784
4424.102456
4420.512712
4426.666558
4428.71784
4422.051174
4419.999892
4426.153738
4427.692199
4427.179379
4427.179379
4424.615276
4423.589635
4426.666558
4425.128097
4417.94861
4419.999892
4421.538353
4413.333225
4411.794764
4419.487071
4415.897328
4409.743482
4416.410148
4419.487071
4413.846046
4415.384507
4421.538353
4421.025533
4423.589635
4422.051174
4407.179379
4397.94861
4410.769123
4418.46143
4413.333225
4410.769123
4415.384507
4414.871687
4409.743482
4409.743482
4413.333225
4413.333225
4415.384507
4422.051174
4422.563994
4420.512712
4415.897328
4408.717841
4405.640918
4407.179379
4405.640918
4408.20502
4414.358866
4415.384507
4413.333225
4414.871687
4416.922969
4415.897328
4407.6922
4390.256303
4381.538354
4384.102457
4385.640918
4385.128098
4392.820405
4393.846046
4385.640918
4384.615277
4390.256303
4391.794764
4390.769123
4391.281944
4392.820405
4397.94861
4402.563995
4398.974251
4388.205021
4381.538354
4383.076816
4392.307585
4398.461431
4398.461431
4392.307585
4393.846046
4401.538354
4404.102456
4404.102456
4403.589636
4405.640918
4410.256302
4411.281943
4409.230661
4413.333225
4413.846046
4402.051174
4396.410149
4402.563995
4401.025533
4397.94861
4400.512713
4402.563995
4400.512713
4399.487072
4404.102456
4408.20502
4407.179379
4400.512713
4398.974251
4403.589636
4409.230661
4405.640918
4397.43579
4396.922969
4398.461431
4390.256303
4390.769123
4395.897328
4388.205021
4381.025534
4388.205021
4396.410149
4401.025533
4410.769123
4418.46143
4416.922969
4412.820405
4411.794764
4408.20502
4403.076815
4396.922969
4396.410149
4401.025533
4407.6922
4409.743482
4408.20502
4407.179379
4409.743482
4412.820405
4406.666559
4403.589636
4408.717841
4406.153738
4399.999892
4403.076815
4402.051174
4398.974251
4403.076815
4412.307584
4415.384507
4410.769123
4402.563995
4405.640918
4416.410148
4415.897328
4410.769123
4412.820405
4415.384507
4407.6922
4401.025533
4403.589636
4408.20502
4406.153738
4406.153738
4408.717841
4411.281943
4411.794764
4410.769123
4414.358866
4419.999892
4415.384507
4409.230661
4414.871687
4418.46143
4416.922969
4414.358866
4406.153738
4395.897328
4400.512713
4408.20502
4405.640918
4405.128097
4413.846046
4417.94861
4415.897328
4417.94861
4423.076815
4426.666558
4428.71784
4429.230661
4427.179379
4427.692199
4429.743481
4433.333225
4432.307584
4433.846045
4438.46143
4431.281943
4418.46143
4420.512712
4425.640917
4418.46143
4409.230661
4406.666559
4410.769123
4416.410148
4415.384507
4411.281943
4406.153738
4395.384508
4391.281944
4397.43579
4404.615277
4405.640918
4411.281943
4417.94861
4417.94861
4414.358866
4415.897328
4422.051174
4421.025533
4416.922969
4415.384507
4411.794764
4402.563995
4404.102456
4415.897328
4425.128097
4426.666558
4420.512712
4410.256302
4407.179379
4405.640918
4404.102456
4411.794764
4419.487071
4417.435789
4415.384507
4418.46143
4414.871687
4413.846046
4424.102456
4430.256302
4417.94861
4408.20502
4409.230661
4409.743482
4411.281943
4411.794764
4403.589636
4399.999892
4409.743482
4419.487071
4419.487071
4415.897328
4416.922969
4419.487071
4423.076815
4422.563994
4426.153738
4428.71784
4421.538353
4413.846046
4415.897328
4415.897328
4414.358866
4419.999892
4423.076815
4417.435789
4411.794764
4412.820405
4414.358866
4410.769123
4404.102456
4408.20502
4413.333225
4409.230661
4406.666559
4409.743482
4410.256302
4411.281943
4414.871687
4415.384507
4412.820405
4412.820405
4413.846046
4410.256302
4407.179379
4411.281943
4416.922969
4413.333225
4411.281943
4406.666559
4401.025533
4407.6922
4418.974251
4415.384507
4410.256302
4418.46143
4424.102456
4420.512712
4419.999892
4420.512712
4414.871687
4410.256302
4409.743482
4414.358866
4419.487071
4426.666558
4434.871686
4441.025532
4439.487071
4432.307584
4421.025533
4408.717841
4407.179379
4416.922969
4423.076815
4414.871687
4411.794764
4417.94861
4420.512712
4426.153738
4435.897327
4428.20502
4411.794764
4411.281943
4423.589635
4426.153738
4421.538353
4419.999892
4419.487071
4413.846046
4409.230661
4411.281943
4412.820405
4417.435789
4417.94861
4414.358866
4416.410148
4425.640917
4426.153738
4419.999892
4418.46143
4419.487071
4418.974251
4418.974251
4416.922969
4415.897328
4419.999892
4421.538353
4419.999892
4421.025533
4424.615276
4421.538353
4420.512712
4420.512712
4412.820405
4403.589636
4408.20502
4413.846046
4413.333225
4417.435789
4427.179379
4432.307584
4432.307584
4436.410148
4436.922968
4430.256302
4426.153738
4428.20502
4425.640917
4422.051174
4428.20502
4436.922968
4437.435789
4437.435789
4441.538353
4441.025532
4435.897327
4431.794763
4433.846045
4437.948609
4435.897327
4425.128097
4421.025533
4423.589635
4424.615276
4425.128097
4424.615276
4419.999892
4422.563994
4432.307584
4438.97425
4442.051173
4444.102455
4442.563994
4436.410148
4435.897327
4437.435789
4437.435789
4436.922968
4441.025532
4443.076814
4444.102455
4440.512712
4426.666558
4420.512712
4437.435789
4448.71784
4443.589635
4441.025532
4442.051173
4434.871686
4425.640917
4426.153738
4437.948609
4445.128096
4438.46143
4437.948609
4441.025532
4441.025532
4442.563994
4445.640917
4438.46143
4431.794763
4440.512712
4449.743481
4444.102455
4437.435789
4443.076814
4442.563994
4433.333225
4432.820404
4442.563994
4448.71784
4452.307583
4451.794763
4447.692199
4445.640917
4440.512712
4433.846045
4436.410148
4442.563994
4445.640917
4447.692199
4449.23066
4446.153737
4440.512712
4441.538353
4441.538353
4442.563994
4449.743481
4455.384506
4445.640917
4434.871686
4436.922968
4448.71784
4462.051173
4465.640916
4454.358865
4445.640917
4449.743481
4455.384506
4461.025532
4465.128096
4468.205019
4468.717839
4467.692198
4464.102455
4464.102455
4461.538352
4454.871686
4452.820404
4456.922968
4458.461429
4451.794763
4444.102455
4446.153737
4449.23066
4442.051173
4443.076814
4447.692199
4443.076814
4441.025532
4447.692199
4445.640917
4445.128096
4447.179378
4445.128096
4443.076814
4442.051173
4443.589635
4447.692199
4452.820404
4453.333224
4452.307583
4447.692199
4449.743481
4456.410147
4454.871686
4447.692199
4447.692199
4451.794763
4452.307583
4451.794763
4449.23066
4441.538353
4442.051173
4443.589635
4436.922968
4435.897327
4444.615276
4447.692199
4443.589635
4445.128096
4443.076814
4441.025532
4439.999891
4438.46143
4435.384507
4433.846045
4433.846045
4433.333225
4437.948609
4444.102455
4448.205019
4449.23066
4448.71784
4444.615276
4446.666558
4455.384506
4456.922968
4448.205019
4444.615276
4443.589635
4442.051173
4442.563994
4444.102455
4436.922968
4427.179379
4428.71784
4437.948609
4435.897327
4427.692199
4430.769122
4431.794763
4426.666558
4430.769122
4436.922968
4431.794763
4429.230661
4427.179379
4425.128097
4427.179379
4424.615276
4423.076815
4438.46143
4452.307583
4447.692199
4444.615276
4447.692199
4448.205019
4440.512712
4434.358866
4433.846045
4435.897327
4432.820404
4434.358866
4438.46143
4435.897327
4436.922968
4445.640917
4450.256301
4446.153737
4442.563994
4442.051173
4441.538353
4439.999891
4443.076814
4448.205019
4450.256301
4448.71784
4447.692199
4443.589635
4439.487071
4438.97425
4437.948609
4436.922968
4433.333225
4430.769122
4436.410148
4446.153737
4438.46143
4429.230661
4432.307584
4441.538353
4445.128096
4443.076814
4437.435789
4434.358866
4433.846045
4438.46143
4449.23066
4456.922968
4457.435788
4454.358865
4448.71784
4443.076814
4445.128096
4446.666558
4446.153737
4440.512712
4436.922968
4437.435789
4439.487071
4439.487071
4436.922968
4434.358866
4437.948609
4436.410148
4427.692199
4431.794763
4445.640917
4447.179378
4438.97425
4434.871686
4434.358866
4438.46143
4434.871686
4422.051174
4416.410148
4428.20502
4436.410148
4430.769122
4432.307584
4443.076814
4439.487071
4431.281943
4436.922968
4437.435789
4431.794763
4432.307584
4434.871686
4436.410148
4438.46143
4435.384507
4429.743481
4424.102456
4424.102456
4426.153738
4426.153738
4428.20502
4435.384507
4433.333225
4425.640917
4433.333225
4439.487071
4434.871686
4432.307584
4429.230661
4417.94861
4416.410148
4427.179379
4432.820404
4427.179379
4422.563994
4419.487071
4419.999892
4422.563994
4424.615276
4425.640917
4426.153738
4427.692199
4424.102456
4422.051174
4425.128097
4431.281943
4431.281943
4429.743481
4429.230661
4428.20502
4424.615276
4426.153738
4433.333225
4436.410148
4438.97425
4441.538353
4439.487071
4432.307584
4428.20502
4428.20502
4429.230661
4423.589635
4417.94861
4420.512712
4422.563994
4411.281943
4404.102456
4411.281943
4415.897328
4410.256302
4416.922969
4429.743481
4417.435789
4410.256302
4428.71784
4438.46143
4430.256302
4431.281943
4433.846045
4429.230661
4433.333225
4445.640917
4451.794763
4447.179378
4432.820404
4416.410148
4414.358866
4429.230661
4437.435789
4431.794763
4436.922968
4444.615276
4439.487071
4434.358866
4437.435789
4437.948609
4438.97425
4438.97425
4434.358866
4432.820404
4436.410148
4441.538353
4440.512712
4432.307584
4434.358866
4447.692199
4451.794763
4447.692199
4446.666558
4446.666558
4439.999891
4433.333225
4427.692199
4426.153738
4431.281943
4442.051173
4449.743481
4446.153737
4442.051173
4450.769122
4459.48707
4451.281942
4443.589635
4441.025532
4435.384507
4433.333225
4443.076814
4444.102455
4434.871686
4430.256302
4434.358866
4434.871686
4428.71784
4426.666558
4434.358866
4439.999891
4432.820404
4429.743481
4433.846045
4436.922968
4433.333225
4431.794763
4436.410148
4438.97425
4430.256302
4426.153738
4433.846045
4438.46143
4436.410148
4433.333225
4425.640917
4420.512712
4425.640917
4427.179379
4425.640917
4429.230661
4430.256302
4422.051174
4421.025533
4426.666558
4432.307584
4429.230661
4431.794763
4441.025532
4441.538353
4433.846045
4437.435789
4445.640917
4437.948609
4427.179379
4424.102456
4425.640917
4426.153738
4429.230661
4436.410148
4442.051173
4434.871686
4426.153738
4430.769122
4436.922968
4430.769122
4423.076815
4424.102456
4429.743481
4432.307584
4423.589635
4415.384507
4420.512712
4429.743481
4425.128097
4417.94861
4417.435789
4421.025533
4422.563994
4425.128097
4427.179379
4423.076815
4416.410148
4415.897328
4417.94861
4419.487071
4421.538353
4425.128097
4427.179379
4428.20502
4430.769122
4426.666558
4421.538353
4423.589635
4429.230661
4426.153738
4426.666558
4431.281943
4426.153738
4415.384507
4412.820405
4417.435789
4418.46143
4415.897328
4419.487071
4425.128097
4424.102456
4425.640917
4426.666558
4419.487071
4415.897328
4422.051174
4422.563994
4420.512712
4423.076815
4428.20502
4427.692199
4423.076815
4421.538353
4426.153738
4429.230661
4421.025533
4418.46143
4426.153738
4429.743481
4424.615276
4425.640917
4434.871686
4438.46143
4433.333225
4430.256302
4431.281943
4428.71784
4426.666558
4430.769122
4430.256302
4419.999892
4419.999892
4424.615276
4426.153738
4426.666558
4428.71784
4428.20502
4432.820404
4442.051173
4446.666558
4451.794763
4454.358865
4445.128096
4432.820404
4432.307584
4435.897327
4433.333225
4424.102456
4419.999892
4418.46143
4418.46143
4420.512712
4424.615276
4427.179379
4433.333225
4437.948609
4435.384507
4436.410148
4440.512712
4438.97425
4434.358866
4429.743481
4424.615276
4429.743481
4437.948609
4436.410148
4429.230661
4431.281943
4432.307584
4428.20502
4425.128097
4425.640917
4427.179379
4427.692199
4423.076815
4418.46143
4421.025533
4423.076815
4419.487071
4415.384507
4422.563994
4433.846045
4436.922968
4430.256302
4425.640917
4420.512712
4417.94861
4422.051174
4425.128097
4423.589635
4422.563994
4423.076815
4423.076815
4429.743481
4432.820404
4428.20502
4426.153738
4430.769122
4427.179379
4417.435789
4418.46143
4426.666558
4423.076815
4413.846046
4412.820405
4415.897328
4416.922969
4418.46143
4419.999892
4418.974251
4416.922969
4414.358866
4416.922969
4424.102456
4431.281943
4426.666558
4422.051174
4427.692199
4430.256302
4421.538353
4419.999892
4426.153738
4430.256302
4431.281943
4428.71784
4424.615276
4421.025533
4421.538353
4427.692199
4434.871686
4433.333225
4433.846045
4436.922968
4433.846045
4426.666558
4426.153738
4427.692199
4426.666558
4424.615276
4419.487071
4417.435789
4424.615276
4428.20502
4421.025533
4419.999892
4426.666558
4428.71784
4423.076815
4418.974251
4419.999892
4428.71784
4435.384507
4434.358866
4431.794763
4431.281943
4430.769122
4430.256302
4435.897327
4440.512712
4444.615276
4447.179378
4443.589635
4435.897327
4432.307584
4431.794763
4428.20502
4420.512712
4418.46143
4420.512712
4424.102456
4429.230661
4434.358866
4435.384507
4426.666558
4422.563994
4430.256302
4435.897327
4429.743481
4430.256302
4437.948609
4437.435789
4433.846045
4435.384507
4434.871686
4431.281943
4426.153738
4422.051174
4421.538353
4426.153738
4430.256302
4429.743481
4421.538353
4410.769123
4410.256302
4413.846046
4421.538353
4424.615276
4422.563994
4426.153738
4434.358866
4428.20502
4417.435789
4417.435789
4419.487071
4422.563994
4426.153738
4426.666558
4424.615276
4423.076815
4421.538353
4427.179379
4434.358866
4431.281943
4425.640917
4426.153738
4423.589635
4419.487071
4415.384507
4411.281943
4407.6922
4407.6922
4415.384507
4421.538353
4420.512712
4417.435789
4416.922969
4414.871687
4417.435789
4419.487071
4414.358866
4412.820405
4416.922969
4412.820405
4408.20502
4412.820405
4417.435789
4415.897328
4414.871687
4418.974251
4423.076815
4429.743481
4432.820404
4431.281943
4427.179379
4423.076815
4419.487071
4422.563994
4425.640917
4427.179379
4428.71784
4430.769122
4434.358866
4441.025532
4445.640917
4444.615276
4447.179378
4449.743481
4447.179378
4437.948609
4430.256302
4428.20502
4434.358866
4439.999891
4441.538353
4440.512712
4443.076814
4448.71784
4450.769122
4441.025532
4426.666558
4425.128097
4430.769122
4429.230661
4425.640917
4430.256302
4440.512712
4444.102455
4430.769122
4419.487071
4426.666558
4433.333225
4424.102456
4421.025533
4430.769122
4431.794763
4428.71784
4435.384507
4446.153737
4445.640917
4444.102455
4449.743481
4457.435788
4455.897327
4453.846045
4459.48707
4470.256301
4473.846044
4472.307583
4474.871685
4479.99989
4479.48707
4474.871685
4479.48707
4488.717839
4496.922967
4504.102454
4512.307582
4517.435787
4521.538351
4522.051171
4518.974248
4511.794761
4503.589633
4502.051172
4507.179377
4511.794761
4508.717838
4498.974249
4494.358864
4498.461428
4494.358864
4483.076813
4478.461429
4482.563993
4486.666557
4489.230659
4487.179377
4481.025531
4472.307583
4462.563993
4453.333224
4451.281942
4455.897327
4457.435788
4457.435788
4458.97425
4463.076814
4460.512711
4454.871686
4454.871686
4461.025532
4458.97425
4460.512711
4475.897326
4483.589634
4470.256301
4462.563993
4477.948608
4488.717839
4483.589634
4485.640916
4494.871685
4489.74348
4483.076813
4486.153736
4493.846044
4499.99989
4499.99989
4493.846044
4498.974249
4509.230659
4509.743479
4500.51271
4494.358864
4493.846044
4492.307582
4490.769121
4486.666557
4483.589634
4484.615275
4484.615275
4468.205019
4453.846045
4449.23066
4445.128096
4439.487071
4431.794763
4416.410148
4406.153738
4399.487072
4389.230662
4386.153739
4385.640918
4375.384508
4369.230662
4377.43579
4379.999893
4376.410149
4373.846047
4370.769124
4367.692201
4372.820406
4382.563995
4386.666559
4377.43579
4365.640919
4366.153739
4370.256303
4367.17938
4361.025534
4354.358868
4345.640919
4338.974253
4333.846048
4336.922971
4345.640919
4348.205022
4337.948612
4327.692202
4318.461433
4310.769125
4311.281946
4310.769125
4306.153741
4300.512715
4292.820408
4285.1281
4289.230664
4304.102459
4318.974253
4322.051176
4322.563997
4327.179381
4328.717843
4327.179381
4339.487073
4357.435791
4361.538355
4358.461432
4361.538355
4365.128098
4368.205021
4379.487072
4391.281944
4395.897328
4398.974251
4397.43579
4384.102457
4378.461431
4384.102457
4390.256303
4388.717841
4376.92297
4366.66656
4370.256303
4373.333226
4366.66656
4367.692201
4375.384508
4373.333226
4368.717842
4374.358867
4373.846047
4371.794765
4372.820406
4366.153739
4355.897329
4362.051175
4371.794765
4371.281944
4369.230662
4372.307585
4378.974252
4383.076816
4378.461431
4364.102457
4358.974252
4359.999893
4350.256304
4339.999894
4346.66656
4358.461432
4364.615278
4368.717842
4374.871688
4387.17938
4401.538354
4406.666559
4408.20502
4411.281943
4410.256302
4411.281943
4415.897328
4422.051174
4427.179379
4431.281943
4434.871686
4444.615276
4451.281942
4442.563994
4434.358866
4440.512712
4444.615276
4436.922968
4433.333225
4436.922968
4436.922968
4434.871686
4431.794763
4422.051174
4413.846046
4410.256302
4414.871687
4417.94861
4418.46143
4414.871687
4409.230661
4402.051174
4398.974251
4396.922969
4392.307585
4389.743482
4386.153739
4386.666559
4394.871687
4401.538354
4400.512713
4395.384508
4385.640918
4383.076816
4386.153739
4379.487072
4369.230662
4372.820406
4383.589636
4383.589636
4383.076816
4391.281944
4397.94861
4391.281944
4383.589636
4387.17938
4399.999892
4411.281943
4421.025533
4425.640917
4425.128097
4419.999892
4419.999892
4425.640917
4430.256302
4435.897327
4441.025532
4438.46143
4433.846045
4437.948609
4450.256301
4458.97425
4453.846045
4444.615276
4448.205019
4462.563993
4466.153737
4460.512711
4457.435788
4460.512711
4465.640916
4465.640916
4466.666557
4473.333224
4471.794762
4458.97425
4456.410147
4458.461429
4456.410147
4451.281942
4447.179378
4449.23066
4461.538352
4470.769121
4468.717839
4464.615275
4466.153737
4469.74348
4471.281942
4473.333224
4476.410147
4473.333224
4459.48707
4448.71784
4451.794763
4459.48707
4459.999891
4466.153737
4475.384506
4470.256301
4457.435788
4452.820404
4452.307583
4455.897327
4465.640916
4474.871685
4479.48707
4475.897326
4466.666557
4455.897327
4452.307583
4452.307583
4447.692199
4443.076814
4449.743481
4452.820404
4446.666558
4442.051173
4439.487071
4437.948609
4439.999891
4438.46143
4432.307584
4433.333225
4437.435789
4438.97425
4441.025532
4450.769122
4457.948609
4461.538352
4464.102455
4457.948609
4436.410148
4425.128097
4427.179379
4427.692199
4428.20502
4426.153738
4417.435789
4408.717841
4407.6922
4403.589636
4399.999892
4398.461431
4395.897328
4394.871687
4399.487072
4401.025533
4401.025533
4408.717841
4418.46143
4417.435789
4416.922969
4428.71784
4439.487071
4447.692199
4453.846045
4452.307583
4447.692199
4456.410147
4463.589634
4469.74348
4481.538352
4493.846044
4505.128095
4516.922966
4522.563992
4526.153735
4532.307581
4535.384504
4543.589632
4554.358863
4553.846042
4546.666555
4547.692196
4546.153735
4538.461427
4526.666556
4515.897325
4502.563992
4487.179377
4469.74348
4449.23066
4435.897327
4439.999891
4448.205019
4446.666558
4446.666558
4453.333224
4462.051173
4471.794762
4479.48707
4476.410147
4469.23066
4458.97425
4451.794763
4451.281942
4446.153737
4429.743481
4415.384507
4408.717841
4402.563995
4397.94861
4398.974251
4403.076815
4402.051174
4396.922969
4387.6922
4381.538354
4379.999893
4382.051175
4374.871688
4370.769124
4376.92297
4377.948611
4369.230662
4362.051175
4368.205021
4376.410149
4372.820406
4367.692201
4374.871688
4379.999893
4381.025534
4388.717841
4394.358867
4393.333226
4394.358867
4390.256303
4386.153739
4391.794764
4399.487072
4401.025533
4395.897328
4389.230662
4391.281944
4401.025533
4406.666559
4411.281943
4414.871687
4408.717841
4397.43579
4398.974251
4410.256302
4421.025533
4422.563994
4416.922969
4417.435789
4426.666558
4431.281943
4426.153738
4423.589635
4428.71784
4433.846045
4427.692199
4419.999892
4419.999892
4424.102456
4420.512712
4416.922969
4422.563994
4433.333225
4437.948609
4433.846045
4432.820404
4437.948609
4438.97425
4430.256302
4429.230661
4439.487071
4439.487071
4429.230661
4432.307584
4445.640917
4450.256301
4441.538353
4436.410148
4437.948609
4438.97425
4437.435789
4434.358866
4433.333225
4440.512712
4449.23066
4447.692199
4448.205019
4452.820404
4449.23066
4441.025532
4438.97425
4438.97425
4439.487071
4442.051173
4439.487071
4433.333225
4435.897327
4443.076814
4442.563994
4438.46143
4429.743481
4417.94861
4416.410148
4423.076815
4414.871687
4404.102456
4413.333225
4427.179379
4422.051174
4410.769123
4408.20502
4408.717841
4404.615277
4403.076815
4405.640918
4404.102456
4401.025533
4399.487072
4403.589636
4415.384507
4426.153738
4424.615276
4415.384507
4407.6922
4407.6922
4408.717841
4407.6922
4404.615277
4403.076815
4402.051174
4398.461431
4389.743482
4382.563995
4385.128098
4386.666559
4381.538354
4379.487072
4380.512713
4373.846047
4365.128098
4359.487073
4351.794765
4344.102458
4344.102458
4351.281945
4368.205021
4389.230662
4406.153738
4417.435789
4421.025533
4417.94861
4415.384507
4422.563994
4431.794763
4431.794763
4425.128097
4421.538353
4419.487071
4418.974251
4418.46143
4412.820405
4402.051174
4394.358867
4390.256303
4384.615277
4375.897329
4372.307585
4381.025534
4389.230662
4389.743482
4393.333226
4405.640918
4412.820405
4413.333225
4416.922969
4424.615276
4431.281943
4442.051173
4462.051173
4479.99989
4484.102454
4481.538352
4487.179377
4493.333223
4494.871685
4501.538351
4517.435787
4522.563992
4518.461428
4521.538351
4531.28194
4534.871684
4535.897325
4532.820402
4523.589633
4526.153735
4526.153735
4494.358864
4455.897327
4438.97425
4430.256302
4432.820404
4444.102455
4442.563994
4428.20502
4423.589635
4429.743481
4433.333225
4427.179379
4418.46143
4414.871687
4410.256302
4405.128097
4411.281943
4426.153738
4432.820404
4432.820404
4433.333225
4429.743481
4421.025533
4414.358866
4401.025533
4385.128098
4379.487072
4377.948611
4366.66656
4352.307586
4341.538355
4327.692202
4308.717843
4295.38451
4294.358869
4287.179382
4271.281947
4259.999896
4258.974255
4263.589639
4275.384511
4287.179382
4303.076818
4324.615279
4338.461432
4346.66656
4358.461432
4368.717842
4373.846047
4382.051175
4395.384508
4407.6922
4416.410148
4424.615276
4437.435789
4445.640917
4441.025532
4444.615276
4463.076814
4478.461429
4485.640916
4494.871685
4509.743479
4522.051171
4527.692197
4534.358863
4547.692196
4552.307581
4555.897324
4566.153734
4573.846042
4574.871683
4582.05117
4588.717837
4588.717837
4582.05117
4576.410145
4570.769119
4566.666555
4569.230657
4565.128093
4557.948606
4558.974247
4563.076811
4551.28194
4539.487068
4543.076812
4549.230658
4544.615273
4549.743478
4567.692196
4572.820401
4568.205016
4575.384504
4578.461427
4567.692196
4556.922965
4553.333222
4546.666555
4530.256299
4522.051171
4521.538351
4513.333223
4496.922967
4487.692198
4477.948608
4467.179378
4458.461429
4448.71784
4444.102455
4450.256301
4462.051173
4475.384506
4487.179377
4495.897326
4503.076813
4507.179377
4506.153736
4504.102454
4508.717838
4521.538351
4535.897325
4541.53835
4540.512709
4534.358863
4527.179376
4521.538351
4507.179377
4483.589634
4461.025532
4440.512712
4416.410148
4405.128097
4409.743482
4415.897328
4421.025533
4426.153738
4422.051174
4410.256302
4394.358867
4378.461431
4365.128098
4355.384509
4346.15374
4337.948612
4337.435791
4343.589637
4352.820406
4358.461432
4359.999893
4355.384509
4349.230663
4349.743483
4362.051175
4372.820406
4374.358867
4372.820406
4381.538354
4392.307585
4394.358867
4393.333226
4394.871687
4390.256303
4376.92297
4370.256303
4371.794765
4370.769124
4366.153739
