
4674.35886
4668.205014
4659.999886
4654.358861
4646.153733
4637.948605
4639.487066
4643.07681
4643.07681
4644.615271
4644.615271
4641.025528
4642.051169
4647.692194
4649.743476
4645.128092
4643.58963
4647.179374
4648.717835
4653.84604
4656.410143
4650.769117
4646.666553
4650.769117
4651.281938
4645.128092
4641.538348
4643.07681
4645.640912
4643.07681
4638.461425
4642.563989
4650.256297
4648.205015
4644.615271
4647.692194
4650.769117
4648.205015
4646.666553
4647.692194
4652.307579
4654.871681
4655.384502
4654.871681
4651.794758
4655.384502
4663.58963
4666.153732
4660.512707
4654.358861
4649.230656
4647.692194
4646.666553
4641.025528
4638.461425
4648.205015
4655.384502
4651.281938
4645.640912
4647.692194
4646.153733
4640.512707
4642.563989
4642.051169
4634.871682
4633.33322
4639.999887
4643.07681
4646.666553
4647.692194
4643.58963
4646.153733
4651.281938
4649.230656
4647.692194
4649.230656
4650.769117
4649.743476
4647.179374
4648.717835
4651.281938
4647.692194
4648.717835
4654.358861
4651.794758
4649.743476
4652.307579
4650.769117
4652.307579
4658.974245
4654.871681
4649.743476
4660.512707
4664.10245
4649.743476
4645.128092
4656.922963
4657.435784
4647.692194
4647.179374
4651.281938
4644.615271
4636.410143
4640.512707
4649.230656
4647.179374
4641.025528
4643.58963
4648.717835
4647.179374
4646.153733
4649.743476
4648.205015
4645.128092
4650.769117
4651.794758
4638.974246
4631.794759
4633.846041
4635.897323
4634.358861
4631.794759
4631.281938
4635.897323
4633.846041
4630.769118
4639.487066
4645.128092
4633.846041
4627.692195
4638.461425
4642.563989
4639.999887
4644.102451
4650.769117
4645.128092
4638.461425
4636.922964
4637.948605
4637.948605
4636.410143
4637.948605
4634.358861
4631.794759
4637.435784
4639.487066
4631.281938
4628.205015
4630.769118
4627.692195
4626.153733
4629.230656
4623.07681
4627.692195
4643.58963
4638.974246
4624.102451
4629.743477
4638.974246
4635.897323
4637.948605
4637.435784
4626.153733
4618.974246
4621.025528
4619.487067
4614.871682
4615.897323
4620.512708
4623.589631
4629.230656
4633.846041
4628.205015
4624.102451
4633.33322
4642.563989
4636.922964
4631.794759
4639.487066
4648.205015
4649.230656
4650.256297
4651.794758
4653.33322
4654.871681
4653.33322
4647.692194
4649.743476
4657.948604
4659.487066
4654.871681
4649.743476
4648.717835
4649.230656
4646.666553
4643.58963
4643.58963
4644.102451
4645.128092
4648.717835
4650.769117
4650.256297
4652.307579
4651.794758
4648.205015
4652.307579
4660.512707
4661.025527
4656.410143
4652.307579
4642.051169
4631.794759
4630.256297
4632.8204
4634.358861
4638.974246
4639.487066
4635.384502
4638.974246
4645.128092
4645.128092
4644.102451
4644.615271
4645.640912
4647.692194
4646.153733
4646.666553
4649.743476
4649.230656
4647.692194
4648.717835
4646.153733
4645.640912
4650.256297
4652.820399
4646.666553
4638.461425
4641.538348
4648.205015
4645.128092
4642.051169
4642.051169
4636.922964
4635.897323
4643.58963
4648.717835
4645.640912
4643.07681
4646.153733
4648.205015
4646.153733
4654.358861
4665.128091
4661.538348
4653.84604
4657.948604
4665.640912
4665.128091
4662.051168
4659.487066
4651.794758
4637.948605
4629.743477
4628.717836
4628.717836
4630.256297
4631.281938
4634.358861
4641.025528
4639.999887
4637.948605
4644.615271
4651.281938
4648.205015
4647.179374
4650.769117
4650.769117
4646.153733
4642.563989
4646.666553
4651.281938
4651.794758
4649.743476
4650.256297
4654.871681
4658.974245
4655.384502
4649.230656
4647.692194
4648.205015
4648.717835
4649.743476
4649.743476
4647.179374
4645.640912
4646.666553
4645.640912
4640.512707
4637.435784
4638.461425
4639.999887
4641.025528
4642.563989
4644.102451
4644.102451
4641.538348
4638.974246
4634.871682
4632.307579
4637.948605
4639.999887
4639.999887
4646.666553
4652.307579
4647.692194
4643.58963
4645.640912
4647.692194
4648.205015
4647.179374
4645.128092
4644.615271
4647.692194
4649.230656
4647.692194
4647.692194
4650.256297
4650.256297
4650.769117
4649.230656
4648.205015
4646.666553
4644.102451
4646.153733
4653.33322
4657.435784
4654.871681
4649.743476
4647.692194
4648.205015
4643.58963
4638.461425
4636.922964
4636.922964
4638.461425
4644.102451
4647.692194
4650.256297
4651.794758
4647.692194
4643.07681
4646.666553
4653.33322
4654.358861
4650.769117
4648.205015
4646.153733
4644.615271
4646.666553
4642.563989
4638.461425
4640.512707
4643.58963
4643.07681
4647.692194
4653.84604
4647.692194
4638.974246
4642.051169
4647.179374
4643.07681
4639.999887
4642.563989
4641.538348
4635.384502
4629.230656
4625.640913
4626.666554
4629.743477
4632.8204
4635.897323
4640.512707
4645.640912
4647.179374
4648.717835
4649.230656
4647.179374
4647.692194
4653.33322
4652.820399
4650.256297
4650.769117
4649.743476
4647.692194
4648.205015
4647.692194
4648.205015
4651.794758
4655.384502
4654.358861
4651.281938
4654.871681
4658.461425
4654.358861
4653.84604
4658.974245
4654.871681
4647.692194
4645.640912
4643.07681
4638.461425
4640.512707
4644.615271
4645.128092
4646.153733
4651.281938
4654.358861
4657.435784
4658.461425
4653.33322
4651.281938
4651.794758
4650.769117
4653.84604
4661.538348
4660.512707
4655.897322
4654.358861
4656.922963
4658.974245
4654.358861
4654.871681
4663.076809
4661.538348
4651.794758
4651.794758
4654.871681
4649.743476
4644.102451
4647.692194
4655.384502
4656.410143
4653.84604
4656.410143
4657.435784
4655.897322
4656.410143
4652.307579
4648.717835
4651.281938
4650.769117
4647.692194
4651.281938
4649.743476
4645.640912
4649.230656
4653.33322
4651.281938
4654.358861
4656.922963
4654.871681
4653.84604
4652.820399
4650.769117
4647.179374
4644.102451
4643.07681
4641.025528
4631.794759
4629.743477
4638.974246
4646.153733
4646.153733
4649.743476
4653.33322
4651.281938
4647.692194
4651.281938
4653.84604
4650.256297
4646.153733
4646.666553
4649.230656
4650.256297
4651.281938
4653.33322
4651.281938
4644.615271
4645.640912
4652.307579
4649.743476
4640.512707
4638.461425
4638.974246
4630.769118
4622.051169
4621.025528
4623.07681
4626.153733
4626.153733
4620.512708
4621.538349
4627.692195
4629.743477
4628.205015
4625.128092
4617.948605
4618.461426
4625.128092
4626.153733
4625.640913
4627.692195
4630.769118
4632.8204
4633.33322
4634.358861
4632.8204
4632.307579
4638.974246
4641.025528
4637.948605
4636.922964
4635.384502
4628.205015
4626.153733
4631.794759
4633.846041
4635.384502
4635.897323
4631.281938
4628.717836
4631.794759
4632.307579
4628.717836
4629.230656
4629.743477
4628.717836
4633.33322
4633.33322
4627.179374
4627.692195
4630.256297
4624.615272
4623.589631
4633.33322
4638.461425
4638.974246
4643.58963
4643.07681
4632.8204
4630.256297
4636.410143
4635.897323
4630.769118
4627.692195
4625.640913
4627.692195
4627.692195
4624.102451
4625.128092
4625.640913
4622.56399
4624.102451
4626.666554
4622.56399
4619.487067
4618.974246
4618.974246
4624.102451
4626.666554
4619.487067
4620.512708
4628.717836
4628.205015
4625.640913
4629.743477
4630.256297
4628.205015
4627.692195
4627.692195
4631.794759
4630.256297
4621.538349
4621.025528
4628.717836
4629.230656
4623.589631
4618.461426
4621.538349
4631.281938
4632.307579
4623.589631
4624.102451
4634.358861
4633.33322
4621.538349
4617.435785
4627.692195
4635.897323
4631.794759
4626.666554
4628.205015
4627.692195
4624.615272
4622.56399
4620.512708
4616.922964
4613.846041
4613.333221
4617.948605
4624.102451
4625.128092
4626.153733
4628.717836
4624.102451
4617.948605
4619.487067
4622.56399
4623.07681
4624.615272
4624.615272
4624.615272
4626.666554
4624.102451
4619.487067
4621.025528
4624.615272
4627.179374
4629.230656
4631.794759
4632.307579
4627.692195
4625.640913
4635.897323
4638.974246
4631.794759
4629.743477
4631.794759
4630.769118
4634.358861
4638.974246
4636.922964
4632.8204
4630.256297
4631.281938
4628.717836
4623.589631
4629.230656
4633.33322
4624.615272
4619.487067
4622.051169
4621.025528
4618.974246
4618.461426
4614.358862
4612.8204
4617.435785
4621.025528
4622.051169
4623.589631
4622.56399
4622.051169
4624.615272
4624.102451
4625.640913
4632.307579
4631.794759
4625.640913
4625.640913
4627.692195
4629.230656
4634.358861
4635.384502
4630.769118
4628.205015
4629.743477
4633.33322
4633.846041
4628.717836
4624.615272
4628.717836
4635.897323
4636.922964
4633.33322
4626.666554
4622.051169
4622.56399
4625.128092
4624.615272
4624.102451
4623.07681
4620.512708
4621.025528
4625.128092
4630.769118
4630.769118
4627.692195
4624.102451
4623.589631
4626.153733
4630.769118
4634.871682
4632.8204
4628.205015
4625.128092
4622.56399
4622.051169
4620.512708
4617.435785
4621.538349
4631.281938
4633.33322
4630.769118
4633.33322
4633.33322
4630.256297
4630.256297
4634.358861
4635.384502
4634.358861
4632.8204
4629.230656
4628.205015
4630.769118
4629.230656
4626.153733
4631.794759
4634.358861
4629.230656
4627.179374
4629.743477
4629.230656
4630.769118
4630.769118
4623.589631
4622.56399
4627.179374
4628.717836
4627.179374
4627.179374
4625.640913
4622.051169
4617.948605
4620.512708
4627.692195
4628.717836
4622.051169
4624.102451
4627.692195
4626.666554
4625.640913
4631.281938
4632.8204
4626.666554
4623.589631
4624.102451
4625.128092
4626.153733
4629.743477
4629.743477
4627.692195
4627.179374
4626.666554
4626.153733
4629.743477
4633.33322
4636.410143
4638.461425
4632.8204
4627.179374
4631.794759
4633.33322
4632.307579
4637.948605
4637.948605
4631.794759
4630.256297
4622.051169
4610.769118
4616.410144
4623.07681
4622.051169
4622.051169
4624.615272
4625.128092
4625.128092
4625.640913
4629.230656
4633.846041
4633.846041
4634.358861
4638.461425
4636.410143
4631.794759
4629.743477
4627.179374
4629.743477
4636.410143
4635.897323
4632.307579
4634.358861
4632.8204
4628.205015
4629.743477
4634.358861
4634.871682
4633.33322
4633.33322
4634.871682
4634.358861
4634.358861
4637.948605
4636.410143
4629.230656
4628.205015
4632.8204
4633.846041
4630.256297
4629.743477
4634.871682
4639.999887
4641.025528
4639.999887
4637.948605
4637.948605
4636.922964
4633.846041
4632.8204
4635.897323
4633.846041
4628.717836
4627.179374
4628.717836
4629.230656
4632.8204
4636.410143
4636.410143
4643.58963
4649.230656
4639.487066
4628.717836
4630.769118
4634.358861
4635.384502
4631.794759
4629.230656
4632.307579
4633.846041
4633.846041
4637.435784
4636.410143
4633.846041
4634.358861
4634.871682
4635.897323
4634.358861
4632.8204
4635.897323
4640.512707
4636.922964
4633.33322
4634.871682
4636.410143
4640.512707
4642.051169
4638.461425
4636.922964
4635.384502
4634.358861
4637.435784
4638.461425
4637.948605
4642.051169
4642.563989
4635.897323
4633.33322
4628.717836
4622.56399
4622.051169
4620.512708
4617.948605
4622.051169
4629.743477
4632.8204
4633.846041
4639.999887
4643.07681
4637.435784
4630.769118
4627.692195
4624.102451
4619.487067
4617.948605
4617.435785
4619.999887
4621.538349
4621.538349
4619.999887
4618.974246
4621.025528
4625.128092
4628.205015
4629.230656
4631.794759
4633.33322
4634.871682
4631.794759
4621.538349
4616.922964
4622.051169
4623.07681
4623.589631
4626.666554
4629.230656
4632.8204
4630.256297
4625.128092
4625.640913
4626.666554
4620.512708
4616.410144
4614.358862
4609.230657
4608.717836
4612.30758
4618.461426
4621.538349
4617.948605
4615.384503
4624.102451
4631.794759
4629.743477
4629.743477
4632.8204
4629.743477
4627.692195
4628.205015
4631.281938
4633.33322
4630.769118
4630.256297
4637.948605
4638.461425
4631.281938
4632.8204
4637.948605
4636.410143
4632.307579
4635.384502
4642.563989
4644.615271
4639.999887
4636.922964
4636.922964
4637.948605
4638.974246
4643.58963
4648.717835
4645.128092
4638.974246
4640.512707
4640.512707
4637.435784
4639.999887
4636.922964
4628.717836
4634.358861
4641.538348
4630.256297
4619.999887
4625.640913
4630.769118
4624.615272
4619.487067
4620.512708
4623.589631
4623.589631
4622.56399
4624.615272
4628.717836
4628.717836
4628.205015
4631.794759
4635.897323
4636.410143
4634.871682
4636.410143
4636.922964
4634.871682
4633.846041
4638.461425
4641.538348
4638.461425
4636.410143
4639.999887
4643.07681
4641.538348
4640.512707
4642.563989
4642.051169
4642.563989
4646.153733
4644.102451
4638.974246
4639.999887
4642.051169
4639.487066
4638.974246
4642.051169
4641.025528
4638.974246
4638.974246
4639.487066
4642.051169
4645.128092
4648.205015
4652.820399
4652.820399
4647.179374
4645.128092
4648.717835
4651.281938
4649.743476
4646.153733
4644.102451
4643.58963
4641.538348
4639.487066
4639.999887
4639.487066
4638.974246
4642.051169
4642.051169
4637.435784
4634.871682
4635.897323
4635.897323
4639.487066
4647.692194
4654.871681
4656.410143
4654.358861
4652.820399
4653.33322
4656.410143
4655.897322
4651.281938
4648.205015
4650.769117
4650.769117
4649.230656
4652.307579
4650.769117
4643.07681
4642.563989
4648.205015
4651.794758
4647.692194
4645.640912
4650.769117
4652.820399
4645.640912
4643.07681
4648.205015
4644.615271
4637.435784
4642.051169
4649.743476
4645.640912
4637.948605
4633.846041
4631.281938
4629.743477
4633.846041
4633.33322
4628.717836
4634.358861
4641.538348
4638.461425
4638.461425
4650.256297
4654.358861
4650.769117
4650.769117
4654.358861
4657.435784
4655.897322
4651.281938
4651.281938
4649.743476
4642.563989
4639.487066
4643.58963
4643.58963
4641.538348
4643.07681
4641.538348
4637.948605
4638.974246
4642.051169
4637.948605
4634.358861
4637.948605
4639.999887
4635.384502
4634.871682
4640.512707
4641.538348
4638.974246
4639.487066
4639.999887
4633.846041
4624.102451
4621.538349
4631.281938
4639.487066
4637.948605
4636.410143
4643.07681
4646.666553
4644.102451
4641.538348
4639.487066
4632.8204
4626.153733
4630.256297
4638.461425
4640.512707
4642.051169
4643.07681
4644.615271
4652.307579
4658.974245
4653.84604
4648.205015
4648.205015
4646.666553
4645.128092
4644.615271
4646.153733
4648.717835
4646.666553
4645.640912
4648.717835
4648.205015
4646.666553
4650.256297
4652.307579
4650.769117
4647.179374
4646.153733
4646.666553
4645.128092
4641.538348
4641.538348
4638.974246
4634.871682
4637.435784
4643.07681
4646.153733
4646.153733
4647.179374
4655.384502
4662.051168
4657.948604
4651.794758
4648.205015
4645.640912
4643.58963
4643.07681
4639.999887
4636.922964
4632.8204
4628.717836
4631.794759
4642.051169
4650.256297
4652.820399
4654.358861
4654.871681
4655.384502
4656.410143
4655.897322
4654.358861
4653.33322
4647.179374
4638.974246
4637.948605
4638.974246
4634.358861
4631.794759
4633.846041
4637.435784
4638.461425
4635.384502
4633.33322
4634.871682
4635.897323
4631.281938
4626.666554
4626.153733
4624.102451
4623.07681
4628.205015
4630.769118
4624.102451
4621.025528
4623.589631
4621.538349
4616.410144
4614.871682
4618.974246
4626.666554
4627.692195
4625.128092
4628.717836
4634.871682
4630.769118
4625.128092
4628.205015
4629.743477
4629.230656
4632.307579
4638.461425
4641.538348
4640.512707
4637.435784
4640.512707
4650.256297
4657.948604
4658.974245
4657.948604
4656.922963
4655.897322
4655.897322
4659.999886
4662.563989
4661.538348
4659.999886
4659.999886
4662.563989
4662.051168
4661.538348
4663.58963
4664.615271
4663.58963
4663.58963
4662.051168
4657.435784
4657.948604
4661.538348
4663.076809
4666.153732
4669.230655
4671.281937
4671.281937
4670.256296
4670.256296
4668.205014
4668.205014
4671.281937
4666.666553
4657.435784
4658.461425
4662.051168
4658.974245
4656.922963
4655.897322
4652.820399
4652.307579
4652.820399
4651.794758
4652.820399
4646.666553
4635.384502
4633.33322
4638.461425
4641.025528
4642.051169
4644.615271
4651.794758
4659.999886
4659.487066
4656.922963
4657.435784
4652.820399
4649.230656
4656.922963
4662.051168
4655.384502
4650.769117
4650.769117
4646.153733
4644.102451
4642.563989
4638.461425
4637.435784
4639.999887
4641.025528
4645.640912
4646.666553
4644.615271
4646.153733
4638.461425
4627.692195
4631.281938
4635.897323
4634.871682
4642.563989
4648.205015
4642.051169
4636.410143
4637.435784
4638.974246
4639.487066
4639.487066
4642.051169
4646.153733
4643.58963
4635.897323
4637.435784
4643.07681
4642.051169
4638.974246
4636.922964
4637.948605
4642.051169
4645.128092
4644.615271
4646.153733
4647.692194
4647.179374
4646.666553
4647.692194
4649.743476
4649.230656
4647.179374
4651.794758
4656.922963
4652.820399
4647.179374
4646.666553
4645.128092
4638.974246
4637.435784
4641.025528
4640.512707
4639.999887
4641.538348
4641.538348
4639.999887
4635.897323
4631.794759
4631.794759
4631.281938
4625.640913
4625.128092
4629.230656
4631.281938
4634.871682
4632.8204
4628.205015
4633.846041
4641.538348
4642.051169
4643.07681
4644.102451
4645.128092
4646.666553
4644.102451
4641.025528
4642.051169
4641.538348
4643.58963
4649.230656
4648.205015
4646.153733
4646.153733
4646.153733
4645.640912
4646.666553
4644.102451
4637.948605
4634.871682
4637.435784
4639.487066
4635.897323
4635.384502
4637.948605
4633.33322
4625.640913
4628.205015
4631.281938
4626.666554
4625.128092
4628.717836
4622.051169
4611.794759
4612.8204
4616.922964
4613.333221
4610.769118
4613.846041
4613.333221
4612.8204
4618.974246
4628.205015
4633.33322
4635.384502
4634.871682
4634.871682
4635.384502
4633.33322
4629.743477
4629.230656
4634.358861
4641.538348
4643.58963
4643.58963
4644.102451
4643.58963
4646.153733
4651.281938
4653.33322
4651.281938
4651.794758
4651.281938
4649.230656
4649.743476
4650.256297
4648.205015
4646.666553
4646.153733
4646.153733
4649.743476
4648.717835
4643.58963
4641.538348
4641.538348
4638.974246
4637.435784
4638.974246
4640.512707
4635.384502
4631.281938
4636.410143
4637.435784
4631.281938
4632.307579
4633.33322
4626.666554
4628.717836
4641.025528
4647.692194
4646.666553
4650.256297
4650.256297
4640.512707
4634.871682
4639.487066
4639.999887
4633.33322
4632.307579
4637.948605
4642.051169
4639.999887
4641.025528
4649.230656
4648.717835
4643.07681
4649.230656
4653.84604
4648.717835
4649.230656
4654.871681
4656.410143
4657.435784
4656.922963
4656.410143
4654.358861
4647.692194
4646.153733
4651.794758
4650.256297
4642.563989
4644.102451
4648.205015
4647.692194
4647.179374
4647.692194
4645.128092
4644.615271
4643.58963
4638.461425
4634.358861
4635.897323
4635.897323
4631.281938
4633.846041
4646.153733
4653.33322
4648.717835
4646.153733
4644.102451
4635.897323
4622.051169
4614.358862
4618.974246
4627.179374
4629.230656
4628.717836
4634.358861
4638.974246
4636.922964
4635.384502
4637.948605
4639.999887
4640.512707
4641.538348
4643.58963
4647.692194
4650.769117
4648.717835
4647.692194
4648.717835
4647.692194
4645.128092
4643.58963
4643.07681
4642.563989
4638.461425
4634.358861
4635.897323
4637.435784
4638.974246
4640.512707
4638.974246
4636.922964
4637.948605
4636.410143
4630.769118
4627.179374
4626.666554
4627.692195
4625.128092
4618.974246
4621.538349
4633.33322
4638.461425
4636.922964
4634.358861
4630.256297
4628.205015
4635.384502
4636.410143
4628.205015
4624.102451
4628.717836
4634.871682
4638.974246
4641.538348
4641.538348
4642.563989
4644.102451
4639.999887
4634.871682
4640.512707
4646.666553
4647.179374
4644.102451
4639.487066
4633.33322
4631.794759
4630.769118
4627.179374
4627.692195
4629.230656
4622.56399
4618.461426
4622.051169
4622.051169
4619.487067
4623.07681
4626.153733
4624.102451
4625.640913
4624.615272
4622.051169
4623.589631
4626.666554
4630.256297
4632.307579
4626.666554
4619.999887
4625.640913
4636.922964
4637.948605
4631.794759
4628.717836
4626.153733
4625.128092
4629.743477
4630.769118
4628.205015
4633.33322
4643.07681
4650.769117
4652.307579
4651.281938
4652.820399
4654.871681
4655.384502
4654.871681
4653.33322
4652.307579
4656.922963
4655.897322
4648.205015
4647.692194
4653.84604
4654.871681
4654.871681
4654.871681
4656.410143
4659.487066
4653.33322
4643.58963
4646.666553
4653.84604
4651.794758
4649.743476
4651.281938
4649.743476
4648.717835
4651.794758
4648.205015
4640.512707
4639.999887
4643.07681
4643.58963
4646.666553
4649.230656
4642.051169
4638.461425
4642.563989
4643.07681
4641.025528
4644.102451
4645.128092
4638.974246
4635.897323
4639.487066
4642.563989
4645.128092
4648.205015
4652.307579
4658.974245
4664.10245
4666.153732
4665.640912
4664.10245
4665.640912
4667.692194
4663.076809
4656.922963
4653.33322
4649.743476
4652.820399
4662.563989
4658.461425
4648.205015
4650.256297
4657.435784
4659.487066
4664.10245
4665.128091
4658.974245
4653.33322
4649.230656
4649.230656
4654.358861
4653.84604
4643.07681
4636.410143
4639.999887
4644.102451
4642.563989
4643.58963
4645.128092
4642.051169
4641.538348
4640.512707
4638.974246
4641.538348
4646.153733
4647.692194
4650.769117
4652.307579
4648.717835
4645.128092
4646.666553
4653.84604
4659.999886
4658.974245
4653.84604
4653.33322
4656.410143
4657.948604
4662.563989
4666.666553
4665.128091
4665.640912
4667.692194
4664.10245
4659.999886
4659.999886
4658.461425
4656.410143
4653.33322
4651.794758
4653.33322
4651.794758
4646.666553
4645.640912
4649.743476
4650.256297
4642.563989
4636.922964
4639.487066
4640.512707
4636.410143
4635.897323
4635.897323
4629.230656
4627.692195
4634.358861
4639.487066
4639.999887
4640.512707
4640.512707
4639.487066
4642.563989
4642.051169
4639.487066
4642.051169
4646.666553
4649.230656
4649.743476
4645.128092
4636.410143
4635.897323
4642.051169
4648.205015
4658.461425
4667.179373
4667.692194
4668.205014
4667.179373
4659.999886
4656.410143
4655.384502
4651.794758
4653.33322
4655.384502
4650.256297
4645.128092
4648.205015
4651.281938
4652.820399
4652.307579
4652.307579
4652.307579
4650.769117
4646.153733
4641.025528
4640.512707
4639.999887
4639.487066
4641.538348
4644.102451
4641.538348
4639.999887
4641.538348
4642.051169
4640.512707
4639.999887
4638.461425
4636.922964
4638.461425
4639.999887
4638.461425
4637.435784
4635.897323
4634.358861
4635.897323
4635.384502
4632.307579
4633.846041
4638.461425
4639.999887
4644.102451
4654.358861
4661.025527
4661.025527
4659.487066
4662.563989
4667.692194
4669.230655
4668.205014
4666.153732
4662.051168
4657.948604
4658.974245
4659.487066
4651.794758
4646.666553
4648.205015
4648.717835
4646.153733
4645.640912
4646.666553
4644.102451
4639.999887
4635.897323
4631.794759
4629.743477
4628.717836
4626.153733
4625.640913
4625.640913
4626.153733
4627.179374
4630.769118
4630.256297
4627.692195
4629.230656
4635.384502
4645.128092
4645.640912
4639.487066
4643.07681
4650.769117
4647.692194
4637.435784
4633.33322
4632.8204
4632.307579
4634.871682
4639.999887
4644.102451
4646.153733
4651.794758
4656.410143
4655.384502
4654.358861
4657.435784
4660.512707
4658.974245
4661.538348
4662.563989
4654.871681
4652.820399
4658.974245
4658.461425
4652.307579
4654.871681
4658.461425
4655.897322
4654.358861
4652.820399
4648.717835
4646.666553
4648.205015
4646.666553
4643.58963
4644.615271
4649.743476
4653.84604
4651.281938
4650.256297
4653.84604
4651.794758
4650.769117
4656.410143
4655.897322
4652.307579
4655.384502
4657.435784
4659.487066
4664.615271
4668.717835
4670.256296
4668.717835
4659.999886
4650.769117
4644.615271
4637.435784
4636.922964
4645.128092
4649.743476
4650.769117
4655.897322
4659.487066
4655.897322
4652.820399
4656.922963
4659.487066
4655.384502
4654.358861
4657.948604
4659.999886
4663.076809
4667.692194
4665.128091
4661.538348
4663.58963
4666.153732
4661.538348
4656.922963
4658.461425
4657.948604
4652.820399
4652.307579
4655.897322
4652.820399
4646.666553
4647.179374
4649.230656
4648.205015
4647.179374
4645.128092
4641.538348
4641.025528
4644.615271
4649.230656
4654.358861
4656.922963
4653.33322
4650.769117
4659.487066
4668.717835
4665.640912
4661.538348
4663.58963
4657.948604
4649.230656
4647.179374
4645.640912
4645.128092
4651.794758
4655.897322
4654.358861
4655.384502
4658.974245
4660.512707
4661.538348
4663.58963
4661.025527
4659.487066
4661.025527
4656.922963
4648.717835
4649.230656
4652.820399
4650.769117
4649.230656
4650.769117
4651.281938
4651.794758
4653.33322
4650.769117
4646.153733
4643.58963
4645.128092
4645.640912
4641.025528
4637.435784
4639.999887
4642.563989
4644.615271
4653.33322
4658.974245
4653.33322
4644.615271
4635.897323
4629.230656
4628.717836
4628.717836
4627.692195
4631.794759
4640.512707
4645.128092
4644.615271
4644.102451
4641.025528
4638.974246
4644.102451
4647.692194
4645.640912
4645.128092
4645.128092
4642.051169
4642.563989
4646.153733
4643.07681
4638.461425
4633.846041
4635.384502
4643.07681
4645.128092
4638.974246
4635.897323
4637.948605
4639.999887
4641.025528
4644.102451
4649.230656
4651.794758
4649.743476
4644.102451
4639.487066
4639.999887
4642.563989
4641.538348
4638.461425
4635.897323
4635.897323
4635.384502
4631.794759
4631.281938
4635.384502
4635.897323
4636.410143
4640.512707
4636.922964
4623.589631
4620.512708
4630.256297
4634.871682
4631.794759
4629.743477
4630.769118
4634.358861
4637.948605
4636.922964
4637.435784
4641.538348
4637.948605
4635.384502
4640.512707
4646.153733
4646.153733
4643.58963
4640.512707
4644.615271
4648.717835
4643.07681
4638.461425
4641.025528
4639.999887
4635.897323
4633.33322
4636.410143
4641.025528
4642.051169
4641.538348
4642.051169
4642.563989
4642.563989
4644.615271
4648.717835
4651.794758
4648.205015
4644.102451
4643.58963
4645.128092
4647.179374
4649.230656
4651.281938
4648.205015
4641.025528
4640.512707
4641.025528
4632.8204
4627.179374
4626.666554
4626.153733
4629.743477
4633.33322
4631.281938
4628.717836
4629.230656
4634.358861
4638.974246
4639.487066
4642.563989
4642.051169
4634.358861
4627.179374
4626.666554
4628.717836
4631.281938
4635.384502
4638.974246
4639.487066
4637.948605
4639.999887
4644.102451
4640.512707
4635.897323
4636.410143
4636.410143
4634.358861
4635.384502
4633.846041
4630.256297
4632.307579
4638.461425
4644.615271
4646.153733
4645.640912
4643.07681
4640.512707
4640.512707
4645.640912
4654.358861
4655.897322
4649.230656
4644.102451
4644.102451
4643.07681
4637.948605
4631.281938
4628.205015
4631.281938
4630.769118
4629.743477
4636.410143
4636.922964
4630.769118
4633.33322
4637.435784
4633.846041
4636.410143
4641.538348
4636.410143
4633.33322
4635.897323
4637.948605
4638.974246
4642.563989
4644.615271
4646.153733
4646.153733
4641.538348
4637.948605
4637.948605
4635.897323
4632.8204
4630.256297
4626.666554
4626.153733
4631.794759
4636.922964
4637.948605
4643.58963
4649.743476
4651.794758
4654.871681
4660.512707
4661.538348
4662.563989
4665.640912
4663.076809
4654.358861
4646.153733
4642.563989
4640.512707
4639.999887
4639.487066
4641.025528
4642.051169
4643.07681
4647.179374
4651.794758
4652.307579
4651.794758
4651.794758
4648.205015
4644.615271
4643.58963
4641.025528
4639.487066
4638.974246
4636.922964
4634.871682
4633.33322
4632.8204
4632.8204
4633.33322
4634.358861
4636.922964
4634.871682
4630.769118
4628.205015
4626.153733
4627.179374
4628.717836
4630.256297
4632.8204
4638.461425
4642.563989
4643.58963
4641.538348
4636.410143
4636.410143
4646.153733
4653.84604
4652.820399
4653.33322
4657.435784
4656.410143
4653.33322
4651.794758
4650.769117
4650.769117
4649.230656
4644.615271
4641.538348
4641.538348
4638.974246
4638.974246
4644.615271
4648.717835
4649.743476
4651.281938
4651.281938
4649.743476
4646.153733
4643.07681
4642.051169
4641.538348
4645.640912
4649.743476
4647.179374
4644.615271
4648.205015
4647.179374
4642.051169
4642.563989
4643.07681
4638.461425
4633.846041
4636.410143
4642.051169
4645.128092
4646.666553
4645.640912
4637.948605
4635.384502
4641.025528
4644.615271
4643.07681
4642.051169
4639.999887
4637.435784
4634.358861
4632.307579
4628.205015
4623.589631
4625.640913
4632.8204
4635.897323
4636.410143
4639.487066
4641.538348
4643.58963
4646.666553
4652.307579
4658.461425
4658.461425
4654.358861
4657.435784
4663.076809
4663.076809
4658.461425
4652.820399
4650.769117
4653.84604
4655.897322
4657.435784
4658.461425
4658.461425
4660.512707
4658.974245
4651.794758
4644.102451
4645.128092
4650.769117
4653.33322
4651.794758
4652.307579
4651.794758
4646.666553
4642.563989
4641.025528
4638.461425
4636.410143
4639.487066
4642.563989
4643.07681
4644.102451
4643.07681
4632.307579
4623.07681
4624.615272
4628.205015
4625.640913
4628.205015
4639.487066
4648.205015
4652.820399
4655.897322
4659.999886
4663.076809
4667.692194
4670.256296
4664.615271
4656.410143
4658.974245
4665.640912
4661.538348
4653.33322
4655.897322
4661.538348
4658.461425
4653.84604
4656.410143
4653.84604
4643.58963
4639.487066
4638.974246
4636.922964
4636.410143
4639.487066
4645.640912
4651.794758
4648.717835
4640.512707
4640.512707
4643.58963
4641.538348
4641.538348
4648.717835
4652.307579
4648.717835
4646.153733
4647.692194
4644.102451
4633.33322
4628.717836
4636.922964
4644.102451
4643.07681
4640.512707
4644.102451
4649.743476
4651.794758
4652.307579
4655.897322
4661.538348
4660.512707
4654.871681
4653.33322
4656.410143
4653.33322
4647.179374
4646.153733
4649.743476
4649.230656
4647.692194
4649.230656
4650.769117
4650.256297
4649.743476
4649.743476
4645.640912
4638.974246
4635.384502
4636.922964
4639.487066
4639.487066
4636.922964
4635.384502
4638.461425
4641.538348
4634.358861
4629.743477
4634.358861
4634.871682
4632.8204
4638.461425
4643.07681
4635.897323
4625.128092
4622.56399
4627.692195
4631.281938
4631.794759
4631.794759
4632.8204
4636.410143
4641.025528
4643.07681
4647.179374
4652.307579
4654.358861
4654.871681
4653.33322
4647.692194
4644.102451
4643.58963
4642.051169
4642.563989
4644.102451
4641.538348
4636.922964
4637.948605
4641.025528
4642.051169
4642.051169
4642.563989
4638.974246
4634.358861
4635.384502
4636.410143
4634.871682
4635.384502
4636.922964
4635.897323
4634.871682
4633.33322
4631.794759
4630.769118
4631.794759
4636.410143
4642.563989
4644.615271
4641.538348
4639.487066
4641.025528
4640.512707
4631.281938
4621.538349
4616.410144
4615.384503
4615.384503
4614.871682
4614.358862
4618.461426
4623.589631
4626.666554
4631.794759
4636.922964
4633.33322
4627.179374
4630.256297
4633.846041
4634.871682
4636.410143
4634.358861
4629.230656
4632.307579
4635.897323
4631.794759
4628.205015
4632.8204
4637.948605
4634.871682
4629.230656
4630.769118
4634.871682
4635.897323
4637.435784
4635.897323
4635.384502
4641.025528
4642.051169
4631.794759
4628.717836
4638.974246
4643.58963
4641.025528
4648.205015
4654.358861
4647.179374
4642.563989
4643.07681
4635.897323
4627.179374
4627.692195
4630.769118
4630.769118
4633.33322
4641.025528
4646.153733
4643.58963
4641.538348
4642.051169
4642.563989
4642.563989
4644.102451
4642.051169
4635.897323
4634.871682
4633.846041
4626.153733
4623.07681
4627.179374
4628.717836
4628.205015
4633.33322
4637.435784
4636.922964
4631.794759
4628.205015
4631.281938
4631.281938
4624.615272
4621.025528
4622.051169
4619.487067
4616.410144
4613.846041
4608.717836
4605.640913
4606.153734
4611.794759
4624.615272
4637.948605
4645.128092
4647.692194
4647.692194
4648.205015
4653.84604
4654.871681
4650.769117
4651.281938
4649.230656
4645.640912
4649.743476
4657.948604
4656.410143
4653.33322
4653.33322
4655.384502
4657.948604
4657.435784
4654.871681
4652.820399
4649.743476
4646.153733
4645.640912
4643.07681
4641.025528
4649.230656
4656.410143
4652.307579
4648.717835
4647.179374
4645.128092
4643.58963
4642.051169
4639.999887
4638.974246
4637.435784
4638.974246
4644.615271
4647.692194
4646.666553
4645.128092
4642.051169
4638.461425
4635.897323
4630.256297
4626.666554
4628.205015
4626.666554
4623.07681
4625.128092
4632.307579
4635.897323
4637.948605
4640.512707
4645.640912
4650.256297
4647.179374
4641.025528
4644.102451
4650.256297
4647.179374
4643.58963
4654.358861
4665.640912
4662.563989
4654.871681
4654.358861
4655.897322
4650.769117
4643.07681
4639.487066
4638.461425
4641.538348
4650.256297
4655.897322
4655.384502
4653.84604
4650.769117
4644.615271
4642.563989
4644.615271
4645.640912
4642.563989
4638.461425
4638.974246
4638.461425
4639.999887
4642.051169
4638.974246
4636.410143
4637.948605
4639.487066
4638.461425
4641.538348
4646.153733
4647.692194
4649.230656
4651.281938
4653.84604
4652.307579
4648.717835
4647.179374
4646.666553
4645.640912
4647.179374
4648.205015
4642.563989
4639.999887
4641.538348
4638.974246
4637.435784
4640.512707
4642.563989
4638.974246
4630.769118
4631.281938
4641.025528
4639.487066
4630.256297
4633.33322
4638.974246
4632.307579
4626.666554
4625.640913
4621.025528
4616.922964
4620.512708
4624.102451
4623.589631
4628.205015
4637.435784
4637.948605
4635.897323
4639.487066
4641.538348
4637.948605
4636.410143
4634.871682
4630.769118
4632.8204
4637.948605
4641.538348
4646.153733
4651.281938
4651.281938
4648.717835
4649.230656
4649.230656
4646.153733
4640.512707
4637.948605
4638.461425
4639.487066
4640.512707
4639.999887
4636.922964
4633.846041
4631.281938
4628.717836
4625.128092
4623.589631
4625.128092
4625.128092
4624.615272
4629.230656
4634.358861
4635.384502
4634.358861
4633.846041
4635.897323
4641.025528
4642.563989
4642.563989
4645.128092
4645.640912
4645.640912
4646.666553
4644.102451
4639.999887
4641.538348
4643.07681
4643.07681
4647.179374
4651.794758
4654.358861
4655.384502
4653.84604
4648.717835
4649.230656
4652.820399
4649.230656
4640.512707
4639.487066
4643.58963
4642.051169
4636.410143
4638.461425
4644.615271
4642.563989
4637.948605
4641.538348
4639.999887
4631.794759
4630.769118
4631.794759
4629.743477
4628.717836
4627.692195
4627.692195
4634.358861
4639.999887
4641.025528
4646.153733
4649.743476
4645.128092
4641.025528
4646.153733
4651.794758
4647.179374
4643.07681
4649.230656
4654.871681
4651.281938
4650.256297
4653.33322
4651.794758
4650.769117
4653.33322
4652.307579
4649.230656
4649.230656
4649.230656
4653.33322
4656.410143
4649.230656
4642.051169
4642.563989
4644.102451
4643.07681
4643.58963
4643.07681
4643.07681
4642.563989
4641.538348
4637.435784
4633.33322
4633.846041
4636.922964
4641.538348
4647.179374
4654.358861
4656.922963
4654.358861
4652.307579
4649.230656
4637.948605
4626.153733
4624.102451
4623.07681
4623.07681
4627.179374
4627.692195
4626.666554
4631.281938
4638.974246
4643.07681
4644.615271
4646.666553
4647.179374
4645.640912
4642.563989
4638.974246
4634.358861
4632.307579
4630.769118
4629.743477
4629.743477
4630.256297
4630.769118
4632.307579
4633.33322
4630.769118
4630.769118
4632.8204
4632.307579
4628.205015
4627.179374
4626.153733
4620.512708
4622.56399
4634.871682
4648.205015
4659.487066
4663.58963
4657.948604
4648.717835
4643.07681
4638.461425
4635.897323
4635.897323
4636.922964
4643.07681
4649.230656
4651.281938
4650.256297
4648.717835
4646.666553
4646.153733
4646.666553
4645.128092
4641.538348
4642.563989
4647.179374
4644.102451
4635.384502
4634.358861
4638.461425
4633.33322
4626.153733
4626.153733
4624.102451
4614.358862
4613.846041
4623.589631
4628.717836
4630.256297
4634.871682
4638.974246
4637.948605
4634.358861
4631.281938
4629.230656
4626.153733
4625.128092
4626.666554
4628.205015
4630.256297
4634.358861
4632.307579
4630.769118
4637.435784
4645.640912
4647.692194
4643.07681
4636.922964
4637.948605
4641.538348
4634.871682
4627.692195
4626.153733
4628.205015
4627.692195
4626.666554
4626.153733
4625.640913
4621.538349
4615.384503
4609.230657
4609.230657
4619.999887
4631.794759
4638.461425
4641.025528
4639.487066
4637.948605
4633.33322
4625.640913
4620.512708
4614.871682
4609.743477
4611.281939
4619.487067
4624.102451
4630.256297
4637.948605
4635.897323
4631.794759
4636.922964
4644.102451
4641.538348
4638.461425
4638.974246
4635.897323
4627.179374
4621.538349
4621.025528
4623.07681
4626.153733
4626.666554
4621.538349
4621.025528
4623.589631
4622.051169
4619.487067
4622.56399
4626.666554
4631.281938
4635.897323
4635.384502
4633.33322
4628.205015
4622.051169
4622.56399
4625.640913
4622.051169
4618.974246
4623.589631
4628.205015
4629.743477
4631.794759
4631.794759
4630.256297
4631.794759
4635.897323
4638.461425
4634.871682
4631.281938
4634.358861
4636.410143
4631.281938
4630.256297
4631.281938
4628.205015
4626.666554
4629.743477
4627.692195
4620.512708
4618.461426
4621.538349
4619.999887
4616.410144
4616.922964
4616.410144
4614.358862
4613.846041
4612.8204
4609.743477
4609.230657
4615.384503
4626.153733
4634.358861
4632.8204
4629.230656
4628.205015
4628.717836
4624.615272
4618.974246
4619.999887
4625.640913
4631.281938
4638.461425
4645.128092
4642.563989
4632.307579
4629.230656
4631.281938
4632.307579
4631.281938
4631.794759
4633.846041
4632.307579
4628.205015
4627.179374
4630.769118
4628.717836
4621.538349
4619.999887
4624.102451
4621.025528
4613.333221
4608.717836
4604.102452
4602.05117
4605.128093
4603.589631
4596.922965
4599.999888
4611.794759
4621.538349
4623.589631
4623.589631
4623.07681
4623.07681
4622.56399
4623.07681
4623.07681
4625.640913
4635.384502
4642.051169
4635.897323
4631.794759
4635.897323
4635.384502
4636.410143
4642.563989
4640.512707
4630.256297
4628.205015
4632.307579
4631.281938
4627.179374
4625.128092
4621.025528
4613.333221
4616.410144
4621.538349
4615.384503
4611.794759
4615.897323
4611.794759
4608.717836
4614.871682
4619.999887
4620.512708
4622.051169
4623.07681
4621.538349
4621.025528
4623.589631
4628.205015
4631.281938
4634.358861
4636.922964
4635.897323
4633.846041
4632.307579
4628.205015
4626.666554
4629.230656
4632.8204
4631.794759
