
4325.128099
4316.922971
4308.717843
4305.1281
4303.076818
4298.461433
4293.333228
4291.281946
4289.230664
4286.153741
4286.153741
4287.179382
4285.640921
4284.102459
4286.666562
4288.717844
4287.692203
4285.640921
4286.153741
4288.717844
4288.717844
4287.692203
4287.692203
4288.717844
4289.230664
4290.256305
4290.769126
4290.256305
4291.794767
4294.87169
4295.38451
4295.897331
4298.974254
4299.487074
4297.948613
4298.974254
4302.051177
4303.589638
4303.076818
4303.076818
4305.64092
4307.692202
4308.717843
4310.256305
4311.281946
4310.769125
4313.846048
4316.922971
4315.89733
4316.410151
4318.461433
4318.461433
4318.461433
4319.999894
4321.025535
4321.538356
4319.999894
4319.487074
4321.538356
4322.563997
4322.051176
4323.589638
4326.15374
4324.102458
4321.025535
4322.563997
4325.64092
4323.076817
4319.487074
4321.025535
4322.563997
4323.076817
4323.076817
4321.538356
4321.538356
4322.563997
4322.563997
4322.051176
4321.538356
4322.051176
4322.563997
4321.538356
4319.999894
4320.512715
4323.076817
4323.076817
4320.512715
4320.512715
4322.051176
4322.051176
4321.538356
4321.025535
4320.512715
4322.563997
4322.051176
4319.999894
4321.538356
4322.563997
4323.076817
4324.102458
4322.563997
4319.999894
4323.076817
4325.128099
4323.076817
4322.563997
4322.563997
4319.999894
4321.538356
4324.615279
4323.589638
4323.076817
4325.64092
4325.64092
4322.051176
4321.538356
4322.563997
4322.563997
4322.563997
4323.076817
4323.589638
4323.076817
4322.051176
4322.051176
4322.051176
4321.025535
4321.025535
4324.615279
4324.102458
4319.487074
4321.538356
4325.64092
4323.076817
4319.999894
4321.025535
4320.512715
4321.538356
4325.64092
4325.64092
4322.563997
4324.102458
4327.692202
4327.179381
4325.128099
4326.666561
4328.717843
4327.692202
4327.179381
4328.717843
4328.205022
4329.743484
4334.358868
4333.846048
4327.179381
4325.64092
4330.769125
4330.256304
4327.692202
4331.281945
4336.41015
4336.922971
4339.487073
4344.615278
4344.102458
4343.589637
4347.692201
4352.307586
4352.307586
4351.281945
4350.769124
4350.256304
4346.66656
4342.563996
4339.487073
4337.948612
4333.846048
4328.717843
4328.205022
4326.15374
4321.538356
4320.512715
4319.999894
4316.410151
4317.435792
4318.974253
4316.922971
4318.461433
4319.487074
4316.410151
4316.410151
4317.435792
4316.410151
4315.89733
4316.922971
4318.461433
4315.89733
4312.307587
4310.256305
4309.743484
4309.230664
4311.794766
4309.230664
4303.589638
4303.076818
4304.615279
4302.051177
4299.487074
4299.999895
4301.025536
4302.051177
4303.076818
4304.102459
4304.615279
4305.1281
4303.589638
4303.076818
4303.076818
4303.589638
4304.615279
4309.230664
4310.769125
4308.717843
4305.64092
4304.615279
4304.615279
4306.153741
4306.666561
4305.64092
4304.102459
4302.563997
4302.563997
4305.1281
4305.64092
4304.102459
4304.615279
4305.1281
4305.1281
4305.64092
4306.153741
4307.692202
4309.230664
4310.256305
4310.769125
4312.820407
4316.410151
4315.38451
4314.871689
4317.948612
4318.974253
4316.922971
4317.948612
4320.512715
4321.025535
4319.999894
4318.461433
4317.948612
4317.948612
4317.948612
4316.922971
4317.435792
4318.461433
4318.461433
4320.512715
4322.051176
4319.487074
4317.948612
4323.076817
4324.102458
4319.999894
4318.974253
4320.512715
4317.435792
4315.38451
4318.461433
4317.948612
4314.358869
4314.871689
4317.435792
4317.435792
4317.435792
4316.410151
4316.410151
4316.922971
4316.922971
4316.922971
4318.461433
4317.948612
4315.89733
4316.922971
4316.922971
4314.871689
4315.38451
4315.89733
4311.794766
4309.743484
4311.794766
4313.846048
4314.358869
4312.820407
4309.743484
4311.281946
4314.358869
4314.871689
4313.846048
4313.846048
4313.846048
4311.794766
4312.820407
4316.410151
4313.846048
4310.256305
4312.820407
4313.846048
4311.794766
4313.333228
4312.820407
4309.743484
4311.281946
4310.769125
4310.256305
4312.820407
4313.846048
4311.794766
4310.769125
4309.743484
4307.179382
4309.230664
4310.769125
4308.717843
4308.717843
4312.820407
4313.333228
4309.230664
4308.717843
4311.794766
4311.794766
4310.256305
4310.256305
4311.794766
4312.307587
4311.794766
4312.307587
4312.307587
4311.281946
4310.256305
4310.769125
4311.281946
4313.846048
4313.846048
4311.794766
4314.358869
4320.512715
4317.948612
4312.307587
4314.871689
4316.410151
4313.333228
4315.89733
4317.948612
4315.89733
4316.922971
4321.025535
4319.999894
4317.435792
4317.435792
4319.487074
4321.025535
4318.974253
4318.974253
4320.512715
4321.538356
4319.999894
4319.487074
4319.487074
4320.512715
4322.051176
4318.974253
4314.871689
4314.871689
4316.410151
4315.89733
4316.410151
4317.435792
4316.922971
4317.435792
4318.974253
4318.974253
4317.435792
4318.461433
4317.435792
4315.38451
4316.922971
4318.461433
4316.922971
4316.922971
4318.974253
4318.974253
4317.435792
4317.948612
4317.435792
4316.922971
4317.435792
4316.410151
4316.922971
4318.461433
4317.948612
4316.922971
4318.974253
4317.948612
4314.358869
4315.89733
4318.974253
4318.974253
4318.461433
4317.948612
4316.410151
4315.89733
4318.461433
4319.487074
4316.410151
4315.38451
4317.435792
4316.922971
4314.871689
4315.38451
4316.922971
4317.435792
4316.410151
4316.922971
4317.948612
4318.461433
4316.922971
4314.358869
4315.89733
4318.974253
4317.948612
4316.922971
4319.487074
4319.487074
4318.974253
4318.461433
4317.948612
4318.461433
4321.025535
4319.487074
4317.435792
4319.487074
4319.999894
4317.435792
4317.435792
4318.974253
4318.974253
4315.38451
4314.871689
4317.435792
4317.948612
4317.948612
4318.974253
4317.948612
4316.410151
4317.435792
4318.974253
4318.461433
4316.922971
4316.922971
4318.461433
4319.999894
4318.974253
4318.461433
4318.461433
4319.487074
4319.999894
4319.487074
4318.974253
4318.974253
4316.922971
4316.410151
4318.461433
4317.948612
4317.435792
4319.487074
4318.461433
4316.922971
4318.461433
4319.487074
4318.461433
4319.999894
4321.538356
4321.025535
4319.999894
4319.487074
4319.487074
4319.999894
4318.974253
4319.487074
4320.512715
4321.025535
4321.538356
4321.538356
4321.025535
4319.999894
4319.999894
4319.487074
4319.999894
4321.025535
4321.025535
4318.974253
4319.487074
4322.051176
4322.563997
4320.512715
4319.487074
4319.487074
4320.512715
4319.999894
4319.487074
4322.051176
4323.589638
4319.999894
4317.435792
4319.999894
4321.538356
4319.487074
4317.948612
4319.999894
4320.512715
4320.512715
4322.051176
4322.051176
4321.025535
4321.538356
4321.538356
4319.999894
4319.487074
4320.512715
4321.025535
4319.999894
4322.051176
4324.102458
4323.589638
4322.563997
4321.538356
4322.051176
4323.589638
4322.051176
4320.512715
4321.025535
4322.051176
4321.538356
4321.025535
4321.025535
4322.051176
4322.563997
4321.025535
4321.538356
4323.589638
4323.589638
4321.025535
4320.512715
4320.512715
4318.461433
4317.948612
4318.974253
4317.435792
4317.435792
4317.435792
4318.461433
4319.487074
4317.948612
4314.358869
4314.871689
4317.435792
4316.922971
4315.38451
4315.38451
4314.871689
4313.333228
4312.820407
4312.820407
4311.281946
4312.820407
4314.871689
4314.358869
4312.820407
4312.307587
4311.794766
4312.307587
4312.307587
4311.794766
4311.794766
4311.794766
4310.769125
4310.256305
4310.256305
4310.769125
4309.230664
4308.717843
4311.281946
4311.794766
4309.743484
4310.256305
4312.307587
4311.281946
4310.256305
4310.769125
4312.307587
4312.820407
4312.820407
4312.820407
4312.307587
4310.256305
4309.230664
4309.743484
4309.743484
4309.230664
4310.769125
4313.333228
4313.846048
4313.333228
4314.871689
4315.89733
4316.410151
4317.435792
4314.871689
4313.333228
4314.871689
4314.358869
4313.333228
4316.410151
4315.89733
4313.333228
4315.89733
4318.974253
4317.948612
4317.948612
4317.435792
4316.922971
4318.974253
4319.487074
4316.922971
4316.410151
4318.974253
4318.974253
4316.922971
4318.461433
4319.999894
4318.974253
4317.948612
4318.461433
4317.948612
4317.948612
4317.948612
4315.38451
4314.871689
4316.410151
4314.871689
4316.410151
4315.89733
4315.38451
4317.435792
4317.435792
4315.89733
4316.922971
4317.948612
4317.435792
4317.435792
4317.948612
4317.948612
4317.435792
4317.435792
4318.974253
4318.461433
4317.435792
4319.487074
4319.487074
4318.974253
4318.461433
4318.461433
4317.435792
4316.410151
4316.922971
4317.948612
4317.435792
4315.89733
4316.922971
4319.999894
4318.974253
4315.38451
4316.922971
4318.461433
4315.38451
4314.358869
4318.461433
4317.435792
4313.846048
4316.922971
4319.487074
4316.410151
4315.38451
4316.922971
4316.410151
4316.410151
4317.948612
4316.922971
4315.89733
4317.435792
4317.435792
4314.871689
4316.410151
4319.999894
4318.974253
4317.435792
4318.461433
4317.435792
4316.922971
4317.435792
4316.922971
4315.89733
4316.410151
4316.410151
4316.922971
4317.435792
4318.461433
4319.487074
4317.948612
4316.410151
4316.922971
4317.435792
4315.38451
4315.89733
4318.461433
4318.974253
4315.89733
4316.410151
4315.38451
4311.281946
4311.794766
4315.89733
4315.38451
4313.333228
4315.89733
4318.461433
4318.461433
4316.410151
4314.871689
4316.410151
4318.461433
4316.922971
4316.922971
4319.487074
4318.974253
4315.89733
4318.461433
4320.512715
4317.948612
4317.948612
4318.461433
4315.89733
4314.871689
4316.410151
4317.435792
4316.410151
4316.922971
4317.948612
4317.948612
4317.435792
4317.948612
4318.974253
4318.461433
4318.461433
4317.948612
4316.922971
4316.410151
4316.922971
4317.435792
4317.948612
4318.974253
4318.461433
4319.487074
4317.948612
4315.38451
4316.410151
4318.461433
4318.974253
4317.948612
4316.922971
4317.435792
4317.435792
4316.922971
4316.922971
4316.922971
4315.38451
4315.89733
4317.435792
4317.948612
4318.461433
4319.487074
4318.974253
4317.435792
4317.948612
4317.948612
4317.435792
4317.948612
4316.922971
4315.89733
4319.487074
4319.999894
4316.922971
4316.410151
4318.461433
4318.974253
4318.461433
4317.948612
4317.948612
4318.974253
4318.461433
4318.974253
4318.461433
4317.948612
4317.435792
4317.948612
4318.461433
4315.89733
4314.871689
4316.922971
4317.435792
4315.89733
4315.38451
4315.89733
4318.461433
4319.487074
4315.38451
4313.846048
4316.410151
4317.948612
4319.487074
4317.948612
4315.89733
4317.435792
4319.487074
4317.948612
4316.922971
4319.487074
4319.999894
4316.922971
4316.410151
4317.435792
4315.89733
4313.333228
4314.358869
4317.435792
4318.974253
4318.461433
4315.89733
4317.435792
4318.461433
4315.89733
4316.410151
4317.948612
4317.948612
4317.948612
4319.487074
4318.974253
4318.974253
4318.974253
4317.435792
4315.89733
4317.948612
4318.461433
4314.871689
4314.358869
4317.948612
4317.948612
4316.410151
4318.974253
4320.512715
4317.948612
4314.871689
4316.410151
4318.974253
4316.922971
4313.846048
4316.410151
4318.461433
4316.922971
4315.38451
4317.435792
4317.948612
4316.410151
4315.89733
4315.89733
4315.89733
4316.410151
4317.948612
4316.922971
4316.410151
4316.922971
4316.410151
4314.871689
4315.89733
4317.435792
4317.435792
4316.922971
4318.974253
4318.974253
4316.410151
4315.89733
4317.948612
4317.948612
4318.461433
4319.999894
4319.999894
4316.922971
4316.410151
4318.461433
4317.948612
4317.435792
4318.974253
4319.487074
4318.974253
4318.461433
4318.461433
4318.974253
4318.974253
4318.461433
4319.487074
4319.999894
4321.025535
4322.051176
4321.025535
4319.999894
4320.512715
4322.051176
4323.076817
4321.538356
4317.435792
4317.948612
4321.538356
4319.999894
4316.922971
4318.974253
4320.512715
4318.461433
4317.435792
4318.974253
4319.999894
4319.999894
4319.487074
4318.974253
4317.948612
4317.948612
4318.461433
4319.487074
4320.512715
4322.051176
4321.538356
4319.487074
4317.948612
4316.410151
4316.922971
4317.948612
4316.922971
4316.410151
4317.948612
4317.948612
4317.948612
4318.461433
4318.974253
4317.948612
4317.435792
4318.461433
4318.461433
4317.435792
4317.435792
4317.948612
4317.435792
4317.435792
4316.410151
4316.922971
4318.461433
4316.922971
4316.922971
4321.538356
4321.025535
4316.922971
4318.461433
4322.051176
4322.563997
4322.051176
4324.615279
4325.64092
4323.076817
4322.051176
4323.589638
4322.563997
4320.512715
4318.461433
4320.512715
4320.512715
4315.89733
4315.38451
4314.871689
4310.256305
4308.717843
4311.794766
4310.769125
4307.179382
4304.615279
4306.666561
4309.743484
4308.205023
4308.205023
4311.281946
4310.256305
4309.230664
4309.743484
4309.743484
4309.230664
4310.256305
4310.769125
4309.743484
4307.692202
4306.666561
4304.102459
4301.025536
4303.076818
4307.179382
4307.692202
4304.615279
4305.64092
4308.717843
4310.769125
4311.281946
4313.846048
4315.89733
4316.410151
4319.487074
4324.615279
4327.179381
4327.179381
4333.333227
4340.512714
4340.512714
4337.948612
4341.538355
4345.640919
4346.66656
4343.589637
4333.333227
4324.102458
4323.076817
4322.563997
4319.487074
4323.076817
4328.717843
4327.179381
4322.051176
4318.974253
4318.974253
4319.999894
4317.435792
4314.871689
4313.846048
4311.794766
4311.281946
4315.38451
4317.435792
4316.410151
4315.89733
4315.38451
4315.38451
4315.89733
4316.410151
4315.89733
4314.358869
4314.358869
4315.89733
4316.922971
4318.461433
4319.999894
4318.974253
4317.435792
4318.461433
4318.974253
4319.487074
4322.051176
4324.615279
4321.538356
4318.974253
4321.025535
4321.538356
4322.051176
4324.102458
4323.076817
4320.512715
4321.025535
4321.025535
4319.999894
4320.512715
4320.512715
4320.512715
4322.051176
4320.512715
4317.435792
4318.974253
4320.512715
4318.461433
4317.435792
4319.999894
4322.563997
4321.538356
4317.435792
4317.435792
4319.487074
4318.974253
4319.999894
4321.538356
4318.974253
4316.922971
4316.922971
4316.922971
4317.948612
4317.948612
4318.461433
4318.461433
4319.999894
4318.974253
4318.461433
4321.538356
4321.025535
4318.974253
4318.461433
4319.487074
4318.461433
4318.461433
4319.487074
4321.025535
4322.051176
4320.512715
4317.948612
4318.974253
4317.948612
4315.38451
4319.487074
4324.102458
4320.512715
4316.922971
4321.025535
4323.076817
4321.025535
4319.487074
4318.974253
4317.948612
4318.461433
4318.974253
4318.461433
4320.512715
4321.538356
4318.974253
4316.922971
4315.89733
4315.89733
4318.461433
4321.538356
4319.999894
4317.435792
4318.461433
4317.948612
4316.922971
4316.410151
4316.410151
4317.948612
4318.461433
4317.435792
4316.922971
4317.948612
4317.435792
4316.410151
4318.461433
4319.487074
4316.922971
4315.89733
4316.922971
4316.922971
4317.435792
4317.948612
4316.410151
4315.89733
4318.974253
4318.974253
4316.922971
4318.461433
4317.435792
4315.89733
4318.461433
4319.487074
4318.461433
4316.922971
4316.922971
4314.358869
4312.307587
4314.871689
4317.948612
4315.38451
4314.358869
4316.922971
4317.435792
4316.410151
4317.948612
4318.974253
4320.512715
4321.538356
4320.512715
4323.589638
4331.281945
4334.358868
4331.794766
4335.384509
4340.512714
4341.025535
4341.025535
4343.589637
4342.051176
4340.512714
4335.89733
4327.692202
4322.051176
4316.410151
4309.230664
4304.615279
4299.487074
4294.87169
4291.281946
4288.205023
4287.179382
4288.717844
4287.692203
4285.1281
4285.640921
4288.717844
4290.256305
4288.205023
4287.692203
4290.256305
4290.769126
4290.769126
4294.358869
4298.461433
4299.487074
4300.512715
4302.051177
4304.615279
4306.153741
4305.64092
4303.076818
4304.102459
4305.64092
4307.179382
4307.692202
4308.205023
4309.743484
4310.256305
4309.743484
4310.256305
4311.794766
4313.333228
4316.410151
4316.410151
4316.410151
4319.999894
4319.999894
4317.435792
4319.487074
4319.999894
4317.948612
4321.025535
4322.563997
4321.025535
4321.538356
4321.025535
4319.487074
4322.563997
4324.102458
4319.999894
4318.974253
4322.051176
4320.512715
4318.974253
4320.512715
4322.563997
4321.538356
4318.974253
4316.922971
4316.922971
4317.435792
4318.461433
4318.974253
4317.948612
4315.38451
4314.871689
4315.89733
4316.410151
4317.435792
4316.922971
4314.358869
4314.871689
4317.435792
4318.974253
4315.38451
4311.281946
4312.820407
4317.435792
4318.974253
4317.435792
4315.89733
4316.922971
4318.461433
4318.461433
4316.922971
4318.974253
4319.999894
4316.922971
4315.38451
4316.410151
4316.410151
4317.435792
4317.948612
4315.38451
4315.38451
4316.922971
4315.89733
4315.38451
4316.410151
4314.358869
4312.820407
4314.358869
4315.38451
4315.38451
4313.846048
4313.846048
4316.410151
4317.948612
4315.89733
4315.89733
4317.435792
4317.435792
4316.922971
4315.38451
4314.358869
4315.38451
4315.89733
4315.38451
4314.871689
4314.871689
4315.89733
4317.435792
4319.487074
4321.025535
4319.999894
4317.435792
4320.512715
4323.076817
4321.538356
4322.051176
4326.666561
4327.179381
4325.128099
4325.64092
4329.230663
4330.769125
4330.769125
4330.769125
4332.820407
4334.871689
4332.820407
4329.743484
4330.769125
4332.307586
4331.281945
4329.743484
4327.692202
4325.64092
4324.102458
4323.589638
4325.128099
4323.589638
4319.487074
4317.948612
4318.974253
4319.487074
4318.974253
4315.89733
4312.307587
4314.871689
4316.922971
4313.846048
4313.333228
4313.333228
4311.794766
4312.307587
4312.820407
4313.846048
4316.410151
4317.948612
4316.922971
4316.410151
4317.948612
4317.948612
4317.435792
4317.948612
4317.435792
4317.435792
4317.435792
4317.435792
4314.871689
4314.871689
4315.89733
4312.820407
4311.281946
4312.820407
4312.307587
4311.281946
4311.794766
4310.769125
4311.794766
4313.846048
4313.333228
4311.281946
4312.307587
4313.333228
4311.281946
4310.769125
4315.38451
4314.871689
4310.769125
4311.794766
4314.358869
4313.333228
4314.871689
4315.89733
4313.846048
4315.38451
4317.948612
4316.922971
4314.871689
4315.38451
4315.38451
4314.871689
4314.871689
4317.435792
4321.538356
4322.051176
4318.461433
4318.461433
4319.487074
4318.974253
4316.922971
4317.948612
4319.999894
4319.487074
4318.461433
4316.922971
4315.89733
4315.38451
4316.410151
4316.410151
4316.410151
4314.871689
4313.846048
4313.846048
4313.846048
4315.89733
4314.871689
4312.307587
4312.307587
4314.358869
4312.307587
4310.256305
4313.333228
4316.410151
4316.410151
4316.410151
4317.435792
4316.922971
4316.922971
4317.948612
4316.922971
4315.89733
4317.948612
4319.999894
4318.461433
4315.89733
4316.922971
4318.461433
4317.435792
4315.89733
4315.89733
4314.871689
4316.922971
4315.38451
4309.743484
4309.743484
4311.281946
4310.256305
4307.179382
4307.179382
4308.717843
4308.205023
4306.153741
4305.64092
4306.153741
4306.666561
4309.230664
4310.256305
4311.281946
4315.89733
4316.410151
4315.89733
4317.948612
4318.461433
4318.461433
4320.512715
4321.025535
4319.487074
4319.999894
4321.538356
4322.051176
4321.538356
4321.538356
4320.512715
4321.025535
4319.487074
4318.461433
4319.999894
4321.538356
4320.512715
4319.487074
4321.025535
4321.538356
4321.025535
4321.025535
4322.563997
4321.538356
4319.487074
4321.025535
4322.563997
4319.999894
4317.948612
4318.461433
4319.999894
4319.487074
4317.948612
4319.487074
4322.563997
4322.051176
4318.974253
4319.487074
4319.487074
4317.948612
4318.461433
4319.999894
4320.512715
4320.512715
4317.435792
4316.922971
4319.487074
4319.487074
4318.461433
4316.922971
4317.948612
4321.538356
4322.563997
4318.974253
4317.948612
4318.461433
4317.948612
4318.974253
4318.461433
4318.461433
4318.461433
4317.435792
4317.435792
4318.461433
4317.948612
4315.89733
4316.410151
4319.999894
4322.051176
4319.487074
4316.922971
4319.487074
4318.974253
4317.435792
4317.435792
4319.487074
4321.025535
4319.999894
4317.948612
4318.461433
4320.512715
4319.999894
4319.487074
4318.974253
4318.974253
4319.999894
4321.025535
4322.051176
4322.563997
4318.461433
4318.461433
4321.538356
4320.512715
4318.974253
4319.999894
4319.487074
4318.974253
4319.999894
4318.974253
4318.461433
4320.512715
4321.538356
4319.999894
4319.999894
4319.999894
4319.487074
4317.948612
4318.974253
4318.461433
4315.89733
4316.410151
4318.461433
4317.435792
4316.922971
4317.948612
4318.974253
4319.487074
4319.487074
4319.999894
4318.974253
4317.948612
4317.435792
4316.410151
4316.410151
4317.948612
4318.974253
4318.461433
4318.974253
4318.461433
4317.435792
4317.435792
4318.461433
4319.487074
4318.974253
4315.89733
4316.922971
4318.974253
4318.974253
4318.974253
4318.461433
4316.922971
4316.922971
4318.461433
4318.461433
4317.948612
4316.922971
4315.89733
4315.38451
4316.410151
4317.948612
4318.461433
4318.461433
4319.999894
4319.487074
4317.948612
4318.974253
4317.948612
4314.871689
4316.410151
4319.999894
4318.974253
4316.922971
4317.948612
4317.435792
4316.922971
4317.948612
4319.999894
4318.974253
4315.89733
4316.922971
4318.461433
4317.435792
4318.461433
4319.487074
4316.410151
4314.871689
4318.461433
4319.999894
4317.435792
4315.89733
4316.410151
4317.435792
4318.974253
4318.461433
4315.38451
4313.846048
4314.871689
4316.410151
4317.948612
4318.461433
4317.948612
4317.435792
4314.871689
4313.846048
4317.435792
4318.461433
4315.89733
4317.435792
4319.487074
4317.948612
4316.410151
4317.948612
4317.948612
4314.871689
4314.871689
4318.974253
4319.999894
4317.948612
4318.461433
4317.948612
4317.435792
4319.487074
4319.999894
4317.435792
4317.435792
4318.461433
4316.922971
4316.922971
4317.435792
4316.410151
4316.922971
4317.435792
4318.461433
4318.974253
4316.922971
4315.38451
4316.922971
4318.461433
4316.410151
4315.38451
4316.410151
4317.435792
4315.89733
4314.871689
4317.435792
4317.948612
4314.358869
4313.333228
4317.435792
4317.435792
4314.358869
4315.89733
4316.922971
4315.89733
4317.948612
4318.461433
4316.922971
4315.38451
4316.410151
4317.948612
4319.999894
4318.974253
4316.922971
4316.410151
4318.974253
4318.974253
4316.922971
4316.922971
4317.948612
4316.922971
4315.38451
4314.358869
4316.410151
4319.487074
4317.435792
4315.38451
4314.871689
4311.794766
4311.281946
4315.89733
4317.948612
4314.358869
4312.820407
4314.871689
4315.89733
4313.333228
4312.820407
4313.846048
4312.820407
4313.333228
4316.922971
4316.410151
4315.38451
4314.871689
4312.307587
4311.794766
4313.333228
4312.307587
4311.794766
4313.846048
4315.89733
4317.435792
4314.358869
4312.307587
4316.410151
4320.512715
4316.922971
4314.358869
4318.461433
4319.487074
4316.922971
4316.922971
4318.974253
4318.974253
4321.025535
4322.051176
4319.999894
4319.487074
4317.948612
4314.871689
4315.38451
4315.89733
4312.820407
4311.794766
4315.38451
4317.435792
4317.435792
4316.410151
4315.89733
4317.435792
4320.512715
4322.051176
4319.999894
4319.999894
4323.076817
4323.076817
4321.025535
4321.538356
4322.051176
4319.999894
4315.89733
4313.846048
4314.871689
4312.820407
4311.794766
4316.922971
4319.487074
4317.948612
4319.487074
4322.563997
4323.589638
4321.025535
4318.461433
4319.999894
4318.974253
4315.38451
4317.435792
4319.999894
4317.948612
4317.948612
4318.461433
4317.948612
4320.512715
4322.563997
4319.999894
4319.487074
4319.999894
4318.461433
4318.461433
4320.512715
4321.025535
4319.999894
4318.974253
4318.461433
4317.435792
4316.922971
4316.922971
4317.435792
4317.435792
4317.435792
4318.461433
4319.487074
4318.974253
4316.922971
4316.922971
4318.461433
4318.461433
4317.435792
4319.487074
4318.974253
4317.948612
4319.999894
4318.974253
4315.89733
4315.89733
4316.922971
4316.922971
4317.948612
4317.948612
4316.922971
4316.410151
4314.871689
4314.358869
4317.435792
4316.410151
4314.871689
4316.410151
4316.410151
4313.846048
4315.89733
4316.922971
4314.358869
4314.358869
4316.410151
4316.922971
4316.922971
4317.948612
4315.89733
4315.38451
4318.974253
4318.974253
4315.38451
4315.89733
4318.461433
4320.512715
4318.461433
4315.89733
4316.922971
4316.922971
4317.435792
4315.89733
4311.794766
4312.307587
4316.410151
4317.948612
4317.435792
4317.435792
4317.435792
4317.435792
4316.410151
4316.410151
4318.461433
4315.38451
4313.846048
4316.922971
4316.410151
4314.358869
4315.89733
4317.435792
4316.922971
4317.435792
4316.922971
4316.410151
4316.922971
4316.410151
4314.871689
4315.89733
4316.410151
4316.922971
4318.974253
4319.487074
4317.948612
4317.948612
4320.512715
4321.025535
4317.948612
4317.948612
4319.487074
4318.461433
4317.435792
4316.410151
4313.846048
4313.846048
4315.89733
4314.871689
4313.846048
4316.922971
4313.846048
4311.281946
4314.871689
4316.922971
4316.410151
4316.410151
4315.89733
4316.410151
4318.974253
4316.410151
4313.846048
4315.89733
4317.435792
4318.461433
4318.461433
4317.948612
4318.461433
4317.435792
4316.410151
4318.461433
4319.999894
4318.974253
4317.948612
4316.922971
4317.435792
4316.410151
4313.333228
4314.871689
4318.461433
4318.461433
4316.922971
4316.410151
4317.435792
4318.461433
4316.410151
4315.89733
4319.487074
4317.948612
4314.358869
4317.435792
4319.487074
4318.461433
4317.948612
4318.461433
4317.435792
4314.358869
4313.846048
4317.948612
4317.948612
4315.89733
4315.89733
4316.410151
4316.410151
4317.948612
4316.922971
4315.89733
4317.435792
4317.435792
4316.922971
4316.922971
4316.922971
4317.435792
4316.410151
4316.410151
4317.435792
4318.461433
4318.974253
4318.974253
4319.487074
4317.435792
4315.89733
4316.922971
4316.410151
4315.89733
4316.922971
4318.974253
4318.461433
4316.922971
4315.38451
4316.922971
4318.974253
4314.358869
4312.307587
4315.89733
4316.410151
4314.871689
4316.410151
4316.410151
4315.38451
4316.410151
4316.922971
4315.38451
4313.846048
4314.871689
4318.461433
4316.922971
4315.38451
4316.410151
4317.435792
4317.435792
4317.435792
4315.89733
4315.89733
4318.461433
4320.512715
4319.487074
4316.922971
4318.461433
4320.512715
4318.974253
4317.435792
4318.974253
4321.025535
4321.538356
4322.051176
4322.563997
4322.563997
4321.538356
4322.051176
4324.615279
4326.15374
4324.102458
4325.64092
4329.743484
4329.743484
4328.205022
4332.307586
4337.435791
4339.487073
4342.051176
4347.179381
4348.717842
4351.281945
4356.92297
4359.487073
4360.512714
4364.102457
4364.102457
4358.974252
4356.92297
4358.461432
4353.846047
4346.66656
4345.640919
4350.769124
4353.333227
4351.281945
4347.692201
4343.589637
4336.922971
4328.717843
4318.974253
4310.256305
4302.563997
4294.87169
4289.743485
4289.743485
4289.743485
4285.640921
4284.61528
4285.640921
4285.640921
4288.205023
4292.820408
4293.333228
4294.87169
4301.538356
4304.102459
4302.051177
4304.102459
4307.179382
4307.179382
4306.666561
4306.153741
4303.589638
4303.076818
4305.64092
4306.666561
4307.179382
4306.153741
4307.179382
4308.205023
4309.230664
4308.717843
4309.743484
4313.333228
4315.38451
4315.89733
4315.89733
4315.89733
4317.435792
4317.948612
4315.89733
4314.871689
4318.461433
4319.999894
4317.435792
4315.89733
4318.461433
4320.512715
4319.999894
4321.025535
4320.512715
4319.487074
4319.999894
4319.487074
4320.512715
4324.102458
4322.563997
4319.487074
4322.051176
4323.076817
4321.025535
4321.538356
4321.538356
4320.512715
4318.974253
4317.948612
4319.999894
4319.999894
4317.948612
4316.922971
4317.435792
4317.435792
4316.922971
4316.410151
4318.461433
4320.512715
4318.974253
4318.461433
4318.974253
4318.461433
4318.461433
4318.974253
4316.922971
4318.461433
4321.538356
4321.025535
4320.512715
4322.051176
4320.512715
4317.435792
4317.435792
4317.948612
4318.974253
4321.025535
4319.999894
4316.922971
4316.922971
4318.974253
4319.487074
4318.974253
4319.999894
4317.948612
4316.410151
4318.974253
4321.025535
4317.435792
4314.871689
4317.435792
4316.922971
4313.846048
4313.846048
4316.922971
4314.358869
4310.769125
4311.794766
4314.871689
4314.358869
4311.281946
4312.820407
4313.333228
4311.794766
4311.794766
4313.333228
4313.333228
4312.307587
4311.281946
4310.256305
4310.256305
4312.307587
4312.307587
4311.281946
4311.281946
4311.794766
4310.256305
4310.769125
4311.794766
4311.794766
4310.769125
4310.769125
4310.256305
4308.205023
4309.743484
4309.743484
4308.717843
4310.256305
4312.820407
4312.820407
4311.794766
4311.281946
4311.281946
4310.256305
4310.769125
4311.794766
4311.794766
4312.307587
4314.358869
4315.38451
4315.38451
4317.435792
4315.89733
4313.333228
4313.846048
4313.333228
4310.769125
4310.256305
4309.743484
4309.743484
4312.820407
4312.820407
4309.230664
4308.205023
4310.256305
4310.769125
4307.179382
4306.153741
4308.717843
4308.205023
4305.1281
4306.666561
4307.692202
4304.615279
4306.666561
4308.717843
4308.205023
4309.743484
4311.281946
4309.743484
4310.256305
4312.307587
4311.281946
4312.307587
4313.846048
4312.820407
4311.794766
4312.307587
4313.846048
4315.38451
4315.89733
4314.358869
4314.871689
4316.410151
4313.333228
4313.333228
4317.948612
4318.461433
4314.358869
4311.794766
4312.820407
4313.333228
4313.846048
4313.333228
4314.871689
4315.38451
4312.820407
4311.794766
4314.871689
4316.922971
4313.333228
4312.820407
4315.38451
4313.846048
4314.358869
4317.435792
4316.410151
4316.922971
4320.512715
4315.89733
4312.820407
4317.948612
4319.487074
4317.435792
4317.435792
4319.487074
4319.999894
4319.999894
4318.461433
4317.948612
4321.538356
4322.563997
4319.487074
4319.999894
4322.563997
4320.512715
4319.487074
4320.512715
4321.538356
4321.025535
4320.512715
4321.538356
4323.076817
4323.076817
4321.538356
4320.512715
4317.948612
4319.487074
4324.102458
4323.076817
4319.487074
4319.999894
4321.025535
4319.487074
4318.974253
4319.487074
4318.974253
4318.461433
4318.461433
4319.999894
4321.538356
4321.025535
4318.974253
4318.974253
4319.999894
4318.461433
4317.435792
4319.487074
4320.512715
4320.512715
4320.512715
4319.999894
4318.974253
4318.974253
4318.461433
4317.948612
4319.487074
4318.974253
4315.89733
4316.922971
4319.487074
4318.974253
4318.461433
4320.512715
4319.999894
4319.487074
4322.563997
4325.128099
4321.025535
4318.974253
4323.589638
4324.615279
4322.051176
4322.051176
4322.051176
4321.025535
4321.025535
4321.025535
4322.051176
4322.563997
4321.025535
4318.974253
4319.487074
4323.076817
4322.563997
4319.487074
4319.487074
4319.999894
4316.922971
4315.89733
4318.461433
4316.922971
4315.38451
4317.435792
4315.38451
4313.846048
4313.846048
4312.307587
4310.769125
4311.794766
4310.256305
4305.64092
4307.692202
4310.769125
4308.205023
4306.153741
4306.153741
4305.1281
4304.102459
4307.179382
4307.692202
4303.076818
4303.076818
4304.615279
4303.076818
4298.974254
4297.948613
4298.974254
4297.948613
4293.846049
4292.820408
4297.435792
4299.999895
4298.974254
4299.999895
4302.563997
4301.538356
4300.512715
4304.102459
4305.1281
4304.102459
4304.615279
4304.102459
4306.153741
4310.256305
4310.256305
4309.743484
4314.871689
4320.512715
4322.563997
4323.589638
4324.615279
4324.615279
4324.615279
4326.15374
4326.666561
4328.205022
4328.717843
4328.205022
4327.692202
4328.205022
4329.230663
4329.230663
4327.692202
4326.666561
4327.692202
4326.666561
4327.692202
4327.179381
4323.589638
4323.589638
4325.64092
4322.563997
4321.025535
4322.563997
4324.102458
4324.102458
4324.615279
4324.102458
4323.076817
4322.563997
4323.076817
4322.563997
4321.538356
4321.538356
4319.487074
4318.974253
4322.563997
4322.051176
4316.922971
4318.461433
4320.512715
4317.435792
4316.410151
4318.461433
4318.461433
4318.974253
4316.410151
4315.89733
4319.999894
4319.999894
4317.948612
4319.999894
4319.999894
4316.922971
4318.461433
4318.461433
4316.410151
4319.487074
4321.025535
4319.487074
4319.999894
4320.512715
4319.999894
4319.999894
4319.999894
4320.512715
4321.025535
4320.512715
4318.974253
4318.974253
4319.999894
4321.025535
4318.974253
4318.461433
4319.487074
4316.922971
4315.89733
4318.974253
4318.974253
4314.871689
4314.358869
4316.410151
4315.38451
4313.333228
4314.358869
4315.89733
4315.89733
4316.922971
4316.922971
4316.410151
4316.410151
4315.89733
4316.410151
4315.38451
4314.871689
4316.410151
4316.410151
4315.89733
4315.38451
4315.38451
4316.922971
4317.948612
4316.922971
4314.871689
4315.38451
4315.89733
4317.435792
4317.948612
4317.948612
4317.948612
4316.410151
4317.948612
4318.974253
4316.922971
4316.410151
4317.435792
4316.922971
4314.871689
4316.410151
4316.922971
4316.410151
4317.435792
4317.435792
4316.410151
4315.38451
4315.38451
4316.410151
4317.948612
4317.948612
4317.435792
4318.461433
4317.948612
4316.922971
4317.435792
4318.461433
4317.948612
4315.38451
4313.846048
4316.410151
4318.461433
4317.435792
4314.871689
4314.358869
4317.435792
4318.974253
4317.948612
4317.948612
4318.974253
4317.948612
4318.461433
4318.974253
4316.922971
4315.89733
4314.871689
4315.38451
4316.410151
4314.871689
4313.846048
4317.435792
4318.461433
4315.89733
4318.461433
4320.512715
4317.435792
4315.89733
4316.922971
4316.410151
4314.358869
4314.871689
4318.461433
4320.512715
4319.487074
4315.38451
4313.846048
4316.410151
4317.435792
4315.38451
4313.846048
4314.871689
4315.89733
4317.435792
4315.38451
4315.38451
4318.461433
4318.974253
4316.922971
4317.435792
4318.461433
4317.435792
4317.435792
4318.974253
4319.999894
4317.435792
4314.871689
4313.333228
4314.358869
4314.358869
4315.38451
4314.358869
4313.846048
4314.358869
4313.846048
4313.333228
4313.846048
4314.358869
4313.846048
4313.846048
4315.38451
4316.922971
4315.38451
4311.794766
4314.358869
4317.435792
4315.89733
4315.38451
4316.410151
4313.333228
4312.820407
4317.435792
4317.435792
4315.89733
4316.922971
4318.974253
4317.948612
4316.410151
4317.435792
4317.948612
4315.38451
4314.871689
4319.999894
4319.999894
4314.871689
4314.358869
4318.461433
4315.38451
4310.769125
4314.358869
4315.38451
4311.281946
4313.846048
4319.487074
4314.871689
4309.743484
4312.307587
4314.871689
4314.358869
4313.333228
4312.307587
4312.820407
4315.38451
4315.89733
4311.794766
4311.794766
4315.89733
4314.358869
4310.256305
4311.794766
4314.358869
4312.307587
4311.794766
4313.333228
4311.281946
4309.230664
4311.281946
4312.820407
4312.307587
4313.846048
4313.333228
4309.743484
4311.281946
4313.846048
4312.820407
4313.333228
4313.333228
4311.794766
4311.794766
4312.307587
4313.846048
4316.410151
4315.89733
4313.846048
4315.38451
4315.38451
4312.820407
4315.89733
4317.435792
4315.89733
4316.922971
4318.974253
4316.410151
4313.846048
4314.871689
4316.922971
4318.974253
4316.922971
4313.846048
4314.871689
4316.410151
4314.871689
4315.38451
4319.487074
4319.487074
4317.435792
4317.435792
4318.974253
4317.948612
4317.435792
4318.974253
4320.512715
4320.512715
4318.461433
4319.487074
4323.589638
4323.589638
4322.563997
4325.128099
4327.179381
4327.692202
4332.307586
4335.89733
4335.384509
4335.89733
4336.41015
4338.461432
4342.051176
4341.025535
4337.435791
4336.41015
4333.333227
4326.666561
4323.076817
4322.051176
4319.487074
4314.871689
4308.205023
4304.102459
4305.1281
4299.999895
4292.307587
4292.820408
4295.38451
4294.358869
4294.358869
4294.358869
4294.358869
4294.87169
4294.87169
4295.897331
4298.461433
4298.974254
4301.025536
4301.538356
4299.487074
4302.563997
4307.179382
4305.1281
4304.102459
4307.179382
4307.692202
4308.205023
4310.769125
4312.820407
4313.846048
4315.38451
4315.89733
4315.89733
4316.410151
4318.461433
4320.512715
4318.974253
4318.461433
4319.999894
4321.025535
4321.538356
4321.025535
4318.974253
4320.512715
4321.538356
4319.487074
4319.999894
4323.589638
4319.999894
4317.948612
4320.512715
4318.974253
4316.922971
4319.487074
4319.487074
4316.922971
4318.461433
4319.487074
4316.410151
4316.922971
4318.461433
4317.948612
4318.461433
4317.948612
4317.435792
4318.461433
4316.922971
4315.38451
4317.948612
4317.948612
4316.922971
4318.974253
4321.538356
4320.512715
4319.999894
4320.512715
4319.999894
4318.461433
4317.948612
4319.487074
4318.974253
4316.922971
4317.948612
4318.974253
4317.435792
4317.435792
4319.487074
4317.948612
4315.89733
4315.38451
4316.410151
4317.435792
4315.38451
4313.846048
4314.871689
4315.89733
4314.871689
4315.38451
4315.89733
4315.38451
4314.871689
4315.38451
4316.922971
4316.922971
4315.89733
