
4625.640913
4654.871681
4685.128091
4710.769116
4733.846038
4754.358858
4770.769114
4791.281934
4810.256293
4821.538344
4827.69219
4827.69219
4818.974241
4806.666549
4793.333216
4778.461422
4761.025525
4748.717833
4744.615269
4734.871679
4721.538346
4719.999885
4724.102449
4721.025526
4722.051167
4725.64091
4723.589628
4716.922962
4710.769116
4707.179372
4705.12809
4702.051167
4700.512706
4705.640911
4707.692193
4701.538347
4694.87168
4694.35886
4694.87168
4693.846039
4689.230655
4681.538347
4673.84604
4673.333219
4677.435783
4674.871681
4664.615271
4661.538348
4661.025527
4652.820399
4643.58963
4644.615271
4649.230656
4650.256297
4651.281938
4648.717835
4641.538348
4636.922964
4632.307579
4628.205015
4630.769118
4633.846041
4632.8204
4631.281938
4629.743477
4629.743477
4633.846041
4632.8204
4625.640913
4623.589631
4624.102451
4626.666554
4629.743477
4628.717836
4628.717836
4631.281938
4630.256297
4631.794759
4634.871682
4632.8204
4633.846041
4641.025528
4637.435784
4631.794759
4638.461425
4638.974246
4630.256297
4630.256297
4636.410143
4636.410143
4636.922964
4642.051169
4642.563989
4634.871682
4632.8204
4637.435784
4637.435784
4631.794759
4629.743477
4632.307579
4628.205015
4622.56399
4627.179374
4634.358861
4630.256297
4624.102451
4626.153733
4630.256297
4627.692195
4625.128092
4627.179374
4631.281938
4632.307579
4633.846041
4635.897323
4634.871682
4635.384502
4636.410143
4634.358861
4636.410143
4643.58963
4642.563989
4637.948605
4643.07681
4643.58963
4631.794759
4629.230656
4633.33322
4629.743477
4630.256297
4634.871682
4630.769118
4631.281938
4638.461425
4637.435784
4636.922964
4639.999887
4636.410143
4632.307579
4634.871682
4632.8204
4626.153733
4623.07681
4626.666554
4629.743477
4625.640913
4618.461426
4622.56399
4632.8204
4631.281938
4624.102451
4624.615272
4631.281938
4635.384502
4634.358861
4629.230656
4627.692195
4624.102451
4617.435785
4614.358862
4613.333221
4603.589631
4589.743478
4578.974247
4564.615273
4548.205017
4534.871684
4523.589633
4513.846043
4505.640915
4506.153736
4516.410146
4528.205017
4541.53835
4554.871683
4565.640914
4575.897324
4589.743478
4601.538349
4615.897323
4633.33322
4643.58963
4652.820399
4669.230655
4679.487065
4682.051168
4695.384501
4709.743475
4707.692193
4698.974244
4696.922962
4696.922962
4695.897321
4690.769116
4685.128091
4683.589629
4683.589629
4683.076809
4683.589629
4681.025527
4679.487065
4682.051168
4681.025527
4681.025527
4685.128091
4690.769116
4695.384501
4691.281937
4683.076809
4682.051168
4683.589629
4681.025527
4677.948604
4677.435783
4679.487065
4684.61527
4687.692193
4685.128091
4678.974245
4673.84604
4673.333219
4677.435783
4686.153732
4692.820398
4692.820398
4694.87168
4699.999885
4699.487065
4697.435783
4698.461424
4695.384501
4691.794757
4694.87168
4695.384501
4691.281937
4689.230655
4690.256296
4686.666552
4677.948604
4675.384501
4675.897322
4669.743476
4661.025527
4664.615271
4672.307578
4669.230655
4662.563989
4659.999886
4660.512707
4658.461425
4655.897322
4654.358861
4651.281938
4646.153733
4647.179374
4655.897322
4658.974245
4654.871681
4657.948604
4659.487066
4652.820399
4650.769117
4653.84604
4653.84604
4652.820399
4653.33322
4650.769117
4651.281938
4653.33322
4648.717835
4644.102451
4647.692194
4652.307579
4650.769117
4647.692194
4647.692194
4649.230656
4653.33322
4655.897322
4654.871681
4653.84604
4653.84604
4656.922963
4656.922963
4653.33322
4655.897322
4662.563989
4664.10245
4664.615271
4665.128091
4659.999886
4659.487066
4670.256296
4670.769117
4659.999886
4658.461425
4659.999886
4655.384502
4655.897322
4661.538348
4661.538348
4663.58963
4667.179373
4665.128091
4661.025527
4658.461425
4658.974245
4659.999886
4656.922963
4659.999886
4670.256296
4673.84604
4672.820399
4677.435783
4681.538347
4675.897322
4671.794758
4676.410142
4680.512706
4677.435783
4677.948604
4681.538347
4679.999886
4681.025527
4684.10245
4680.512706
4675.384501
4676.410142
4676.410142
4678.974245
4683.589629
4682.563988
4677.435783
4676.922963
4679.487065
4679.487065
4676.410142
4673.84604
4672.307578
4669.230655
4667.179373
4664.615271
4658.461425
4658.974245
4666.153732
4663.58963
4658.974245
4663.58963
4667.179373
4661.538348
4659.999886
4662.563989
4659.999886
4656.922963
4653.84604
4653.84604
4654.871681
4652.820399
4651.281938
4653.33322
4654.358861
4653.84604
4651.794758
4647.692194
4645.128092
4644.615271
4644.615271
4646.153733
4644.615271
4639.487066
4637.435784
4638.461425
4640.512707
4641.025528
4642.051169
4642.563989
4641.538348
4640.512707
4638.974246
4639.999887
4646.153733
4645.640912
4639.487066
4639.487066
4642.563989
4638.461425
4634.871682
4637.435784
4640.512707
4642.051169
4644.615271
4648.205015
4653.33322
4654.871681
4648.717835
4642.563989
4641.538348
4643.58963
4642.051169
4641.538348
4642.051169
4645.128092
4648.205015
4647.692194
4647.692194
4650.769117
4653.84604
4652.820399
4651.794758
4654.358861
4654.871681
4653.33322
4653.33322
4654.358861
4655.384502
4656.410143
4656.922963
4652.820399
4648.717835
4653.84604
4660.512707
4659.487066
4655.897322
4655.384502
4656.410143
4659.487066
4661.025527
4657.948604
4656.922963
4657.948604
4656.922963
4656.410143
4653.33322
4650.769117
4654.871681
4661.025527
4658.974245
4654.358861
4657.948604
4660.512707
4657.435784
4655.384502
4655.384502
4653.84604
4655.897322
4656.922963
4653.84604
4656.410143
4658.461425
4656.922963
4658.461425
4659.487066
4655.897322
4654.871681
4657.435784
4657.948604
4656.410143
4654.358861
4655.897322
4660.512707
4661.025527
4660.512707
4660.512707
4660.512707
4659.487066
4655.384502
4651.281938
4649.230656
4648.205015
4648.717835
4651.794758
4655.897322
4659.487066
4659.487066
4656.410143
4653.33322
4652.820399
4657.435784
4659.999886
4657.435784
4658.461425
4654.358861
4646.153733
4647.179374
4651.794758
4649.230656
4649.743476
4654.871681
4652.820399
4650.256297
4650.769117
4651.281938
4648.205015
4643.07681
4645.128092
4651.794758
4652.307579
4649.743476
4647.692194
4645.128092
4647.179374
4651.794758
4648.205015
4640.512707
4641.538348
4643.58963
4643.07681
4640.512707
4639.487066
4638.974246
4644.102451
4650.769117
4649.230656
4644.102451
4641.025528
4637.435784
4636.922964
4646.666553
4652.307579
4647.692194
4648.717835
4654.871681
4651.281938
4648.717835
4652.307579
4648.205015
4641.538348
4643.07681
4644.102451
4647.179374
4651.281938
4650.256297
4646.153733
4646.666553
4646.666553
4644.102451
4643.07681
4642.051169
4641.538348
4638.461425
4636.922964
4640.512707
4644.615271
4644.615271
4644.102451
4647.179374
4649.230656
4646.153733
4644.102451
4645.128092
4641.538348
4637.435784
4646.666553
4654.358861
4645.640912
4642.051169
4647.692194
4643.58963
4638.974246
4644.102451
4645.128092
4643.07681
4643.58963
4643.58963
4648.205015
4654.871681
4655.384502
4652.820399
4652.307579
4651.794758
4653.33322
4654.871681
4652.307579
4650.256297
4651.794758
4656.410143
4654.871681
4648.205015
4651.281938
4658.974245
4661.025527
4665.128091
4671.281937
4668.205014
4664.10245
4664.615271
4659.999886
4653.33322
4655.384502
4661.025527
4657.948604
4657.435784
4662.051168
4663.076809
4659.487066
4655.897322
4656.410143
4662.563989
4665.640912
4662.563989
4663.58963
4666.666553
4664.10245
4660.512707
4658.974245
4661.025527
4663.076809
4660.512707
4659.487066
4661.025527
4663.076809
4665.128091
4662.563989
4657.948604
4659.999886
4663.58963
4659.999886
4655.384502
4657.948604
4662.563989
4661.025527
4656.922963
4653.84604
4651.281938
4650.256297
4653.84604
4654.871681
4652.307579
4650.256297
4649.230656
4649.230656
4649.230656
4649.743476
4653.84604
4654.871681
4652.307579
4649.230656
4645.640912
4646.666553
4651.794758
4651.794758
4646.666553
4649.743476
4657.948604
4660.512707
4658.974245
4662.051168
4664.615271
4661.538348
4662.563989
4667.692194
4667.692194
4664.10245
4661.538348
4657.948604
4658.974245
4662.051168
4662.563989
4661.025527
4656.922963
4650.256297
4648.205015
4652.820399
4653.33322
4651.281938
4652.820399
4655.384502
4655.384502
4653.33322
4649.743476
4649.230656
4645.128092
4639.487066
4641.025528
4646.666553
4644.615271
4641.025528
4642.563989
4644.102451
4644.615271
4643.07681
4643.07681
4645.128092
4642.051169
4641.025528
4644.102451
4641.025528
4636.922964
4639.999887
4643.07681
4642.563989
4644.102451
4645.640912
4644.102451
4642.051169
4639.487066
4639.487066
4638.461425
4639.999887
4647.179374
4652.820399
4651.281938
4648.205015
4649.230656
4650.769117
4652.307579
4653.33322
4651.281938
4650.769117
4648.205015
4643.07681
4643.07681
4645.640912
4639.999887
4634.358861
4640.512707
4642.563989
4637.435784
4639.487066
4646.153733
4648.205015
4650.256297
4651.281938
4651.794758
4651.281938
4647.179374
4644.102451
4645.640912
4641.538348
4638.461425
4645.640912
4648.717835
4646.666553
4650.769117
4656.922963
4655.897322
4650.769117
4645.640912
4643.07681
4641.025528
4642.563989
4645.640912
4647.692194
4650.769117
4653.33322
4651.794758
4652.820399
4656.922963
4655.897322
4650.769117
4648.205015
4648.717835
4645.128092
4642.051169
4646.153733
4647.179374
4641.025528
4644.102451
4649.743476
4646.666553
4647.692194
4651.281938
4649.230656
4649.743476
4651.281938
4646.153733
4644.102451
4649.743476
4656.410143
4658.974245
4657.435784
4653.84604
4649.230656
4646.153733
4647.179374
4652.307579
4657.435784
4654.871681
4648.717835
4650.256297
4654.871681
4653.84604
4651.281938
4650.769117
4648.205015
4649.230656
4651.281938
4647.692194
4646.153733
4653.33322
4656.410143
4652.307579
4655.384502
4661.025527
4656.410143
4649.230656
4653.84604
4655.384502
4647.179374
4645.640912
4651.794758
4650.256297
4644.615271
4647.692194
4655.384502
4652.820399
4647.179374
4653.84604
4656.922963
4646.153733
4643.07681
4646.666553
4642.563989
4646.153733
4654.358861
4652.820399
4648.717835
4650.769117
4652.820399
4655.384502
4653.84604
4647.692194
4647.692194
4653.84604
4651.281938
4645.128092
4647.692194
4647.179374
4642.563989
4646.666553
4653.84604
4651.281938
4650.769117
4651.281938
4645.128092
4648.717835
4658.974245
4656.410143
4648.205015
4651.281938
4650.769117
4646.666553
4651.794758
4654.358861
4643.07681
4636.922964
4644.615271
4648.205015
4644.102451
4646.666553
4655.384502
4657.435784
4647.692194
4646.153733
4651.794758
4649.230656
4643.07681
4640.512707
4642.051169
4644.102451
4645.640912
4647.179374
4652.307579
4653.33322
4652.307579
4654.871681
4655.384502
4651.281938
4649.743476
4650.769117
4649.743476
4647.692194
4648.717835
4649.743476
4647.692194
4643.58963
4645.640912
4650.769117
4649.743476
4647.179374
4648.717835
4651.281938
4652.820399
4656.410143
4658.461425
4658.461425
4661.025527
4659.487066
4649.743476
4646.666553
4653.33322
4655.384502
4652.820399
4653.33322
4651.794758
4652.307579
4658.461425
4659.487066
4662.051168
4664.10245
4656.922963
4651.794758
4654.871681
4653.84604
4650.256297
4653.33322
4652.820399
4645.640912
4639.487066
4639.999887
4644.102451
4648.717835
4651.281938
4652.307579
4653.33322
4650.769117
4645.128092
4647.692194
4652.820399
4652.307579
4653.84604
4659.487066
4662.563989
4659.999886
4656.410143
4655.384502
4656.922963
4654.871681
4653.84604
4655.384502
4654.871681
4655.384502
4659.999886
4659.999886
4657.948604
4658.461425
4656.922963
4654.358861
4655.897322
4655.897322
4651.281938
4652.307579
4657.948604
4655.897322
4650.769117
4655.384502
4661.025527
4661.538348
4660.512707
4658.461425
4653.33322
4652.307579
4654.871681
4653.33322
4652.820399
4656.922963
4656.410143
4652.307579
4652.820399
4652.820399
4653.84604
4658.461425
4656.410143
4651.281938
4653.33322
4654.358861
4650.256297
4648.717835
4651.794758
4655.897322
4658.974245
4660.512707
4661.538348
4659.999886
4655.897322
4653.84604
4652.307579
4650.256297
4648.717835
4651.794758
4653.84604
4651.794758
4649.230656
4651.281938
4652.307579
4649.230656
4648.205015
4648.205015
4647.692194
4643.07681
4636.410143
4636.922964
4642.563989
4643.58963
4642.563989
4643.58963
4645.128092
4644.102451
4645.128092
4645.640912
4648.205015
4651.281938
4654.358861
4657.948604
4658.461425
4657.948604
4658.461425
4659.999886
4659.487066
4657.435784
4655.897322
4659.999886
4664.615271
4659.487066
4654.871681
4659.999886
4662.563989
4659.487066
4661.025527
4658.974245
4655.384502
4661.025527
4669.743476
4667.692194
4663.58963
4661.538348
4654.358861
4646.666553
4650.256297
4654.358861
4650.769117
4646.666553
4643.07681
4639.999887
4639.999887
4635.897323
4626.153733
4623.589631
4626.153733
4622.56399
4619.487067
4624.615272
4626.666554
4624.102451
4624.102451
4621.025528
4616.922964
4626.153733
4643.58963
4655.897322
4664.615271
4669.743476
4669.743476
4665.640912
4663.58963
4663.076809
4662.051168
4660.512707
4665.640912
4670.769117
4667.179373
4664.10245
4669.743476
4674.871681
4669.743476
4662.563989
4664.615271
4669.743476
4665.640912
4656.922963
4655.384502
4662.051168
4664.615271
4664.10245
4665.128091
4668.717835
4668.717835
4666.666553
4664.10245
4664.10245
4665.128091
4665.640912
4667.179373
4666.153732
4660.512707
4658.974245
4664.615271
4666.153732
4664.615271
4665.128091
4663.076809
4659.487066
4659.487066
4659.999886
4659.487066
4660.512707
4661.025527
4657.948604
4658.461425
4661.025527
4660.512707
4658.461425
4659.999886
4661.025527
4658.974245
4659.487066
4662.563989
4663.076809
4662.563989
4666.666553
4668.205014
4662.563989
4657.435784
4655.384502
4654.871681
4654.358861
4653.84604
4655.384502
4656.922963
4653.33322
4651.281938
4659.487066
4667.179373
4663.58963
4658.461425
4658.974245
4658.461425
4656.410143
4654.871681
4650.256297
4650.769117
4655.384502
4653.33322
4652.307579
4653.33322
4650.769117
4646.153733
4645.640912
4646.153733
4646.153733
4652.307579
4655.897322
4649.743476
4645.640912
4648.205015
4646.666553
4644.102451
4649.230656
4655.384502
4657.948604
4658.461425
4656.922963
4654.871681
4648.717835
4645.128092
4648.205015
4650.256297
4649.230656
4648.205015
4648.717835
4652.307579
4652.820399
4646.666553
4643.07681
4646.153733
4647.692194
4648.717835
4653.33322
4654.871681
4653.84604
4651.794758
4647.692194
4644.615271
4651.281938
4653.84604
4647.179374
4646.666553
4649.743476
4649.743476
4648.717835
4647.179374
4648.205015
4655.384502
4658.974245
4655.897322
4655.897322
4657.435784
4653.33322
4647.692194
4644.102451
4643.07681
4643.58963
4647.692194
4652.820399
4654.871681
4653.84604
4654.358861
4655.897322
4655.384502
4654.871681
4652.820399
4649.230656
4646.666553
4650.769117
4653.84604
4648.717835
4644.102451
4646.153733
4639.999887
4626.666554
4617.948605
4601.538349
4578.974247
4561.025529
4544.102453
4528.205017
4518.974248
4517.435787
4523.076812
4532.307581
4544.615273
4566.153734
4588.717837
4604.615272
4630.256297
4665.640912
4695.384501
4716.922962
4732.820397
4743.589628
4755.384499
4763.076807
4758.974243
4753.333217
4752.307576
4753.846038
4753.333217
4751.281935
4747.179371
4747.692192
4746.15373
4733.846038
4723.589628
4721.025526
4717.435782
4709.230654
4705.12809
4705.12809
4706.153731
4711.281936
4719.487064
4723.076808
4722.051167
4718.461423
4715.3845
4712.820398
4710.769116
4709.230654
4707.179372
4702.563988
4697.948603
4696.922962
4696.922962
4695.897321
4692.820398
4688.717834
4688.205014
4685.128091
4678.974245
4680.512706
4684.10245
4680.512706
4676.410142
4676.922963
4675.897322
4674.871681
4675.384501
4671.281937
4671.794758
4677.948604
4675.897322
4666.666553
4665.640912
4667.179373
4663.076809
4659.999886
4660.512707
4659.999886
4661.025527
4659.999886
4658.974245
4661.025527
4658.461425
4654.871681
4656.410143
4659.487066
4657.948604
4657.435784
4657.435784
4653.84604
4653.33322
4656.922963
4658.974245
4659.999886
4659.999886
4658.974245
4658.461425
4657.435784
4653.33322
4653.84604
4656.922963
4654.871681
4654.871681
4651.794758
4647.179374
4647.692194
4651.281938
4653.33322
4653.33322
4652.307579
4649.230656
4648.205015
4651.281938
4652.307579
4648.205015
4644.102451
4642.051169
4640.512707
4644.102451
4648.717835
4645.640912
4644.102451
4646.153733
4644.102451
4640.512707
4642.051169
4645.128092
4643.58963
4642.051169
4642.563989
4645.640912
4649.743476
4647.179374
4639.999887
4638.461425
4638.974246
4637.435784
4637.435784
4638.974246
4639.487066
4639.999887
4643.07681
4646.666553
4645.640912
4643.07681
4643.58963
4644.615271
4642.563989
4642.051169
4642.563989
4642.051169
4645.128092
4644.615271
4640.512707
4637.435784
4636.922964
4638.461425
4638.974246
4639.999887
4640.512707
4638.461425
4634.871682
4634.358861
4635.384502
4635.384502
4637.435784
4639.999887
4638.974246
4638.461425
4638.974246
4638.974246
4637.948605
4643.07681
4651.794758
4653.84604
4653.84604
4656.410143
4657.948604
4657.948604
4661.025527
4665.640912
4668.205014
4668.717835
4669.743476
4672.307578
4675.897322
4675.897322
4675.897322
4676.410142
4675.384501
4674.35886
4675.384501
4671.794758
4669.230655
4671.794758
4672.307578
4668.717835
4667.179373
4666.153732
4663.076809
4662.563989
4659.487066
4654.358861
4650.769117
4649.743476
4651.281938
4655.897322
4657.435784
4655.384502
4655.897322
4658.461425
4658.974245
4657.948604
4655.384502
4653.84604
4652.307579
4651.281938
4649.230656
4647.692194
4653.84604
4659.487066
4655.384502
4647.692194
4649.743476
4653.33322
4653.84604
4653.84604
4652.820399
4651.281938
4650.256297
4651.794758
4654.358861
4653.84604
4651.794758
4655.384502
4658.974245
4652.307579
4647.692194
4652.307579
4652.307579
4646.666553
4644.615271
4643.07681
4641.025528
4642.563989
4639.487066
4632.8204
4636.922964
4644.102451
4642.563989
4639.999887
4646.153733
4649.743476
4648.717835
4651.794758
4656.922963
4651.281938
4643.58963
4645.640912
4650.769117
4651.794758
4651.281938
4655.384502
4659.999886
4663.076809
4664.615271
4665.128091
4662.051168
4659.999886
4661.025527
4658.974245
4654.871681
4657.435784
4661.025527
4657.948604
4656.922963
4657.948604
4656.922963
4655.384502
4653.33322
4649.743476
4650.256297
4650.256297
4647.692194
4647.179374
4652.820399
4653.33322
4648.205015
4645.640912
4648.205015
4648.717835
4647.179374
4649.230656
4651.281938
4654.358861
4657.948604
4658.974245
4659.999886
4661.538348
4660.512707
4660.512707
4665.640912
4668.205014
4660.512707
4653.33322
4653.33322
4654.871681
4652.307579
4651.281938
4651.794758
4647.692194
4645.640912
4651.281938
4652.307579
4647.692194
4648.717835
4649.230656
4647.179374
4651.794758
4655.897322
4651.794758
4649.230656
4651.794758
4653.33322
4651.794758
4646.153733
4645.128092
4648.205015
4646.666553
4642.051169
4642.563989
4643.58963
4644.615271
4645.128092
4645.640912
4644.102451
4645.640912
4650.769117
4655.384502
4653.33322
4649.230656
4650.256297
4655.384502
4658.974245
4657.948604
4653.84604
4650.769117
4646.153733
4643.07681
4643.58963
4645.128092
4647.692194
4649.743476
4649.230656
4647.692194
4645.640912
4646.153733
4650.256297
4652.820399
4650.256297
4650.769117
4648.205015
4644.102451
4648.205015
4653.84604
4651.794758
4650.769117
4651.281938
4652.307579
4652.307579
4649.230656
4645.128092
4643.07681
4641.025528
4643.07681
4650.256297
4654.358861
4654.358861
4652.820399
4650.256297
4649.743476
4648.717835
4645.640912
4644.102451
4645.128092
4645.640912
4646.153733
4647.179374
4648.205015
4651.281938
4652.307579
4648.717835
4645.640912
4645.128092
4647.692194
4648.717835
4652.307579
4656.922963
4654.871681
4650.769117
4656.922963
4659.487066
4650.256297
4649.230656
4652.820399
4648.205015
4648.205015
4652.820399
4651.794758
4651.794758
4653.84604
4651.794758
4650.256297
4652.307579
4652.307579
4651.281938
4649.230656
4652.820399
4658.461425
4652.820399
4648.205015
4657.435784
4663.58963
4657.948604
4656.922963
4659.999886
4658.461425
4655.897322
4659.487066
4660.512707
4654.358861
4645.128092
4644.615271
4653.33322
4659.487066
4657.435784
4657.948604
4662.051168
4660.512707
4655.897322
4654.358861
4655.384502
4658.461425
4658.974245
4657.948604
4658.461425
4654.871681
4651.794758
4655.897322
4657.948604
4655.897322
4656.922963
4657.435784
4653.33322
4653.84604
4652.820399
4651.281938
4655.897322
4658.974245
4658.974245
4661.025527
4658.461425
4654.358861
4655.384502
4659.487066
4661.538348
4663.58963
4664.615271
4662.563989
4658.974245
4655.384502
4656.922963
4657.948604
4656.410143
4651.794758
4648.717835
4653.84604
4660.512707
4663.076809
4666.153732
4668.205014
4666.666553
4663.58963
4662.051168
4659.999886
4656.410143
4654.871681
4655.897322
4657.435784
4660.512707
4662.563989
4662.051168
4664.10245
4665.128091
4657.948604
4653.33322
4655.897322
4654.358861
4650.256297
4651.794758
4654.358861
4653.84604
4655.384502
4657.948604
4659.487066
4659.487066
4659.487066
4661.025527
4662.051168
4655.897322
4652.820399
4657.435784
4655.384502
4649.743476
4650.256297
4653.33322
4654.358861
4656.410143
4658.974245
4657.948604
4655.384502
4653.84604
4655.897322
4653.84604
4651.281938
4654.871681
4661.025527
4661.025527
4658.461425
4655.384502
4649.743476
4645.640912
4649.230656
4653.33322
4649.230656
4645.128092
4649.743476
4652.820399
4650.769117
4651.794758
4654.871681
4654.358861
4649.743476
4648.205015
4646.153733
4643.07681
4645.128092
4650.769117
4654.871681
4658.974245
4660.512707
4655.384502
4652.307579
4653.84604
4653.84604
4652.820399
4652.307579
4652.820399
4652.307579
4648.205015
4650.256297
4652.307579
4647.692194
4646.153733
4649.743476
4652.307579
4651.281938
4647.692194
4645.640912
4649.230656
4646.666553
4644.615271
4648.717835
4646.153733
4636.410143
4635.897323
4643.07681
4642.563989
4635.384502
4636.410143
4641.025528
4636.922964
4631.281938
4635.384502
4639.487066
4636.922964
4636.410143
4641.025528
4645.128092
4643.07681
4639.999887
4638.974246
4641.025528
4642.051169
4639.487066
4639.999887
4641.025528
4637.435784
4636.410143
4641.538348
4641.538348
4636.922964
4638.974246
4643.58963
4644.615271
4644.102451
4644.615271
4646.153733
4645.640912
4646.153733
4646.153733
4645.128092
4643.58963
4645.128092
4646.666553
4645.640912
4644.102451
4646.153733
4652.307579
4656.410143
4656.922963
4654.871681
4652.820399
4651.794758
4651.794758
4649.230656
4645.640912
4642.051169
4641.538348
4642.563989
4642.051169
4639.999887
4638.461425
4640.512707
4640.512707
4638.974246
4637.948605
4638.461425
4642.563989
4649.230656
4650.256297
4644.102451
4639.487066
4640.512707
4643.07681
4642.051169
4636.410143
4635.897323
4643.58963
4646.153733
4642.051169
4639.999887
4644.102451
4646.153733
4647.692194
4653.33322
4657.948604
4656.922963
4654.871681
4650.769117
4648.717835
4652.820399
4653.33322
4649.743476
4648.205015
4648.717835
4652.307579
4659.999886
4661.538348
4660.512707
4658.461425
4654.358861
4654.871681
4660.512707
4657.948604
4651.794758
4654.358861
4655.897322
4650.769117
4650.256297
4653.33322
4653.84604
4653.84604
4656.410143
4658.461425
4653.33322
4649.743476
4654.871681
4654.871681
4646.666553
4647.692194
4652.820399
4653.33322
4655.897322
4659.487066
4658.461425
4657.435784
4660.512707
4664.10245
4662.563989
4657.435784
4656.922963
4659.487066
4656.410143
4652.820399
4653.84604
4651.281938
4645.128092
4645.640912
4648.717835
4647.692194
4650.769117
4653.84604
4650.256297
4649.743476
4653.33322
4653.84604
4651.794758
4657.435784
4662.051168
4657.435784
4656.410143
4663.076809
4663.076809
4661.025527
4658.974245
4654.871681
4659.487066
4663.58963
4654.871681
4649.743476
4651.281938
4646.666553
4648.205015
4653.84604
4651.794758
4651.794758
4654.871681
4651.281938
4649.230656
4652.307579
4652.820399
4650.769117
4650.769117
4652.820399
4652.820399
4648.717835
4644.102451
4646.153733
4648.717835
4646.153733
4644.102451
4647.692194
4649.743476
4651.281938
4655.897322
4656.922963
4655.384502
4655.897322
4655.384502
4657.948604
4664.615271
4666.153732
4666.666553
4668.205014
4663.076809
4657.948604
4655.897322
4651.794758
4654.358861
4659.487066
4655.384502
4648.205015
4651.281938
4654.871681
4651.281938
4651.281938
4656.922963
4654.358861
4647.692194
4649.230656
4653.33322
4651.281938
4650.256297
4653.84604
4652.820399
4648.205015
4645.640912
4646.666553
4647.692194
4645.128092
4645.128092
4649.743476
4652.820399
4651.281938
4649.230656
4645.640912
4644.615271
4649.230656
4650.769117
4646.666553
4645.128092
4645.640912
4648.205015
4648.205015
4647.692194
4651.794758
4652.307579
4646.666553
4646.153733
4650.769117
4653.84604
4655.384502
4652.820399
4652.820399
4656.410143
4655.384502
4652.307579
4656.410143
4659.999886
4657.948604
4654.871681
4653.33322
4655.384502
4659.487066
4661.538348
4657.948604
4652.820399
4652.820399
4656.410143
4656.410143
4653.33322
4651.281938
4650.256297
4649.230656
4650.256297
4651.281938
4652.307579
4653.33322
4654.358861
4651.794758
4645.128092
4641.538348
4641.538348
4642.563989
4643.07681
4646.666553
4649.743476
4650.769117
4651.281938
4651.281938
4649.230656
4649.743476
4652.307579
4655.384502
4657.948604
4659.999886
4659.999886
4660.512707
4662.051168
4658.974245
4654.358861
4656.410143
4659.487066
4656.410143
4656.410143
4658.461425
4657.435784
4656.922963
4658.974245
4659.487066
4660.512707
4661.025527
4657.435784
4653.84604
4649.743476
4650.769117
4655.897322
4655.897322
4653.84604
4659.999886
4663.58963
4655.897322
4649.230656
4651.281938
4652.307579
4647.692194
4645.128092
4645.640912
4648.205015
4651.794758
4653.33322
4652.307579
4653.84604
4652.820399
4646.666553
4642.563989
4640.512707
4631.281938
4622.56399
4622.56399
4622.56399
4617.948605
4613.846041
4612.8204
4605.640913
4593.333221
4588.205016
4591.281939
4589.743478
4587.692196
4586.666555
4583.076811
4579.487068
4578.461427
4578.461427
4582.563991
4588.205016
4589.230657
4575.897324
4550.769119
4532.307581
4526.666556
4526.666556
4533.846043
4547.179376
4557.948606
4569.743478
4589.230657
4611.794759
4637.948605
4665.640912
4687.179373
4705.12809
4727.179372
4748.717833
4763.589627
4777.435781
4788.205011
4786.153729
4775.384499
4764.615268
4754.358858
4742.051166
4729.230654
4717.435782
4706.666552
4698.974244
4694.87168
4689.743475
4683.589629
4674.871681
4666.666553
4665.128091
4667.179373
4667.692194
4669.230655
4669.230655
4662.563989
4659.487066
4658.974245
4655.897322
4654.871681
4657.948604
4658.974245
4656.922963
4655.897322
4658.974245
4662.051168
4655.897322
4651.794758
4655.384502
4653.33322
4646.153733
4647.692194
4651.281938
4647.692194
4642.051169
4636.922964
4630.769118
4627.179374
4624.615272
4624.102451
4624.102451
4619.487067
4616.410144
4618.461426
4619.487067
4620.512708
4624.102451
4627.179374
4633.846041
4638.974246
4636.922964
4633.846041
4635.897323
4636.410143
4635.384502
4636.410143
4635.897323
4638.974246
4647.179374
4650.769117
4649.743476
4650.769117
4647.692194
4644.102451
4649.230656
4655.897322
4656.410143
4658.461425
4661.538348
4659.999886
4658.974245
4663.076809
4666.153732
4662.051168
4657.435784
4655.384502
4652.820399
4650.769117
4651.794758
4652.820399
4654.358861
4653.33322
4651.281938
4652.820399
4657.435784
4658.461425
4658.461425
4658.461425
4656.410143
4655.384502
4655.897322
4656.922963
4661.538348
4663.58963
4660.512707
4658.974245
4659.487066
4660.512707
4657.435784
4652.820399
4652.820399
4657.435784
4660.512707
4662.051168
4662.051168
4661.538348
4659.487066
4656.922963
4657.435784
4661.025527
4662.563989
4658.974245
4656.410143
4654.871681
4655.897322
4658.461425
4659.999886
4662.563989
4663.58963
4660.512707
4659.487066
4662.563989
4663.076809
4665.640912
4668.205014
4665.128091
4663.076809
4668.205014
4669.230655
4666.666553
4666.666553
4668.205014
4667.692194
4664.615271
4661.025527
4661.025527
4663.076809
4662.051168
4659.999886
4664.10245
4665.128091
4659.999886
4659.999886
4663.076809
4659.487066
4658.974245
4665.640912
4667.692194
4666.666553
4667.692194
4667.692194
4663.076809
4659.487066
4663.58963
4670.256296
4670.256296
4667.179373
4669.230655
4671.794758
4672.307578
4671.281937
4671.794758
4672.307578
4672.307578
4674.35886
4676.410142
4675.897322
4674.35886
4671.281937
4666.153732
4659.487066
4657.435784
4659.999886
4660.512707
4657.948604
4655.384502
4654.871681
4657.948604
4664.615271
4663.076809
4657.435784
4658.461425
4656.922963
4654.358861
4660.512707
4664.10245
4660.512707
4664.10245
4669.743476
4664.615271
4659.999886
4664.615271
4668.205014
4667.692194
4666.153732
4667.692194
4668.205014
4665.128091
4662.051168
4662.051168
4658.974245
4659.487066
4665.128091
4667.179373
4666.153732
4669.230655
4670.256296
4667.692194
4666.153732
4662.051168
4658.974245
4657.435784
4653.33322
4648.717835
4648.205015
4650.769117
4652.820399
4651.281938
4650.769117
4652.307579
4647.179374
4640.512707
4639.999887
4642.563989
4642.563989
4643.58963
4645.128092
4644.615271
4643.07681
4643.07681
4642.051169
4643.07681
4645.640912
4646.666553
4644.615271
4642.563989
4645.128092
4648.717835
4651.794758
4652.820399
4654.358861
4653.84604
4654.358861
4656.410143
4654.871681
4651.281938
4651.281938
4649.743476
4648.205015
4650.256297
4653.33322
4651.794758
4646.666553
4644.102451
4644.102451
4641.025528
4638.461425
4643.58963
4646.666553
4644.615271
4647.692194
4650.769117
4646.666553
4642.563989
4643.58963
4645.128092
4645.128092
4645.640912
4644.615271
4645.128092
4648.205015
4650.256297
4653.33322
4654.358861
4647.179374
4641.538348
4645.640912
4648.717835
4648.205015
4645.128092
4639.487066
4635.897323
4636.922964
4638.974246
4639.999887
4637.435784
4635.384502
4639.487066
4647.692194
4650.769117
4645.128092
4643.07681
4646.153733
4648.205015
4646.153733
4645.640912
4647.692194
4647.692194
4644.102451
4642.563989
4645.640912
4648.717835
4651.794758
4654.871681
4654.358861
4651.281938
4648.205015
4647.692194
4652.820399
4655.384502
4654.871681
4656.410143
4661.025527
4663.076809
4664.615271
4661.025527
4654.358861
4656.922963
4661.025527
4659.999886
4663.076809
4667.179373
4666.666553
4669.743476
4674.871681
4676.410142
4676.922963
4676.922963
4679.999886
4686.666552
4684.61527
4676.922963
4678.461424
4683.589629
4681.538347
4678.974245
4683.076809
4685.640911
4681.538347
4675.897322
4674.35886
4669.743476
4661.025527
4655.384502
4657.435784
4658.974245
4657.435784
4652.307579
4646.153733
4641.025528
4632.8204
4623.589631
4618.974246
4617.435785
4616.922964
4617.948605
4618.461426
4618.974246
4618.461426
4614.358862
4610.769118
4610.769118
4609.743477
4604.615272
4603.589631
4611.281939
4619.999887
4622.56399
4619.487067
4618.461426
4622.051169
4625.128092
4628.205015
4629.743477
4626.153733
4623.07681
4624.615272
4625.128092
4625.128092
4626.153733
4628.205015
4632.307579
4633.846041
4632.307579
4636.922964
4639.487066
4634.871682
4632.307579
4629.230656
4626.666554
4630.769118
4636.410143
4634.871682
4635.897323
4641.538348
4644.102451
4642.563989
4637.948605
4633.846041
4633.33322
4637.948605
4641.538348
4643.58963
4642.051169
4637.948605
4633.846041
4633.33322
4635.384502
4636.922964
4637.948605
4639.487066
4642.563989
4643.58963
4643.07681
4642.051169
4637.948605
4634.358861
4636.922964
4643.07681
4643.07681
4638.974246
4642.051169
4648.205015
4646.153733
4644.615271
4652.820399
4654.871681
4650.769117
4651.281938
4651.281938
4652.307579
4656.922963
4660.512707
4656.922963
4651.281938
4650.769117
4657.435784
4659.999886
4653.84604
4650.769117
4654.358861
4657.435784
4657.948604
4659.487066
4659.487066
4652.820399
4650.256297
4654.358861
4654.358861
4652.820399
4655.897322
4657.435784
4654.871681
4649.743476
4640.512707
4640.512707
4645.640912
4644.615271
4643.07681
4648.717835
4649.230656
4643.07681
4645.128092
4653.84604
4652.820399
4645.640912
4648.717835
4653.84604
4648.717835
4643.07681
4647.179374
4654.358861
4655.384502
4651.794758
4652.820399
4654.358861
4651.281938
4647.179374
4646.666553
4647.179374
4647.179374
4648.717835
4653.84604
4654.358861
4646.666553
4647.179374
4651.794758
4651.281938
4654.358861
4657.435784
4648.205015
4641.538348
4648.717835
4653.33322
4647.692194
4645.640912
4646.666553
4645.640912
4644.102451
4645.640912
4647.692194
4644.615271
4638.461425
4636.922964
4639.999887
4641.025528
4641.538348
4641.538348
4641.025528
4642.563989
4645.128092
4647.692194
4647.179374
4645.128092
4647.692194
4648.717835
4643.58963
4643.58963
4646.666553
4647.179374
4650.769117
4654.871681
4651.281938
4651.281938
4654.358861
4654.358861
4653.84604
4653.84604
4652.820399
4653.84604
4654.358861
4651.281938
4649.230656
4647.179374
4645.128092
4644.102451
4643.58963
4644.615271
4642.563989
4639.487066
4643.07681
4645.640912
4641.538348
4640.512707
4643.58963
4645.640912
4642.563989
4639.487066
4642.051169
4647.179374
4646.666553
4644.615271
4644.615271
4645.128092
4644.615271
4647.179374
4653.33322
4655.897322
4651.281938
4650.256297
4655.897322
4656.410143
4654.871681
4655.384502
4653.84604
4650.256297
4651.281938
4651.794758
4648.205015
4644.615271
4648.205015
4650.769117
4647.692194
4647.179374
4651.794758
4652.307579
4647.692194
4643.58963
4640.512707
4642.051169
4647.179374
4654.358861
4659.487066
4658.461425
4655.384502
4653.84604
4649.230656
4647.179374
4646.666553
4646.153733
4648.205015
4651.281938
4655.384502
4658.461425
4658.461425
4655.897322
4653.84604
4652.820399
4654.871681
4656.922963
4657.435784
4658.461425
4659.487066
4659.487066
4658.461425
4654.358861
4655.384502
4660.512707
4663.076809
4662.563989
4661.025527
4660.512707
4661.538348
4662.563989
4661.025527
4659.999886
4662.051168
4666.153732
4668.717835
4670.769117
4670.769117
4669.230655
4669.743476
4666.153732
4662.051168
4663.076809
4665.640912
4665.640912
4665.640912
4665.128091
4663.076809
4662.051168
4663.58963
4663.58963
4661.538348
4659.999886
4656.410143
4648.717835
4648.717835
4655.384502
4657.948604
4656.922963
4655.897322
4654.871681
4653.33322
4648.205015
4643.07681
4644.102451
4645.128092
4643.07681
4644.102451
4648.717835
4654.871681
4657.948604
4653.84604
4646.666553
4643.58963
4641.538348
4636.410143
4634.358861
4634.358861
4631.281938
4624.615272
4618.974246
4611.794759
4599.999888
4591.79476
4586.153734
4582.05117
4573.846042
4565.640914
4561.025529
4554.358863
4547.179376
4540.512709
4538.974248
4545.640914
4561.025529
4577.948606
4596.922965
4620.512708
4641.538348
4656.922963
4676.410142
4694.87168
4710.256295
4723.589628
4727.179372
4727.692192
4737.948602
4744.102448
4740.512705
4739.487064
4737.435782
4731.281936
4729.743474
4729.230654
4718.974244
4711.281936
4710.256295
4706.153731
4695.897321
4687.179373
4681.538347
4677.948604
4675.897322
4673.84604
4674.35886
4673.84604
4668.717835
4659.999886
4655.897322
4655.384502
4652.820399
4649.743476
4648.205015
4644.615271
4641.538348
4644.615271
4646.666553
4641.025528
4635.897323
4636.922964
4642.051169
4649.230656
4652.820399
4648.717835
4643.58963
4646.666553
4647.692194
4644.102451
4641.538348
4642.563989
4645.128092
4644.615271
4639.487066
4640.512707
4644.102451
4640.512707
4638.974246
4644.102451
4648.205015
4648.717835
4650.769117
4649.230656
4645.128092
4644.615271
4650.769117
4659.999886
4659.999886
4652.307579
4656.410143
4666.153732
4663.58963
4656.922963
4658.461425
4661.538348
4657.948604
4652.307579
4649.743476
4652.820399
4655.897322
4655.897322
4658.461425
4661.025527
4657.435784
4655.384502
4661.025527
4661.025527
4654.871681
4654.871681
4655.384502
4652.820399
4653.84604
4650.769117
4650.256297
4655.384502
4656.410143
4653.33322
4654.871681
4656.922963
4657.948604
4658.974245
4658.974245
4657.435784
4656.410143
4658.461425
4661.025527
4660.512707
4660.512707
4658.461425
