
4374.871688
4441.538353
4503.589633
4563.589632
4624.615272
4676.922963
4711.281936
4750.769115
4794.358857
4818.461421
4824.102446
4822.051164
4809.230652
4783.589627
4752.820397
4717.435782
4684.61527
4663.076809
4648.717835
4630.256297
4610.769118
4597.435785
4591.79476
4589.743478
4592.30758
4594.871683
4593.333221
4589.743478
4585.640914
4579.999888
4574.871683
4566.666555
4553.846042
4550.256299
4551.79476
4545.640914
4535.897325
4530.256299
4526.666556
4523.076812
4513.333223
4501.025531
4490.769121
4481.538352
4474.871685
4469.23066
4456.410147
4446.153737
4446.666558
4443.076814
4430.256302
4417.94861
4416.410148
4423.076815
4425.640917
4414.358866
4398.974251
4387.17938
4379.487072
4384.102457
4399.487072
4403.076815
4389.230662
4377.43579
4376.410149
4381.025534
4385.128098
4380.512713
4370.769124
4366.153739
4366.153739
4373.333226
4381.538354
4385.640918
4385.640918
4383.589636
4382.563995
4386.153739
4385.640918
4378.974252
4381.538354
4392.820405
4392.307585
4381.025534
4382.051175
4389.230662
4383.589636
4377.948611
4385.128098
4389.230662
4389.743482
4395.384508
4396.922969
4386.666559
4380.512713
4384.615277
4385.640918
4379.999893
4378.974252
4380.512713
4375.897329
4373.333226
4376.92297
4382.563995
4380.512713
4372.307585
4370.769124
4374.871688
4373.846047
4375.384508
4381.538354
4381.538354
4378.974252
4386.153739
4392.820405
4388.717841
4391.281944
4396.922969
4392.307585
4389.230662
4398.974251
4403.076815
4397.43579
4396.922969
4399.999892
4396.922969
4394.358867
4393.846046
4393.846046
4394.358867
4390.769123
4385.128098
4388.205021
4394.358867
4390.256303
4387.6922
4391.794764
4394.871687
4392.820405
4392.307585
4391.794764
4385.128098
4372.307585
4366.153739
4367.692201
4364.615278
4358.974252
4364.615278
4377.43579
4378.974252
4366.66656
4363.076816
4376.410149
4386.666559
4383.076816
4376.410149
4373.846047
4371.794765
4367.17938
4358.974252
4353.333227
4339.487073
4311.281946
4280.512716
4249.743486
4218.461435
4181.025539
4147.692206
4131.28195
4127.692207
4129.230668
4137.435796
4152.820411
4172.30759
4195.384513
4222.563999
4253.333229
4281.538357
4301.025536
4329.230663
4368.205021
4402.563995
4432.307584
4456.922968
4473.846044
4489.74348
4514.871684
4539.487068
4547.179376
4542.051171
4537.435786
4539.487068
4536.922966
4523.076812
4506.666556
4499.99989
4495.897326
4493.333223
4494.358864
4491.281941
4485.128095
4488.717839
4497.435787
4504.102454
4514.358864
4529.230658
4535.384504
4525.128094
4512.820402
4515.384505
4521.02553
4516.410146
4505.640915
4493.333223
4491.794762
4503.589633
4511.281941
4506.666556
4505.640915
4498.461428
4484.615275
4486.666557
4499.99989
4506.153736
4506.153736
4506.153736
4512.307582
4523.589633
4527.179376
4526.666556
4525.640915
4513.846043
4504.615274
4514.871684
4520.51271
4513.333223
4504.615274
4498.461428
4491.794762
4487.179377
4482.051172
4470.769121
4456.410147
4448.71784
4451.281942
4451.281942
4444.615276
4442.563994
4445.640917
4442.563994
4431.281943
4424.102456
4423.589635
4421.025533
4421.538353
4429.230661
4439.999891
4446.666558
4449.743481
4445.640917
4433.846045
4430.256302
4430.769122
4422.051174
4414.358866
4423.589635
4427.692199
4425.128097
4428.20502
4426.666558
4422.051174
4425.128097
4427.692199
4419.999892
4410.256302
4407.6922
4415.897328
4428.71784
4435.897327
4435.897327
4430.769122
4429.230661
4436.922968
4436.922968
4428.71784
4430.769122
4444.615276
4448.71784
4445.128096
4446.153737
4445.640917
4447.179378
4456.410147
4463.589634
4457.948609
4450.769122
4448.71784
4445.640917
4444.615276
4448.71784
4445.640917
4440.512712
4445.128096
4452.820404
4447.692199
4439.487071
4442.563994
4449.23066
4447.692199
4446.153737
4454.358865
4463.589634
4471.281942
4476.410147
4476.410147
4470.256301
4466.666557
4476.922967
4494.358864
4493.333223
4478.974249
4479.99989
4488.205018
4489.74348
4486.666557
4481.538352
4478.461429
4482.051172
4487.179377
4490.2563
4490.769121
4487.692198
4478.974249
4470.256301
4466.153737
4467.692198
4468.717839
4471.794762
4474.871685
4471.794762
4467.179378
4460.512711
4449.23066
4444.615276
4447.179378
4443.076814
4437.948609
4436.922968
4438.97425
4443.076814
4450.256301
4449.743481
4443.589635
4437.948609
4429.743481
4424.102456
4424.615276
4428.20502
4430.769122
4431.281943
4430.256302
4431.794763
4433.333225
4432.307584
4427.179379
4421.538353
4416.410148
4408.717841
4395.897328
4390.769123
4396.410149
4398.461431
4398.461431
4407.179379
4412.820405
4409.230661
4408.20502
4404.615277
4397.94861
4403.076815
4419.487071
4426.153738
4421.538353
4414.871687
4408.20502
4402.051174
4396.922969
4396.922969
4398.461431
4402.051174
4409.743482
4415.897328
4417.435789
4421.538353
4425.640917
4421.025533
4415.897328
4416.922969
4415.897328
4412.307584
4412.820405
4413.333225
4411.281943
4417.435789
4425.640917
4424.615276
4421.025533
4417.94861
4417.435789
4424.102456
4428.71784
4421.538353
4418.46143
4421.538353
4426.153738
4436.410148
4445.640917
4438.46143
4428.20502
4435.384507
4445.640917
4443.076814
4439.999891
4442.563994
4445.128096
4451.794763
4453.846045
4445.128096
4437.435789
4438.46143
4439.487071
4441.538353
4442.563994
4441.025532
4439.999891
4440.512712
4435.897327
4432.820404
4441.025532
4447.692199
4442.051173
4431.281943
4426.666558
4427.692199
4427.692199
4426.153738
4432.820404
4439.487071
4434.871686
4433.846045
4441.025532
4435.897327
4430.256302
4439.487071
4441.025532
4432.307584
4434.358866
4442.051173
4438.97425
4434.871686
4436.410148
4439.487071
4441.538353
4441.538353
4440.512712
4441.538353
4439.487071
4432.820404
4427.179379
4424.102456
4424.615276
4429.743481
4434.871686
4438.46143
4441.538353
4437.435789
4433.846045
4438.46143
4442.051173
4439.999891
4440.512712
4441.025532
4434.358866
4427.179379
4425.640917
4427.179379
4428.71784
4429.230661
4425.128097
4422.051174
4420.512712
4423.076815
4427.692199
4427.692199
4423.076815
4423.589635
4425.128097
4424.615276
4424.615276
4422.563994
4422.051174
4425.640917
4423.589635
4415.897328
4413.333225
4415.897328
4421.025533
4419.487071
4409.743482
4408.20502
4421.538353
4429.743481
4428.20502
4424.102456
4420.512712
4416.922969
4412.820405
4414.358866
4420.512712
4425.128097
4428.20502
4432.820404
4432.307584
4430.256302
4430.769122
4427.692199
4424.615276
4427.692199
4427.179379
4423.076815
4423.589635
4426.666558
4425.640917
4423.076815
4426.153738
4428.71784
4423.076815
4414.358866
4414.358866
4415.897328
4411.794764
4409.230661
4415.384507
4422.563994
4428.20502
4431.794763
4433.846045
4429.230661
4425.128097
4425.128097
4419.999892
4416.922969
4424.615276
4431.794763
4425.640917
4418.46143
4415.897328
4414.358866
4418.974251
4426.153738
4425.640917
4424.102456
4426.666558
4432.307584
4440.512712
4446.153737
4446.153737
4443.589635
4440.512712
4435.384507
4437.435789
4443.076814
4442.563994
4440.512712
4444.615276
4449.23066
4450.256301
4448.71784
4449.23066
4454.358865
4458.97425
4463.589634
4465.640916
4464.615275
4463.076814
4463.076814
4462.051173
4457.435788
4450.256301
4452.307583
4458.97425
4457.435788
4452.307583
4459.48707
4466.153737
4460.512711
4461.538352
4474.358865
4477.948608
4472.307583
4473.846044
4471.794762
4462.563993
4459.48707
4461.538352
4463.076814
4464.615275
4461.025532
4461.538352
4465.128096
4463.589634
4463.589634
4464.615275
4460.512711
4459.48707
4461.538352
4455.384506
4448.205019
4456.410147
4470.256301
4467.179378
4456.922968
4456.410147
4457.948609
4447.179378
4441.025532
4448.205019
4451.281942
4446.153737
4441.538353
4437.948609
4434.358866
4438.46143
4449.23066
4454.358865
4449.23066
4437.948609
4428.20502
4431.281943
4442.563994
4449.743481
4445.128096
4443.076814
4452.820404
4460.512711
4459.48707
4460.512711
4462.051173
4456.922968
4461.025532
4469.74348
4470.256301
4468.205019
4466.153737
4458.97425
4456.922968
4463.589634
4469.74348
4465.128096
4453.333224
4444.615276
4443.076814
4447.179378
4455.897327
4462.563993
4462.563993
4462.051173
4460.512711
4457.948609
4449.23066
4438.97425
4432.820404
4428.20502
4422.051174
4422.051174
4425.128097
4424.102456
4421.538353
4425.128097
4428.20502
4423.076815
4423.589635
4429.743481
4429.743481
4429.230661
4432.307584
4425.640917
4422.051174
4426.153738
4426.153738
4427.692199
4433.333225
4434.358866
4429.230661
4427.692199
4429.230661
4432.307584
4433.333225
4436.922968
4445.128096
4450.256301
4445.128096
4442.051173
4445.128096
4446.153737
4448.71784
4452.307583
4447.179378
4445.128096
4449.743481
4443.589635
4431.281943
4430.256302
4431.794763
4428.20502
4427.179379
4428.71784
4433.333225
4442.051173
4444.615276
4438.97425
4439.999891
4446.153737
4454.358865
4456.410147
4446.153737
4445.128096
4451.794763
4447.692199
4445.128096
4454.871686
4454.358865
4444.102455
4445.640917
4453.846045
4453.333224
4444.615276
4439.999891
4443.076814
4443.589635
4442.563994
4444.615276
4450.769122
4457.948609
4458.97425
4455.384506
4454.358865
4459.999891
4459.999891
4450.769122
4444.615276
4446.153737
4442.563994
4438.46143
4440.512712
4444.615276
4446.153737
4448.71784
4448.71784
4444.102455
4444.615276
4450.256301
4449.743481
4447.692199
4451.794763
4450.769122
4443.076814
4438.97425
4447.692199
4460.512711
4462.563993
4454.871686
4450.769122
4454.871686
4458.97425
4460.512711
4461.025532
4459.999891
4456.410147
4451.794763
4451.794763
4456.410147
4456.410147
4452.307583
4452.820404
4458.461429
4457.948609
4449.23066
4443.589635
4445.128096
4448.205019
4451.794763
4459.48707
4465.128096
4461.025532
4454.871686
4456.922968
4461.025532
4457.435788
4447.692199
4449.23066
4449.743481
4439.999891
4439.999891
4452.820404
4450.769122
4442.563994
4454.358865
4462.051173
4450.769122
4444.615276
4448.205019
4444.102455
4440.512712
4446.666558
4449.23066
4443.589635
4446.153737
4456.410147
4461.025532
4455.384506
4445.128096
4438.46143
4444.615276
4450.769122
4450.769122
4455.897327
4457.435788
4449.743481
4448.71784
4459.48707
4457.948609
4448.71784
4446.153737
4447.692199
4449.743481
4453.846045
4455.384506
4450.769122
4448.71784
4448.205019
4445.640917
4447.179378
4447.179378
4438.46143
4433.333225
4435.897327
4437.435789
4440.512712
4450.256301
4458.461429
4455.897327
4448.205019
4449.23066
4453.333224
4445.640917
4432.820404
4432.307584
4438.97425
4438.97425
4438.46143
4444.102455
4447.179378
4446.666558
4452.307583
4452.307583
4447.179378
4448.205019
4446.666558
4443.076814
4442.051173
4435.897327
4425.128097
4426.666558
4431.794763
4430.256302
4432.820404
4437.948609
4438.97425
4439.487071
4441.538353
4442.051173
4443.589635
4449.743481
4449.23066
4444.615276
4446.153737
4450.256301
4448.205019
4443.589635
4446.153737
4447.179378
4445.640917
4444.102455
4441.025532
4441.025532
4449.743481
4458.97425
4463.076814
4460.512711
4451.794763
4443.076814
4441.025532
4439.999891
4440.512712
4446.153737
4447.179378
4441.025532
4436.922968
4438.46143
4437.948609
4437.948609
4439.999891
4438.46143
4435.384507
4436.922968
4438.46143
4440.512712
4445.128096
4447.692199
4447.179378
4449.23066
4455.897327
4457.948609
4450.769122
4446.153737
4451.281942
4450.769122
4447.692199
4449.743481
4453.846045
4456.410147
4457.948609
4459.999891
4459.48707
4453.333224
4448.205019
4450.769122
4449.23066
4442.563994
4442.563994
4449.23066
4452.820404
4451.794763
4454.358865
4465.640916
4467.692198
4458.461429
4451.794763
4450.256301
4446.153737
4442.563994
4443.076814
4443.076814
4444.615276
4445.640917
4442.563994
4438.97425
4442.563994
4445.640917
4441.538353
4441.025532
4444.615276
4439.487071
4432.820404
4434.871686
4433.846045
4432.820404
4441.025532
4446.153737
4444.615276
4445.128096
4446.666558
4445.640917
4444.615276
4445.640917
4443.076814
4440.512712
4437.948609
4438.97425
4439.999891
4436.410148
4431.794763
4429.230661
4429.230661
4432.820404
4431.281943
4422.563994
4416.922969
4412.820405
4406.666559
4404.615277
4409.743482
4413.846046
4412.307584
4408.20502
4410.256302
4421.025533
4428.20502
4428.71784
4430.769122
4438.46143
4445.128096
4449.23066
4449.23066
4449.23066
4452.307583
4456.410147
4451.794763
4448.71784
4451.794763
4455.897327
4457.948609
4457.435788
4455.897327
4455.897327
4457.435788
4458.461429
4455.384506
4448.71784
4446.153737
4448.71784
4456.410147
4469.23066
4479.99989
4473.846044
4455.384506
4436.410148
4428.71784
4434.871686
4434.871686
4418.974251
4408.717841
4407.6922
4403.589636
4393.333226
4383.589636
4375.384508
4365.128098
4353.333227
4348.205022
4356.92297
4362.051175
4359.487073
4353.846047
4346.15374
4342.563996
4359.999893
4391.794764
4417.94861
4437.948609
4453.333224
4456.922968
4452.307583
4451.794763
4450.256301
4442.051173
4439.999891
4449.743481
4454.358865
4451.281942
4451.281942
4456.410147
4461.538352
4457.948609
4449.23066
4446.666558
4450.769122
4445.128096
4432.307584
4428.71784
4436.410148
4442.051173
4438.97425
4442.563994
4455.897327
4462.051173
4459.48707
4454.358865
4449.743481
4445.640917
4448.71784
4453.333224
4451.281942
4452.307583
4455.384506
4452.820404
4448.205019
4451.281942
4452.820404
4447.179378
4438.97425
4432.820404
4431.794763
4436.410148
4442.051173
4447.692199
4450.256301
4446.666558
4441.025532
4444.102455
4451.794763
4451.281942
4446.153737
4443.589635
4441.025532
4436.410148
4440.512712
4454.358865
4463.076814
4457.435788
4449.743481
4442.051173
4429.743481
4425.640917
4434.358866
4438.46143
4429.743481
4423.076815
4427.692199
4438.46143
4448.205019
4455.897327
4452.307583
4440.512712
4433.333225
4431.281943
4429.230661
4427.692199
4426.153738
4426.153738
4426.153738
4423.076815
4423.589635
4421.538353
4411.794764
4406.153738
4410.769123
4411.794764
4406.153738
4403.589636
4409.743482
4414.871687
4411.794764
4409.230661
4411.794764
4413.846046
4412.820405
4411.794764
4412.820405
4411.281943
4405.640918
4404.102456
4404.615277
4408.20502
4416.922969
4425.640917
4425.640917
4419.487071
4415.897328
4419.999892
4422.051174
4414.871687
4408.20502
4411.281943
4418.974251
4425.640917
4429.743481
4429.230661
4430.256302
4428.20502
4421.025533
4418.46143
4425.128097
4425.128097
4418.974251
4418.46143
4416.410148
4414.358866
4416.922969
4418.974251
4419.999892
4425.128097
4429.230661
4432.820404
4435.384507
4435.384507
4431.794763
4426.666558
4417.435789
4411.281943
4414.358866
4422.563994
4426.666558
4423.589635
4423.589635
4429.230661
4430.256302
4429.743481
4434.358866
4436.410148
4427.692199
4416.410148
4414.871687
4413.846046
4409.743482
4408.20502
4404.102456
4385.640918
4363.589637
4343.076817
4310.769125
4272.820408
4235.897332
4195.384513
4157.948616
4133.846053
4121.538361
4127.692207
4144.102463
4164.615283
4206.666564
4267.692203
4316.922971
4368.717842
4443.076814
4513.333223
4556.922965
4590.256298
4622.56399
4645.128092
4664.10245
4673.333219
4669.230655
4666.153732
4672.820399
4671.281937
4655.897322
4643.58963
4641.025528
4631.794759
4607.179375
4585.128093
4577.435786
4570.769119
4558.461427
4551.28194
4545.128094
4545.128094
4557.948606
4572.307581
4574.871683
4573.333222
4572.307581
4565.640914
4554.358863
4549.743478
4550.256299
4543.589632
4531.794761
4526.153735
4525.128094
4519.999889
4511.794761
4500.51271
4490.769121
4486.666557
4483.076813
4473.846044
4473.333224
4477.948608
4475.384506
4470.256301
4467.692198
4459.999891
4455.384506
4454.358865
4450.256301
4452.820404
4460.512711
4458.461429
4449.23066
4445.128096
4442.051173
4439.487071
4436.410148
4433.333225
4428.71784
4423.076815
4418.974251
4420.512712
4427.692199
4428.71784
4426.666558
4426.666558
4429.230661
4429.230661
4425.128097
4420.512712
4419.999892
4420.512712
4422.563994
4429.230661
4436.922968
4431.281943
4424.615276
4428.20502
4427.692199
4418.974251
4412.820405
4413.846046
4415.897328
4415.384507
4411.794764
4409.743482
4407.179379
4408.20502
4413.333225
4415.384507
4409.743482
4407.179379
4404.615277
4404.615277
4409.230661
4409.230661
4399.999892
4393.846046
4399.999892
4406.666559
4409.230661
4411.794764
4413.333225
4408.20502
4400.512713
4397.43579
4402.563995
4410.769123
4408.717841
4402.563995
4407.6922
4415.384507
4413.333225
4407.179379
4397.94861
4387.17938
4381.025534
4382.051175
4385.128098
4392.820405
4402.563995
4406.666559
4405.128097
4408.20502
4413.333225
4410.256302
4405.128097
4403.589636
4402.563995
4405.128097
4411.794764
4413.333225
4411.794764
4407.179379
4400.512713
4391.794764
4382.563995
4382.563995
4389.743482
4390.769123
4390.769123
4391.794764
4385.640918
4377.948611
4374.358867
4370.256303
4373.333226
4381.538354
4379.999893
4376.92297
4380.512713
4385.128098
4388.205021
4394.871687
4405.128097
4415.897328
4418.974251
4413.846046
4416.410148
4428.20502
4433.333225
4434.871686
4444.102455
4453.333224
4451.794763
4447.179378
4453.333224
4461.538352
4460.512711
4462.563993
4473.846044
4479.48707
4477.948608
4472.820403
4463.076814
4459.999891
4462.563993
4458.97425
4447.692199
4444.615276
4446.666558
4442.563994
4432.307584
4427.692199
4426.153738
4422.563994
4423.076815
4430.256302
4434.358866
4433.846045
4433.846045
4434.358866
4436.410148
4437.948609
4436.922968
4434.871686
4432.820404
4425.640917
4421.025533
4426.153738
4434.871686
4436.410148
4429.230661
4423.589635
4422.051174
4424.102456
4428.20502
4429.230661
4425.640917
4424.102456
4424.102456
4428.71784
4432.307584
4428.20502
4419.999892
4421.025533
4426.666558
4423.076815
4417.435789
4418.974251
4419.999892
4417.435789
4414.358866
4408.717841
4405.640918
4410.256302
4405.640918
4394.358867
4391.281944
4395.897328
4402.051174
4406.666559
4411.281943
4418.974251
4425.128097
4425.128097
4425.640917
4421.025533
4409.230661
4408.20502
4415.384507
4418.46143
4414.871687
4421.025533
4437.435789
4448.71784
4446.666558
4442.051173
4438.46143
4432.820404
4430.256302
4433.333225
4437.948609
4442.563994
4443.076814
4435.384507
4428.71784
4431.794763
4435.897327
4433.333225
4429.743481
4428.71784
4427.179379
4421.538353
4418.46143
4421.025533
4424.102456
4425.640917
4425.640917
4424.102456
4425.128097
4425.640917
4422.563994
4422.563994
4431.794763
4442.051173
4447.179378
4450.256301
4454.871686
4456.922968
4452.307583
4449.743481
4455.384506
4459.999891
4450.256301
4436.410148
4431.794763
4430.769122
4429.230661
4428.71784
4430.256302
4428.20502
4427.692199
4428.20502
4427.179379
4425.640917
4426.153738
4426.153738
4429.230661
4434.358866
4431.794763
4425.128097
4424.102456
4425.640917
4425.128097
4423.589635
4419.487071
4422.563994
4430.256302
4428.71784
4421.025533
4416.410148
4411.281943
4407.6922
4405.128097
4406.666559
4407.6922
4407.6922
4412.820405
4420.512712
4420.512712
4413.333225
4412.307584
4416.410148
4417.435789
4412.820405
4414.358866
4417.94861
4410.256302
4403.076815
4409.230661
4414.358866
4416.922969
4419.487071
4418.974251
4415.897328
4411.281943
4410.256302
4414.871687
4419.487071
4418.974251
4422.051174
4421.538353
4414.358866
4415.897328
4424.615276
4426.153738
4422.563994
4423.076815
4427.692199
4425.640917
4419.999892
4417.94861
4412.820405
4410.769123
4421.025533
4432.307584
4433.846045
4429.743481
4419.999892
4415.384507
4419.487071
4417.94861
4410.256302
4414.358866
4416.922969
4409.230661
4407.179379
4410.769123
4413.333225
4418.46143
4422.051174
4415.897328
4410.769123
4414.871687
4418.46143
4415.897328
4419.487071
4424.615276
4419.999892
4414.871687
4423.076815
4432.307584
4428.20502
4424.615276
4428.20502
4428.20502
4421.025533
4419.487071
4420.512712
4421.025533
4425.640917
4431.281943
4431.281943
4431.281943
4427.692199
4423.076815
4425.128097
4429.743481
4430.256302
4426.153738
4427.179379
4438.97425
4450.256301
4442.051173
4427.692199
4433.333225
4444.615276
4441.538353
4438.46143
4436.922968
4429.230661
4420.512712
4421.025533
4427.179379
4437.948609
4445.640917
4445.128096
4447.179378
4446.666558
4436.410148
4425.640917
4424.102456
4427.692199
4429.230661
4431.794763
4434.358866
4431.281943
4430.769122
4433.333225
4432.820404
4430.769122
4432.307584
4431.281943
4427.179379
4428.71784
4431.281943
4428.71784
4428.20502
4435.384507
4441.025532
4438.97425
4432.820404
4433.846045
4439.999891
4445.640917
4447.692199
4446.666558
4447.179378
4446.666558
4438.97425
4432.307584
4436.410148
4438.97425
4434.358866
4427.692199
4422.051174
4422.563994
4433.333225
4440.512712
4441.025532
4442.051173
4443.589635
4438.46143
4433.333225
4434.871686
4430.769122
4427.692199
4434.358866
4439.999891
4438.46143
4440.512712
4447.179378
4452.307583
4451.794763
4444.615276
4436.922968
4436.410148
4440.512712
4442.051173
4438.97425
4435.384507
4434.871686
4435.897327
4438.46143
4442.051173
4446.666558
4447.692199
4448.71784
4447.692199
4442.051173
4438.97425
4440.512712
4436.410148
4428.20502
4425.128097
4428.20502
4430.769122
4431.281943
4432.307584
4432.307584
4434.358866
4438.97425
4442.051173
4438.97425
4436.410148
4437.948609
4438.46143
4436.410148
4435.384507
4432.307584
4427.179379
4427.692199
4437.435789
4442.563994
4432.820404
4421.538353
4419.487071
4417.435789
4413.846046
4418.974251
4426.153738
4427.179379
4428.20502
4431.794763
4428.20502
4422.563994
4425.640917
4428.20502
4428.71784
4431.794763
4432.820404
4427.179379
4427.692199
4434.871686
4441.025532
4439.487071
4430.769122
4425.128097
4425.128097
4419.999892
4417.94861
4420.512712
4421.025533
4421.538353
4424.615276
4430.256302
4432.820404
4426.153738
4420.512712
4424.102456
4422.051174
4417.94861
4421.538353
4419.487071
4405.128097
4401.538354
4410.769123
4415.897328
4412.307584
4412.307584
4417.94861
4415.897328
4409.230661
4408.20502
4413.846046
4415.384507
4415.384507
4423.076815
4433.846045
4432.820404
4425.128097
4419.999892
4421.025533
4421.538353
4418.974251
4419.487071
4422.051174
4422.563994
4425.128097
4430.256302
4434.358866
4437.948609
4437.948609
4437.435789
4438.46143
4435.897327
4430.769122
4434.871686
4437.948609
4436.410148
4440.512712
4444.615276
4439.999891
4437.435789
4444.102455
4447.692199
4445.128096
4443.076814
4445.128096
4449.23066
4454.358865
4454.871686
4454.358865
4455.897327
4454.871686
4450.256301
4446.153737
4442.051173
4437.435789
4431.281943
4425.128097
4422.563994
4421.025533
4419.999892
4416.922969
4413.333225
4414.358866
4421.025533
4427.179379
4435.897327
4443.589635
4440.512712
4429.230661
4425.128097
4425.128097
4417.94861
4412.307584
4415.897328
4419.487071
4419.487071
4425.128097
4428.20502
4427.179379
4431.794763
4436.410148
4435.897327
4438.46143
4442.051173
4442.051173
4439.999891
4435.384507
4429.230661
4428.20502
4429.230661
4433.333225
4438.97425
4440.512712
4444.615276
4448.205019
4446.153737
4444.102455
4440.512712
4435.384507
4435.897327
4437.948609
4437.435789
4438.97425
4436.922968
4430.256302
4428.20502
4427.179379
4427.692199
4432.820404
4433.846045
4433.333225
4434.358866
4437.435789
4441.025532
4443.589635
4442.563994
4443.076814
4444.102455
4441.538353
4442.051173
4445.128096
4443.589635
4441.538353
4449.23066
4457.948609
4453.333224
4446.153737
4448.205019
4453.333224
4455.897327
4456.922968
4454.358865
4445.128096
4439.999891
4442.051173
4444.615276
4447.692199
4451.794763
4453.333224
4447.692199
4444.102455
4441.538353
4441.538353
4451.794763
4464.615275
4464.615275
4453.333224
4445.128096
4444.102455
4444.615276
4449.23066
4455.897327
4459.48707
4458.97425
4454.871686
4450.769122
4446.666558
4443.076814
4443.076814
4449.23066
4450.769122
4445.640917
4442.051173
4443.589635
4445.640917
4445.640917
4446.666558
4447.692199
4445.128096
4446.153737
4453.846045
4453.846045
4447.179378
4439.487071
4432.307584
4432.820404
4439.487071
4443.076814
4448.205019
4454.871686
4456.922968
4458.461429
4457.435788
4455.384506
4457.948609
4460.512711
4463.589634
4469.74348
4472.820403
4472.820403
4473.333224
4472.820403
4462.563993
4448.205019
4443.076814
4449.743481
4453.333224
4450.256301
4448.205019
4447.692199
4444.102455
4438.97425
4441.538353
4447.179378
4446.666558
4442.051173
4441.538353
4443.589635
4445.640917
4449.743481
4453.333224
4448.205019
4438.97425
4432.307584
4431.281943
4431.794763
4430.256302
4428.20502
4431.281943
4436.410148
4434.871686
4430.769122
4431.281943
4435.897327
4432.820404
4426.153738
4425.128097
4427.692199
4428.20502
4429.743481
4429.743481
4424.615276
4426.666558
4430.769122
4429.743481
4430.256302
4436.410148
4439.487071
4439.487071
4442.563994
4445.128096
4441.025532
4437.435789
4438.97425
4439.999891
4439.487071
4439.999891
4439.487071
4435.384507
4437.435789
4451.281942
4459.999891
4447.692199
4438.46143
4444.102455
4445.640917
4439.999891
4439.999891
4439.487071
4437.948609
4441.025532
4443.076814
4436.922968
4434.358866
4440.512712
4439.999891
4431.281943
4429.230661
4430.256302
4423.076815
4418.46143
4419.487071
4421.025533
4421.025533
4425.128097
4431.281943
4432.820404
4431.794763
4434.871686
4436.922968
4434.871686
4434.358866
4437.948609
4445.128096
4450.769122
4448.205019
4443.076814
4444.102455
4445.128096
4443.076814
4440.512712
4441.538353
4441.538353
4437.435789
4435.897327
4436.410148
4437.435789
4443.076814
4445.128096
4442.563994
4442.051173
4441.538353
4438.46143
4435.384507
4436.410148
4439.487071
4445.640917
4446.666558
4436.410148
4423.589635
4421.025533
4425.640917
4424.102456
4417.94861
4417.94861
4423.589635
4426.666558
4427.692199
4430.256302
4432.820404
4429.743481
4421.538353
4412.820405
4407.179379
4390.769123
4369.743483
4362.051175
4361.538355
4357.435791
4353.846047
4346.66656
4329.743484
4310.769125
4296.410151
4294.358869
4292.820408
4284.61528
4276.922972
4271.794767
4263.076819
4263.589639
4276.410152
4284.102459
4282.563998
4280.512716
4267.179383
4229.743486
4183.589641
4158.461437
4162.564001
4176.922975
4193.846051
4218.974256
4253.333229
4290.769126
4339.999894
4397.94861
4453.846045
4507.179377
4558.461427
4608.205016
4654.871681
4695.384501
4725.64091
4744.615269
4746.15373
4731.281936
4712.820398
4696.922962
4672.307578
4643.07681
4615.897323
4588.205016
4563.589632
4555.384504
4546.666555
4525.128094
4509.230659
4497.948608
4486.666557
4478.974249
4477.435788
4472.820403
4464.615275
4457.948609
4455.897327
4455.897327
4454.871686
4453.846045
4453.846045
4455.897327
4455.384506
4453.846045
4453.846045
4449.23066
4437.948609
4435.897327
4441.538353
4440.512712
4433.846045
4432.820404
4434.358866
4427.179379
4413.333225
4404.615277
4399.487072
4392.307585
4387.6922
4388.205021
4382.563995
4372.307585
4367.692201
4365.128098
4364.615278
4366.153739
4374.871688
4386.666559
4395.384508
4398.974251
4402.563995
4405.640918
4404.102456
4401.538354
4403.589636
4403.589636
4396.410149
4396.922969
4409.743482
4419.999892
4423.076815
4425.128097
4428.71784
4433.846045
4436.410148
4437.435789
4443.589635
4450.769122
4448.71784
4443.076814
4438.46143
4439.487071
4443.076814
4440.512712
4434.871686
4435.384507
4438.97425
4435.384507
4433.333225
4437.435789
4441.025532
4441.025532
4439.999891
4440.512712
4444.615276
4447.179378
4444.102455
4444.615276
4447.179378
4446.153737
4441.538353
4444.615276
4456.410147
4464.102455
4464.102455
4463.589634
4462.563993
4458.97425
4449.23066
4441.538353
4445.128096
4453.333224
4453.846045
4452.820404
4456.410147
4458.97425
4459.999891
4460.512711
4457.435788
4454.871686
4457.435788
4458.461429
4455.897327
4452.307583
4451.281942
4452.307583
4461.025532
4470.769121
4472.820403
4472.307583
4470.769121
4463.076814
4458.97425
4467.692198
4475.384506
4471.794762
4468.205019
4471.794762
4474.358865
4472.307583
4471.794762
4476.922967
4477.948608
4469.74348
4463.589634
4468.717839
4472.820403
4465.128096
4455.897327
4455.384506
4458.461429
4461.025532
4465.128096
4465.640916
4459.999891
4461.025532
4470.769121
4473.846044
4471.794762
4471.281942
4471.794762
4467.692198
4466.153737
4470.769121
4475.897326
4478.461429
4479.99989
4482.563993
4479.99989
4477.435788
4475.384506
4476.922967
4482.563993
4485.640916
4485.640916
4487.179377
4491.794762
4492.307582
4486.153736
4477.948608
4468.205019
4459.999891
4458.97425
4458.461429
4458.97425
4463.589634
4466.666557
4464.102455
4466.153737
4466.666557
4458.461429
4448.71784
4442.563994
4439.999891
4446.153737
4456.410147
4459.999891
4462.563993
4466.153737
4462.563993
4453.846045
4453.333224
4456.922968
4457.948609
4458.461429
4463.589634
4469.23066
4465.128096
4459.999891
4458.97425
4456.410147
4455.897327
4462.563993
4463.076814
4458.97425
4460.512711
4463.076814
4462.051173
4461.025532
4462.563993
4458.97425
4445.128096
4436.410148
4437.435789
4438.97425
4439.487071
4442.563994
4443.076814
4442.563994
4444.615276
4439.999891
4432.820404
4429.743481
4429.743481
4428.71784
4426.666558
4427.179379
4427.692199
4423.076815
4421.025533
4426.666558
4430.256302
4430.256302
4431.794763
4431.281943
4428.71784
4431.794763
4438.46143
4439.999891
4439.487071
4444.102455
4449.743481
4450.769122
4447.692199
4444.615276
4444.102455
4444.102455
4438.46143
4433.333225
4431.794763
4435.384507
4439.999891
4438.97425
4435.384507
4432.820404
4431.794763
4430.256302
4429.230661
4428.20502
4429.743481
4433.846045
4432.820404
4427.692199
4424.615276
4420.512712
4416.922969
4422.051174
4429.743481
4430.256302
4430.256302
4431.794763
4429.743481
4432.307584
4437.435789
4439.487071
4438.97425
4434.358866
4427.179379
4426.153738
4422.563994
4411.281943
4407.179379
4411.794764
4413.333225
4414.358866
4414.871687
4413.333225
4416.922969
4429.230661
4437.435789
4431.794763
4422.051174
4415.897328
4414.871687
4417.94861
4423.076815
4432.820404
4441.538353
4438.97425
4428.71784
4426.666558
4430.256302
4431.794763
4433.846045
4435.897327
4431.281943
4427.692199
4434.871686
4449.23066
4455.384506
4452.307583
4450.769122
4456.922968
4463.076814
4465.128096
4466.153737
4462.563993
4462.051173
4467.692198
4470.769121
4465.640916
4463.076814
4467.692198
4477.948608
4488.205018
4494.358864
4493.846044
4493.846044
4504.615274
4519.999889
4520.51271
4510.2563
4508.205018
4511.281941
4510.2563
4509.230659
4512.307582
4507.179377
4497.435787
4489.74348
4483.589634
4474.358865
4467.179378
4462.563993
4457.435788
4452.820404
4451.794763
4444.615276
4431.281943
4421.025533
4412.307584
4396.410149
4376.410149
4364.102457
4362.051175
4362.563996
4355.384509
4352.820406
4356.92297
4351.794765
4339.999894
4337.948612
4344.102458
4345.128099
4342.563996
4349.743483
4363.076816
4370.256303
4374.871688
4376.92297
4373.846047
4368.717842
4369.743483
4373.333226
4372.820406
4369.743483
4376.410149
4386.153739
4384.102457
4383.589636
4390.769123
4391.281944
4388.717841
4392.820405
4398.461431
4401.538354
4403.589636
4401.538354
4397.94861
4397.94861
4399.487072
4398.461431
4395.897328
4398.461431
4405.640918
4408.20502
4409.230661
4412.307584
4411.794764
4405.640918
4407.179379
4411.794764
4411.794764
4408.717841
4406.153738
4398.974251
4395.384508
4400.512713
4402.051174
4399.487072
4402.051174
4410.256302
4413.846046
4409.743482
4406.666559
4407.179379
4405.128097
4406.666559
4415.897328
4416.410148
4407.6922
4411.794764
4418.974251
4418.46143
4421.538353
4434.358866
4441.538353
4440.512712
4438.46143
4433.333225
4433.333225
4443.076814
4447.692199
4438.46143
4434.871686
4441.538353
4445.128096
4445.128096
4450.769122
4453.846045
4452.307583
4454.871686
4458.461429
4458.97425
4458.461429
4454.871686
4452.820404
4453.333224
4451.794763
4452.307583
4454.871686
4452.307583
4445.128096
4439.999891
4434.871686
4434.358866
4436.410148
4432.820404
4429.230661
4431.794763
4433.333225
4434.871686
4438.97425
4441.025532
4441.025532
4440.512712
4437.948609
4436.410148
4436.410148
4432.820404
4432.307584
4438.46143
4442.051173
4441.538353
4445.640917
4449.23066
4442.051173
4434.358866
4437.435789
4441.538353
4440.512712
4442.051173
4447.692199
4444.615276
4433.333225
4434.358866
4439.999891
4441.025532
4447.692199
4454.358865
4443.076814
4432.820404
4437.948609
4438.46143
4433.846045
4430.769122
4426.153738
4422.051174
4425.640917
4432.820404
4439.487071
4436.410148
4424.615276
4421.025533
4426.153738
4427.179379
4427.179379
4430.256302
4431.794763
4431.794763
4433.333225
4433.333225
4430.256302
4428.71784
4432.820404
4438.97425
4433.846045
4427.179379
4429.230661
4435.897327
4440.512712
4443.076814
4442.563994
4442.051173
4448.205019
4455.384506
4454.358865
4445.128096
4445.640917
4454.358865
4450.256301
4437.435789
4436.922968
4437.435789
4432.820404
4428.71784
4427.179379
4425.128097
4426.666558
4429.230661
4428.71784
4429.743481
4430.256302
4427.692199
4426.153738
4430.769122
4430.256302
4425.128097
4428.71784
4436.922968
4435.897327
4432.820404
4432.820404
4433.846045
4437.435789
4444.102455
4445.128096
4444.102455
4443.589635
4443.589635
4446.153737
4449.743481
4451.794763
4451.794763
4449.743481
4445.128096
4444.615276
4441.025532
4431.794763
4429.230661
4437.435789
4440.512712
4437.948609
4440.512712
4445.128096
4445.128096
4439.999891
4427.692199
4418.46143
4421.538353
4434.358866
4448.71784
4456.922968
4458.97425
4456.922968
4456.410147
4455.897327
4453.846045
4448.205019
4442.051173
4439.487071
4439.487071
4447.692199
4460.512711
4463.589634
4457.948609
4455.384506
4454.358865
4453.846045
4460.512711
4466.666557
4464.102455
4464.615275
4467.692198
4464.615275
4459.48707
4459.999891
4463.076814
4465.128096
4464.615275
4462.051173
4462.051173
4458.97425
4457.948609
4463.589634
4465.128096
4457.948609
4460.512711
4471.794762
4473.333224
4469.23066
4472.307583
4475.384506
4472.307583
4472.820403
4475.897326
4474.871685
4473.333224
4474.358865
4468.205019
4458.97425
4457.948609
4463.076814
4465.128096
4466.153737
4464.102455
4451.281942
4433.846045
4426.666558
4429.743481
4435.897327
4439.999891
4439.487071
4440.512712
4445.640917
4447.692199
4444.102455
4443.076814
4438.97425
4433.333225
4433.846045
4438.97425
4444.102455
4446.153737
4443.589635
4436.410148
4431.281943
4431.281943
4430.256302
4419.487071
4407.179379
4400.512713
4390.769123
4373.846047
4359.487073
4344.102458
4324.615279
4308.205023
4293.846049
4271.794767
4247.692204
4231.794768
4220.512717
4208.205025
4195.384513
4192.30759
4201.538359
4230.769127
4276.410152
4319.999894
4363.076816
4418.46143
4466.666557
4498.461428
4536.410145
4575.897324
4599.487067
4615.897323
4630.256297
4639.487066
4648.205015
4648.205015
4638.461425
4629.743477
4622.051169
4610.769118
4603.076811
4594.358862
4583.589632
4577.948606
4567.692196
4547.179376
4531.28194
4518.974248
4506.666556
4502.051172
4494.871685
4483.589634
4480.512711
4475.897326
4461.538352
4453.846045
4450.256301
4444.102455
4438.97425
4434.358866
4427.179379
4420.512712
4418.46143
4421.025533
4418.46143
4409.743482
4408.717841
4413.846046
4423.589635
4432.820404
4430.769122
4423.076815
4423.589635
4427.692199
4423.589635
4413.846046
4413.846046
4419.999892
4422.051174
4423.076815
4426.153738
4419.999892
4409.743482
4413.333225
4422.563994
4427.179379
4429.743481
4439.487071
4449.23066
4451.281942
4448.71784
4454.871686
4469.74348
4472.307583
4459.999891
4461.025532
4475.384506
4475.384506
4470.256301
4477.435788
4479.48707
4469.23066
4462.051173
4457.948609
4458.97425
4459.999891
4458.461429
4461.538352
4464.615275
4457.435788
4451.281942
4462.563993
4470.769121
4464.102455
4460.512711
4464.102455
4463.076814
4459.48707
4456.410147
4456.410147
4459.48707
4460.512711
4456.410147
4456.922968
4462.563993
4466.666557
4468.205019
4473.846044
4477.435788
4466.666557
4461.538352
4470.769121
4475.384506
4474.358865
4473.333224
