4302.05128205128
4328.20512820513
4292.30769230769
4204.10256410256
4229.74358974359
4325.64102564103
4332.82051282051
4304.61538461538
4320.51282051282
4325.64102564103
4316.92307692308
4319.48717948718
4317.94871794872
4318.46153846154
4319.48717948718
4319.48717948718
4320
4318.46153846154
4317.94871794872
4318.46153846154
4318.97435897436
4318.97435897436
4318.97435897436
4318.46153846154
4317.94871794872
4318.97435897436
4320
4319.48717948718
4319.48717948718
4320
4319.48717948718
4320
4319.48717948718
4319.48717948718
4320
4319.48717948718
4319.48717948718
4319.48717948718
4319.48717948718
4320
4320
4319.48717948718
4320
4320
4317.4358974359
4316.41025641026
4318.46153846154
4319.48717948718
4318.46153846154
4317.94871794872
4318.46153846154
4318.97435897436
4316.92307692308
4313.33333333333
4312.30769230769
4310.76923076923
4309.74358974359
4310.76923076923
4309.23076923077
4310.25641025641
4311.28205128205
4307.17948717949
4305.12820512821
4307.69230769231
4308.71794871795
4311.79487179487
4314.35897435897
4312.82051282051
4315.38461538462
4321.02564102564
4321.53846153846
4321.02564102564
4321.02564102564
4321.53846153846
4321.02564102564
4321.02564102564
4321.02564102564
4321.02564102564
4321.02564102564
4321.02564102564
4321.02564102564
4321.02564102564
4321.02564102564
4321.02564102564
4321.02564102564
4321.02564102564
4321.02564102564
4321.02564102564
4321.02564102564
4321.02564102564
4321.02564102564
4321.02564102564
4321.02564102564
4321.02564102564
4321.02564102564
4321.02564102564
4321.02564102564
4321.02564102564
4321.02564102564
4321.02564102564
4321.02564102564
4321.02564102564
4321.02564102564
4321.02564102564
4321.02564102564
4321.02564102564
4321.02564102564
4321.02564102564
4321.02564102564
4321.02564102564
4321.02564102564
4321.02564102564
4321.02564102564
4321.02564102564
4321.02564102564
4321.02564102564
4321.02564102564
4321.02564102564
4321.02564102564
4321.02564102564
4321.02564102564
4321.02564102564
4321.02564102564
4321.02564102564
4321.02564102564
4321.02564102564
4321.02564102564
4321.02564102564
4321.02564102564
4321.02564102564
4321.02564102564
4321.02564102564
4321.02564102564
4321.02564102564
4321.02564102564
4321.02564102564
4321.02564102564
4321.02564102564
4321.02564102564
4321.02564102564
4321.02564102564
4321.02564102564
4321.02564102564
4321.02564102564
4321.02564102564
4321.02564102564
4321.02564102564
4321.02564102564
4321.02564102564
4321.02564102564
4321.02564102564
4321.02564102564
4321.02564102564
4321.02564102564
4321.02564102564
4321.02564102564
4321.02564102564
4321.02564102564
4321.02564102564
4321.02564102564
4321.02564102564
4321.02564102564
4321.02564102564
4321.02564102564
4321.02564102564
4321.02564102564
4321.02564102564
4321.02564102564
4321.02564102564
4321.02564102564
4321.02564102564
4321.02564102564
4321.02564102564
4321.02564102564
4321.02564102564
4321.02564102564
4321.02564102564
4321.02564102564
4321.02564102564
4321.02564102564
4321.53846153846
4320.51282051282
4318.97435897436
4318.97435897436
4318.97435897436
4317.94871794872
4317.94871794872
4317.94871794872
4317.94871794872
4317.94871794872
4317.94871794872
4317.94871794872
4317.94871794872
4317.94871794872
4317.94871794872
4317.94871794872
4317.94871794872
4317.94871794872
4317.94871794872
4317.94871794872
4317.94871794872
4317.94871794872
4317.94871794872
4317.94871794872
4317.94871794872
4317.94871794872
4317.94871794872
4318.46153846154
4317.94871794872
4317.94871794872
4318.97435897436
4315.89743589744
4312.82051282051
4315.89743589744
4318.97435897436
4317.94871794872
4317.94871794872
4318.97435897436
4318.97435897436
4317.4358974359
4312.30769230769
4313.33333333333
4318.97435897436
4318.46153846154
4316.92307692308
4317.94871794872
4317.4358974359
4317.94871794872
4319.48717948718
4318.46153846154
4317.4358974359
4318.46153846154
4317.94871794872
4317.94871794872
4317.94871794872
4317.94871794872
4318.46153846154
4318.46153846154
4317.94871794872
4318.46153846154
4318.46153846154
4314.8717948718
4311.79487179487
4312.30769230769
4313.33333333333
4313.33333333333
4313.33333333333
4312.30769230769
4312.82051282051
4312.82051282051
4311.79487179487
4314.8717948718
4319.48717948718
4320.51282051282
4318.46153846154
4318.97435897436
4320
4319.48717948718
4318.97435897436
4318.46153846154
4319.48717948718
4318.46153846154
4316.41025641026
4316.92307692308
4319.48717948718
4318.97435897436
4317.94871794872
4317.94871794872
4318.46153846154
4317.94871794872
4317.94871794872
4317.94871794872
4317.94871794872
4317.94871794872
4317.94871794872
4318.46153846154
4318.46153846154
4317.94871794872
4318.97435897436
4318.46153846154
4313.84615384615
4311.79487179487
4312.30769230769
4311.79487179487
4311.79487179487
4313.33333333333
4312.82051282051
4311.79487179487
4312.30769230769
4312.30769230769
4312.30769230769
4311.79487179487
4312.30769230769
4311.79487179487
4309.23076923077
4307.17948717949
4308.20512820513
4308.71794871795
4306.66666666667
4310.25641025641
4316.41025641026
4314.8717948718
4312.82051282051
4314.35897435897
4314.35897435897
4312.82051282051
4312.82051282051
4311.79487179487
4312.30769230769
4312.82051282051
4308.71794871795
4308.71794871795
4313.33333333333
4313.84615384615
4311.79487179487
4311.79487179487
4313.33333333333
4313.84615384615
4313.84615384615
4313.33333333333
4311.79487179487
4312.30769230769
4313.33333333333
4312.30769230769
4311.28205128205
4311.79487179487
4310.25641025641
4309.74358974359
4312.82051282051
4313.33333333333
4312.30769230769
4312.82051282051
4312.82051282051
4311.79487179487
4312.30769230769
4313.84615384615
4313.84615384615
4313.84615384615
4313.84615384615
4313.84615384615
4313.84615384615
4313.84615384615
4313.84615384615
4313.84615384615
4313.84615384615
4313.84615384615
4313.84615384615
4313.33333333333
4313.84615384615
4313.84615384615
4313.33333333333
4315.38461538462
4318.46153846154
4319.48717948718
4318.46153846154
4317.94871794872
4317.94871794872
4318.46153846154
4318.46153846154
4317.94871794872
4317.94871794872
4318.46153846154
4317.94871794872
4317.94871794872
4317.94871794872
4317.94871794872
4317.94871794872
4317.94871794872
4318.46153846154
4318.46153846154
4317.94871794872
4318.46153846154
4318.46153846154
4315.38461538462
4311.28205128205
4310.76923076923
4312.82051282051
4315.89743589744
4318.46153846154
4317.94871794872
4316.41025641026
4316.92307692308
4316.92307692308
4316.92307692308
4316.92307692308
4316.92307692308
4316.92307692308
4316.92307692308
4316.92307692308
4316.92307692308
4316.92307692308
4316.92307692308
4316.92307692308
4316.92307692308
4316.92307692308
4316.92307692308
4316.92307692308
4316.92307692308
4316.92307692308
4316.92307692308
4316.92307692308
4316.92307692308
4316.92307692308
4316.92307692308
4316.92307692308
4316.41025641026
4316.92307692308
4316.41025641026
4316.41025641026
4318.46153846154
4321.02564102564
4321.02564102564
4321.02564102564
4321.02564102564
4321.02564102564
4321.02564102564
4321.02564102564
4321.02564102564
4321.02564102564
4320.51282051282
4321.53846153846
4320.51282051282
4317.4358974359
4317.4358974359
4319.48717948718
4318.46153846154
4317.4358974359
4317.94871794872
4317.94871794872
4317.94871794872
4317.94871794872
4317.94871794872
4317.94871794872
4317.94871794872
4317.94871794872
4317.94871794872
4317.94871794872
4317.94871794872
4317.94871794872
4317.94871794872
4317.94871794872
4317.94871794872
4317.94871794872
4317.94871794872
4317.94871794872
4317.94871794872
4318.46153846154
4318.97435897436
4318.97435897436
4319.48717948718
4318.97435897436
4318.46153846154
4318.97435897436
4320.51282051282
4318.46153846154
4313.84615384615
4312.30769230769
4312.30769230769
4312.30769230769
4316.41025641026
4320
4319.48717948718
4318.46153846154
4318.97435897436
4318.46153846154
4318.97435897436
4318.97435897436
4318.97435897436
4318.97435897436
4318.97435897436
4318.97435897436
4318.97435897436
4318.97435897436
4318.97435897436
4318.97435897436
4318.97435897436
4318.97435897436
4318.97435897436
4318.97435897436
4318.97435897436
4319.48717948718
4320
4319.48717948718
4319.48717948718
4319.48717948718
4319.48717948718
4319.48717948718
4319.48717948718
4319.48717948718
4319.48717948718
4319.48717948718
4319.48717948718
4319.48717948718
4319.48717948718
4319.48717948718
4319.48717948718
4319.48717948718
4319.48717948718
4319.48717948718
4319.48717948718
4319.48717948718
4319.48717948718
4319.48717948718
4319.48717948718
4319.48717948718
4319.48717948718
4319.48717948718
4319.48717948718
4319.48717948718
4319.48717948718
4319.48717948718
4319.48717948718
4319.48717948718
4319.48717948718
4319.48717948718
4319.48717948718
4319.48717948718
4319.48717948718
4319.48717948718
4319.48717948718
4319.48717948718
4319.48717948718
4319.48717948718
4319.48717948718
4319.48717948718
4319.48717948718
4319.48717948718
4319.48717948718
4319.48717948718
4319.48717948718
4319.48717948718
4319.48717948718
4319.48717948718
4319.48717948718
4319.48717948718
4319.48717948718
4319.48717948718
4319.48717948718
4319.48717948718
4319.48717948718
4319.48717948718
4319.48717948718
4319.48717948718
4320
4319.48717948718
4319.48717948718
4320
4321.02564102564
4321.02564102564
4321.02564102564
4321.02564102564
4321.02564102564
4321.02564102564
4321.02564102564
4320.51282051282
4320.51282051282
4321.02564102564
4320.51282051282
4320.51282051282
4322.5641025641
4323.58974358974
4325.12820512821
4328.71794871795
4331.28205128205
4329.23076923077
4329.74358974359
4334.35897435897
4335.89743589744
4335.38461538462
4334.8717948718
4333.84615384615
4332.30769230769
4332.30769230769
4334.35897435897
4334.35897435897
4335.38461538462
4339.48717948718
4340
4338.97435897436
4345.12820512821
4352.82051282051
4353.33333333333
4352.30769230769
4352.82051282051
4351.79487179487
4351.28205128205
4351.79487179487
4350.25641025641
4351.28205128205
4352.30769230769
4346.66666666667
4341.02564102564
4345.12820512821
4351.28205128205
4350.76923076923
4350.76923076923
4351.79487179487
4351.28205128205
4352.82051282051
4350.25641025641
4342.05128205128
4338.46153846154
4339.48717948718
4337.4358974359
4333.84615384615
4334.8717948718
4334.35897435897
4329.23076923077
4323.58974358974
4322.05128205128
4324.10256410256
4323.07692307692
4320
4318.97435897436
4318.97435897436
4318.97435897436
4319.48717948718
4317.94871794872
4312.82051282051
4308.20512820513
4305.64102564103
4303.58974358974
4303.07692307692
4303.58974358974
4304.10256410256
4304.61538461538
4305.12820512821
4304.10256410256
4303.07692307692
4303.07692307692
4303.07692307692
4303.58974358974
4303.07692307692
4303.58974358974
4303.58974358974
4300.51282051282
4297.94871794872
4293.84615384615
4288.71794871795
4288.71794871795
4293.33333333333
4295.89743589744
4297.94871794872
4297.4358974359
4296.41025641026
4299.48717948718
4295.89743589744
4287.17948717949
4285.12820512821
4287.69230769231
4288.71794871795
4286.66666666667
4282.5641025641
4281.02564102564
4285.12820512821
4281.53846153846
4267.69230769231
4262.05128205128
4265.64102564103
4263.58974358974
4266.15384615385
4279.48717948718
4284.61538461538
4279.48717948718
4283.58974358974
4293.84615384615
4298.46153846154
4297.94871794872
4295.89743589744
4296.92307692308
4298.97435897436
4294.35897435897
4290.76923076923
4295.38461538462
4297.4358974359
4295.38461538462
4296.41025641026
4294.8717948718
4288.20512820513
4286.15384615385
4289.23076923077
4288.71794871795
4285.64102564103
4282.05128205128
4281.02564102564
4281.53846153846
4282.05128205128
4282.05128205128
4272.82051282051
4265.64102564103
4269.23076923077
4268.71794871795
4265.12820512821
4267.17948717949
4267.69230769231
4263.58974358974
4263.58974358974
4264.10256410256
4263.07692307692
4264.61538461538
4262.5641025641
4263.58974358974
4274.35897435897
4283.58974358974
4281.53846153846
4279.48717948718
4283.58974358974
4284.10256410256
4281.53846153846
4280.51282051282
4282.5641025641
4286.66666666667
4287.69230769231
4289.23076923077
4295.38461538462
4298.46153846154
4296.41025641026
4298.97435897436
4303.58974358974
4303.58974358974
4305.12820512821
4309.23076923077
4312.30769230769
4316.41025641026
4320
4319.48717948718
4319.48717948718
4320.51282051282
4323.58974358974
4330.25641025641
4330.25641025641
4324.10256410256
4322.5641025641
4325.12820512821
4325.12820512821
4323.07692307692
4319.48717948718
4317.4358974359
4320
4320
4313.84615384615
4306.66666666667
4303.58974358974
4300
4295.38461538462
4295.89743589744
4298.46153846154
4297.94871794872
4295.89743589744
4297.4358974359
4302.5641025641
4304.61538461538
4303.07692307692
4303.58974358974
4304.61538461538
4303.58974358974
4304.61538461538
4304.10256410256
4302.5641025641
4302.05128205128
4303.07692307692
4303.07692307692
4302.5641025641
4303.07692307692
4303.07692307692
4303.07692307692
4303.07692307692
4303.07692307692
4303.07692307692
4303.07692307692
4303.07692307692
4303.07692307692
4303.07692307692
4303.07692307692
4303.07692307692
4303.07692307692
4302.5641025641
4303.58974358974
4304.61538461538
4304.61538461538
4303.07692307692
4303.07692307692
4303.58974358974
4303.07692307692
4303.07692307692
4303.07692307692
4303.07692307692
4303.07692307692
4303.07692307692
4303.07692307692
4303.07692307692
4303.07692307692
4303.07692307692
4303.07692307692
4303.07692307692
4303.07692307692
4303.07692307692
4303.07692307692
4303.07692307692
4303.07692307692
4303.58974358974
4303.07692307692
4302.5641025641
4302.05128205128
4302.05128205128
4302.05128205128
4302.05128205128
4302.05128205128
4302.05128205128
4302.05128205128
4301.53846153846
4303.07692307692
4307.17948717949
4309.74358974359
4308.71794871795
4307.69230769231
4307.69230769231
4307.17948717949
4307.69230769231
4308.71794871795
4308.20512820513
4308.20512820513
4310.25641025641
4312.82051282051
4312.82051282051
4313.33333333333
4313.33333333333
4312.30769230769
4314.8717948718
4318.97435897436
4320
4318.97435897436
4318.97435897436
4318.97435897436
4318.46153846154
4318.97435897436
4318.97435897436
4318.97435897436
4318.97435897436
4318.97435897436
4318.97435897436
4318.97435897436
4318.97435897436
4318.97435897436
4318.97435897436
4319.48717948718
4320
4320
4319.48717948718
4320
4320.51282051282
4316.92307692308
4312.30769230769
4311.79487179487
4312.82051282051
4312.82051282051
4312.30769230769
4311.79487179487
4312.30769230769
4313.84615384615
4313.33333333333
4312.82051282051
4312.82051282051
4312.82051282051
4312.82051282051
4313.33333333333
4312.82051282051
4312.82051282051
4313.33333333333
4312.30769230769
4308.20512820513
4306.15384615385
4307.69230769231
4308.20512820513
4307.69230769231
4310.76923076923
4313.33333333333
4312.82051282051
4312.82051282051
4314.35897435897
4313.84615384615
4313.84615384615
4313.84615384615
4313.84615384615
4313.84615384615
4313.84615384615
4313.33333333333
4313.84615384615
4313.84615384615
4312.82051282051
4314.35897435897
4318.46153846154
4320.51282051282
4318.97435897436
4319.48717948718
4320.51282051282
4319.48717948718
4318.97435897436
4318.46153846154
4318.97435897436
4318.97435897436
4318.46153846154
4318.97435897436
4318.97435897436
4318.97435897436
4318.97435897436
4318.97435897436
4318.97435897436
4318.97435897436
4318.97435897436
4318.97435897436
4318.97435897436
4318.97435897436
4318.97435897436
4318.97435897436
4318.97435897436
4318.97435897436
4318.97435897436
4318.97435897436
4318.97435897436
4318.97435897436
4318.97435897436
4318.97435897436
4318.97435897436
4318.97435897436
4318.97435897436
4318.97435897436
4318.97435897436
4318.97435897436
4318.97435897436
4318.97435897436
4318.97435897436
4318.97435897436
4318.97435897436
4318.97435897436
4318.46153846154
4319.48717948718
4318.46153846154
4316.92307692308
4318.97435897436
4317.94871794872
4313.33333333333
4312.82051282051
4314.8717948718
4313.84615384615
4314.35897435897
4314.8717948718
4315.89743589744
4317.4358974359
4314.8717948718
4312.82051282051
4311.28205128205
4303.58974358974
4300.51282051282
4310.76923076923
4315.89743589744
4312.30769230769
4311.28205128205
4313.33333333333
4315.89743589744
4318.46153846154
4317.94871794872
4317.4358974359
4317.94871794872
4317.4358974359
4317.94871794872
4319.48717948718
4318.46153846154
4317.4358974359
4318.46153846154
4317.94871794872
4317.94871794872
4317.94871794872
4317.94871794872
4317.94871794872
4317.94871794872
4317.94871794872
4317.94871794872
4317.94871794872
4317.94871794872
4317.94871794872
4317.94871794872
4317.94871794872
4317.94871794872
4317.94871794872
4317.94871794872
4317.94871794872
4317.94871794872
4317.94871794872
4317.94871794872
4317.94871794872
4317.94871794872
4317.94871794872
4317.94871794872
4317.94871794872
4317.94871794872
4317.94871794872
4317.94871794872
4317.94871794872
4317.94871794872
4317.94871794872
4317.94871794872
4317.94871794872
4317.94871794872
4317.94871794872
4317.94871794872
4317.94871794872
4317.94871794872
4317.94871794872
4317.94871794872
4318.97435897436
4320
4320
4319.48717948718
4320
4320
4319.48717948718
4319.48717948718
4319.48717948718
4319.48717948718
4319.48717948718
4319.48717948718
4319.48717948718
4319.48717948718
4319.48717948718
4319.48717948718
4319.48717948718
4319.48717948718
4319.48717948718
4319.48717948718
4319.48717948718
4319.48717948718
4319.48717948718
4319.48717948718
4319.48717948718
4320
4319.48717948718
4318.97435897436
4321.02564102564
4318.46153846154
4313.33333333333
4315.38461538462
4320
4318.97435897436
4317.94871794872
4318.97435897436
4317.94871794872
4317.94871794872
4317.94871794872
4317.94871794872
4317.94871794872
4317.94871794872
4317.94871794872
4317.94871794872
4317.94871794872
4317.94871794872
4317.94871794872
4317.94871794872
4317.94871794872
4317.94871794872
4317.94871794872
4317.94871794872
4317.94871794872
4317.94871794872
4317.94871794872
4317.94871794872
4317.94871794872
4317.94871794872
4317.94871794872
4317.94871794872
4317.94871794872
4317.94871794872
4317.94871794872
4317.94871794872
4317.94871794872
4317.94871794872
4317.94871794872
4317.94871794872
4317.94871794872
4317.94871794872
4317.94871794872
4317.94871794872
4317.94871794872
4317.94871794872
4317.94871794872
4318.97435897436
4319.48717948718
4318.97435897436
4319.48717948718
4317.94871794872
4314.35897435897
4312.30769230769
4312.82051282051
4312.82051282051
4313.33333333333
4312.82051282051
4312.30769230769
4315.89743589744
4318.97435897436
4318.97435897436
4318.46153846154
4314.8717948718
4308.71794871795
4307.17948717949
4309.23076923077
4308.20512820513
4307.17948717949
4310.25641025641
4314.35897435897
4310.76923076923
4306.15384615385
4309.23076923077
4311.79487179487
4310.25641025641
4311.28205128205
4312.30769230769
4312.30769230769
4311.79487179487
4308.71794871795
4307.17948717949
4308.71794871795
4308.20512820513
4306.66666666667
4307.69230769231
4307.17948717949
4307.17948717949
4310.25641025641
4309.74358974359
4308.20512820513
4310.25641025641
4311.28205128205
4308.71794871795
4307.69230769231
4310.25641025641
4311.79487179487
4311.79487179487
4311.79487179487
4311.28205128205
4311.79487179487
4314.8717948718
4318.97435897436
4319.48717948718
4318.97435897436
4318.97435897436
4318.46153846154
4317.94871794872
4317.94871794872
4317.94871794872
4317.94871794872
4317.94871794872
4318.46153846154
4318.97435897436
4318.97435897436
4318.97435897436
4318.97435897436
4318.97435897436
4318.97435897436
4318.97435897436
4318.97435897436
4319.48717948718
4318.46153846154
4318.97435897436
4321.02564102564
4315.38461538462
4307.17948717949
4311.79487179487
4316.92307692308
4309.74358974359
4304.10256410256
4307.17948717949
4308.71794871795
4308.20512820513
4307.17948717949
4308.71794871795
4315.89743589744
4320
4317.94871794872
4317.4358974359
4320.51282051282
4318.97435897436
4312.82051282051
4313.84615384615
4317.94871794872
4314.8717948718
4311.79487179487
4315.89743589744
4319.48717948718
4317.94871794872
4317.4358974359
4318.97435897436
4320
4320
4319.48717948718
4321.02564102564
4318.97435897436
4311.28205128205
4310.25641025641
4311.79487179487
4308.20512820513
4308.71794871795
4311.28205128205
4310.25641025641
4311.79487179487
4313.33333333333
4307.69230769231
4307.17948717949
4313.33333333333
4314.35897435897
4310.25641025641
4307.17948717949
4307.17948717949
4307.17948717949
4307.69230769231
4313.84615384615
4320.51282051282
4320.51282051282
4318.46153846154
4320
4318.97435897436
4311.79487179487
4307.69230769231
4310.76923076923
4314.35897435897
4313.33333333333
4310.25641025641
4307.17948717949
4306.66666666667
4308.20512820513
4306.66666666667
4305.12820512821
4310.25641025641
4317.94871794872
4320.51282051282
4318.97435897436
4319.48717948718
4321.02564102564
4320
4320
4320.51282051282
4317.94871794872
4313.84615384615
4313.33333333333
4310.25641025641
4303.58974358974
4302.05128205128
4303.07692307692
4301.53846153846
4301.53846153846
4303.07692307692
4303.07692307692
4302.5641025641
4303.07692307692
4303.07692307692
4303.07692307692
4303.07692307692
4303.07692307692
4303.07692307692
4302.5641025641
4302.5641025641
4303.07692307692
4303.07692307692
4301.53846153846
4306.15384615385
4314.8717948718
4313.84615384615
4309.23076923077
4315.89743589744
4318.97435897436
4312.82051282051
4310.25641025641
4311.79487179487
4310.25641025641
4310.76923076923
4312.82051282051
4310.25641025641
4307.17948717949
4307.17948717949
4308.20512820513
4305.64102564103
4303.58974358974
4303.07692307692
4304.10256410256
4306.15384615385
4310.25641025641
4312.30769230769
4308.20512820513
4305.12820512821
4308.71794871795
4314.35897435897
4315.38461538462
4314.8717948718
4315.89743589744
4314.8717948718
4310.76923076923
4308.20512820513
4307.69230769231
