
4448.71794871795
4463.58974358974
4448.20512820513
4423.07692307692
4429.74358974359
4443.07692307692
4434.35897435897
4433.33333333333
4442.05128205128
4442.5641025641
4449.74358974359
4462.5641025641
4461.53846153846
4453.33333333333
4451.79487179487
4458.97435897436
4463.07692307692
4457.4358974359
4455.38461538462
4459.48717948718
4462.05128205128
4463.07692307692
4461.53846153846
4457.4358974359
4462.5641025641
4474.35897435897
4471.79487179487
4456.92307692308
4460.51282051282
4473.84615384615
4466.15384615385
4456.41025641026
4460.51282051282
4459.48717948718
4454.8717948718
4457.94871794872
4462.5641025641
4461.02564102564
4455.89743589744
4454.8717948718
4458.97435897436
4460.51282051282
4460.51282051282
4456.41025641026
4444.61538461538
4438.46153846154
4448.71794871795
4455.89743589744
4456.92307692308
4454.35897435897
4445.12820512821
4442.05128205128
4445.12820512821
4443.07692307692
4440.51282051282
4443.58974358974
4446.66666666667
4458.97435897436
4474.35897435897
4475.89743589744
4476.92307692308
4476.92307692308
4462.5641025641
4461.53846153846
4475.38461538462
4468.71794871795
4452.82051282051
4455.38461538462
4462.5641025641
4454.35897435897
4444.10256410256
4445.12820512821
4449.23076923077
4445.12820512821
4441.53846153846
4445.64102564103
4445.64102564103
4443.07692307692
4445.64102564103
4447.69230769231
4444.61538461538
4443.07692307692
4445.64102564103
4436.41025641026
4416.41025641026
4410.25641025641
4423.07692307692
4435.38461538462
4441.53846153846
4445.64102564103
4445.12820512821
4445.12820512821
4445.12820512821
4443.07692307692
4445.12820512821
4438.97435897436
4429.23076923077
4434.8717948718
4447.17948717949
4444.61538461538
4435.89743589744
4434.35897435897
4431.79487179487
4428.71794871795
4428.71794871795
4428.20512820513
4428.20512820513
4428.71794871795
4433.33333333333
4443.07692307692
4444.10256410256
4430.25641025641
4424.61538461538
4425.12820512821
4415.89743589744
4409.74358974359
4408.71794871795
4400.51282051282
4396.41025641026
4395.38461538462
4386.66666666667
4379.48717948718
4382.05128205128
4389.74358974359
4395.38461538462
4391.79487179487
4377.94871794872
4376.92307692308
4398.97435897436
4416.41025641026
4415.89743589744
4414.35897435897
4415.38461538462
4403.07692307692
4389.23076923077
4390.25641025641
4396.92307692308
4401.53846153846
4403.58974358974
4407.69230769231
4406.15384615385
4400
4397.94871794872
4396.92307692308
4388.20512820513
4377.4358974359
4377.4358974359
4380.51282051282
4378.97435897436
4379.48717948718
4384.61538461538
4386.15384615385
4381.53846153846
4378.97435897436
4378.97435897436
4371.79487179487
4362.5641025641
4368.20512820513
4382.5641025641
4385.64102564103
4381.02564102564
4385.64102564103
4389.23076923077
4384.10256410256
4380.51282051282
4380
4385.12820512821
4393.33333333333
4393.33333333333
4379.48717948718
4364.61538461538
4367.17948717949
4384.61538461538
4395.38461538462
4386.66666666667
4374.8717948718
4372.30769230769
4371.79487179487
4367.69230769231
4372.30769230769
4388.71794871795
4398.97435897436
4388.71794871795
4370.76923076923
4368.20512820513
4374.8717948718
4368.71794871795
4357.94871794872
4355.89743589744
4358.97435897436
4367.17948717949
4376.92307692308
4375.38461538462
4370.76923076923
4373.33333333333
4378.97435897436
4390.25641025641
4399.48717948718
4394.8717948718
4396.41025641026
4409.74358974359
4411.28205128205
4398.97435897436
4396.41025641026
4400.51282051282
4396.92307692308
4394.35897435897
4399.48717948718
4399.48717948718
4395.38461538462
4401.02564102564
4410.25641025641
4406.15384615385
4398.46153846154
4396.92307692308
4397.4358974359
4400
4405.64102564103
4415.38461538462
4425.64102564103
4427.69230769231
4418.97435897436
4412.82051282051
4420
4424.61538461538
4422.5641025641
4424.61538461538
4432.30769230769
4437.4358974359
4434.35897435897
4428.20512820513
4426.66666666667
4428.20512820513
4421.02564102564
4411.28205128205
4408.20512820513
4410.25641025641
4415.89743589744
4420.51282051282
4417.94871794872
4413.84615384615
4414.8717948718
4409.74358974359
4393.84615384615
4384.61538461538
4383.58974358974
4382.05128205128
4382.05128205128
4383.58974358974
4385.12820512821
4388.20512820513
4391.79487179487
4393.33333333333
4396.41025641026
4398.46153846154
4393.33333333333
4390.76923076923
4395.89743589744
4405.12820512821
4415.89743589744
4429.23076923077
4434.35897435897
4430.76923076923
4433.33333333333
4434.8717948718
4429.23076923077
4425.64102564103
4419.48717948718
4413.33333333333
4420
4429.74358974359
4432.82051282051
4435.38461538462
4432.82051282051
4427.69230769231
4424.10256410256
4412.82051282051
4401.02564102564
4400.51282051282
4406.66666666667
4413.33333333333
4415.89743589744
4411.79487179487
4410.25641025641
4412.82051282051
4406.66666666667
4391.28205128205
4381.53846153846
4383.07692307692
4387.69230769231
4389.23076923077
4388.20512820513
4377.4358974359
4361.53846153846
4360
4366.15384615385
4353.33333333333
4337.94871794872
4348.71794871795
4363.58974358974
4358.97435897436
4353.33333333333
4357.94871794872
4358.97435897436
4352.82051282051
4347.69230769231
4348.20512820513
4349.74358974359
4350.76923076923
4356.41025641026
4360.51282051282
4353.84615384615
4348.71794871795
4353.33333333333
4356.92307692308
4356.41025641026
4357.94871794872
4360.51282051282
4368.20512820513
4379.48717948718
4384.61538461538
4379.48717948718
4373.84615384615
4371.28205128205
4367.69230769231
4366.15384615385
4373.84615384615
4386.66666666667
4393.33333333333
4395.89743589744
4399.48717948718
4403.07692307692
4404.10256410256
4397.94871794872
4397.4358974359
4405.64102564103
4412.30769230769
4416.92307692308
4430.25641025641
4444.61538461538
4445.12820512821
4446.66666666667
4456.41025641026
4463.07692307692
4462.5641025641
4458.46153846154
4461.02564102564
4471.28205128205
4479.48717948718
4477.4358974359
4478.46153846154
4486.15384615385
4491.28205128205
4491.79487179487
4492.82051282051
4499.48717948718
4507.17948717949
4507.69230769231
4501.53846153846
4498.46153846154
4501.53846153846
4505.64102564103
4506.15384615385
4507.69230769231
4515.89743589744
4522.05128205128
4522.5641025641
4522.05128205128
4519.48717948718
4521.53846153846
4527.17948717949
4524.61538461538
4526.66666666667
4540
4536.92307692308
4522.5641025641
4521.53846153846
4526.66666666667
4525.12820512821
4523.07692307692
4523.07692307692
4524.61538461538
4526.15384615385
4526.15384615385
4524.61538461538
4514.35897435897
4503.07692307692
4502.05128205128
4506.15384615385
4509.74358974359
4518.97435897436
4521.53846153846
4511.79487179487
4505.12820512821
4506.66666666667
4512.30769230769
4515.89743589744
4516.41025641026
4525.12820512821
4535.38461538462
4539.48717948718
4546.66666666667
4556.92307692308
4560.51282051282
4568.20512820513
4574.35897435897
4567.17948717949
4567.17948717949
4583.58974358974
4597.4358974359
4608.20512820513
4616.41025641026
4618.97435897436
4614.8717948718
4612.82051282051
4618.46153846154
4624.10256410256
4626.15384615385
4628.20512820513
4635.89743589744
4644.61538461538
4654.8717948718
4667.17948717949
4667.17948717949
4666.15384615385
4673.84615384615
4676.41025641026
4671.28205128205
4673.84615384615
4681.53846153846
4685.64102564103
4692.82051282051
4697.4358974359
4695.89743589744
4691.79487179487
4687.17948717949
4684.10256410256
4689.23076923077
4700.51282051282
4702.05128205128
4691.79487179487
4680
4670.25641025641
4664.10256410256
4655.38461538462
4645.64102564103
4649.23076923077
4657.94871794872
4658.97435897436
4661.02564102564
4668.20512820513
4667.17948717949
4656.92307692308
4643.58974358974
4633.84615384615
4631.28205128205
4624.61538461538
4622.05128205128
4634.35897435897
4646.66666666667
4645.64102564103
4641.53846153846
4639.48717948718
4627.17948717949
4616.41025641026
4617.4358974359
4613.33333333333
4601.53846153846
4598.46153846154
4599.48717948718
4594.8717948718
4595.38461538462
4597.94871794872
4593.33333333333
4584.10256410256
4567.69230769231
4551.79487179487
4549.23076923077
4552.82051282051
4557.4358974359
4565.64102564103
4569.74358974359
4566.15384615385
4562.05128205128
4555.38461538462
4548.71794871795
4555.89743589744
4570.76923076923
4574.8717948718
4567.69230769231
4569.74358974359
4572.30769230769
4563.07692307692
4551.79487179487
4543.07692307692
4543.58974358974
4553.84615384615
4560
4555.38461538462
4554.35897435897
4559.48717948718
4558.97435897436
4555.89743589744
4553.33333333333
4551.28205128205
4547.69230769231
4543.58974358974
4540.51282051282
4541.53846153846
4551.79487179487
4557.4358974359
4549.23076923077
4536.41025641026
4527.17948717949
4523.58974358974
4523.07692307692
4522.05128205128
4524.61538461538
4536.92307692308
4540.51282051282
4529.74358974359
4523.07692307692
4522.5641025641
4523.58974358974
4515.89743589744
4507.17948717949
4510.76923076923
4513.84615384615
4509.74358974359
4505.12820512821
4492.30769230769
4474.35897435897
4466.15384615385
4462.5641025641
4456.92307692308
4453.33333333333
4456.41025641026
4458.97435897436
4445.64102564103
4435.38461538462
4445.12820512821
4447.17948717949
4434.35897435897
4433.84615384615
4444.10256410256
4448.20512820513
4448.71794871795
4450.76923076923
4446.66666666667
4439.48717948718
4442.5641025641
4442.05128205128
4432.30769230769
4429.74358974359
4429.74358974359
4416.92307692308
4412.30769230769
4420.51282051282
4424.10256410256
4426.15384615385
4428.20512820513
4421.02564102564
4417.94871794872
4420
4414.35897435897
4411.79487179487
4415.89743589744
4414.35897435897
4412.30769230769
4415.38461538462
4412.82051282051
4409.74358974359
4411.79487179487
4407.17948717949
4401.53846153846
4408.71794871795
4415.89743589744
4414.8717948718
4420.51282051282
4430.25641025641
4430.25641025641
4435.38461538462
4443.07692307692
4435.38461538462
4424.61538461538
4423.58974358974
4427.69230769231
4429.23076923077
4428.71794871795
4432.82051282051
4445.12820512821
4454.8717948718
4457.94871794872
4458.46153846154
4449.74358974359
4438.97435897436
4438.97435897436
4441.53846153846
4444.61538461538
4454.8717948718
4458.97435897436
4448.71794871795
4443.58974358974
4445.64102564103
4437.94871794872
4430.76923076923
4433.84615384615
4432.82051282051
4429.23076923077
4430.76923076923
4434.8717948718
4442.5641025641
4445.12820512821
4432.30769230769
4426.15384615385
4438.46153846154
4449.74358974359
4455.89743589744
4467.17948717949
4480.51282051282
4488.71794871795
4491.28205128205
4489.74358974359
4490.76923076923
4492.30769230769
4488.71794871795
4494.35897435897
4503.07692307692
4496.41025641026
4490.76923076923
4494.8717948718
4493.33333333333
4486.15384615385
4487.69230769231
4492.30769230769
4491.28205128205
4492.30769230769
4504.61538461538
4512.30769230769
4491.28205128205
4460.51282051282
4447.69230769231
4438.46153846154
4423.07692307692
4411.28205128205
4400
4384.61538461538
4368.71794871795
4360.51282051282
4355.89743589744
4343.58974358974
4329.74358974359
4330.25641025641
4334.35897435897
4331.28205128205
4334.8717948718
4341.02564102564
4343.07692307692
4351.28205128205
4359.48717948718
4365.64102564103
4372.30769230769
4370.76923076923
4362.5641025641
4366.15384615385
4376.41025641026
4378.46153846154
4383.58974358974
4395.89743589744
4401.53846153846
4406.66666666667
4416.92307692308
4411.28205128205
4400
4406.66666666667
4409.74358974359
4405.12820512821
4412.30769230769
4418.97435897436
4412.30769230769
4406.15384615385
4402.05128205128
4398.46153846154
4395.38461538462
4393.84615384615
4394.35897435897
4389.23076923077
4386.66666666667
4399.48717948718
4416.92307692308
4428.71794871795
4441.02564102564
4446.66666666667
4442.05128205128
4441.53846153846
4444.61538461538
4446.15384615385
4448.20512820513
4455.38461538462
4474.35897435897
4496.41025641026
4509.23076923077
4511.79487179487
4509.74358974359
4513.84615384615
4523.58974358974
4521.02564102564
4506.66666666667
4503.07692307692
4509.23076923077
4507.17948717949
4503.58974358974
4503.58974358974
4504.10256410256
4505.64102564103
4503.58974358974
4495.38461538462
4491.79487179487
4491.79487179487
4489.74358974359
4490.25641025641
4482.5641025641
4459.48717948718
4450.25641025641
4458.97435897436
4465.64102564103
4474.35897435897
4484.61538461538
4476.41025641026
4453.84615384615
4442.05128205128
4446.66666666667
4445.12820512821
4426.15384615385
4409.74358974359
4408.20512820513
4418.46153846154
4435.89743589744
4449.23076923077
4447.69230769231
4444.61538461538
4452.30769230769
4458.97435897436
4464.61538461538
4475.38461538462
4479.48717948718
4469.74358974359
4463.07692307692
4456.41025641026
4442.05128205128
4441.02564102564
4449.74358974359
4441.53846153846
4426.15384615385
4430.76923076923
4441.53846153846
4442.05128205128
4442.05128205128
4442.5641025641
4433.84615384615
4422.05128205128
4419.48717948718
4419.48717948718
4415.89743589744
4412.30769230769
4411.28205128205
4415.89743589744
4421.02564102564
4421.02564102564
4415.89743589744
4412.30769230769
4414.8717948718
4411.28205128205
4397.4358974359
4386.66666666667
4384.61538461538
4392.30769230769
4407.17948717949
4412.30769230769
4404.61538461538
4394.8717948718
4391.79487179487
4398.46153846154
4397.4358974359
4383.58974358974
4380.51282051282
4387.69230769231
4377.4358974359
4375.38461538462
4391.28205128205
4396.41025641026
4390.25641025641
4380.51282051282
4374.35897435897
4381.02564102564
4383.07692307692
4371.79487179487
4371.79487179487
4375.38461538462
4363.58974358974
4356.41025641026
4351.79487179487
4342.5641025641
4343.58974358974
4346.15384615385
4337.4358974359
4330.76923076923
4333.84615384615
4337.94871794872
4341.02564102564
4337.94871794872
4328.20512820513
4317.4358974359
4304.10256410256
4286.66666666667
4277.4358974359
4274.8717948718
4273.33333333333
4275.89743589744
4281.53846153846
4292.30769230769
4300.51282051282
4296.92307692308
4290.25641025641
4294.8717948718
4297.4358974359
4294.8717948718
4300
4311.79487179487
4314.35897435897
4305.64102564103
4307.69230769231
4329.23076923077
4345.12820512821
4344.10256410256
4339.48717948718
4343.07692307692
4353.33333333333
4362.05128205128
4358.97435897436
4346.66666666667
4342.5641025641
4338.46153846154
4325.64102564103
4324.10256410256
4336.41025641026
4344.10256410256
4348.71794871795
4358.97435897436
4359.48717948718
4355.89743589744
4359.48717948718
4354.8717948718
4340.51282051282
4337.94871794872
4346.15384615385
4355.38461538462
4369.74358974359
4385.12820512821
4385.64102564103
4382.5641025641
4395.89743589744
4402.5641025641
4385.12820512821
4374.8717948718
4389.74358974359
4400.51282051282
4398.46153846154
4404.10256410256
4413.33333333333
4416.92307692308
4418.46153846154
4417.4358974359
4414.8717948718
4413.33333333333
4417.4358974359
4421.53846153846
4417.94871794872
4413.84615384615
4412.82051282051
4416.41025641026
4425.12820512821
4426.66666666667
4416.41025641026
4410.76923076923
4410.25641025641
4401.02564102564
4390.76923076923
4384.61538461538
4386.15384615385
4394.35897435897
4395.38461538462
4386.15384615385
4378.46153846154
4377.4358974359
4378.97435897436
4378.46153846154
4380
4384.61538461538
4389.23076923077
4391.79487179487
4390.76923076923
4384.10256410256
4374.8717948718
4371.28205128205
4373.84615384615
4373.84615384615
4371.79487179487
4378.97435897436
4395.38461538462
4402.5641025641
4394.35897435897
4398.46153846154
4410.76923076923
4407.69230769231
4403.58974358974
4409.23076923077
4410.76923076923
4408.71794871795
4412.30769230769
4413.84615384615
4413.84615384615
4414.8717948718
4415.38461538462
4421.02564102564
4428.20512820513
4430.76923076923
4427.69230769231
4429.74358974359
4442.05128205128
4447.69230769231
4436.41025641026
4426.66666666667
4429.74358974359
4430.25641025641
4429.74358974359
4437.94871794872
4444.61538461538
4442.5641025641
4448.20512820513
4461.02564102564
4460
4447.69230769231
4444.10256410256
4446.15384615385
4444.10256410256
4443.58974358974
4447.17948717949
4446.66666666667
4438.97435897436
4431.79487179487
4430.76923076923
4429.23076923077
4424.10256410256
4416.41025641026
4410.25641025641
4413.84615384615
4424.61538461538
4428.71794871795
4431.28205128205
4445.64102564103
4460
4457.94871794872
4440
4425.12820512821
4433.84615384615
4440.51282051282
4420.51282051282
4416.41025641026
4440
4444.61538461538
4428.71794871795
4422.5641025641
4425.12820512821
4423.58974358974
4415.38461538462
4409.74358974359
4412.82051282051
4412.82051282051
4411.28205128205
4413.84615384615
4412.82051282051
4411.28205128205
4413.84615384615
4412.30769230769
4411.28205128205
4413.84615384615
4417.4358974359
4414.35897435897
4405.64102564103
4405.12820512821
4413.84615384615
4411.79487179487
4405.12820512821
4414.35897435897
4434.35897435897
4446.66666666667
4440.51282051282
4430.25641025641
4429.74358974359
4425.12820512821
4417.94871794872
4429.74358974359
4446.15384615385
4445.12820512821
4440.51282051282
4441.53846153846
4444.61538461538
4438.97435897436
4426.66666666667
4431.79487179487
4448.20512820513
4449.23076923077
4442.5641025641
4438.97435897436
4434.8717948718
4437.4358974359
4448.20512820513
4454.35897435897
4460
4462.5641025641
4461.02564102564
4458.97435897436
4453.33333333333
4450.25641025641
4455.38461538462
4458.97435897436
4461.02564102564
4471.28205128205
4478.97435897436
4474.35897435897
4475.38461538462
4474.35897435897
4460.51282051282
4461.53846153846
4476.92307692308
4479.48717948718
4484.10256410256
4504.10256410256
4513.33333333333
4509.74358974359
4507.69230769231
4507.69230769231
4508.20512820513
4510.25641025641
4508.71794871795
4506.15384615385
4510.76923076923
4521.02564102564
4524.10256410256
4520.51282051282
4523.58974358974
4522.05128205128
4510.76923076923
4505.64102564103
4509.74358974359
4511.79487179487
4504.10256410256
4494.8717948718
4490.25641025641
4484.61538461538
4483.07692307692
4489.74358974359
4487.69230769231
4473.84615384615
4465.64102564103
4464.10256410256
4456.92307692308
4446.15384615385
4444.10256410256
4441.53846153846
4426.15384615385
4413.33333333333
4415.89743589744
4417.94871794872
4413.84615384615
4414.8717948718
4423.07692307692
4437.94871794872
4445.12820512821
4442.5641025641
4443.58974358974
4436.41025641026
4418.46153846154
4418.97435897436
4434.35897435897
4431.79487179487
4428.71794871795
4438.97435897436
4437.94871794872
4422.05128205128
4407.17948717949
4393.33333333333
4377.4358974359
4371.28205128205
4371.28205128205
4377.4358974359
4390.76923076923
4392.30769230769
4383.07692307692
4381.53846153846
4381.02564102564
4365.12820512821
4351.79487179487
4349.23076923077
4335.89743589744
4333.33333333333
4347.17948717949
4344.10256410256
4327.17948717949
4319.48717948718
4311.28205128205
4304.10256410256
4315.38461538462
4320.51282051282
4311.28205128205
4307.17948717949
4307.69230769231
4314.35897435897
4316.41025641026
4312.82051282051
4316.92307692308
4316.41025641026
4298.97435897436
4290.25641025641
4297.94871794872
4296.92307692308
4289.23076923077
4294.8717948718
4310.25641025641
4317.4358974359
4313.84615384615
4318.46153846154
4323.07692307692
4321.53846153846
4324.10256410256
4322.5641025641
4317.4358974359
4329.23076923077
4343.07692307692
4334.35897435897
4333.84615384615
4346.66666666667
4345.64102564103
4340.51282051282
4352.82051282051
4360.51282051282
4349.74358974359
4352.82051282051
4369.74358974359
4370.25641025641
4365.12820512821
4368.20512820513
4362.05128205128
4348.71794871795
4347.69230769231
4343.58974358974
4333.33333333333
4339.48717948718
4357.94871794872
4348.20512820513
4328.20512820513
4342.5641025641
4349.74358974359
4323.07692307692
4340.51282051282
4398.46153846154
4404.61538461538
4378.97435897436
4378.97435897436
4383.07692307692
4368.20512820513
4368.71794871795
4381.53846153846
4367.69230769231
4349.74358974359
4356.41025641026
4364.61538461538
4368.71794871795
4381.02564102564
4373.84615384615
4353.33333333333
4356.41025641026
4368.20512820513
4372.82051282051
4385.12820512821
4396.92307692308
4394.35897435897
4388.20512820513
4385.12820512821
4385.64102564103
4389.74358974359
4385.64102564103
4371.28205128205
4371.79487179487
4386.15384615385
4385.64102564103
4374.8717948718
4368.20512820513
4359.48717948718
4350.25641025641
4353.33333333333
4364.10256410256
4357.4358974359
4330.76923076923
4330.76923076923
4351.28205128205
4335.38461538462
4305.12820512821
4310.25641025641
4330.25641025641
4329.74358974359
4318.97435897436
4313.33333333333
4304.61538461538
4297.4358974359
4309.74358974359
4340
4349.74358974359
4322.05128205128
4315.89743589744
4343.58974358974
4347.69230769231
4321.53846153846
4320
4333.84615384615
4324.10256410256
4322.5641025641
4325.12820512821
4319.48717948718
4328.20512820513
4344.10256410256
4346.66666666667
4320
4294.8717948718
4316.92307692308
4330.76923076923
4310.25641025641
4341.53846153846
4389.74358974359
4356.41025641026
4307.69230769231
4294.8717948718
4291.28205128205
4290.25641025641
4275.38461538462
4256.41025641026
4267.69230769231
4281.02564102564
4276.41025641026
4285.12820512821
4273.84615384615
4244.61538461538
4259.48717948718
4278.46153846154
4252.82051282051
4227.69230769231
4251.79487179487
4272.30769230769
4240
4211.79487179487
4215.89743589744
4210.25641025641
4200
4203.07692307692
4194.8717948718
4195.89743589744
4217.94871794872
4216.41025641026
4195.38461538462
4186.15384615385
4177.4358974359
4181.53846153846
4190.25641025641
4171.79487179487
4147.17948717949
4135.89743589744
4140.51282051282
4155.89743589744
4158.46153846154
4148.20512820513
4142.05128205128
4135.89743589744
4125.12820512821
4129.23076923077
4115.38461538462
4070.25641025641
4081.53846153846
4158.97435897436
4174.35897435897
4105.64102564103
4092.30769230769
4122.05128205128
4091.79487179487
4074.8717948718
4109.74358974359
