P7
4577.4358974359
4597.94871794872
4592.30769230769
4564.61538461538
4581.53846153846
4609.23076923077
4594.8717948718
4587.69230769231
4594.35897435897
4591.28205128205
4606.15384615385
4617.94871794872
4598.46153846154
4585.12820512821
4597.94871794872
4617.94871794872
4612.82051282051
4589.23076923077
4595.38461538462
4622.5641025641
4622.05128205128
4605.64102564103
4605.12820512821
4609.23076923077
4613.84615384615
4627.69230769231
4621.53846153846
4596.92307692308
4611.28205128205
4636.92307692308
4618.97435897436
4621.02564102564
4648.20512820513
4633.33333333333
4615.38461538462
4638.46153846154
4652.82051282051
4635.38461538462
4621.02564102564
4634.8717948718
4655.89743589744
4652.30769230769
4645.64102564103
4650.76923076923
4638.97435897436
4626.15384615385
4631.79487179487
4633.33333333333
4631.28205128205
4634.35897435897
4621.02564102564
4618.97435897436
4633.33333333333
4615.89743589744
4602.5641025641
4623.07692307692
4630.25641025641
4628.71794871795
4648.20512820513
4653.33333333333
4640.51282051282
4636.92307692308
4626.66666666667
4618.46153846154
4630.76923076923
4632.82051282051
4620.51282051282
4630.25641025641
4647.69230769231
4637.94871794872
4625.64102564103
4634.35897435897
4638.46153846154
4626.66666666667
4613.33333333333
4620
4638.97435897436
4638.46153846154
4634.8717948718
4641.53846153846
4640
4628.71794871795
4631.79487179487
4634.8717948718
4609.23076923077
4598.97435897436
4632.82051282051
4656.92307692308
4654.35897435897
4655.89743589744
4657.94871794872
4655.38461538462
4658.97435897436
4652.82051282051
4642.5641025641
4638.46153846154
4633.33333333333
4631.28205128205
4628.71794871795
4622.5641025641
4634.8717948718
4656.92307692308
4655.89743589744
4633.84615384615
4632.82051282051
4654.35897435897
4658.97435897436
4646.15384615385
4646.15384615385
4655.89743589744
4651.28205128205
4640.51282051282
4644.10256410256
4651.79487179487
4636.41025641026
4623.58974358974
4646.15384615385
4664.10256410256
4652.82051282051
4647.69230769231
4661.53846153846
4664.10256410256
4656.41025641026
4663.58974358974
4681.53846153846
4671.28205128205
4628.20512820513
4616.92307692308
4654.35897435897
4682.05128205128
4680.51282051282
4679.48717948718
4674.35897435897
4656.92307692308
4647.17948717949
4645.64102564103
4653.84615384615
4668.20512820513
4670.76923076923
4653.33333333333
4645.12820512821
4657.94871794872
4663.07692307692
4651.28205128205
4645.12820512821
4647.17948717949
4649.23076923077
4649.74358974359
4638.97435897436
4634.8717948718
4648.20512820513
4650.25641025641
4637.4358974359
4641.02564102564
4652.82051282051
4647.69230769231
4642.5641025641
4648.71794871795
4648.71794871795
4647.17948717949
4655.89743589744
4662.05128205128
4661.02564102564
4655.89743589744
4648.71794871795
4651.28205128205
4662.05128205128
4663.07692307692
4657.94871794872
4645.12820512821
4612.82051282051
4603.58974358974
4647.69230769231
4682.5641025641
4672.82051282051
4660.51282051282
4660.51282051282
4653.84615384615
4640
4637.4358974359
4653.84615384615
4668.20512820513
4656.92307692308
4642.05128205128
4650.25641025641
4658.97435897436
4653.84615384615
4656.92307692308
4665.12820512821
4661.53846153846
4668.71794871795
4685.12820512821
4673.33333333333
4655.89743589744
4669.74358974359
4688.20512820513
4690.25641025641
4689.74358974359
4690.25641025641
4689.23076923077
4685.64102564103
4674.8717948718
4664.61538461539
4662.5641025641
4662.5641025641
4660.51282051282
4659.48717948718
4661.02564102564
4660.51282051282
4661.53846153846
4670.76923076923
4681.02564102564
4683.07692307692
4673.33333333333
4664.10256410256
4666.66666666667
4673.84615384615
4675.38461538462
4675.38461538462
4679.48717948718
4680
4677.4358974359
4675.38461538462
4677.4358974359
4678.97435897436
4678.46153846154
4682.05128205128
4691.28205128205
4703.07692307692
4705.12820512821
4696.92307692308
4693.33333333333
4693.33333333333
4691.79487179487
4690.76923076923
4689.23076923077
4686.15384615385
4691.28205128205
4698.46153846154
4694.35897435897
4687.69230769231
4684.61538461539
4678.97435897436
4673.84615384615
4672.30769230769
4663.07692307692
4656.92307692308
4669.74358974359
4672.30769230769
4658.97435897436
4668.20512820513
4690.76923076923
4690.25641025641
4682.5641025641
4687.17948717949
4685.64102564103
4674.35897435897
4667.69230769231
4672.82051282051
4685.12820512821
4698.46153846154
4704.61538461539
4705.12820512821
4707.17948717949
4706.66666666667
4704.10256410256
4702.5641025641
4693.33333333333
4683.07692307692
4689.23076923077
4709.23076923077
4717.4358974359
4703.58974358974
4693.33333333333
4700
4707.69230769231
4703.58974358974
4698.97435897436
4691.79487179487
4693.33333333333
4703.58974358974
4698.46153846154
4691.79487179487
4699.48717948718
4702.5641025641
4688.20512820513
4679.48717948718
4687.69230769231
4688.71794871795
4678.46153846154
4676.41025641026
4686.66666666667
4689.23076923077
4683.58974358974
4687.69230769231
4700
4703.07692307692
4689.74358974359
4682.5641025641
4698.46153846154
4709.74358974359
4700.51282051282
4704.10256410256
4722.5641025641
4721.53846153846
4704.61538461539
4701.53846153846
4708.71794871795
4710.25641025641
4716.41025641026
4722.5641025641
4713.33333333333
4703.58974358974
4710.25641025641
4712.82051282051
4706.66666666667
4702.5641025641
4689.74358974359
4685.12820512821
4701.53846153846
4708.71794871795
4696.92307692308
4692.30769230769
4691.79487179487
4682.05128205128
4677.94871794872
4683.07692307692
4684.61538461539
4683.07692307692
4690.25641025641
4697.4358974359
4692.30769230769
4684.10256410256
4681.53846153846
4682.05128205128
4683.07692307692
4678.97435897436
4673.84615384615
4681.53846153846
4677.4358974359
4650.76923076923
4649.23076923077
4676.92307692308
4682.5641025641
4664.61538461539
4661.02564102564
4669.74358974359
4676.41025641026
4677.4358974359
4675.89743589744
4668.71794871795
4651.79487179487
4651.28205128205
4669.74358974359
4675.89743589744
4667.17948717949
4663.58974358974
4665.64102564103
4660.51282051282
4657.94871794872
4661.53846153846
4665.64102564103
4664.10256410256
4664.10256410256
4660.51282051282
4649.74358974359
4652.30769230769
4653.84615384615
4646.15384615385
4653.84615384615
4667.17948717949
4664.10256410256
4659.48717948718
4660
4657.4358974359
4660
4657.94871794872
4650.76923076923
4646.66666666667
4637.94871794872
4626.66666666667
4633.84615384615
4647.17948717949
4641.02564102564
4640
4643.07692307692
4629.23076923077
4624.10256410256
4633.33333333333
4631.79487179487
4627.69230769231
4636.41025641026
4633.33333333333
4623.58974358974
4624.61538461538
4625.64102564103
4620
4609.74358974359
4606.66666666667
4612.30769230769
4601.02564102564
4587.17948717949
4592.82051282051
4593.84615384615
4586.15384615385
4585.12820512821
4572.30769230769
4554.8717948718
4565.64102564103
4585.12820512821
4571.79487179487
4552.82051282051
4563.58974358974
4574.35897435897
4560
4550.25641025641
4556.92307692308
4551.79487179487
4541.53846153846
4537.4358974359
4525.64102564103
4517.94871794872
4521.02564102564
4521.53846153846
4519.48717948718
4523.58974358974
4525.64102564103
4524.61538461538
4521.53846153846
4511.79487179487
4502.5641025641
4506.66666666667
4513.33333333333
4512.82051282051
4510.76923076923
4510.25641025641
4509.74358974359
4507.17948717949
4504.10256410256
4510.25641025641
4524.10256410256
4522.5641025641
4507.17948717949
4509.23076923077
4506.66666666667
4491.79487179487
4493.84615384615
4498.97435897436
4497.94871794872
4506.15384615385
4512.82051282051
4508.71794871795
4504.61538461538
4495.38461538462
4488.71794871795
4493.84615384615
4486.66666666667
4483.58974358974
4502.05128205128
4509.23076923077
4503.58974358974
4503.07692307692
4497.94871794872
4486.15384615385
4485.64102564103
4491.79487179487
4491.28205128205
4488.71794871795
4495.89743589744
4503.58974358974
4497.4358974359
4494.8717948718
4505.12820512821
4512.30769230769
4507.69230769231
4494.8717948718
4485.12820512821
4495.89743589744
4513.84615384615
4520
4531.28205128205
4537.94871794872
4529.74358974359
4524.61538461538
4520
4512.82051282051
4523.07692307692
4541.53846153846
4540.51282051282
4538.46153846154
4550.76923076923
4555.38461538462
4548.71794871795
4541.53846153846
4538.46153846154
4544.10256410256
4554.8717948718
4559.48717948718
4554.35897435897
4556.92307692308
4563.07692307692
4558.97435897436
4559.48717948718
4568.20512820513
4570.25641025641
4568.71794871795
4573.33333333333
4572.82051282051
4570.25641025641
4572.82051282051
4572.82051282051
4571.79487179487
4567.69230769231
4568.71794871795
4569.74358974359
4559.48717948718
4556.92307692308
4568.20512820513
4572.30769230769
4568.71794871795
4576.41025641026
4571.79487179487
4552.82051282051
4558.46153846154
4575.38461538462
4575.89743589744
4568.71794871795
4568.20512820513
4571.28205128205
4570.76923076923
4558.97435897436
4546.66666666667
4549.74358974359
4551.79487179487
4549.23076923077
4549.23076923077
4551.79487179487
4555.38461538462
4554.8717948718
4552.30769230769
4556.92307692308
4555.89743589744
4538.46153846154
4534.8717948718
4551.28205128205
4563.07692307692
4576.41025641026
4586.66666666667
4575.38461538462
4571.28205128205
4591.28205128205
4598.97435897436
4594.35897435897
4600
4595.89743589744
4579.48717948718
4579.48717948718
4591.28205128205
4596.92307692308
4601.02564102564
4600.51282051282
4593.33333333333
4591.79487179487
4588.71794871795
4586.66666666667
4597.4358974359
4604.10256410256
4603.07692307692
4610.76923076923
4620
4613.84615384615
4611.28205128205
4611.28205128205
4603.58974358974
4601.02564102564
4608.71794871795
4617.94871794872
4618.97435897436
4618.46153846154
4622.5641025641
4628.71794871795
4633.84615384615
4634.35897435897
4625.64102564103
4612.30769230769
4609.74358974359
4625.64102564103
4634.35897435897
4623.07692307692
4617.94871794872
4629.74358974359
4627.69230769231
4615.38461538462
4618.97435897436
4625.12820512821
4614.35897435897
4602.5641025641
4602.5641025641
4606.66666666667
4611.79487179487
4616.41025641026
4616.92307692308
4615.89743589744
4608.20512820513
4600.51282051282
4604.10256410256
4608.71794871795
4606.66666666667
4601.02564102564
4591.79487179487
4590.76923076923
4602.5641025641
4601.02564102564
4587.17948717949
4580.51282051282
4574.8717948718
4569.74358974359
4571.79487179487
4571.79487179487
4572.82051282051
4568.71794871795
4561.02564102564
4564.10256410256
4569.74358974359
4569.74358974359
4577.94871794872
4590.76923076923
4590.25641025641
4580.51282051282
4580
4587.69230769231
4581.53846153846
4567.17948717949
4573.33333333333
4588.20512820513
4589.23076923077
4592.30769230769
4604.10256410256
4596.41025641026
4572.30769230769
4562.5641025641
4567.17948717949
4569.23076923077
4571.28205128205
4572.82051282051
4564.10256410256
4555.38461538462
4553.33333333333
4551.28205128205
4549.23076923077
4547.17948717949
4541.53846153846
4537.94871794872
4546.66666666667
4557.4358974359
4551.28205128205
4538.97435897436
4545.64102564103
4558.97435897436
4554.8717948718
4551.79487179487
4556.92307692308
4556.92307692308
4549.23076923077
4543.58974358974
4540.51282051282
4540
4547.69230769231
4555.89743589744
4553.84615384615
4552.30769230769
4560
4554.8717948718
4543.58974358974
4552.30769230769
4561.53846153846
4561.53846153846
4567.17948717949
4573.33333333333
4571.28205128205
4570.76923076923
4565.12820512821
4555.89743589744
4550.25641025641
4543.07692307692
4533.84615384615
4522.05128205128
4514.8717948718
4522.5641025641
4544.10256410256
4575.89743589744
4604.10256410256
4605.64102564103
4591.28205128205
4587.17948717949
4587.69230769231
4584.10256410256
4578.46153846154
4582.5641025641
4593.33333333333
4597.4358974359
4600
4603.07692307692
4599.48717948718
4597.94871794872
4605.64102564103
4601.02564102564
4590.76923076923
4602.05128205128
4621.53846153846
4621.02564102564
4602.5641025641
4593.84615384615
4606.66666666667
4620.51282051282
4609.74358974359
4593.33333333333
4604.10256410256
4615.89743589744
4606.66666666667
4602.05128205128
4590.76923076923
4538.97435897436
4513.33333333333
4553.33333333333
4590.76923076923
4610.76923076923
4636.41025641026
4637.94871794872
4603.07692307692
4580.51282051282
4589.23076923077
4593.33333333333
4574.35897435897
4550.25641025641
4541.02564102564
4556.92307692308
4591.28205128205
4609.74358974359
4596.92307692308
4577.4358974359
4574.8717948718
4586.15384615385
4595.89743589744
4611.28205128205
4618.46153846154
4604.10256410256
4604.61538461538
4601.53846153846
4565.64102564103
4564.10256410256
4612.82051282051
4624.61538461538
4605.64102564103
4617.94871794872
4635.89743589744
4624.61538461538
4617.4358974359
4636.92307692308
4629.74358974359
4598.46153846154
4613.33333333333
4641.53846153846
4626.66666666667
4615.89743589744
4627.69230769231
4629.74358974359
4633.33333333333
4641.02564102564
4632.30769230769
4617.4358974359
4620.51282051282
4618.46153846154
4589.23076923077
4576.41025641026
4604.10256410256
4624.10256410256
4619.48717948718
4625.12820512821
4627.69230769231
4602.05128205128
4596.92307692308
4619.48717948718
4604.10256410256
4578.46153846154
4609.74358974359
4637.4358974359
4603.58974358974
4592.82051282051
4620
4626.15384615385
4607.17948717949
4580.51282051282
4594.35897435897
4638.46153846154
4638.46153846154
4609.74358974359
4617.94871794872
4623.58974358974
4607.17948717949
4616.41025641026
4613.33333333333
4589.23076923077
4605.12820512821
4620.51282051282
4584.61538461538
4573.33333333333
4613.84615384615
4636.92307692308
4633.84615384615
4630.25641025641
4629.74358974359
4634.8717948718
4632.82051282051
4620.51282051282
4617.4358974359
4611.28205128205
4594.35897435897
4596.41025641026
4621.53846153846
4643.58974358974
4641.53846153846
4623.58974358974
4612.30769230769
4615.89743589744
4616.92307692308
4608.71794871795
4612.30769230769
4631.28205128205
4628.71794871795
4601.53846153846
4606.66666666667
4640
4650.76923076923
4636.92307692308
4609.74358974359
4595.89743589744
4618.46153846154
4641.02564102564
4624.61538461538
4609.74358974359
4627.17948717949
4615.89743589744
4564.61538461538
4559.48717948718
4608.20512820513
4621.53846153846
4600.51282051282
4600.51282051282
4611.28205128205
4602.5641025641
4586.15384615385
4589.23076923077
4592.82051282051
4575.38461538462
4567.69230769231
4592.30769230769
4617.94871794872
4622.05128205128
4608.20512820513
4596.41025641026
4604.10256410256
4608.71794871795
4600.51282051282
4587.69230769231
4579.48717948718
4583.07692307692
4584.61538461538
4582.05128205128
4594.35897435897
4605.12820512821
4595.38461538462
4601.53846153846
4609.23076923077
4575.38461538462
4563.07692307692
4602.05128205128
4615.38461538462
4596.41025641026
4598.46153846154
4606.15384615385
4596.92307692308
4594.8717948718
4609.23076923077
4614.35897435897
4593.33333333333
4584.61538461538
4604.10256410256
4612.30769230769
4614.35897435897
4627.17948717949
4632.82051282051
4628.20512820513
4623.58974358974
4617.94871794872
4605.64102564103
4590.76923076923
4598.46153846154
4617.4358974359
4623.58974358974
4634.35897435897
4646.15384615385
4636.92307692308
4623.58974358974
4634.8717948718
4648.20512820513
4625.12820512821
4595.89743589744
4620
4655.89743589744
4629.23076923077
4592.30769230769
4614.35897435897
4648.20512820513
4649.74358974359
4643.07692307692
4640.51282051282
4638.97435897436
4642.5641025641
4638.46153846154
4631.28205128205
4647.17948717949
4655.38461538462
4643.07692307692
4650.76923076923
4673.84615384615
4673.33333333333
4654.8717948718
4657.4358974359
4673.84615384615
4672.30769230769
4659.48717948718
4660
4658.46153846154
4636.92307692308
4628.20512820513
4643.58974358974
4649.23076923077
4644.10256410256
4658.46153846154
4681.02564102564
4678.97435897436
4666.15384615385
4655.89743589744
4646.15384615385
4651.28205128205
4671.79487179487
4674.8717948718
4651.28205128205
4646.15384615385
4662.05128205128
4655.89743589744
4643.58974358974
4653.33333333333
4642.5641025641
4618.46153846154
4640.51282051282
4668.20512820513
4650.76923076923
4644.61538461538
4670.25641025641
4683.07692307692
4676.41025641026
4654.8717948718
4644.10256410256
4676.92307692308
4679.48717948718
4628.71794871795
4640.51282051282
4708.71794871795
4712.30769230769
4676.92307692308
4675.89743589744
4684.10256410256
4678.97435897436
4681.02564102564
4693.84615384615
4696.92307692308
4686.66666666667
4680.51282051282
4671.28205128205
4672.30769230769
4676.92307692308
4655.89743589744
4645.64102564103
4670.76923076923
4684.61538461539
4685.12820512821
4690.25641025641
4677.94871794872
4675.89743589744
4693.33333333333
4674.35897435897
4647.17948717949
4662.05128205128
4692.82051282051
4704.61538461539
4702.05128205128
4692.30769230769
4678.97435897436
4652.82051282051
4637.94871794872
4662.5641025641
4696.41025641026
4703.58974358974
4686.15384615385
4674.35897435897
4687.17948717949
4687.69230769231
4659.48717948718
4662.5641025641
4697.4358974359
4702.05128205128
4687.69230769231
4674.35897435897
4658.97435897436
4666.66666666667
4695.89743589744
4702.5641025641
4689.23076923077
4682.05128205128
4680.51282051282
4674.35897435897
4666.66666666667
4673.33333333333
4681.02564102564
4672.30769230769
4672.82051282051
4690.25641025641
4685.12820512821
4669.74358974359
4679.48717948718
4678.46153846154
4650.76923076923
4648.71794871795
4674.8717948718
4679.48717948718
4670.25641025641
4680.51282051282
4694.8717948718
4682.05128205128
4660.51282051282
4661.53846153846
4678.97435897436
4685.64102564103
4677.94871794872
4680
4686.66666666667
4684.61538461539
4688.71794871795
4693.33333333333
4684.61538461539
4676.92307692308
4678.46153846154
4677.4358974359
4686.15384615385
4687.69230769231
4670.25641025641
4665.12820512821
4656.41025641026
4627.69230769231
4641.02564102564
4702.5641025641
4703.58974358974
4653.84615384615
4661.02564102564
4684.10256410256
4652.82051282051
4636.41025641026
4670.25641025641
4666.66666666667
4626.66666666667
4633.84615384615
4663.58974358974
4655.38461538462
4634.35897435897
4632.30769230769
4638.97435897436
4656.92307692308
4676.41025641026
4681.53846153846
4683.07692307692
4672.82051282051
4647.17948717949
4651.79487179487
4674.35897435897
4663.58974358974
4661.53846153846
4696.41025641026
4700
4658.97435897436
4640.51282051282
4649.23076923077
4638.97435897436
4625.12820512821
4628.20512820513
4644.61538461538
4661.53846153846
4653.33333333333
4638.97435897436
4642.5641025641
4642.05128205128
4623.58974358974
4628.71794871795
4637.4358974359
4594.35897435897
4579.48717948718
4636.92307692308
4662.5641025641
4610.76923076923
4584.10256410256
4608.20512820513
4610.25641025641
4607.69230769231
4632.30769230769
4641.02564102564
4585.12820512821
4558.97435897436
4613.84615384615
4616.41025641026
4576.41025641026
4610.76923076923
4665.12820512821
4642.05128205128
4610.25641025641
4614.8717948718
4615.38461538462
4601.53846153846
4589.23076923077
4616.41025641026
4651.28205128205
4647.69230769231
4631.79487179487
4633.84615384615
4650.76923076923
4666.15384615385
4653.33333333333
4623.07692307692
4644.10256410256
4682.05128205128
4657.4358974359
4632.82051282051
4635.38461538462
4624.61538461538
4638.97435897436
4684.61538461539
4667.69230769231
4609.23076923077
4635.89743589744
4694.35897435897
4668.20512820513
4637.4358974359
4672.30769230769
4672.30769230769
4624.10256410256
4635.38461538462
4656.41025641026
4622.5641025641
4633.84615384615
4691.28205128205
4664.61538461539
4615.89743589744
4646.15384615385
4649.74358974359
4587.69230769231
4610.76923076923
4703.07692307692
4725.12820512821
4704.61538461539
4697.94871794872
4695.38461538462
4695.38461538462
4726.15384615385
4760.51282051282
4726.66666666667
4683.07692307692
4700
4711.79487179487
4694.8717948718
4695.89743589744
4682.5641025641
4657.4358974359
4675.89743589744
4691.79487179487
4691.79487179487
4715.89743589744
4718.97435897436
4696.41025641026
4703.07692307692
4707.17948717949
4679.48717948718
4664.10256410256
4660.51282051282
4637.4358974359
4649.23076923077
4698.97435897436
4681.53846153846
4643.58974358974
4667.17948717949
4643.07692307692
4576.41025641026
4623.58974358974
4731.28205128205
4697.94871794872
4594.8717948718
4621.53846153846
4675.38461538462
4622.5641025641
4584.10256410256
4617.4358974359
4631.28205128205
4629.74358974359
4634.8717948718
4633.84615384615
4603.58974358974
4541.53846153846
4527.69230769231
4633.33333333333
4710.25641025641
4610.25641025641
4549.23076923077
4633.84615384615
4671.79487179487
4614.8717948718
4586.66666666667
4566.66666666667
4537.94871794872
4626.15384615385
4680.51282051282
4616.92307692308
4615.38461538462
4692.82051282051
4703.07692307692
4568.20512820513
4504.61538461538
4612.82051282051
4571.28205128205
4429.23076923077
4579.48717948718
4761.02564102564
4623.07692307692
4494.35897435897
4515.38461538462
4549.74358974359
4540.51282051282
4450.76923076923
4407.69230769231
4457.4358974359
4458.46153846154
4470.25641025641
4551.28205128205
4518.46153846154
4473.84615384615
4602.05128205128
4655.89743589744
4550.25641025641
4507.69230769231
4606.66666666667
4630.25641025641
4521.53846153846
4507.69230769231
4569.23076923077
4530.25641025641
4500.51282051282
4512.30769230769
4457.4358974359
4471.28205128205
4554.8717948718
4521.53846153846
4461.02564102564
4451.28205128205
4443.07692307692
4522.5641025641
4583.58974358974
4527.17948717949
4492.30769230769
4477.4358974359
4505.64102564103
4569.23076923077
4509.23076923077
4424.61538461538
4477.94871794872
4515.38461538462
4477.4358974359
4509.23076923077
4466.15384615385
4322.05128205128
4376.41025641026
4616.41025641026
4664.61538461539
4443.07692307692
4415.89743589744
4546.15384615385
4451.28205128205
4382.5641025641
4520
