
4139.48717948718
4147.17948717949
4147.69230769231
4153.33333333333
4162.5641025641
4147.69230769231
4126.66666666667
4131.79487179487
4138.97435897436
4133.84615384615
4134.8717948718
4138.46153846154
4140
4141.02564102564
4135.89743589744
4134.8717948718
4148.71794871795
4153.84615384615
4142.05128205128
4137.4358974359
4139.48717948718
4136.41025641026
4136.92307692308
4138.97435897436
4126.66666666667
4120
4132.82051282051
4140.51282051282
4126.15384615385
4114.8717948718
4129.74358974359
4149.74358974359
4155.38461538462
4153.33333333333
4150.76923076923
4150.25641025641
4152.82051282051
4146.66666666667
4142.05128205128
4151.79487179487
4156.41025641026
4150.25641025641
4149.23076923077
4148.71794871795
4133.33333333333
4118.46153846154
4118.46153846154
4123.58974358974
4125.12820512821
4126.15384615385
4129.74358974359
4124.10256410256
4118.46153846154
4123.58974358974
4127.17948717949
4124.10256410256
4120.51282051282
4121.53846153846
4120
4114.8717948718
4114.8717948718
4121.02564102564
4123.58974358974
4120
4117.94871794872
4117.94871794872
4117.94871794872
4116.41025641026
4110.25641025641
4104.61538461538
4109.74358974359
4117.4358974359
4113.33333333333
4113.33333333333
4121.02564102564
4115.38461538462
4113.33333333333
4128.20512820513
4131.28205128205
4121.02564102564
4122.05128205128
4121.53846153846
4113.33333333333
4114.8717948718
4121.53846153846
4121.02564102564
4120
4121.53846153846
4123.58974358974
4120.51282051282
4124.10256410256
4136.41025641026
4131.79487179487
4106.66666666667
4103.07692307692
4121.02564102564
4118.97435897436
4108.71794871795
4109.23076923077
4111.79487179487
4115.89743589744
4120.51282051282
4125.12820512821
4123.58974358974
4117.4358974359
4117.4358974359
4125.12820512821
4124.61538461538
4116.41025641026
4117.94871794872
4123.07692307692
4113.84615384615
4104.61538461538
4115.38461538462
4116.92307692308
4098.97435897436
4097.94871794872
4110.76923076923
4106.66666666667
4101.53846153846
4108.20512820513
4108.20512820513
4102.05128205128
4111.28205128205
4124.10256410256
4114.35897435897
4096.92307692308
4096.92307692308
4112.30769230769
4117.94871794872
4108.20512820513
4104.61538461538
4105.12820512821
4104.61538461538
4112.82051282051
4120.51282051282
4111.79487179487
4103.07692307692
4107.17948717949
4106.66666666667
4103.07692307692
4108.20512820513
4103.58974358974
4091.79487179487
4098.46153846154
4113.84615384615
4109.23076923077
4102.05128205128
4106.66666666667
4103.07692307692
4095.89743589744
4097.4358974359
4101.02564102564
4110.76923076923
4117.94871794872
4117.94871794872
4115.38461538462
4115.38461538462
4116.92307692308
4120
4122.05128205128
4123.07692307692
4117.94871794872
4106.66666666667
4109.74358974359
4124.61538461538
4122.05128205128
4112.82051282051
4110.76923076923
4106.15384615385
4098.46153846154
4104.61538461538
4119.48717948718
4121.53846153846
4110.25641025641
4102.05128205128
4102.05128205128
4102.05128205128
4105.12820512821
4112.30769230769
4110.76923076923
4094.35897435898
4084.10256410256
4097.94871794872
4108.71794871795
4103.58974358974
4101.53846153846
4107.69230769231
4110.25641025641
4106.66666666667
4113.84615384615
4133.33333333333
4143.07692307692
4129.74358974359
4124.61538461538
4136.92307692308
4139.48717948718
4135.89743589744
4133.84615384615
4130.76923076923
4130.25641025641
4123.58974358974
4115.38461538462
4115.38461538462
4115.89743589744
4113.84615384615
4117.4358974359
4112.30769230769
4107.69230769231
4118.46153846154
4124.10256410256
4120
4122.5641025641
4125.12820512821
4124.61538461538
4123.58974358974
4123.07692307692
4122.5641025641
4120.51282051282
4117.4358974359
4120.51282051282
4126.66666666667
4123.58974358974
4117.94871794872
4120
4120
4113.33333333333
4119.48717948718
4140
4143.58974358974
4123.07692307692
4112.82051282051
4121.02564102564
4124.61538461538
4129.23076923077
4131.79487179487
4127.17948717949
4134.35897435897
4138.46153846154
4126.66666666667
4117.94871794872
4109.23076923077
4094.35897435898
4100
4115.38461538462
4110.25641025641
4104.61538461538
4110.76923076923
4120
4132.30769230769
4136.41025641026
4124.10256410256
4110.25641025641
4103.58974358974
4099.48717948718
4110.25641025641
4118.46153846154
4106.15384615385
4106.66666666667
4125.12820512821
4123.07692307692
4113.84615384615
4124.10256410256
4128.20512820513
4116.41025641026
4114.35897435897
4126.15384615385
4135.89743589744
4138.46153846154
4130.25641025641
4127.17948717949
4135.38461538462
4132.82051282051
4120.51282051282
4118.97435897436
4125.64102564103
4124.10256410256
4120.51282051282
4129.74358974359
4137.94871794872
4132.82051282051
4132.82051282051
4138.97435897436
4132.82051282051
4116.92307692308
4105.64102564103
4113.33333333333
4132.82051282051
4135.89743589744
4121.53846153846
4112.30769230769
4112.30769230769
4114.35897435897
4123.58974358974
4137.94871794872
4143.07692307692
4135.89743589744
4134.35897435897
4138.97435897436
4135.38461538462
4138.46153846154
4145.64102564103
4141.02564102564
4134.35897435897
4128.71794871795
4120
4117.4358974359
4121.53846153846
4119.48717948718
4121.53846153846
4125.12820512821
4121.53846153846
4127.69230769231
4137.4358974359
4134.35897435897
4124.61538461538
4120.51282051282
4122.5641025641
4125.12820512821
4121.53846153846
4116.41025641026
4119.48717948718
4115.38461538462
4102.05128205128
4105.12820512821
4121.53846153846
4128.20512820513
4124.61538461538
4125.12820512821
4127.69230769231
4125.12820512821
4121.02564102564
4121.53846153846
4133.84615384615
4145.12820512821
4135.89743589744
4123.58974358974
4126.66666666667
4126.15384615385
4114.8717948718
4111.28205128205
4111.79487179487
4110.76923076923
4117.4358974359
4124.61538461538
4120.51282051282
4118.97435897436
4120.51282051282
4114.8717948718
4110.76923076923
4117.94871794872
4126.66666666667
4121.53846153846
4110.25641025641
4115.38461538462
4124.61538461538
4117.94871794872
4108.71794871795
4107.69230769231
4105.64102564103
4102.05128205128
4109.23076923077
4122.05128205128
4119.48717948718
4105.12820512821
4105.12820512821
4113.84615384615
4109.23076923077
4105.64102564103
4116.41025641026
4125.12820512821
4125.64102564103
4123.07692307692
4122.05128205128
4124.61538461538
4124.10256410256
4118.97435897436
4123.07692307692
4133.84615384615
4132.30769230769
4117.94871794872
4104.61538461538
4106.66666666667
4120.51282051282
4126.15384615385
4119.48717948718
4118.46153846154
4123.07692307692
4120
4125.12820512821
4140
4137.4358974359
4123.58974358974
4125.12820512821
4123.58974358974
4108.71794871795
4110.76923076923
4121.02564102564
4118.97435897436
4122.5641025641
4126.15384615385
4118.46153846154
4118.97435897436
4121.53846153846
4118.97435897436
4127.69230769231
4134.35897435897
4122.05128205128
4112.82051282051
4125.12820512821
4138.46153846154
4134.35897435897
4125.12820512821
4124.10256410256
4124.10256410256
4118.46153846154
4118.46153846154
4117.4358974359
4117.4358974359
4122.5641025641
4114.35897435897
4105.64102564103
4115.38461538462
4124.61538461538
4121.53846153846
4124.10256410256
4131.28205128205
4126.66666666667
4121.02564102564
4117.94871794872
4107.69230769231
4105.64102564103
4119.48717948718
4125.64102564103
4111.79487179487
4098.97435897436
4101.02564102564
4108.71794871795
4121.02564102564
4137.4358974359
4138.46153846154
4123.07692307692
4120.51282051282
4124.10256410256
4111.28205128205
4101.02564102564
4105.12820512821
4103.58974358974
4102.5641025641
4107.17948717949
4105.12820512821
4106.15384615385
4118.97435897436
4125.12820512821
4121.53846153846
4120.51282051282
4116.92307692308
4109.74358974359
4111.79487179487
4116.92307692308
4109.74358974359
4102.05128205128
4104.10256410256
4097.94871794872
4092.82051282051
4101.53846153846
4106.66666666667
4105.64102564103
4105.64102564103
4101.02564102564
4096.92307692308
4096.92307692308
4098.97435897436
4113.33333333333
4126.15384615385
4113.33333333333
4106.15384615385
4116.41025641026
4126.15384615385
4140.51282051282
4156.41025641026
4153.33333333333
4141.53846153846
4137.4358974359
4138.97435897436
4138.97435897436
4136.41025641026
4138.97435897436
4149.74358974359
4153.33333333333
4146.15384615385
4136.92307692308
4131.28205128205
4132.30769230769
4140.51282051282
4145.12820512821
4138.46153846154
4132.30769230769
4143.58974358974
4156.41025641026
4149.23076923077
4138.46153846154
4137.94871794872
4137.4358974359
4137.4358974359
4140
4137.94871794872
4134.8717948718
4136.92307692308
4140
4133.33333333333
4125.64102564103
4129.23076923077
4131.28205128205
4121.02564102564
4121.02564102564
4143.58974358974
4154.35897435897
4141.53846153846
4130.76923076923
4135.89743589744
4136.41025641026
4125.12820512821
4123.07692307692
4132.82051282051
4140
4142.05128205128
4139.48717948718
4131.28205128205
4129.74358974359
4126.66666666667
4108.20512820513
4104.61538461538
4122.5641025641
4129.74358974359
4126.66666666667
4129.74358974359
4127.69230769231
4120
4120.51282051282
4119.48717948718
4106.66666666667
4098.97435897436
4111.28205128205
4122.5641025641
4125.12820512821
4133.84615384615
4138.97435897436
4135.89743589744
4136.92307692308
4135.38461538462
4134.8717948718
4140
4134.8717948718
4122.5641025641
4122.05128205128
4119.48717948718
4111.28205128205
4118.97435897436
4136.41025641026
4139.48717948718
4130.25641025641
4122.5641025641
4120
4125.12820512821
4133.33333333333
4141.02564102564
4150.25641025641
4151.79487179487
4140.51282051282
4134.8717948718
4137.4358974359
4135.38461538462
4133.33333333333
4133.33333333333
4124.61538461538
4120
4127.69230769231
4133.84615384615
4136.92307692308
4135.89743589744
4127.17948717949
4117.94871794872
4121.02564102564
4129.23076923077
4134.8717948718
4141.53846153846
4137.94871794872
4127.69230769231
4120
4110.76923076923
4106.15384615385
4107.69230769231
4111.28205128205
4120
4128.20512820513
4119.48717948718
4107.17948717949
4105.64102564103
4110.76923076923
4120.51282051282
4123.58974358974
4117.94871794872
4116.41025641026
4120.51282051282
4125.64102564103
4135.38461538462
4144.61538461538
4142.5641025641
4133.84615384615
4134.35897435897
4137.94871794872
4136.92307692308
4137.94871794872
4142.5641025641
4141.02564102564
4131.79487179487
4119.48717948718
4121.53846153846
4137.4358974359
4144.10256410256
4138.46153846154
4142.05128205128
4144.61538461538
4137.4358974359
4141.02564102564
4153.33333333333
4157.4358974359
4153.84615384615
4151.79487179487
4160
4170.76923076923
4169.74358974359
4166.15384615385
4169.23076923077
4171.28205128205
4172.82051282051
4169.74358974359
4155.89743589744
4147.69230769231
4152.30769230769
4153.33333333333
4152.82051282051
4159.48717948718
4164.10256410256
4157.94871794872
4145.12820512821
4138.97435897436
4140.51282051282
4137.4358974359
4143.07692307692
4163.07692307692
4165.64102564103
4148.71794871795
4144.61538461538
4154.35897435897
4153.84615384615
4143.07692307692
4135.89743589744
4143.58974358974
4150.76923076923
4141.53846153846
4140.51282051282
4149.74358974359
4149.74358974359
4146.66666666667
4149.74358974359
4157.4358974359
4168.20512820513
4174.8717948718
4170.76923076923
4169.23076923077
4169.74358974359
4168.71794871795
4166.66666666667
4157.94871794872
4149.23076923077
4156.41025641026
4168.71794871795
4171.28205128205
4168.20512820513
4168.71794871795
4170.76923076923
4171.79487179487
4176.41025641026
4182.5641025641
4182.5641025641
4185.64102564103
4187.17948717949
4176.41025641026
4166.66666666667
4170.25641025641
4178.46153846154
4180
4179.48717948718
4180
4181.02564102564
4178.97435897436
4174.8717948718
4172.30769230769
4166.66666666667
4170.25641025641
4170.76923076923
4156.92307692308
4151.79487179487
4157.94871794872
4153.84615384615
4146.66666666667
4153.33333333333
4159.48717948718
4153.33333333333
4144.10256410256
4137.4358974359
4140
4146.66666666667
4152.30769230769
4149.74358974359
4142.5641025641
4134.35897435897
4124.61538461538
4125.12820512821
4134.8717948718
4137.94871794872
4132.82051282051
4131.79487179487
4127.17948717949
4117.94871794872
4121.53846153846
4129.74358974359
4123.07692307692
4116.92307692308
4131.79487179487
4145.64102564103
4138.46153846154
4135.38461538462
4137.94871794872
4134.8717948718
4142.5641025641
4151.28205128205
4142.05128205128
4132.82051282051
4138.97435897436
4141.53846153846
4138.46153846154
4138.46153846154
4139.48717948718
4143.58974358974
4151.28205128205
4157.94871794872
4149.74358974359
4136.41025641026
4132.82051282051
4141.02564102564
4155.38461538462
4156.92307692308
4143.07692307692
4138.46153846154
4143.07692307692
4137.4358974359
4136.41025641026
4152.82051282051
4160
4147.69230769231
4139.48717948718
4141.53846153846
4140.51282051282
4133.84615384615
4142.5641025641
4155.89743589744
4150.76923076923
4139.48717948718
4136.92307692308
4129.23076923077
4120.51282051282
4127.69230769231
4137.4358974359
4137.4358974359
4139.48717948718
4143.58974358974
4135.38461538462
4118.97435897436
4117.4358974359
4130.76923076923
4136.92307692308
4133.33333333333
4135.38461538462
4135.38461538462
4132.82051282051
4130.76923076923
4133.84615384615
4148.20512820513
4152.30769230769
4141.53846153846
4147.69230769231
4158.97435897436
4142.05128205128
4134.8717948718
4156.41025641026
4156.41025641026
4137.4358974359
4134.8717948718
4135.89743589744
4127.17948717949
4128.20512820513
4132.82051282051
4122.05128205128
4112.30769230769
4112.82051282051
4110.76923076923
4107.17948717949
4106.15384615385
4111.79487179487
4118.97435897436
4114.35897435897
4106.15384615385
4106.15384615385
4105.64102564103
4104.10256410256
4105.12820512821
4109.23076923077
4119.48717948718
4125.12820512821
4112.82051282051
4105.64102564103
4120
4130.25641025641
4117.94871794872
4111.79487179487
4120
4116.92307692308
4107.69230769231
4109.23076923077
4111.79487179487
4106.15384615385
4094.8717948718
4082.05128205128
4076.92307692308
4090.25641025641
4104.10256410256
4096.41025641026
4084.61538461539
4089.74358974359
4094.8717948718
4083.58974358974
4080
4090.25641025641
4083.07692307692
4065.12820512821
4066.66666666667
4081.02564102564
4077.4358974359
4063.58974358974
4071.28205128205
4091.28205128205
4094.8717948718
4088.20512820513
4090.25641025641
4091.79487179487
4085.64102564103
4083.58974358974
4092.30769230769
4106.66666666667
4111.28205128205
4106.66666666667
4106.66666666667
4108.20512820513
4103.58974358974
4098.46153846154
4100.51282051282
4108.71794871795
4113.33333333333
4105.12820512821
4092.30769230769
4088.71794871795
4091.28205128205
4090.76923076923
4094.35897435898
4100
4106.15384615385
4122.05128205128
4126.66666666667
4107.17948717949
4096.92307692308
4102.05128205128
4093.84615384615
4091.28205128205
4107.69230769231
4112.82051282051
4104.61538461538
4103.07692307692
4104.61538461538
4101.53846153846
4104.61538461538
4109.74358974359
4106.15384615385
4103.58974358974
4106.15384615385
4109.74358974359
4113.84615384615
4111.28205128205
4106.15384615385
4107.69230769231
4106.66666666667
4104.61538461538
4120
4129.74358974359
4111.79487179487
4099.48717948718
4106.66666666667
4107.17948717949
4105.64102564103
4118.97435897436
4127.69230769231
4112.30769230769
4101.02564102564
4102.5641025641
4103.07692307692
4113.33333333333
4121.02564102564
4113.33333333333
4113.33333333333
4129.74358974359
4135.38461538462
4129.23076923077
4127.69230769231
4125.64102564103
4123.07692307692
4126.15384615385
4129.23076923077
4126.15384615385
4117.94871794872
4112.82051282051
4114.35897435897
4120
4127.69230769231
4129.74358974359
4122.05128205128
4118.46153846154
4132.82051282051
4147.69230769231
4137.4358974359
4126.15384615385
4134.8717948718
4136.41025641026
4122.5641025641
4127.69230769231
4148.71794871795
4151.28205128205
4138.46153846154
4134.35897435897
4137.94871794872
4131.79487179487
4125.64102564103
4134.35897435897
4142.05128205128
4143.58974358974
4151.28205128205
4154.35897435897
4144.10256410256
4130.76923076923
4121.53846153846
4126.15384615385
4138.46153846154
4137.94871794872
4134.8717948718
4142.5641025641
4137.4358974359
4121.02564102564
4126.15384615385
4140.51282051282
4142.05128205128
4132.82051282051
4120
4112.82051282051
4117.4358974359
4127.17948717949
4131.79487179487
4140
4141.02564102564
4128.71794871795
4117.94871794872
4115.89743589744
4123.58974358974
4127.17948717949
4122.05128205128
4120
4125.12820512821
4124.10256410256
4117.94871794872
4124.61538461538
4136.41025641026
4138.97435897436
4129.23076923077
4120.51282051282
4127.69230769231
4139.48717948718
4135.89743589744
4124.10256410256
4121.02564102564
4128.71794871795
4138.46153846154
4134.8717948718
4122.5641025641
4118.97435897436
4120
4118.97435897436
4120
4119.48717948718
4120
4123.58974358974
4114.8717948718
4103.58974358974
4111.28205128205
4122.5641025641
4126.66666666667
4135.89743589744
4137.4358974359
4122.05128205128
4113.84615384615
4116.92307692308
4116.41025641026
4117.94871794872
4118.46153846154
4115.89743589744
4122.05128205128
4121.02564102564
4108.20512820513
4113.33333333333
4128.20512820513
4121.02564102564
4106.66666666667
4106.66666666667
4106.66666666667
4105.64102564103
4116.92307692308
4125.64102564103
4116.41025641026
4104.61538461538
4102.05128205128
4108.20512820513
4118.97435897436
4124.61538461538
4121.02564102564
4116.41025641026
4117.94871794872
4118.97435897436
4117.4358974359
4112.30769230769
4103.58974358974
4105.64102564103
4115.89743589744
4123.07692307692
4120
4118.46153846154
4131.28205128205
4138.97435897436
4126.66666666667
4115.89743589744
4123.07692307692
4123.07692307692
4112.82051282051
4129.23076923077
4155.89743589744
4149.23076923077
4126.15384615385
4124.10256410256
4129.23076923077
4124.10256410256
4119.48717948718
4121.53846153846
4124.61538461538
4123.07692307692
4119.48717948718
4122.5641025641
4128.71794871795
4127.69230769231
4121.02564102564
4116.92307692308
4118.46153846154
4122.5641025641
4118.97435897436
4115.38461538462
4129.74358974359
4139.48717948718
4127.69230769231
4125.12820512821
4136.41025641026
4144.10256410256
4148.20512820513
4143.58974358974
4130.76923076923
4127.69230769231
4143.07692307692
4153.84615384615
4140
4122.5641025641
4131.28205128205
4145.64102564103
4137.4358974359
4120
4116.92307692308
4130.25641025641
4136.41025641026
4133.84615384615
4148.20512820513
4164.61538461538
4158.97435897436
4151.79487179487
4150.25641025641
4140
4137.94871794872
4151.79487179487
4156.41025641026
4148.20512820513
4150.25641025641
4161.02564102564
4158.97435897436
4150.76923076923
4154.35897435897
4153.33333333333
4137.94871794872
4137.94871794872
4153.33333333333
4162.05128205128
4162.5641025641
4167.69230769231
4170.76923076923
4162.5641025641
4150.76923076923
4153.84615384615
4172.82051282051
4171.79487179487
4154.35897435897
4148.71794871795
4153.33333333333
4159.48717948718
4166.15384615385
4170.25641025641
4169.23076923077
4163.58974358974
4153.33333333333
4149.23076923077
4155.38461538462
4155.38461538462
4148.71794871795
4150.76923076923
4158.46153846154
4153.33333333333
4145.64102564103
4149.74358974359
4140.51282051282
4120.51282051282
4130.25641025641
4152.82051282051
4145.12820512821
4132.30769230769
4143.58974358974
4151.79487179487
4150.76923076923
4155.89743589744
4157.94871794872
4148.71794871795
4149.23076923077
4147.69230769231
4138.97435897436
4165.64102564103
4213.84615384615
4224.61538461538
4214.35897435897
4226.15384615385
4240
4228.20512820513
4209.23076923077
4213.84615384615
4231.79487179487
4222.05128205128
4205.12820512821
4211.79487179487
4208.20512820513
4194.35897435897
4210.25641025641
4224.10256410256
4204.10256410256
4185.12820512821
4184.61538461538
4201.02564102564
4217.94871794872
4205.12820512821
4186.66666666667
4188.71794871795
4188.20512820513
4187.17948717949
4208.71794871795
4211.79487179487
4176.41025641026
4161.02564102564
4172.82051282051
4170.25641025641
4171.28205128205
4189.23076923077
4188.71794871795
4171.28205128205
4171.28205128205
4171.79487179487
4160.51282051282
4163.07692307692
4177.94871794872
4188.71794871795
4181.02564102564
4172.82051282051
4181.53846153846
4172.82051282051
4147.69230769231
4150.76923076923
4176.41025641026
4173.33333333333
4152.82051282051
4155.89743589744
4164.61538461538
4170.76923076923
4186.66666666667
4190.76923076923
4171.28205128205
4173.84615384615
4184.61538461538
4164.61538461538
4160.51282051282
4191.79487179487
4210.25641025641
4201.53846153846
4186.15384615385
4181.53846153846
4205.64102564103
4226.15384615385
4209.74358974359
4204.10256410256
4214.35897435897
4203.07692307692
4177.4358974359
4172.30769230769
4184.10256410256
4200.51282051282
4205.12820512821
4173.84615384615
4183.07692307692
4235.38461538462
4227.69230769231
4200
4231.79487179487
4260.51282051282
4231.28205128205
4228.71794871795
4256.41025641026
4232.82051282051
4198.97435897436
4214.8717948718
4238.46153846154
4216.41025641026
4193.84615384615
4215.89743589744
4242.5641025641
4221.02564102564
4192.30769230769
4222.5641025641
4265.64102564103
4246.66666666667
4224.61538461538
4244.61538461538
4241.02564102564
4214.35897435897
4230.25641025641
4246.66666666667
4229.23076923077
4235.89743589744
4251.28205128205
4230.25641025641
4223.58974358974
4236.41025641026
4233.84615384615
4236.41025641026
4241.53846153846
4233.84615384615
4254.35897435897
4295.89743589744
4281.02564102564
4244.10256410256
4265.64102564103
4282.05128205128
4249.74358974359
4256.92307692308
4295.89743589744
4271.28205128205
4251.79487179487
4280.51282051282
4263.58974358974
4236.92307692308
