F3
3971.79487179487
3973.33333333333
3973.84615384615
3973.84615384615
3969.23076923077
3966.15384615385
3971.79487179487
3973.33333333333
3962.5641025641
3954.35897435898
3960
3958.46153846154
3954.8717948718
3969.74358974359
3975.89743589744
3961.53846153846
3960.51282051282
3967.17948717949
3956.41025641026
3951.79487179487
3964.61538461539
3963.58974358974
3956.41025641026
3969.23076923077
3976.41025641026
3964.61538461539
3958.46153846154
3969.23076923077
3985.64102564103
3985.12820512821
3969.74358974359
3970.76923076923
3984.61538461539
3981.02564102564
3965.64102564103
3970.76923076923
3988.71794871795
3988.71794871795
3972.30769230769
3969.74358974359
3978.97435897436
3975.89743589744
3974.35897435898
3989.74358974359
3993.33333333333
3976.41025641026
3975.89743589744
3986.66666666667
3981.53846153846
3968.71794871795
3968.20512820513
3984.10256410256
3995.38461538462
3975.38461538462
3954.8717948718
3967.69230769231
3979.48717948718
3971.79487179487
3969.23076923077
3971.28205128205
3975.89743589744
3973.33333333333
3959.48717948718
3963.07692307692
3981.53846153846
3973.84615384615
3953.84615384615
3961.02564102564
3977.4358974359
3975.89743589744
3968.71794871795
3971.28205128205
3976.92307692308
3973.84615384615
3964.61538461539
3960
3969.74358974359
3986.15384615385
3984.10256410256
3972.82051282051
3971.28205128205
3964.61538461539
3958.97435897436
3967.17948717949
3966.15384615385
3958.97435897436
3970.76923076923
3977.94871794872
3965.12820512821
3957.4358974359
3961.02564102564
3958.46153846154
3948.71794871795
3950.76923076923
3960.51282051282
3961.53846153846
3954.8717948718
3947.69230769231
3940.51282051282
3940
3948.71794871795
3954.35897435898
3956.92307692308
3954.35897435898
3943.58974358974
3936.92307692308
3945.64102564103
3957.4358974359
3958.97435897436
3956.92307692308
3958.46153846154
3961.02564102564
3961.02564102564
3957.4358974359
3953.84615384615
3954.35897435898
3960
3961.53846153846
3955.38461538462
3956.41025641026
3963.58974358974
3956.41025641026
3950.25641025641
3961.53846153846
3957.4358974359
3940
3949.23076923077
3971.79487179487
3970.76923076923
3961.02564102564
3957.94871794872
3960
3969.74358974359
3967.69230769231
3961.53846153846
3973.84615384615
3983.07692307692
3973.84615384615
3969.23076923077
3977.4358974359
3977.94871794872
3970.25641025641
3966.66666666667
3962.5641025641
3958.46153846154
3966.66666666667
3977.94871794872
3973.33333333333
3970.25641025641
3973.84615384615
3968.20512820513
3966.66666666667
3972.82051282051
3964.61538461539
3956.41025641026
3965.12820512821
3965.12820512821
3947.69230769231
3945.12820512821
3963.58974358974
3971.79487179487
3974.35897435898
3973.84615384615
3965.12820512821
3964.61538461539
3969.23076923077
3964.10256410256
3965.12820512821
3973.33333333333
3964.61538461539
3952.82051282051
3954.35897435898
3956.92307692308
3954.35897435898
3953.33333333333
3962.5641025641
3975.89743589744
3976.41025641026
3971.79487179487
3972.82051282051
3972.82051282051
3977.94871794872
3987.69230769231
3989.23076923077
3986.15384615385
3986.66666666667
3987.69230769231
3981.02564102564
3972.82051282051
3983.58974358974
3998.97435897436
3987.69230769231
3970.76923076923
3980
3989.23076923077
3986.15384615385
3990.76923076923
3990.76923076923
3975.89743589744
3975.38461538462
3989.74358974359
3990.25641025641
3978.97435897436
3982.5641025641
3991.79487179487
3988.20512820513
3983.58974358974
3984.61538461539
3980
3968.20512820513
3967.69230769231
3981.53846153846
3980.51282051282
3962.5641025641
3963.58974358974
3980
3980.51282051282
3970.76923076923
3974.35897435898
3984.61538461539
3983.58974358974
3971.79487179487
3964.61538461539
3972.82051282051
3982.05128205128
3976.92307692308
3969.23076923077
3974.8717948718
3985.12820512821
3985.64102564103
3991.28205128205
3992.30769230769
3969.74358974359
3954.35897435898
3971.79487179487
3990.76923076923
3984.10256410256
3970.76923076923
3969.74358974359
3970.76923076923
3970.25641025641
3969.23076923077
3964.61538461539
3958.97435897436
3959.48717948718
3968.71794871795
3980.51282051282
3980
3972.82051282051
3980
3993.33333333333
3992.30769230769
3988.20512820513
3988.20512820513
3985.64102564103
3982.05128205128
3985.64102564103
3990.76923076923
3987.17948717949
3987.17948717949
3991.79487179487
3982.05128205128
3971.79487179487
3983.07692307692
3994.35897435898
3988.71794871795
3985.12820512821
3990.25641025641
3989.74358974359
3986.66666666667
3990.76923076923
3990.25641025641
3978.97435897436
3972.82051282051
3976.41025641026
3976.41025641026
3970.25641025641
3969.74358974359
3975.38461538462
3974.8717948718
3971.28205128205
3978.97435897436
3984.10256410256
3975.89743589744
3973.84615384615
3977.4358974359
3971.79487179487
3972.82051282051
3988.71794871795
3993.84615384615
3980.51282051282
3970.25641025641
3972.30769230769
3980
3982.5641025641
3975.89743589744
3971.28205128205
3974.35897435898
3977.4358974359
3982.05128205128
3983.58974358974
3975.38461538462
3969.74358974359
3977.4358974359
3988.71794871795
3998.46153846154
4005.12820512821
4004.10256410256
4006.15384615385
4019.48717948718
4023.58974358974
4014.35897435898
4016.41025641026
4027.69230769231
4024.61538461539
4012.30769230769
4005.12820512821
4003.58974358974
4008.20512820513
4007.69230769231
3993.33333333333
3986.66666666667
3990.76923076923
3990.76923076923
3994.35897435898
3993.33333333333
3980
3981.02564102564
3992.82051282051
3987.69230769231
3984.10256410256
3988.71794871795
3987.69230769231
3993.33333333333
3999.48717948718
3990.76923076923
3985.64102564103
3993.33333333333
3996.92307692308
3993.33333333333
3989.23076923077
3978.46153846154
3972.30769230769
3981.53846153846
3985.12820512821
3975.89743589744
3969.23076923077
3969.74358974359
3972.82051282051
3975.38461538462
3970.76923076923
3969.23076923077
3973.84615384615
3968.71794871795
3955.89743589744
3955.89743589744
3966.15384615385
3977.4358974359
3986.66666666667
3985.64102564103
3974.35897435898
3967.69230769231
3971.28205128205
3979.48717948718
3982.05128205128
3973.33333333333
3970.76923076923
3979.48717948718
3984.61538461539
3985.64102564103
3982.5641025641
3973.84615384615
3974.35897435898
3983.07692307692
3989.74358974359
3995.89743589744
3997.94871794872
3987.69230769231
3974.35897435898
3975.38461538462
3980
3976.92307692308
3979.48717948718
3985.64102564103
3981.02564102564
3975.89743589744
3984.61538461539
3994.35897435898
3995.38461538462
3988.20512820513
3982.05128205128
3984.10256410256
3984.10256410256
3982.5641025641
3985.64102564103
3993.84615384615
4002.5641025641
3994.35897435898
3976.92307692308
3974.35897435898
3989.23076923077
3992.30769230769
3980.51282051282
3976.41025641026
3983.58974358974
3991.28205128205
3987.17948717949
3977.94871794872
3981.02564102564
3989.74358974359
3989.23076923077
3977.4358974359
3971.28205128205
3978.46153846154
3991.28205128205
3990.25641025641
3977.94871794872
3980.51282051282
3991.28205128205
3990.76923076923
3981.02564102564
3974.8717948718
3975.38461538462
3974.8717948718
3978.46153846154
3991.79487179487
3998.46153846154
3985.64102564103
3980
3990.25641025641
3991.28205128205
3982.05128205128
3986.66666666667
3993.84615384615
3982.05128205128
3972.30769230769
3975.38461538462
3974.8717948718
3978.97435897436
3994.35897435898
4001.53846153846
3994.35897435898
3981.53846153846
3970.76923076923
3972.82051282051
3979.48717948718
3976.92307692308
3972.82051282051
3975.89743589744
3984.10256410256
3990.76923076923
3992.82051282051
3989.74358974359
3978.46153846154
3968.71794871795
3972.82051282051
3977.94871794872
3971.28205128205
3973.33333333333
3985.64102564103
3987.69230769231
3988.20512820513
3994.8717948718
3995.38461538462
3990.76923076923
3990.76923076923
3992.30769230769
3990.25641025641
3990.76923076923
3990.76923076923
3988.71794871795
3995.89743589744
4006.15384615385
4000
3987.69230769231
3988.20512820513
3989.74358974359
3989.74358974359
4000.51282051282
4008.20512820513
4003.07692307692
4002.05128205128
4005.12820512821
4002.5641025641
4002.05128205128
4003.07692307692
3998.46153846154
3996.41025641026
3995.89743589744
3990.25641025641
3990.25641025641
3992.30769230769
3989.23076923077
3996.92307692308
4007.17948717949
3996.41025641026
3985.12820512821
3990.25641025641
3991.28205128205
3986.66666666667
3989.74358974359
3991.28205128205
3990.76923076923
3998.97435897436
4003.58974358974
3991.79487179487
3975.89743589744
3973.84615384615
3976.41025641026
3973.33333333333
3971.28205128205
3972.82051282051
3974.8717948718
3973.84615384615
3970.25641025641
3971.28205128205
3980.51282051282
3985.12820512821
3982.5641025641
3981.02564102564
3981.02564102564
3983.07692307692
3989.23076923077
3990.25641025641
3992.30769230769
4004.10256410256
4005.12820512821
3990.76923076923
3983.58974358974
3988.20512820513
3985.64102564103
3973.84615384615
3970.25641025641
3981.02564102564
4000
4009.23076923077
4000
3989.23076923077
3990.25641025641
3993.84615384615
3990.76923076923
3987.17948717949
3989.74358974359
3991.28205128205
3987.69230769231
3988.20512820513
3997.94871794872
3993.84615384615
3975.38461538462
3974.35897435898
3988.71794871795
3990.25641025641
3979.48717948718
3973.84615384615
3975.89743589744
3976.92307692308
3974.8717948718
3972.30769230769
3966.66666666667
3962.5641025641
3968.20512820513
3976.92307692308
3983.07692307692
3988.71794871795
3990.76923076923
3989.23076923077
3988.20512820513
3989.74358974359
3998.97435897436
4004.10256410256
4003.07692307692
4009.23076923077
4015.89743589744
4016.41025641026
4020
4033.84615384615
4039.48717948718
4031.79487179487
4029.23076923077
4030.76923076923
4028.71794871795
4031.28205128205
4034.8717948718
4025.12820512821
4023.58974358974
4030.25641025641
4022.05128205128
4015.89743589744
4028.20512820513
4032.82051282051
4023.58974358974
4027.17948717949
4041.02564102564
4042.05128205128
4034.8717948718
4033.84615384615
4034.8717948718
4034.8717948718
4033.84615384615
4026.66666666667
4020
4031.79487179487
4046.66666666667
4042.05128205128
4031.79487179487
4035.38461538462
4049.23076923077
4052.82051282051
4044.61538461539
4048.71794871795
4061.53846153846
4061.02564102564
4051.28205128205
4042.05128205128
4036.92307692308
4037.94871794872
4045.64102564103
4054.35897435898
4055.38461538462
4042.05128205128
4030.25641025641
4034.8717948718
4040
4038.97435897436
4036.41025641026
4030.76923076923
4031.28205128205
4042.05128205128
4047.69230769231
4038.46153846154
4028.20512820513
4027.17948717949
4027.17948717949
4029.74358974359
4030.76923076923
4029.23076923077
4033.84615384615
4036.41025641026
4036.41025641026
4038.46153846154
4031.28205128205
4020.51282051282
4027.17948717949
4033.33333333333
4020
4011.28205128205
4014.8717948718
4007.17948717949
3996.92307692308
3998.97435897436
4004.10256410256
4003.07692307692
3999.48717948718
4000.51282051282
4009.23076923077
4014.35897435898
4008.20512820513
4003.07692307692
4005.64102564103
4014.35897435898
4018.46153846154
4008.20512820513
3999.48717948718
4005.64102564103
4006.15384615385
3993.84615384615
3986.15384615385
3989.74358974359
3994.8717948718
3987.69230769231
3980.51282051282
3996.41025641026
4009.23076923077
3994.8717948718
3993.84615384615
4008.20512820513
3997.94871794872
3984.61538461539
3986.66666666667
3977.4358974359
3975.38461538462
3986.66666666667
3984.10256410256
3978.97435897436
3989.23076923077
3995.89743589744
3992.30769230769
3992.82051282051
3992.30769230769
3989.74358974359
3993.33333333333
3993.33333333333
3983.58974358974
3980
3986.66666666667
3985.12820512821
3987.17948717949
3991.79487179487
3984.61538461539
3994.35897435898
4010.25641025641
3994.8717948718
3978.97435897436
3987.17948717949
3987.69230769231
3982.05128205128
3986.15384615385
3979.48717948718
3970.25641025641
3981.53846153846
3991.79487179487
3990.25641025641
3990.25641025641
3990.76923076923
3984.61538461539
3978.97435897436
3984.10256410256
3994.8717948718
3989.23076923077
3980
3988.20512820513
3986.66666666667
3964.10256410256
3952.30769230769
3962.5641025641
3971.79487179487
3965.64102564103
3961.53846153846
3968.71794871795
3969.74358974359
3956.41025641026
3953.84615384615
3961.02564102564
3958.97435897436
3960
3966.66666666667
3973.84615384615
3977.94871794872
3969.74358974359
3958.46153846154
3953.84615384615
3955.38461538462
3961.02564102564
3970.25641025641
3971.79487179487
3963.58974358974
3958.46153846154
3958.97435897436
3959.48717948718
3958.97435897436
3963.58974358974
3974.35897435898
3977.94871794872
3973.33333333333
3972.30769230769
3974.35897435898
3976.92307692308
3977.4358974359
3974.35897435898
3973.33333333333
3975.38461538462
3975.38461538462
3972.30769230769
3969.74358974359
3971.28205128205
3974.8717948718
3974.8717948718
3974.35897435898
3975.89743589744
3969.23076923077
3968.71794871795
3970.76923076923
3963.58974358974
3963.07692307692
3974.35897435898
3974.8717948718
3969.23076923077
3975.38461538462
3974.8717948718
3961.53846153846
3956.41025641026
3960.51282051282
3964.10256410256
3960.51282051282
3954.35897435898
3959.48717948718
3969.23076923077
3960
3947.69230769231
3956.41025641026
3960
3956.92307692308
3965.12820512821
3965.12820512821
3955.38461538462
3958.46153846154
3957.4358974359
3952.30769230769
3966.15384615385
3970.76923076923
3956.41025641026
3955.89743589744
3959.48717948718
3951.28205128205
3955.89743589744
3972.82051282051
3970.25641025641
3955.89743589744
3957.4358974359
3971.79487179487
3977.4358974359
3972.30769230769
3969.23076923077
3975.38461538462
3981.02564102564
3978.97435897436
3973.33333333333
3963.58974358974
3954.8717948718
3967.17948717949
3983.58974358974
3974.8717948718
3965.12820512821
3972.82051282051
3975.38461538462
3971.28205128205
3970.76923076923
3969.23076923077
3971.79487179487
3978.97435897436
3982.05128205128
3985.64102564103
3982.5641025641
3973.84615384615
3976.92307692308
3979.48717948718
3971.28205128205
3971.28205128205
3977.94871794872
3975.38461538462
3972.82051282051
3973.33333333333
3972.82051282051
3973.33333333333
3974.35897435898
3971.79487179487
3970.76923076923
3974.8717948718
3975.89743589744
3975.38461538462
3984.10256410256
3994.35897435898
3987.17948717949
3975.38461538462
3974.8717948718
3976.92307692308
3972.82051282051
3970.76923076923
3974.35897435898
3974.8717948718
3974.35897435898
3973.84615384615
3974.8717948718
3975.38461538462
3971.79487179487
3969.74358974359
3970.76923076923
3972.82051282051
3974.35897435898
3975.89743589744
3976.92307692308
3973.84615384615
3974.8717948718
3981.53846153846
3980.51282051282
3973.33333333333
3974.8717948718
3977.94871794872
3972.82051282051
3972.82051282051
3982.5641025641
3992.30769230769
4002.5641025641
4010.25641025641
4017.94871794872
4031.79487179487
4038.46153846154
4035.89743589744
4042.5641025641
4052.82051282051
4038.46153846154
4018.97435897436
4019.48717948718
4017.4358974359
4005.12820512821
4001.53846153846
4003.58974358974
4003.58974358974
4005.12820512821
4001.02564102564
3991.79487179487
3989.74358974359
3994.35897435898
4000
4001.02564102564
4001.53846153846
3999.48717948718
3990.25641025641
3987.17948717949
3988.20512820513
3981.53846153846
3978.46153846154
3980.51282051282
3974.35897435898
3970.76923076923
3974.8717948718
3975.38461538462
3973.33333333333
3973.33333333333
3974.8717948718
3975.89743589744
3973.33333333333
3974.8717948718
3976.92307692308
3972.82051282051
3970.76923076923
3972.30769230769
3973.84615384615
3975.38461538462
3973.84615384615
3976.92307692308
3986.15384615385
3985.64102564103
3974.8717948718
3970.25641025641
3976.41025641026
3982.05128205128
3972.30769230769
3962.05128205128
3968.71794871795
3975.89743589744
3969.74358974359
3967.17948717949
3976.41025641026
3985.64102564103
3982.5641025641
3974.8717948718
3980
3984.10256410256
3975.38461538462
3970.76923076923
3971.79487179487
3974.35897435898
3982.5641025641
3985.12820512821
3985.12820512821
3985.64102564103
3981.02564102564
3971.28205128205
3961.53846153846
3956.41025641026
3956.92307692308
3956.92307692308
3951.28205128205
3958.97435897436
3975.89743589744
3969.74358974359
3953.84615384615
3962.05128205128
3978.46153846154
3973.33333333333
3969.23076923077
3973.84615384615
3962.5641025641
3953.84615384615
3967.69230769231
3980
3971.79487179487
3972.30769230769
3987.17948717949
3984.61538461539
3971.28205128205
3973.84615384615
3986.66666666667
3987.17948717949
3981.02564102564
3982.5641025641
3986.66666666667
3987.17948717949
3987.17948717949
3992.30769230769
3991.28205128205
3980
3976.92307692308
3983.58974358974
3990.76923076923
3994.35897435898
3991.28205128205
3987.69230769231
3985.12820512821
3981.02564102564
3977.94871794872
3976.92307692308
3974.8717948718
3978.46153846154
3983.07692307692
3974.8717948718
3974.35897435898
3986.15384615385
3991.28205128205
3992.30769230769
3984.61538461539
3977.4358974359
3990.25641025641
4000
3990.25641025641
3987.69230769231
3995.89743589744
3990.25641025641
3986.66666666667
3995.89743589744
3998.97435897436
3992.30769230769
3987.17948717949
3991.28205128205
3996.41025641026
3991.79487179487
3976.92307692308
3972.30769230769
3983.07692307692
3991.79487179487
3990.76923076923
3987.17948717949
3992.30769230769
3989.74358974359
3975.38461538462
3974.35897435898
3990.76923076923
3990.76923076923
3975.38461538462
3973.84615384615
3977.94871794872
3978.46153846154
3971.28205128205
3948.71794871795
3929.23076923077
3923.58974358974
3914.8717948718
3911.28205128205
3925.64102564103
3923.58974358974
3907.69230769231
3912.82051282051
3923.07692307692
3920.51282051282
3922.5641025641
3925.12820512821
3916.41025641026
3911.28205128205
3914.35897435898
3910.76923076923
3911.79487179487
3929.74358974359
3930.25641025641
3912.30769230769
3917.4358974359
3930.76923076923
3918.97435897436
3905.12820512821
3906.66666666667
3911.79487179487
3913.84615384615
3910.25641025641
3915.38461538462
3934.35897435898
3935.38461538462
3921.53846153846
3924.61538461539
3927.69230769231
3916.41025641026
3912.30769230769
3912.82051282051
3910.25641025641
3912.82051282051
3911.28205128205
3897.4358974359
3895.38461538462
3909.74358974359
3913.33333333333
3907.69230769231
3910.76923076923
3914.8717948718
3911.79487179487
3913.84615384615
3923.58974358974
3928.20512820513
3917.94871794872
3908.20512820513
3914.8717948718
3931.28205128205
3940
3940.51282051282
3945.12820512821
3955.38461538462
3972.30769230769
3978.46153846154
3964.61538461539
3954.35897435898
3958.97435897436
3961.53846153846
3951.79487179487
3942.05128205128
3941.53846153846
3943.07692307692
3935.89743589744
3926.15384615385
3927.69230769231
3934.8717948718
3942.05128205128
3944.61538461539
3935.89743589744
3925.64102564103
3927.17948717949
3926.15384615385
3915.38461538462
3909.74358974359
3912.82051282051
3910.76923076923
3908.20512820513
3911.79487179487
3911.28205128205
3906.66666666667
3909.23076923077
3916.41025641026
3913.33333333333
3909.74358974359
3918.97435897436
3927.17948717949
3927.69230769231
3921.53846153846
3912.30769230769
3913.33333333333
3926.66666666667
3940
3941.02564102564
3933.33333333333
3928.20512820513
3930.25641025641
3930.76923076923
3926.15384615385
3924.61538461539
3929.23076923077
3929.74358974359
3915.89743589744
3907.17948717949
3912.82051282051
3912.82051282051
3910.76923076923
3923.58974358974
3935.38461538462
3930.76923076923
3922.5641025641
3922.05128205128
3927.17948717949
3923.58974358974
3923.07692307692
3945.12820512821
3957.4358974359
3948.71794871795
3957.4358974359
3985.64102564103
4002.5641025641
4015.89743589744
4039.48717948718
4064.61538461539
4093.84615384615
4124.61538461538
4153.33333333333
4192.30769230769
4237.94871794872
4279.48717948718
4324.61538461538
4373.84615384615
4404.61538461538
4414.8717948718
4438.97435897436
4472.82051282051
4491.28205128205
4500
4514.8717948718
4539.48717948718
4557.4358974359
4561.02564102564
4563.07692307692
4569.74358974359
4572.82051282051
4571.79487179487
4573.33333333333
4573.33333333333
4569.74358974359
4568.71794871795
4569.74358974359
4572.82051282051
4576.41025641026
4583.58974358974
4593.33333333333
4600.51282051282
4603.58974358974
4604.61538461538
4605.64102564103
4601.53846153846
4596.41025641026
4598.97435897436
4600.51282051282
4597.4358974359
4601.53846153846
4609.74358974359
4611.28205128205
4610.76923076923
4617.94871794872
4620.51282051282
4608.20512820513
4600
4603.07692307692
4596.41025641026
4581.02564102564
4583.07692307692
4595.89743589744
4594.35897435897
4590.25641025641
4595.38461538462
4590.25641025641
4573.84615384615
4571.28205128205
4575.89743589744
4569.74358974359
4567.17948717949
4572.30769230769
4560
4533.84615384615
4521.02564102564
4522.05128205128
4523.58974358974
4527.69230769231
4520.51282051282
4503.58974358974
4501.02564102564
4508.20512820513
4499.48717948718
4484.10256410256
4474.35897435897
4467.17948717949
4456.92307692308
4447.69230769231
4442.05128205128
4436.41025641026
4430.76923076923
4430.25641025641
4429.74358974359
4421.02564102564
4411.79487179487
4402.5641025641
4394.35897435897
4392.30769230769
4387.17948717949
4373.84615384615
4365.12820512821
4368.20512820513
4362.05128205128
4337.94871794872
4322.05128205128
4327.69230769231
4327.17948717949
4304.61538461538
4285.64102564103
4280.51282051282
4277.94871794872
4274.35897435897
4274.35897435897
4277.4358974359
4278.97435897436
4280.51282051282
4283.58974358974
4284.10256410256
4283.07692307692
4278.97435897436
4268.20512820513
4263.58974358974
4267.69230769231
4258.97435897436
4242.5641025641
4244.61538461538
4249.74358974359
4238.46153846154
4223.58974358974
4218.46153846154
4214.35897435897
4206.66666666667
4198.46153846154
4188.71794871795
4186.66666666667
4187.17948717949
4178.97435897436
4174.35897435897
