O2
3960
3965.12820512821
3970.25641025641
3963.58974358974
3955.38461538462
3956.41025641026
3957.94871794872
3957.4358974359
3958.97435897436
3957.94871794872
3956.41025641026
3956.41025641026
3965.12820512821
3977.94871794872
3975.38461538462
3959.48717948718
3954.35897435898
3962.5641025641
3966.66666666667
3967.69230769231
3972.82051282051
3979.48717948718
3975.89743589744
3961.53846153846
3955.38461538462
3962.5641025641
3968.71794871795
3969.74358974359
3973.84615384615
3975.38461538462
3974.8717948718
3980
3981.53846153846
3973.84615384615
3965.64102564103
3968.20512820513
3982.05128205128
3990.76923076923
3982.05128205128
3970.76923076923
3972.30769230769
3973.33333333333
3970.25641025641
3977.94871794872
3988.20512820513
3984.10256410256
3972.30769230769
3967.17948717949
3971.79487179487
3977.94871794872
3977.4358974359
3970.25641025641
3966.66666666667
3972.82051282051
3980
3983.58974358974
3989.74358974359
3991.28205128205
3980
3972.30769230769
3976.41025641026
3975.89743589744
3971.79487179487
3978.46153846154
3986.15384615385
3984.61538461539
3984.61538461539
3991.79487179487
3990.76923076923
3976.41025641026
3972.82051282051
3989.74358974359
3993.33333333333
3973.33333333333
3971.28205128205
3989.74358974359
3995.38461538462
3986.66666666667
3977.4358974359
3973.33333333333
3977.4358974359
3978.46153846154
3970.25641025641
3968.20512820513
3969.74358974359
3973.84615384615
3980.51282051282
3978.97435897436
3970.76923076923
3972.30769230769
3973.84615384615
3965.12820512821
3966.15384615385
3976.41025641026
3972.30769230769
3967.69230769231
3975.38461538462
3973.33333333333
3956.41025641026
3959.48717948718
3979.48717948718
3984.10256410256
3978.46153846154
3968.71794871795
3956.92307692308
3962.05128205128
3976.92307692308
3974.35897435898
3970.25641025641
3976.41025641026
3977.4358974359
3981.02564102564
3975.89743589744
3960.51282051282
3969.23076923077
3989.23076923077
3990.25641025641
3991.28205128205
4006.15384615385
4014.8717948718
4015.38461538462
4008.20512820513
4001.02564102564
4009.74358974359
4014.8717948718
4003.58974358974
4000
4004.61538461539
4000
4003.07692307692
4013.84615384615
4013.84615384615
4015.89743589744
4020
4016.92307692308
4015.38461538462
4017.94871794872
4011.79487179487
3996.41025641026
3991.28205128205
4004.10256410256
4013.33333333333
4008.20512820513
4001.53846153846
3999.48717948718
4005.64102564103
4021.02564102564
4023.58974358974
4010.25641025641
4003.58974358974
4004.10256410256
4006.66666666667
4008.71794871795
4004.10256410256
3997.4358974359
4001.53846153846
4010.76923076923
4007.17948717949
4003.07692307692
4009.23076923077
4007.69230769231
4003.58974358974
4004.61538461539
4000
3988.71794871795
3980
3982.05128205128
3995.89743589744
3993.33333333333
3974.8717948718
3976.41025641026
3986.15384615385
3976.92307692308
3968.20512820513
3976.41025641026
3985.12820512821
3987.69230769231
3991.79487179487
3992.30769230769
3986.15384615385
3985.64102564103
3991.79487179487
3995.38461538462
3987.69230769231
3976.41025641026
3979.48717948718
3992.82051282051
3991.79487179487
3983.58974358974
3991.28205128205
4001.53846153846
3998.46153846154
3989.74358974359
3988.20512820513
3989.23076923077
3988.71794871795
3996.92307692308
4006.66666666667
3998.46153846154
3983.07692307692
3989.23076923077
4002.05128205128
3992.82051282051
3991.79487179487
4006.15384615385
3998.46153846154
3989.23076923077
4003.07692307692
4002.05128205128
3985.12820512821
3987.69230769231
4001.53846153846
4006.15384615385
3998.97435897436
3992.30769230769
4000.51282051282
4009.23076923077
4005.64102564103
3996.41025641026
3991.79487179487
3995.38461538462
3998.97435897436
3993.33333333333
3987.17948717949
3983.07692307692
3981.02564102564
3985.12820512821
3992.82051282051
3998.46153846154
3993.84615384615
3988.71794871795
3988.71794871795
3980
3969.74358974359
3978.97435897436
3996.92307692308
4003.58974358974
3995.89743589744
3984.61538461539
3986.15384615385
3992.30769230769
3987.17948717949
3980
3980
3983.07692307692
3987.17948717949
3989.74358974359
3986.66666666667
3982.5641025641
3987.69230769231
3999.48717948718
4005.12820512821
3996.92307692308
3989.74358974359
3990.76923076923
3990.76923076923
3989.74358974359
3991.28205128205
3991.28205128205
3990.25641025641
3991.79487179487
3987.69230769231
3983.07692307692
3986.66666666667
3991.28205128205
3992.30769230769
3992.30769230769
3982.5641025641
3972.30769230769
3983.07692307692
3987.17948717949
3973.84615384615
3981.02564102564
4000.51282051282
3993.84615384615
3977.94871794872
3979.48717948718
3974.8717948718
3957.94871794872
3965.64102564103
3990.25641025641
3983.58974358974
3970.25641025641
4003.07692307692
4032.30769230769
4014.35897435898
3991.28205128205
3989.23076923077
3993.84615384615
3986.66666666667
3969.23076923077
3968.71794871795
3987.69230769231
3992.30769230769
3982.5641025641
3982.5641025641
3989.74358974359
3990.25641025641
3991.79487179487
3995.89743589744
3992.82051282051
3986.15384615385
3989.23076923077
3994.35897435898
3996.92307692308
4010.76923076923
4027.69230769231
4031.28205128205
4035.89743589744
4055.38461538462
4063.58974358974
4053.84615384615
4054.35897435898
4063.07692307692
4062.05128205128
4060.51282051282
4057.4358974359
4042.5641025641
4033.33333333333
4035.38461538462
4028.20512820513
4019.48717948718
4020
4025.12820512821
4021.02564102564
4008.20512820513
4008.20512820513
4018.97435897436
4014.35897435898
4001.02564102564
4004.10256410256
4006.66666666667
3996.41025641026
3996.92307692308
4001.02564102564
3994.8717948718
3995.89743589744
4006.15384615385
4006.66666666667
4004.10256410256
4006.15384615385
3998.46153846154
3993.84615384615
4005.64102564103
4008.71794871795
3991.79487179487
3983.58974358974
3989.74358974359
3990.25641025641
3990.25641025641
3996.92307692308
3991.28205128205
3976.92307692308
3978.46153846154
3995.38461538462
4006.66666666667
3999.48717948718
3985.64102564103
3985.64102564103
3995.89743589744
4000.51282051282
3994.8717948718
3987.17948717949
3985.64102564103
3987.69230769231
3985.12820512821
3984.10256410256
3987.17948717949
3988.71794871795
3990.76923076923
3990.25641025641
3984.10256410256
3986.66666666667
3996.41025641026
4002.5641025641
4008.71794871795
4013.33333333333
4006.15384615385
3992.30769230769
3988.71794871795
3987.17948717949
3979.48717948718
3971.28205128205
3973.33333333333
3976.41025641026
3971.79487179487
3973.84615384615
3982.5641025641
3988.20512820513
3984.61538461539
3974.35897435898
3972.30769230769
3977.94871794872
3973.84615384615
3969.74358974359
3983.07692307692
3985.64102564103
3974.35897435898
3969.74358974359
3966.15384615385
3963.07692307692
3972.30769230769
3973.33333333333
3968.20512820513
3980.51282051282
3991.79487179487
3987.17948717949
3982.5641025641
3977.94871794872
3975.89743589744
3979.48717948718
3976.92307692308
3974.35897435898
3980
3984.10256410256
3986.66666666667
3990.76923076923
3990.76923076923
3988.20512820513
3989.74358974359
3988.71794871795
3987.17948717949
3986.15384615385
3980.51282051282
3976.41025641026
3984.61538461539
3991.28205128205
3980
3966.66666666667
3977.4358974359
3996.92307692308
3995.38461538462
3987.69230769231
3991.79487179487
3993.84615384615
3985.64102564103
3979.48717948718
3972.82051282051
3971.79487179487
3988.20512820513
3995.89743589744
3986.15384615385
3973.33333333333
3960.51282051282
3956.92307692308
3973.33333333333
3988.71794871795
3978.97435897436
3974.35897435898
3987.69230769231
3986.66666666667
3969.74358974359
3970.25641025641
3975.38461538462
3956.92307692308
3947.69230769231
3965.12820512821
3975.38461538462
3973.33333333333
3972.30769230769
3976.41025641026
3980.51282051282
3980
3976.92307692308
3975.89743589744
3974.35897435898
3973.84615384615
3986.66666666667
3992.30769230769
3978.46153846154
3972.30769230769
3982.05128205128
3992.30769230769
3986.15384615385
3977.94871794872
3978.46153846154
3978.46153846154
3974.8717948718
3982.05128205128
3994.35897435898
3987.17948717949
3986.15384615385
4002.05128205128
4002.05128205128
3996.41025641026
4002.05128205128
4001.53846153846
3980.51282051282
3971.28205128205
3987.69230769231
4003.07692307692
3991.79487179487
3971.79487179487
3981.53846153846
3990.25641025641
3974.8717948718
3972.30769230769
3984.61538461539
3986.66666666667
3983.58974358974
3986.66666666667
3991.28205128205
3990.25641025641
3980
3983.07692307692
3990.76923076923
3978.97435897436
3975.38461538462
3991.28205128205
3995.38461538462
3981.53846153846
3972.82051282051
3980
3986.66666666667
3975.89743589744
3976.41025641026
3996.41025641026
3998.97435897436
3987.69230769231
3986.15384615385
3990.76923076923
3992.30769230769
3988.20512820513
3990.25641025641
4003.58974358974
4004.61538461539
3987.69230769231
3982.05128205128
3991.79487179487
3999.48717948718
3997.4358974359
3988.20512820513
3984.61538461539
3998.46153846154
4014.35897435898
4018.97435897436
4009.23076923077
3993.33333333333
3992.30769230769
4000.51282051282
3995.89743589744
3991.28205128205
4006.66666666667
4008.71794871795
3990.25641025641
3990.25641025641
4007.17948717949
4004.61538461539
3983.07692307692
3974.8717948718
3983.58974358974
3996.41025641026
4003.58974358974
3997.94871794872
3990.25641025641
3991.28205128205
3994.35897435898
3987.69230769231
3984.10256410256
3987.17948717949
3989.23076923077
3989.74358974359
3990.76923076923
3990.25641025641
3992.30769230769
4005.12820512821
4008.20512820513
3992.30769230769
3989.74358974359
4001.02564102564
4003.07692307692
4001.02564102564
4002.05128205128
4001.02564102564
4000
4006.15384615385
4010.25641025641
4015.89743589744
4023.58974358974
4014.8717948718
4008.71794871795
4018.46153846154
4018.97435897436
4007.17948717949
4005.64102564103
4009.23076923077
4000
3995.38461538462
4001.02564102564
4006.15384615385
4008.20512820513
4012.82051282051
4016.92307692308
4009.23076923077
4004.61538461539
4004.10256410256
4000.51282051282
4002.5641025641
4002.05128205128
3995.89743589744
3991.28205128205
3991.28205128205
3997.94871794872
4005.64102564103
4003.58974358974
4005.64102564103
4013.33333333333
4008.71794871795
4004.10256410256
4008.71794871795
4007.17948717949
4005.64102564103
4005.12820512821
3995.38461538462
3989.74358974359
3990.76923076923
3988.20512820513
3993.84615384615
4007.69230769231
4005.12820512821
3996.41025641026
4004.10256410256
4004.61538461539
3994.8717948718
3994.35897435898
3990.25641025641
3985.12820512821
3998.46153846154
4010.25641025641
4003.07692307692
3995.89743589744
3992.82051282051
3985.64102564103
3985.64102564103
3986.15384615385
3990.76923076923
4000
3996.92307692308
3993.84615384615
4003.58974358974
4001.02564102564
3986.66666666667
3990.25641025641
3998.46153846154
3991.79487179487
3986.66666666667
3991.28205128205
3995.89743589744
3991.28205128205
3988.20512820513
3990.25641025641
3983.07692307692
3970.76923076923
3975.38461538462
3994.35897435898
4001.53846153846
3996.41025641026
3996.92307692308
3998.46153846154
3990.25641025641
3989.74358974359
4001.53846153846
4000
3988.71794871795
3989.23076923077
3991.79487179487
3990.25641025641
3997.4358974359
3996.92307692308
3975.89743589744
3968.20512820513
3991.28205128205
4006.66666666667
4000.51282051282
4003.58974358974
4017.4358974359
4016.92307692308
4007.69230769231
4003.58974358974
4004.10256410256
4004.10256410256
4002.5641025641
4004.10256410256
4008.71794871795
4016.92307692308
4020
4011.28205128205
4006.15384615385
4015.89743589744
4028.20512820513
4028.20512820513
4023.07692307692
4016.92307692308
4006.66666666667
4001.53846153846
4009.23076923077
4012.82051282051
4005.64102564103
4004.10256410256
4006.66666666667
4002.5641025641
4001.02564102564
4006.66666666667
4001.02564102564
3990.76923076923
3994.8717948718
3999.48717948718
3988.71794871795
3985.12820512821
3998.97435897436
4001.02564102564
3990.25641025641
3985.12820512821
3989.74358974359
3999.48717948718
4003.58974358974
4000.51282051282
4001.53846153846
4010.25641025641
4007.69230769231
3993.84615384615
3993.84615384615
4004.10256410256
4004.61538461539
4002.5641025641
4006.15384615385
4000
3989.74358974359
3993.33333333333
4005.64102564103
4014.8717948718
4020.51282051282
4022.05128205128
4020.51282051282
4021.53846153846
4021.53846153846
4016.92307692308
4009.23076923077
4006.66666666667
4012.30769230769
4015.89743589744
4011.28205128205
4006.66666666667
4000.51282051282
4000
4009.74358974359
4007.69230769231
3994.8717948718
4000.51282051282
4010.76923076923
3997.94871794872
3987.69230769231
4002.05128205128
4015.89743589744
4010.76923076923
4009.23076923077
4020
4022.5641025641
4020
4019.48717948718
4019.48717948718
4020
4013.33333333333
4005.12820512821
4013.84615384615
4018.46153846154
4006.15384615385
4008.20512820513
4028.71794871795
4031.28205128205
4020
4019.48717948718
4017.94871794872
4009.74358974359
4016.41025641026
4029.23076923077
4030.76923076923
4030.76923076923
4031.28205128205
4018.97435897436
4010.76923076923
4016.92307692308
4013.84615384615
4004.10256410256
4005.64102564103
4005.12820512821
3998.97435897436
4002.5641025641
4007.17948717949
4003.58974358974
4003.58974358974
4004.10256410256
3997.4358974359
3996.92307692308
4000.51282051282
3995.38461538462
3993.84615384615
4002.5641025641
4009.23076923077
4006.66666666667
4002.5641025641
4003.07692307692
3998.97435897436
3993.33333333333
3996.92307692308
4004.61538461539
4002.5641025641
4001.02564102564
4007.17948717949
4009.23076923077
4007.17948717949
4005.12820512821
4004.61538461539
4014.35897435898
4018.46153846154
4005.64102564103
3997.4358974359
4000.51282051282
4001.02564102564
4003.58974358974
4003.07692307692
3995.38461538462
3997.4358974359
4005.64102564103
4003.58974358974
4000
3992.82051282051
3986.15384615385
3997.94871794872
4010.76923076923
4005.12820512821
3998.46153846154
3996.41025641026
3991.28205128205
3988.71794871795
3989.74358974359
3989.74358974359
3992.30769230769
3991.28205128205
3991.28205128205
4000
3999.48717948718
3987.17948717949
3986.15384615385
3990.76923076923
3987.17948717949
3992.82051282051
4002.5641025641
4001.02564102564
4001.53846153846
4006.15384615385
4003.58974358974
4002.5641025641
4006.66666666667
3999.48717948718
3986.15384615385
3991.28205128205
4005.12820512821
4004.10256410256
3996.92307692308
3994.35897435898
3995.38461538462
4002.5641025641
4002.05128205128
3987.69230769231
3986.15384615385
3998.46153846154
3998.46153846154
3997.4358974359
4007.17948717949
4006.66666666667
3993.84615384615
3986.66666666667
3990.76923076923
3996.41025641026
4004.10256410256
4010.76923076923
4010.76923076923
4005.64102564103
4006.66666666667
4017.94871794872
4032.30769230769
4045.12820512821
4057.4358974359
4060
4052.82051282051
4052.82051282051
4063.58974358974
4064.61538461539
4054.8717948718
4051.79487179487
4052.82051282051
4047.69230769231
4038.97435897436
4028.20512820513
4014.35897435898
4003.07692307692
4000.51282051282
4005.12820512821
4007.69230769231
3996.92307692308
3990.76923076923
4000
3997.4358974359
3988.71794871795
3995.38461538462
3997.94871794872
3987.17948717949
3986.15384615385
3989.74358974359
3985.12820512821
3986.15384615385
3989.74358974359
3980.51282051282
3970.76923076923
3977.4358974359
3984.61538461539
3980.51282051282
3977.94871794872
3983.58974358974
3988.20512820513
3982.5641025641
3970.76923076923
3977.4358974359
3990.25641025641
3981.02564102564
3974.8717948718
3987.69230769231
3991.28205128205
3984.61538461539
3982.5641025641
3978.97435897436
3973.33333333333
3972.30769230769
3972.82051282051
3974.35897435898
3974.8717948718
3973.84615384615
3974.35897435898
3974.8717948718
3975.89743589744
3981.02564102564
3983.58974358974
3975.89743589744
3966.66666666667
3969.74358974359
3975.38461538462
3968.71794871795
3957.94871794872
3956.92307692308
3961.02564102564
3958.97435897436
3957.4358974359
3967.17948717949
3969.74358974359
3958.97435897436
3955.38461538462
3956.92307692308
3945.12820512821
3938.97435897436
3948.20512820513
3954.35897435898
3953.33333333333
3955.38461538462
3957.4358974359
3950.25641025641
3943.58974358974
3949.74358974359
3957.94871794872
3958.46153846154
3958.97435897436
3956.92307692308
3956.92307692308
3968.71794871795
3978.46153846154
3971.79487179487
3966.66666666667
3971.28205128205
3974.8717948718
3976.92307692308
3973.84615384615
3969.74358974359
3974.35897435898
3971.28205128205
3962.05128205128
3970.25641025641
3982.5641025641
3973.84615384615
3968.20512820513
3977.4358974359
3976.92307692308
3969.23076923077
3971.79487179487
3973.84615384615
3966.66666666667
3968.71794871795
3977.94871794872
3968.20512820513
3956.41025641026
3965.64102564103
3975.38461538462
3973.33333333333
3971.28205128205
3971.28205128205
3971.79487179487
3975.89743589744
3982.5641025641
3982.05128205128
3976.41025641026
3979.48717948718
3988.71794871795
3984.10256410256
3976.41025641026
3981.53846153846
3989.23076923077
3995.89743589744
3998.46153846154
3992.30769230769
3989.74358974359
3992.82051282051
3987.69230769231
3985.12820512821
3991.79487179487
3993.33333333333
3989.23076923077
3986.66666666667
3985.64102564103
3990.76923076923
3995.89743589744
3992.30769230769
3988.20512820513
3988.71794871795
3993.33333333333
4001.53846153846
4008.71794871795
4004.61538461539
3994.8717948718
3991.28205128205
3990.76923076923
3991.79487179487
4000
4006.66666666667
3996.41025641026
3980.51282051282
3971.28205128205
3963.07692307692
3950.76923076923
3938.97435897436
3938.46153846154
3941.02564102564
3938.46153846154
3940
3942.05128205128
3932.82051282051
3923.07692307692
3924.10256410256
3926.15384615385
3926.15384615385
3928.20512820513
3924.10256410256
3912.30769230769
3910.25641025641
3915.38461538462
3912.82051282051
3913.33333333333
3923.07692307692
3925.12820512821
3923.58974358974
3925.12820512821
3916.41025641026
3908.71794871795
3920
3927.17948717949
3923.07692307692
3924.61538461539
3925.64102564103
3923.07692307692
3925.12820512821
3929.74358974359
3926.15384615385
3911.28205128205
3906.66666666667
3921.53846153846
3922.5641025641
3913.33333333333
3924.10256410256
3935.38461538462
3923.58974358974
3910.25641025641
3906.15384615385
3908.71794871795
3919.48717948718
3926.66666666667
3926.15384615385
3923.58974358974
3926.15384615385
3926.15384615385
3923.58974358974
3930.76923076923
3941.02564102564
3947.69230769231
3954.35897435898
3962.05128205128
3969.23076923077
3975.38461538462
3974.8717948718
3976.41025641026
3986.15384615385
3990.76923076923
3991.28205128205
3989.74358974359
3982.5641025641
3970.25641025641
3962.5641025641
3955.38461538462
3945.12820512821
3942.05128205128
3942.05128205128
3944.10256410256
3953.33333333333
3953.84615384615
3941.53846153846
3938.46153846154
3942.05128205128
3932.30769230769
3923.58974358974
3925.64102564103
3926.15384615385
3925.64102564103
3927.69230769231
3929.74358974359
3927.17948717949
3921.02564102564
3924.61538461539
3935.89743589744
3943.07692307692
3943.07692307692
3938.46153846154
3940
3945.64102564103
3940
3933.84615384615
3950.76923076923
3963.58974358974
3948.20512820513
3936.92307692308
3951.79487179487
3960
3946.66666666667
3938.46153846154
3949.74358974359
3955.38461538462
3948.71794871795
3943.07692307692
3940
3937.94871794872
3941.53846153846
3945.12820512821
3944.10256410256
3944.10256410256
3944.61538461539
3940.51282051282
3940.51282051282
3942.5641025641
3932.82051282051
3926.15384615385
3934.8717948718
3944.61538461539
3944.61538461539
3934.8717948718
3921.02564102564
3927.17948717949
3944.61538461539
3936.92307692308
3920
3930.76923076923
3945.64102564103
3932.30769230769
3918.97435897436
3933.33333333333
3947.69230769231
3941.53846153846
3936.92307692308
3943.07692307692
3942.5641025641
3938.97435897436
3940
3932.30769230769
3923.58974358974
3938.97435897436
3958.46153846154
3950.76923076923
3937.94871794872
3940.51282051282
3943.58974358974
3942.05128205128
3944.10256410256
3948.20512820513
3945.12820512821
3936.41025641026
3936.92307692308
3944.10256410256
3941.02564102564
3937.4358974359
3944.61538461539
3943.07692307692
3934.8717948718
3939.48717948718
3946.15384615385
3941.53846153846
3937.94871794872
3942.05128205128
3943.58974358974
3940
3941.02564102564
3943.07692307692
3940.51282051282
3940
3943.58974358974
3944.61538461539
3941.02564102564
3941.02564102564
3941.02564102564
3942.05128205128
3944.10256410256
3945.12820512821
3939.48717948718
3935.38461538462
3943.07692307692
3949.74358974359
3948.71794871795
3942.05128205128
3928.71794871795
3922.5641025641
3929.74358974359
3932.30769230769
3924.10256410256
3926.15384615385
3940.51282051282
3954.8717948718
3960
3958.46153846154
3958.46153846154
3956.41025641026
3948.71794871795
3941.53846153846
3939.48717948718
3940.51282051282
3941.53846153846
3941.53846153846
3939.48717948718
3940.51282051282
3944.61538461539
3939.48717948718
3935.89743589744
3950.76923076923
3964.61538461539
3960.51282051282
3956.41025641026
3961.53846153846
3955.38461538462
3941.53846153846
3938.46153846154
3941.53846153846
3941.02564102564
3940.51282051282
3945.12820512821
3946.15384615385
3943.07692307692
3942.05128205128
3942.05128205128
3949.23076923077
3958.97435897436
3951.28205128205
3940
3950.76923076923
3960
3954.8717948718
3961.02564102564
3973.33333333333
3975.89743589744
3978.46153846154
3991.79487179487
4000
3995.89743589744
3994.8717948718
3998.46153846154
3992.30769230769
3985.12820512821
3987.69230769231
3981.53846153846
3962.5641025641
3954.8717948718
3957.4358974359
3949.74358974359
3938.97435897436
3943.07692307692
3940.51282051282
3926.15384615385
3924.61538461539
3931.28205128205
3928.20512820513
3927.17948717949
3929.74358974359
