
4280.51282051282
4282.05128205128
4283.58974358974
4276.92307692308
4273.33333333333
4278.97435897436
4279.48717948718
4278.97435897436
4278.46153846154
4269.23076923077
4269.74358974359
4281.53846153846
4277.4358974359
4278.46153846154
4296.41025641026
4291.79487179487
4275.89743589744
4286.66666666667
4300.51282051282
4296.41025641026
4290.25641025641
4294.35897435897
4301.02564102564
4300.51282051282
4296.41025641026
4293.33333333333
4298.46153846154
4307.17948717949
4303.07692307692
4295.89743589744
4301.53846153846
4305.12820512821
4293.84615384615
4286.15384615385
4288.20512820513
4293.84615384615
4302.05128205128
4302.05128205128
4297.4358974359
4294.35897435897
4293.33333333333
4296.92307692308
4293.33333333333
4291.28205128205
4305.12820512821
4310.25641025641
4294.35897435897
4288.71794871795
4297.4358974359
4297.94871794872
4294.8717948718
4296.92307692308
4294.35897435897
4291.79487179487
4293.33333333333
4296.41025641026
4294.35897435897
4289.23076923077
4297.94871794872
4305.12820512821
4297.4358974359
4291.79487179487
4292.30769230769
4287.69230769231
4290.25641025641
4300
4295.89743589744
4293.33333333333
4298.97435897436
4296.41025641026
4292.30769230769
4294.8717948718
4297.94871794872
4294.35897435897
4291.79487179487
4300.51282051282
4313.33333333333
4310.25641025641
4298.97435897436
4296.41025641026
4297.4358974359
4294.35897435897
4291.79487179487
4294.35897435897
4294.35897435897
4293.33333333333
4298.97435897436
4305.12820512821
4296.41025641026
4281.53846153846
4281.53846153846
4289.74358974359
4294.8717948718
4296.92307692308
4294.35897435897
4295.89743589744
4294.8717948718
4283.58974358974
4276.41025641026
4281.02564102564
4282.5641025641
4287.17948717949
4301.02564102564
4303.07692307692
4290.25641025641
4288.20512820513
4292.82051282051
4292.82051282051
4300
4311.28205128205
4313.84615384615
4312.30769230769
4313.84615384615
4311.79487179487
4310.76923076923
4315.38461538462
4314.35897435897
4310.76923076923
4306.66666666667
4302.05128205128
4306.15384615385
4313.84615384615
4313.33333333333
4309.74358974359
4312.30769230769
4311.79487179487
4310.25641025641
4316.92307692308
4322.5641025641
4327.17948717949
4328.20512820513
4322.5641025641
4319.48717948718
4323.07692307692
4328.71794871795
4332.82051282051
4329.23076923077
4322.5641025641
4326.66666666667
4329.74358974359
4324.61538461538
4326.66666666667
4322.05128205128
4309.74358974359
4317.94871794872
4337.4358974359
4341.02564102564
4332.30769230769
4330.25641025641
4330.76923076923
4327.17948717949
4326.66666666667
4333.33333333333
4331.28205128205
4314.8717948718
4313.33333333333
4326.66666666667
4326.66666666667
4321.02564102564
4325.64102564103
4327.69230769231
4324.61538461538
4329.74358974359
4323.58974358974
4308.71794871795
4310.76923076923
4320
4323.58974358974
4320
4314.35897435897
4309.23076923077
4310.25641025641
4314.35897435897
4317.4358974359
4320
4317.4358974359
4315.89743589744
4320.51282051282
4326.66666666667
4325.12820512821
4321.02564102564
4328.71794871795
4336.92307692308
4330.76923076923
4320.51282051282
4329.74358974359
4348.20512820513
4338.97435897436
4320
4328.71794871795
4338.97435897436
4332.82051282051
4337.4358974359
4339.48717948718
4325.64102564103
4325.12820512821
4343.07692307692
4349.23076923077
4335.89743589744
4317.94871794872
4319.48717948718
4337.94871794872
4340
4336.41025641026
4342.5641025641
4335.38461538462
4328.20512820513
4344.61538461538
4352.82051282051
4334.35897435897
4322.05128205128
4329.23076923077
4340
4341.53846153846
4343.07692307692
4352.30769230769
4351.79487179487
4341.53846153846
4338.46153846154
4342.5641025641
4344.10256410256
4337.4358974359
4326.66666666667
4325.12820512821
4328.71794871795
4324.61538461538
4326.15384615385
4341.02564102564
4345.12820512821
4333.84615384615
4326.66666666667
4326.15384615385
4325.12820512821
4324.61538461538
4329.23076923077
4332.82051282051
4335.89743589744
4337.94871794872
4332.30769230769
4324.61538461538
4325.12820512821
4329.23076923077
4325.12820512821
4324.61538461538
4333.33333333333
4335.89743589744
4327.17948717949
4321.02564102564
4327.69230769231
4339.48717948718
4344.10256410256
4341.53846153846
4340
4338.46153846154
4332.82051282051
4332.30769230769
4338.46153846154
4335.38461538462
4327.17948717949
4325.64102564103
4325.12820512821
4321.53846153846
4322.5641025641
4327.17948717949
4327.17948717949
4327.69230769231
4326.66666666667
4320.51282051282
4323.58974358974
4334.8717948718
4327.17948717949
4307.69230769231
4315.38461538462
4331.79487179487
4320.51282051282
4306.15384615385
4309.23076923077
4309.23076923077
4301.53846153846
4304.10256410256
4309.74358974359
4310.25641025641
4309.74358974359
4306.15384615385
4295.89743589744
4293.84615384615
4303.07692307692
4305.64102564103
4308.20512820513
4313.33333333333
4300.51282051282
4285.12820512821
4290.76923076923
4297.94871794872
4295.89743589744
4301.02564102564
4302.5641025641
4294.35897435897
4295.89743589744
4307.69230769231
4313.33333333333
4305.64102564103
4294.8717948718
4293.84615384615
4304.10256410256
4316.41025641026
4320
4313.84615384615
4312.30769230769
4323.07692307692
4324.10256410256
4312.30769230769
4314.8717948718
4328.71794871795
4329.23076923077
4323.58974358974
4323.07692307692
4314.35897435897
4310.76923076923
4323.07692307692
4324.10256410256
4312.82051282051
4310.76923076923
4312.30769230769
4308.20512820513
4306.66666666667
4311.28205128205
4313.33333333333
4310.25641025641
4308.71794871795
4310.76923076923
4309.23076923077
4308.71794871795
4320
4329.74358974359
4323.07692307692
4316.92307692308
4321.02564102564
4327.17948717949
4328.20512820513
4322.05128205128
4312.30769230769
4308.20512820513
4309.74358974359
4314.35897435897
4320
4311.28205128205
4298.97435897436
4308.71794871795
4319.48717948718
4311.79487179487
4298.97435897436
4293.84615384615
4301.02564102564
4315.89743589744
4322.05128205128
4318.46153846154
4314.35897435897
4315.89743589744
4323.58974358974
4325.64102564103
4327.17948717949
4330.25641025641
4321.53846153846
4314.35897435897
4321.53846153846
4321.53846153846
4317.4358974359
4326.15384615385
4324.61538461538
4311.79487179487
4315.89743589744
4330.25641025641
4332.30769230769
4331.79487179487
4332.82051282051
4331.28205128205
4334.35897435897
4339.48717948718
4335.89743589744
4332.82051282051
4335.38461538462
4327.69230769231
4322.05128205128
4332.30769230769
4325.64102564103
4321.02564102564
4340.51282051282
4345.64102564103
4331.28205128205
4329.74358974359
4330.76923076923
4322.5641025641
4327.17948717949
4334.8717948718
4334.35897435897
4337.94871794872
4336.41025641026
4325.12820512821
4320.51282051282
4325.64102564103
4322.5641025641
4312.82051282051
4315.38461538462
4326.66666666667
4332.82051282051
4322.05128205128
4310.76923076923
4316.41025641026
4330.76923076923
4325.12820512821
4301.53846153846
4297.94871794872
4315.89743589744
4325.64102564103
4322.5641025641
4326.15384615385
4329.74358974359
4324.61538461538
4328.20512820513
4335.89743589744
4335.38461538462
4331.79487179487
4336.41025641026
4342.5641025641
4337.4358974359
4334.8717948718
4341.02564102564
4343.58974358974
4341.53846153846
4341.53846153846
4341.02564102564
4344.10256410256
4348.71794871795
4337.4358974359
4323.58974358974
4324.61538461538
4326.66666666667
4325.12820512821
4333.84615384615
4337.94871794872
4335.38461538462
4334.8717948718
4322.5641025641
4311.28205128205
4323.07692307692
4330.25641025641
4323.58974358974
4330.76923076923
4330.25641025641
4317.94871794872
4332.30769230769
4348.71794871795
4327.69230769231
4303.58974358974
4305.12820512821
4311.79487179487
4323.07692307692
4336.92307692308
4330.76923076923
4321.02564102564
4325.12820512821
4328.20512820513
4326.66666666667
4325.12820512821
4318.97435897436
4321.53846153846
4331.79487179487
4323.07692307692
4313.33333333333
4316.41025641026
4321.53846153846
4326.15384615385
4320
4308.71794871795
4307.69230769231
4311.28205128205
4309.23076923077
4316.41025641026
4327.17948717949
4325.12820512821
4320.51282051282
4318.46153846154
4318.46153846154
4315.89743589744
4310.25641025641
4311.79487179487
4313.33333333333
4301.53846153846
4292.82051282051
4306.66666666667
4316.92307692308
4311.79487179487
4309.23076923077
4304.61538461538
4295.89743589744
4298.97435897436
4305.64102564103
4302.5641025641
4295.38461538462
4293.84615384615
4306.15384615385
4313.33333333333
4301.53846153846
4300.51282051282
4306.15384615385
4298.46153846154
4292.30769230769
4296.41025641026
4294.8717948718
4293.84615384615
4293.84615384615
4287.69230769231
4295.38461538462
4310.25641025641
4314.35897435897
4313.84615384615
4310.25641025641
4300.51282051282
4295.89743589744
4304.10256410256
4309.23076923077
4310.25641025641
4315.38461538462
4320
4317.4358974359
4309.74358974359
4312.82051282051
4324.61538461538
4321.02564102564
4308.71794871795
4305.12820512821
4310.25641025641
4318.46153846154
4329.23076923077
4330.25641025641
4320
4310.76923076923
4303.07692307692
4303.58974358974
4313.84615384615
4322.5641025641
4326.66666666667
4325.12820512821
4318.46153846154
4318.97435897436
4334.35897435897
4337.94871794872
4323.58974358974
4321.53846153846
4326.66666666667
4325.64102564103
4335.38461538462
4349.23076923077
4349.74358974359
4339.48717948718
4327.17948717949
4324.61538461538
4322.5641025641
4312.30769230769
4315.38461538462
4333.84615384615
4341.53846153846
4338.46153846154
4337.4358974359
4335.89743589744
4330.76923076923
4324.10256410256
4326.66666666667
4337.94871794872
4344.10256410256
4342.5641025641
4343.07692307692
4346.15384615385
4353.33333333333
4361.53846153846
4369.23076923077
4377.4358974359
4382.05128205128
4381.02564102564
4380
4382.05128205128
4384.10256410256
4387.69230769231
4388.71794871795
4384.10256410256
4380
4374.8717948718
4373.84615384615
4383.58974358974
4394.35897435897
4397.94871794872
4400
4398.97435897436
4387.17948717949
4381.53846153846
4392.30769230769
4400.51282051282
4396.92307692308
4396.41025641026
4393.33333333333
4382.05128205128
4384.10256410256
4392.30769230769
4385.64102564103
4378.46153846154
4383.58974358974
4382.5641025641
4366.66666666667
4359.48717948718
4369.23076923077
4378.46153846154
4371.28205128205
4356.92307692308
4355.89743589744
4359.48717948718
4355.38461538462
4356.92307692308
4366.66666666667
4361.53846153846
4347.69230769231
4347.69230769231
4356.41025641026
4354.35897435897
4346.15384615385
4338.46153846154
4329.74358974359
4330.76923076923
4336.41025641026
4329.23076923077
4324.10256410256
4331.28205128205
4332.30769230769
4334.35897435897
4339.48717948718
4329.74358974359
4326.15384615385
4335.89743589744
4336.92307692308
4335.89743589744
4338.97435897436
4333.33333333333
4330.76923076923
4339.48717948718
4336.41025641026
4323.58974358974
4325.12820512821
4327.17948717949
4312.82051282051
4305.12820512821
4312.30769230769
4310.76923076923
4300.51282051282
4308.20512820513
4322.05128205128
4319.48717948718
4318.46153846154
4332.30769230769
4339.48717948718
4328.20512820513
4315.89743589744
4316.41025641026
4326.15384615385
4327.17948717949
4318.97435897436
4318.97435897436
4321.53846153846
4317.94871794872
4316.92307692308
4310.25641025641
4304.10256410256
4315.38461538462
4327.17948717949
4326.15384615385
4333.84615384615
4345.12820512821
4348.71794871795
4346.15384615385
4344.61538461538
4345.12820512821
4340
4328.71794871795
4327.17948717949
4335.38461538462
4341.53846153846
4347.17948717949
4347.17948717949
4346.15384615385
4349.74358974359
4349.74358974359
4353.33333333333
4357.94871794872
4347.17948717949
4338.46153846154
4341.02564102564
4339.48717948718
4342.5641025641
4347.17948717949
4337.94871794872
4335.38461538462
4338.46153846154
4341.53846153846
4358.97435897436
4367.69230769231
4347.69230769231
4336.41025641026
4338.97435897436
4326.66666666667
4317.94871794872
4334.8717948718
4353.84615384615
4352.30769230769
4345.12820512821
4347.17948717949
4348.20512820513
4344.10256410256
4341.53846153846
4346.15384615385
4350.25641025641
4350.76923076923
4351.28205128205
4338.97435897436
4324.10256410256
4337.4358974359
4357.94871794872
4343.58974358974
4327.17948717949
4337.4358974359
4339.48717948718
4332.82051282051
4339.48717948718
4347.69230769231
4342.5641025641
4332.82051282051
4329.74358974359
4330.25641025641
4334.8717948718
4337.94871794872
4333.84615384615
4334.35897435897
4343.07692307692
4342.05128205128
4331.28205128205
4330.25641025641
4340
4343.58974358974
4330.25641025641
4320.51282051282
4330.76923076923
4342.5641025641
4338.97435897436
4340.51282051282
4352.30769230769
4352.30769230769
4342.5641025641
4343.58974358974
4355.89743589744
4361.02564102564
4348.71794871795
4336.92307692308
4344.10256410256
4354.35897435897
4352.82051282051
4347.17948717949
4344.61538461538
4344.61538461538
4348.20512820513
4356.92307692308
4364.61538461538
4362.05128205128
4349.74358974359
4342.5641025641
4338.97435897436
4338.97435897436
4350.25641025641
4358.46153846154
4351.79487179487
4351.28205128205
4357.94871794872
4345.64102564103
4333.33333333333
4346.66666666667
4348.20512820513
4329.74358974359
4333.84615384615
4349.74358974359
4344.61538461538
4333.33333333333
4331.79487179487
4338.97435897436
4344.61538461538
4342.5641025641
4344.61538461538
4352.30769230769
4347.17948717949
4335.89743589744
4342.05128205128
4349.23076923077
4345.64102564103
4344.10256410256
4342.05128205128
4338.46153846154
4341.53846153846
4342.05128205128
4341.02564102564
4349.74358974359
4350.76923076923
4341.02564102564
4349.23076923077
4362.5641025641
4360
4348.20512820513
4342.05128205128
4348.20512820513
4360
4359.48717948718
4349.23076923077
4346.66666666667
4353.33333333333
4352.82051282051
4344.10256410256
4344.10256410256
4352.30769230769
4351.79487179487
4349.74358974359
4351.28205128205
4348.20512820513
4348.20512820513
4360
4369.74358974359
4367.69230769231
4361.53846153846
4356.41025641026
4359.48717948718
4360
4343.58974358974
4336.92307692308
4353.84615384615
4356.41025641026
4349.74358974359
4360
4363.07692307692
4348.71794871795
4345.64102564103
4353.33333333333
4357.4358974359
4355.38461538462
4347.17948717949
4348.20512820513
4361.53846153846
4363.58974358974
4352.30769230769
4346.66666666667
4352.82051282051
4353.33333333333
4344.10256410256
4346.66666666667
4356.92307692308
4362.05128205128
4356.92307692308
4343.07692307692
4344.61538461538
4358.97435897436
4355.89743589744
4344.10256410256
4352.30769230769
4357.4358974359
4351.28205128205
4364.61538461538
4383.07692307692
4380.51282051282
4365.12820512821
4355.38461538462
4364.10256410256
4381.02564102564
4380
4367.69230769231
4371.79487179487
4376.41025641026
4366.66666666667
4369.74358974359
4378.97435897436
4375.38461538462
4373.33333333333
4386.66666666667
4397.94871794872
4394.35897435897
4390.76923076923
4389.23076923077
4384.10256410256
4380.51282051282
4389.74358974359
4394.35897435897
4377.4358974359
4358.46153846154
4357.4358974359
4365.64102564103
4371.28205128205
4375.89743589744
4372.30769230769
4358.97435897436
4357.94871794872
4369.23076923077
4373.33333333333
4374.35897435897
4370.76923076923
4358.46153846154
4355.89743589744
4368.20512820513
4368.20512820513
4352.82051282051
4355.89743589744
4369.23076923077
4357.4358974359
4338.46153846154
4343.58974358974
4360.51282051282
4358.97435897436
4343.07692307692
4342.5641025641
4360.51282051282
4361.02564102564
4345.64102564103
4349.74358974359
4357.94871794872
4345.12820512821
4338.46153846154
4355.89743589744
4368.20512820513
4359.48717948718
4351.28205128205
4350.25641025641
4350.25641025641
4350.25641025641
4357.4358974359
4360
4349.74358974359
4346.15384615385
4358.97435897436
4363.58974358974
4348.20512820513
4346.15384615385
4365.64102564103
4370.76923076923
4355.89743589744
4355.38461538462
4370.25641025641
4369.74358974359
4357.94871794872
4355.38461538462
4352.82051282051
4349.23076923077
4351.28205128205
4352.82051282051
4349.74358974359
4349.23076923077
4352.82051282051
4350.76923076923
4342.5641025641
4334.35897435897
4332.82051282051
4337.4358974359
4336.41025641026
4335.38461538462
4339.48717948718
4341.02564102564
4341.02564102564
4341.02564102564
4339.48717948718
4344.10256410256
4352.82051282051
4346.66666666667
4337.94871794872
4350.25641025641
4357.94871794872
4346.15384615385
4349.74358974359
4360
4352.30769230769
4348.20512820513
4353.84615384615
4350.25641025641
4352.30769230769
4359.48717948718
4350.76923076923
4346.15384615385
4354.8717948718
4352.30769230769
4351.79487179487
4366.66666666667
4363.07692307692
4347.17948717949
4356.92307692308
4370.76923076923
4358.46153846154
4356.41025641026
4373.33333333333
4365.64102564103
4350.76923076923
4360
4363.58974358974
4353.33333333333
4357.94871794872
4363.07692307692
4359.48717948718
4365.12820512821
4369.23076923077
4363.07692307692
4367.17948717949
4378.97435897436
4375.38461538462
4364.61538461538
4367.17948717949
4381.02564102564
4383.07692307692
4371.79487179487
4367.17948717949
4371.79487179487
4374.35897435897
4374.8717948718
4374.8717948718
4366.15384615385
4364.61538461538
4377.94871794872
4380.51282051282
4367.69230769231
4364.61538461538
4363.58974358974
4357.94871794872
4368.20512820513
4379.48717948718
4365.12820512821
4355.38461538462
4368.71794871795
4373.33333333333
4366.15384615385
4362.5641025641
4361.02564102564
4361.02564102564
4366.66666666667
4372.30769230769
4373.84615384615
4371.28205128205
4357.94871794872
4341.02564102564
4336.41025641026
4333.33333333333
4320
4311.28205128205
4316.92307692308
4316.92307692308
4310.25641025641
4312.82051282051
4316.41025641026
4312.30769230769
4310.76923076923
4310.76923076923
4307.69230769231
4312.30769230769
4322.05128205128
4313.84615384615
4301.53846153846
4317.94871794872
4333.33333333333
4323.07692307692
4316.92307692308
4320.51282051282
4322.05128205128
4320.51282051282
4312.30769230769
4307.69230769231
4315.38461538462
4315.89743589744
4316.41025641026
4331.28205128205
4331.28205128205
4313.84615384615
4307.69230769231
4311.28205128205
4309.23076923077
4308.20512820513
4314.35897435897
4305.64102564103
4290.25641025641
4297.94871794872
4316.41025641026
4312.30769230769
4295.38461538462
4295.38461538462
4305.64102564103
4310.76923076923
4311.79487179487
4314.8717948718
4314.8717948718
4314.35897435897
4319.48717948718
4316.41025641026
4307.17948717949
4309.23076923077
4314.8717948718
4312.30769230769
4313.33333333333
4313.84615384615
4309.23076923077
4313.84615384615
4321.53846153846
4323.07692307692
4320.51282051282
4314.8717948718
4311.28205128205
4311.79487179487
4302.05128205128
4289.74358974359
4295.38461538462
4291.28205128205
4274.35897435897
4282.5641025641
4298.46153846154
4296.41025641026
4296.41025641026
4294.35897435897
4283.58974358974
4281.53846153846
4284.10256410256
4279.48717948718
4278.46153846154
4280
4275.89743589744
4277.94871794872
4279.48717948718
4271.28205128205
4268.71794871795
4274.35897435897
4279.48717948718
4285.12820512821
4292.82051282051
4284.10256410256
4275.38461538462
4290.76923076923
4296.92307692308
4281.53846153846
4275.38461538462
4291.79487179487
4304.61538461538
4303.07692307692
4296.92307692308
4295.89743589744
4298.46153846154
4293.84615384615
4294.8717948718
4302.05128205128
4299.48717948718
4298.97435897436
4304.61538461538
4298.97435897436
4293.84615384615
4308.71794871795
4320
4316.41025641026
4322.05128205128
4321.53846153846
4306.15384615385
4300
4309.23076923077
4317.4358974359
4319.48717948718
4320
4314.8717948718
4311.28205128205
4313.84615384615
4311.79487179487
4307.17948717949
4309.74358974359
4314.8717948718
4304.10256410256
4295.38461538462
4307.17948717949
4313.84615384615
4305.64102564103
4308.71794871795
4314.35897435897
4307.69230769231
4306.66666666667
4314.35897435897
4320
4320.51282051282
4306.15384615385
4291.79487179487
4303.58974358974
4322.5641025641
4320
4310.25641025641
4307.69230769231
4311.79487179487
4314.8717948718
4304.10256410256
4298.46153846154
4309.23076923077
4307.17948717949
4289.74358974359
4295.38461538462
4308.71794871795
4297.94871794872
4295.38461538462
4310.76923076923
4305.64102564103
4293.84615384615
4307.17948717949
4312.82051282051
4300.51282051282
4305.64102564103
4314.8717948718
4311.79487179487
4309.74358974359
4309.23076923077
4307.69230769231
4311.28205128205
4310.76923076923
4309.23076923077
4316.41025641026
4317.94871794872
4312.82051282051
4305.12820512821
4300.51282051282
4300
4300.51282051282
4301.02564102564
4297.4358974359
4295.38461538462
4301.53846153846
4307.17948717949
4296.41025641026
4287.69230769231
4292.82051282051
4295.89743589744
4301.02564102564
4311.28205128205
4312.82051282051
4301.53846153846
4294.8717948718
4296.92307692308
4294.8717948718
4296.92307692308
4306.66666666667
4307.69230769231
4295.89743589744
4290.25641025641
4292.82051282051
4297.4358974359
4303.58974358974
4299.48717948718
4285.12820512821
4283.07692307692
4292.82051282051
4295.89743589744
4297.4358974359
4308.71794871795
4311.28205128205
4300.51282051282
4293.84615384615
4300.51282051282
4304.61538461538
4291.28205128205
4287.69230769231
4305.12820512821
4310.76923076923
4299.48717948718
4299.48717948718
4306.15384615385
4307.17948717949
4314.8717948718
4322.05128205128
4319.48717948718
4320
4326.66666666667
4328.71794871795
4323.58974358974
4319.48717948718
4325.64102564103
4328.20512820513
4321.53846153846
4324.10256410256
4343.07692307692
4354.35897435897
4349.23076923077
4342.05128205128
4341.02564102564
4344.61538461538
4349.74358974359
4351.79487179487
4350.76923076923
4341.02564102564
4325.12820512821
4322.05128205128
4332.30769230769
4336.92307692308
4337.94871794872
4327.69230769231
4308.20512820513
4317.94871794872
4340
4330.25641025641
4317.94871794872
4329.74358974359
