4317.94871794872
4317.94871794872
4317.94871794872
4318.46153846154
4318.46153846154
4317.94871794872
4318.46153846154
4318.97435897436
4315.38461538462
4311.79487179487
4312.82051282051
4313.84615384615
4312.30769230769
4313.33333333333
4317.4358974359
4320
4319.48717948718
4318.46153846154
4319.48717948718
4317.94871794872
4314.35897435897
4312.30769230769
4312.30769230769
4312.82051282051
4313.33333333333
4313.84615384615
4313.84615384615
4313.84615384615
4313.84615384615
4313.84615384615
4313.84615384615
4313.84615384615
4313.84615384615
4313.84615384615
4313.84615384615
4313.84615384615
4313.84615384615
4313.84615384615
4313.84615384615
4313.84615384615
4313.84615384615
4313.84615384615
4313.84615384615
4313.84615384615
4313.84615384615
4313.84615384615
4313.84615384615
4313.84615384615
4313.84615384615
4313.84615384615
4313.84615384615
4313.84615384615
4313.84615384615
4313.84615384615
4313.84615384615
4313.84615384615
4313.84615384615
4313.84615384615
4313.84615384615
4313.84615384615
4313.84615384615
4313.84615384615
4313.84615384615
4313.84615384615
4313.84615384615
4313.84615384615
4313.84615384615
4313.84615384615
4313.84615384615
4313.33333333333
4313.84615384615
4314.35897435897
4312.30769230769
4313.33333333333
4316.41025641026
4313.84615384615
4312.82051282051
4317.94871794872
4321.02564102564
4318.46153846154
4318.46153846154
4318.97435897436
4317.94871794872
4317.94871794872
4317.94871794872
4317.94871794872
4317.94871794872
4317.94871794872
4317.94871794872
4317.94871794872
4317.94871794872
4317.94871794872
4317.94871794872
4317.94871794872
4317.94871794872
4317.94871794872
4317.94871794872
4317.94871794872
4317.94871794872
4317.94871794872
4317.94871794872
4317.94871794872
4317.94871794872
4317.94871794872
4317.94871794872
4317.94871794872
4317.94871794872
4317.94871794872
4317.94871794872
4317.94871794872
4317.94871794872
4318.46153846154
4318.97435897436
4318.97435897436
4318.97435897436
4318.97435897436
4318.97435897436
4318.97435897436
4318.97435897436
4318.97435897436
4318.97435897436
4318.97435897436
4318.97435897436
4318.97435897436
4318.97435897436
4318.97435897436
4318.97435897436
4318.97435897436
4318.97435897436
4318.97435897436
4318.97435897436
4318.97435897436
4318.97435897436
4318.97435897436
4318.97435897436
4318.97435897436
4318.97435897436
4318.97435897436
4318.97435897436
4318.97435897436
4318.97435897436
4318.97435897436
4318.97435897436
4318.97435897436
4318.97435897436
4318.97435897436
4318.97435897436
4318.97435897436
4318.97435897436
4318.97435897436
4318.97435897436
4318.97435897436
4318.97435897436
4318.97435897436
4318.97435897436
4318.97435897436
4319.48717948718
4318.97435897436
4318.97435897436
4320
4317.94871794872
4313.33333333333
4311.79487179487
4312.82051282051
4313.33333333333
4313.33333333333
4313.33333333333
4312.82051282051
4312.82051282051
4312.82051282051
4312.82051282051
4312.82051282051
4312.82051282051
4312.82051282051
4312.82051282051
4312.82051282051
4312.82051282051
4312.82051282051
4312.82051282051
4312.82051282051
4312.82051282051
4312.82051282051
4312.82051282051
4312.82051282051
4312.82051282051
4312.82051282051
4312.82051282051
4312.82051282051
4312.82051282051
4312.82051282051
4312.82051282051
4312.82051282051
4312.82051282051
4312.82051282051
4312.82051282051
4312.82051282051
4312.82051282051
4312.82051282051
4312.82051282051
4312.30769230769
4313.33333333333
4312.30769230769
4312.30769230769
4316.92307692308
4320.51282051282
4319.48717948718
4318.46153846154
4319.48717948718
4320
4318.97435897436
4318.46153846154
4318.97435897436
4318.97435897436
4318.97435897436
4318.97435897436
4318.97435897436
4318.97435897436
4318.97435897436
4318.97435897436
4318.97435897436
4318.97435897436
4318.97435897436
4318.46153846154
4319.48717948718
4318.46153846154
4316.41025641026
4317.4358974359
4319.48717948718
4318.97435897436
4317.4358974359
4317.94871794872
4318.46153846154
4318.46153846154
4317.4358974359
4318.46153846154
4318.46153846154
4314.35897435897
4311.28205128205
4312.30769230769
4312.82051282051
4312.30769230769
4313.33333333333
4314.35897435897
4313.33333333333
4313.33333333333
4316.92307692308
4319.48717948718
4319.48717948718
4318.97435897436
4320
4319.48717948718
4314.35897435897
4310.76923076923
4312.30769230769
4314.35897435897
4313.33333333333
4313.33333333333
4313.84615384615
4313.84615384615
4313.84615384615
4314.35897435897
4314.8717948718
4314.8717948718
4314.8717948718
4314.8717948718
4314.8717948718
4314.8717948718
4314.8717948718
4314.8717948718
4314.8717948718
4314.8717948718
4314.8717948718
4314.8717948718
4314.8717948718
4314.8717948718
4314.8717948718
4314.8717948718
4314.8717948718
4314.8717948718
4314.8717948718
4314.8717948718
4314.8717948718
4314.8717948718
4314.8717948718
4314.8717948718
4314.8717948718
4314.8717948718
4314.8717948718
4314.35897435897
4314.35897435897
4314.8717948718
4314.35897435897
4313.84615384615
4316.92307692308
4320
4320
4318.97435897436
4318.97435897436
4319.48717948718
4320
4319.48717948718
4319.48717948718
4320.51282051282
4318.97435897436
4316.41025641026
4317.94871794872
4320.51282051282
4316.92307692308
4311.79487179487
4312.82051282051
4313.84615384615
4312.30769230769
4311.79487179487
4313.33333333333
4312.82051282051
4312.82051282051
4312.82051282051
4312.82051282051
4312.30769230769
4312.30769230769
4312.82051282051
4312.30769230769
4312.82051282051
4317.4358974359
4321.02564102564
4322.5641025641
4321.02564102564
4315.38461538462
4311.28205128205
4309.23076923077
4306.66666666667
4307.69230769231
4313.33333333333
4314.35897435897
4310.76923076923
4310.25641025641
4312.30769230769
4313.33333333333
4312.82051282051
4311.79487179487
4311.28205128205
4313.33333333333
4317.94871794872
4320
4318.97435897436
4318.97435897436
4318.97435897436
4317.94871794872
4317.94871794872
4317.94871794872
4317.94871794872
4317.94871794872
4317.94871794872
4317.94871794872
4317.94871794872
4317.94871794872
4317.94871794872
4317.94871794872
4317.94871794872
4317.94871794872
4317.94871794872
4317.94871794872
4317.94871794872
4317.94871794872
4318.46153846154
4318.97435897436
4318.97435897436
4319.48717948718
4320
4319.48717948718
4319.48717948718
4320
4320
4320
4320
4320
4319.48717948718
4317.94871794872
4317.94871794872
4318.97435897436
4316.41025641026
4310.25641025641
4307.17948717949
4307.69230769231
4307.69230769231
4307.17948717949
4307.69230769231
4308.20512820513
4307.17948717949
4307.17948717949
4310.76923076923
4312.30769230769
4312.30769230769
4316.41025641026
4319.48717948718
4317.94871794872
4317.4358974359
4318.46153846154
4318.46153846154
4319.48717948718
4318.97435897436
4318.46153846154
4319.48717948718
4318.97435897436
4317.94871794872
4319.48717948718
4320.51282051282
4320
4321.02564102564
4319.48717948718
4313.33333333333
4308.71794871795
4305.64102564103
4302.05128205128
4301.02564102564
4302.05128205128
4302.5641025641
4303.07692307692
4303.07692307692
4303.07692307692
4303.07692307692
4302.5641025641
4303.58974358974
4303.07692307692
4302.5641025641
4306.66666666667
4312.82051282051
4314.35897435897
4313.33333333333
4313.33333333333
4313.84615384615
4313.33333333333
4312.82051282051
4312.82051282051
4313.84615384615
4312.82051282051
4312.82051282051
4316.92307692308
4321.02564102564
4320
4318.46153846154
4320
4319.48717948718
4318.97435897436
4320
4320
4319.48717948718
4320
4320.51282051282
4319.48717948718
4320.51282051282
4321.53846153846
4319.48717948718
4322.5641025641
4332.82051282051
4337.4358974359
4332.30769230769
4326.66666666667
4326.66666666667
4328.20512820513
4325.12820512821
4322.5641025641
4324.61538461538
4324.10256410256
4316.92307692308
4308.71794871795
4305.64102564103
4309.74358974359
4310.76923076923
4306.15384615385
4303.07692307692
4302.5641025641
4297.4358974359
4293.33333333333
4298.46153846154
4302.5641025641
4302.5641025641
4308.71794871795
4318.46153846154
4319.48717948718
4322.05128205128
4333.33333333333
4338.97435897436
4336.41025641026
4334.35897435897
4340
4349.74358974359
4350.76923076923
4342.05128205128
4332.82051282051
4323.58974358974
4318.97435897436
4318.46153846154
4316.92307692308
4311.28205128205
4304.61538461538
4300
4295.38461538462
4287.69230769231
4278.46153846154
4269.23076923077
4264.61538461538
4264.61538461538
4267.69230769231
4274.35897435897
4282.5641025641
4283.07692307692
4282.05128205128
4284.10256410256
4281.53846153846
4284.10256410256
4294.35897435897
4302.05128205128
4304.10256410256
4304.61538461538
4304.61538461538
4304.61538461538
4306.66666666667
4312.30769230769
4318.46153846154
4318.97435897436
4317.4358974359
4319.48717948718
4320.51282051282
4319.48717948718
4322.05128205128
4327.17948717949
4326.15384615385
4325.64102564103
4331.79487179487
4337.94871794872
4337.4358974359
4338.97435897436
4346.66666666667
4351.79487179487
4351.28205128205
4350.76923076923
4352.82051282051
4353.33333333333
4351.79487179487
4352.82051282051
4351.28205128205
4349.23076923077
4341.53846153846
4319.48717948718
4311.79487179487
4328.20512820513
4337.4358974359
4341.53846153846
4352.30769230769
4349.74358974359
4336.92307692308
4334.8717948718
4335.38461538462
4331.79487179487
4328.71794871795
4323.07692307692
4323.58974358974
4332.30769230769
4341.02564102564
4343.07692307692
4337.4358974359
4331.28205128205
4325.64102564103
4319.48717948718
4317.4358974359
4319.48717948718
4320
4317.94871794872
4318.46153846154
4318.97435897436
4318.46153846154
4319.48717948718
4319.48717948718
4315.38461538462
4311.28205128205
4312.82051282051
4314.35897435897
4313.84615384615
4313.84615384615
4312.82051282051
4309.23076923077
4308.20512820513
4308.20512820513
4307.69230769231
4310.25641025641
4313.33333333333
4310.25641025641
4306.66666666667
4308.71794871795
4313.84615384615
4314.35897435897
4312.82051282051
4311.79487179487
4309.23076923077
4307.17948717949
4307.69230769231
4307.17948717949
4306.66666666667
4306.66666666667
4306.15384615385
4309.74358974359
4316.92307692308
4315.38461538462
4308.71794871795
4306.15384615385
4308.71794871795
4307.69230769231
4305.64102564103
4308.20512820513
4311.79487179487
4312.30769230769
4311.79487179487
4311.79487179487
4312.30769230769
4313.84615384615
4314.35897435897
4313.84615384615
4313.84615384615
4313.84615384615
4313.84615384615
4313.84615384615
4313.84615384615
4313.84615384615
4313.84615384615
4313.84615384615
4313.84615384615
4313.33333333333
4313.84615384615
4313.84615384615
4313.33333333333
4315.38461538462
4318.46153846154
4319.48717948718
4320
4317.94871794872
4312.30769230769
4311.28205128205
4313.33333333333
4313.33333333333
4312.82051282051
4313.33333333333
4313.33333333333
4313.33333333333
4312.82051282051
4313.33333333333
4314.35897435897
4310.25641025641
4305.64102564103
4309.74358974359
4312.82051282051
4308.20512820513
4307.17948717949
4312.82051282051
4314.35897435897
4309.23076923077
4305.64102564103
4306.66666666667
4308.71794871795
4307.69230769231
4307.69230769231
4308.71794871795
4308.20512820513
4308.71794871795
4308.20512820513
4304.61538461538
4303.58974358974
4304.61538461538
4304.10256410256
4302.5641025641
4303.07692307692
4303.58974358974
4303.07692307692
4303.07692307692
4303.07692307692
4303.07692307692
4303.07692307692
4303.07692307692
4303.07692307692
4303.07692307692
4303.07692307692
4303.58974358974
4303.07692307692
4304.10256410256
4304.10256410256
4298.97435897436
4295.89743589744
4291.79487179487
4282.05128205128
4278.46153846154
4282.5641025641
4281.53846153846
4280.51282051282
4290.25641025641
4301.53846153846
4301.02564102564
4296.92307692308
4298.97435897436
4298.46153846154
4288.71794871795
4285.64102564103
4289.74358974359
4285.64102564103
4279.48717948718
4281.02564102564
4281.02564102564
4278.46153846154
4281.02564102564
4281.02564102564
4279.48717948718
4281.02564102564
4275.89743589744
4265.64102564103
4263.58974358974
4267.17948717949
4266.15384615385
4265.12820512821
4267.17948717949
4267.17948717949
4267.17948717949
4266.15384615385
4265.64102564103
4265.64102564103
4265.64102564103
4266.66666666667
4265.64102564103
4265.64102564103
4267.17948717949
4261.02564102564
4251.28205128205
4248.20512820513
4249.23076923077
4256.92307692308
4268.20512820513
4262.05128205128
4247.17948717949
4250.76923076923
4250.76923076923
4233.84615384615
4228.71794871795
4231.28205128205
4230.76923076923
4241.02564102564
4250.76923076923
4250.25641025641
4258.97435897436
4270.25641025641
4267.17948717949
4266.15384615385
4276.92307692308
4283.07692307692
4282.05128205128
4281.53846153846
4283.58974358974
4290.76923076923
4299.48717948718
4303.07692307692
4301.53846153846
4305.64102564103
4315.89743589744
4321.02564102564
4318.97435897436
4319.48717948718
4323.58974358974
4326.15384615385
4323.58974358974
4320
4319.48717948718
4318.97435897436
4316.92307692308
4317.4358974359
4317.94871794872
4316.92307692308
4316.92307692308
4320
4320
4318.97435897436
4321.53846153846
4324.10256410256
4324.61538461538
4323.58974358974
4320.51282051282
4318.46153846154
4320
4321.53846153846
4320.51282051282
4323.07692307692
4328.71794871795
4333.33333333333
4335.38461538462
4334.8717948718
4337.4358974359
4340.51282051282
4339.48717948718
4339.48717948718
4341.02564102564
4340.51282051282
4341.02564102564
4347.69230769231
4354.35897435897
4349.74358974359
4342.05128205128
4338.46153846154
4331.28205128205
4321.53846153846
4318.46153846154
4318.97435897436
4325.64102564103
4335.38461538462
4329.74358974359
4313.84615384615
4304.61538461538
4298.97435897436
4295.89743589744
4296.92307692308
4297.94871794872
4297.94871794872
4297.94871794872
4297.94871794872
4297.94871794872
4297.4358974359
4297.94871794872
4297.94871794872
4296.92307692308
4297.94871794872
4302.5641025641
4307.17948717949
4306.66666666667
4308.20512820513
4314.8717948718
4319.48717948718
4319.48717948718
4321.02564102564
4329.23076923077
4334.8717948718
4336.41025641026
4336.92307692308
4338.97435897436
4345.64102564103
4352.82051282051
4354.8717948718
4357.4358974359
4365.12820512821
4369.23076923077
4369.23076923077
4372.30769230769
4373.33333333333
4371.28205128205
4371.79487179487
4373.33333333333
4372.82051282051
4372.30769230769
4371.79487179487
4371.79487179487
4372.30769230769
4371.79487179487
4371.28205128205
4372.82051282051
4372.30769230769
4367.17948717949
4365.12820512821
4365.12820512821
4360
4355.38461538462
4354.8717948718
4352.30769230769
4350.76923076923
4352.82051282051
4350.76923076923
4350.76923076923
4356.41025641026
4358.97435897436
4356.41025641026
4356.92307692308
4358.97435897436
4356.92307692308
4355.38461538462
4356.41025641026
4355.38461538462
4355.89743589744
4356.92307692308
4353.84615384615
4351.28205128205
4351.79487179487
4352.30769230769
4350.76923076923
4346.15384615385
4338.97435897436
4338.46153846154
4340.51282051282
4336.92307692308
4333.84615384615
4335.38461538462
4335.89743589744
4334.8717948718
4334.35897435897
4332.82051282051
4328.20512820513
4324.10256410256
4324.10256410256
4324.61538461538
4323.58974358974
4322.5641025641
4323.58974358974
4323.07692307692
4323.07692307692
4324.61538461538
4324.61538461538
4323.58974358974
4323.58974358974
4323.58974358974
4323.58974358974
4323.07692307692
4323.58974358974
4323.58974358974
4322.5641025641
4323.58974358974
4323.58974358974
4321.53846153846
4325.64102564103
4334.8717948718
4337.4358974359
4334.35897435897
4334.35897435897
4333.84615384615
4333.84615384615
4342.5641025641
4352.82051282051
4353.84615384615
4356.92307692308
4368.71794871795
4373.84615384615
4369.74358974359
4369.74358974359
4369.74358974359
4360
4350.25641025641
4343.07692307692
4337.4358974359
4334.8717948718
4332.82051282051
4325.64102564103
4313.84615384615
4302.05128205128
4288.20512820513
4279.48717948718
4277.4358974359
4280.51282051282
4288.71794871795
4299.48717948718
4302.05128205128
4304.10256410256
4315.89743589744
4321.02564102564
4313.33333333333
4310.76923076923
4316.92307692308
4325.12820512821
4334.8717948718
4341.02564102564
4343.07692307692
4350.25641025641
4353.33333333333
4349.74358974359
4350.25641025641
4353.84615384615
4360
4366.15384615385
4368.71794871795
4368.20512820513
4368.20512820513
4367.17948717949
4366.15384615385
4369.74358974359
4371.79487179487
4372.30769230769
4371.79487179487
4371.79487179487
4376.41025641026
4381.53846153846
4383.07692307692
4382.5641025641
4382.5641025641
4383.07692307692
4383.58974358974
4384.10256410256
4382.5641025641
4376.92307692308
4372.82051282051
4371.28205128205
4369.23076923077
4367.17948717949
4364.61538461538
4358.46153846154
4351.79487179487
4352.30769230769
4350.25641025641
4341.02564102564
4333.84615384615
4334.8717948718
4332.82051282051
4323.58974358974
4320
4327.17948717949
4333.33333333333
4333.84615384615
4334.35897435897
4335.89743589744
4335.89743589744
4336.92307692308
4339.48717948718
4344.10256410256
4349.23076923077
4352.30769230769
4351.28205128205
4350.76923076923
4351.79487179487
4350.76923076923
4350.25641025641
4350.76923076923
4351.28205128205
4352.30769230769
4352.82051282051
4345.64102564103
4332.30769230769
4322.05128205128
4319.48717948718
4318.97435897436
4314.35897435897
4308.71794871795
4307.17948717949
4305.12820512821
4301.53846153846
4301.02564102564
4302.05128205128
4301.53846153846
4301.53846153846
4301.53846153846
4301.02564102564
4302.05128205128
4304.10256410256
4303.07692307692
4303.58974358974
4311.79487179487
4318.97435897436
4320
4319.48717948718
4320
4325.64102564103
4333.33333333333
4335.89743589744
4334.35897435897
4331.28205128205
4327.17948717949
4329.23076923077
4333.33333333333
4329.23076923077
4324.61538461538
4328.71794871795
4335.38461538462
4334.8717948718
4326.66666666667
4322.5641025641
4323.58974358974
4323.58974358974
4322.5641025641
4323.07692307692
4323.58974358974
4323.58974358974
4323.58974358974
4323.58974358974
4323.58974358974
4323.58974358974
4323.58974358974
4323.07692307692
4323.58974358974
4323.58974358974
4320.51282051282
4317.94871794872
4320
4317.94871794872
4311.79487179487
4310.76923076923
4310.25641025641
4306.66666666667
4306.15384615385
4307.69230769231
4307.17948717949
4307.17948717949
4308.71794871795
4307.17948717949
4308.71794871795
4311.79487179487
4313.33333333333
4315.89743589744
4321.02564102564
4321.02564102564
4318.46153846154
4320
4319.48717948718
4313.84615384615
4311.79487179487
4313.33333333333
4311.79487179487
4307.69230769231
4303.58974358974
4302.5641025641
4304.10256410256
4304.10256410256
4302.05128205128
4303.07692307692
4303.58974358974
4300
4297.94871794872
4295.89743589744
4287.69230769231
4280
4281.53846153846
4284.61538461538
4281.02564102564
4280
4290.25641025641
4297.4358974359
4292.30769230769
4290.25641025641
4298.46153846154
4304.10256410256
4303.58974358974
4303.58974358974
4303.07692307692
4306.15384615385
4312.30769230769
4314.8717948718
4313.84615384615
4313.84615384615
4314.35897435897
4313.84615384615
4313.84615384615
4313.84615384615
4313.33333333333
4314.35897435897
4313.33333333333
4313.33333333333
4316.92307692308
4321.02564102564
4319.48717948718
4318.46153846154
4320.51282051282
4318.97435897436
4316.92307692308
4317.4358974359
4318.97435897436
4318.46153846154
4318.46153846154
4318.97435897436
4318.97435897436
4318.97435897436
4318.97435897436
4318.97435897436
4318.97435897436
4318.97435897436
4319.48717948718
4318.97435897436
4318.97435897436
4320
4317.94871794872
4313.33333333333
4311.79487179487
4312.82051282051
4313.33333333333
4313.33333333333
4313.33333333333
4312.82051282051
4312.82051282051
4313.33333333333
4312.82051282051
4312.30769230769
4312.82051282051
4309.74358974359
4305.12820512821
4307.17948717949
4310.76923076923
4308.71794871795
4306.15384615385
4309.23076923077
4309.74358974359
4301.02564102564
4295.89743589744
4297.94871794872
4298.46153846154
4296.92307692308
4298.46153846154
4299.48717948718
4298.46153846154
4298.97435897436
4298.97435897436
4298.97435897436
4298.97435897436
4298.97435897436
4298.97435897436
4298.97435897436
4298.46153846154
4298.46153846154
4298.46153846154
4297.94871794872
4299.48717948718
4302.5641025641
4310.76923076923
4318.46153846154
4316.92307692308
4312.30769230769
4311.79487179487
4312.82051282051
4312.82051282051
4313.33333333333
4310.76923076923
4307.69230769231
4308.20512820513
4307.69230769231
4306.66666666667
4307.17948717949
4308.20512820513
4308.71794871795
4307.69230769231
4308.71794871795
4311.28205128205
4313.33333333333
4312.30769230769
4310.25641025641
4310.25641025641
4312.82051282051
4314.35897435897
4313.84615384615
4312.30769230769
4312.82051282051
4312.82051282051
4310.76923076923
4307.69230769231
4307.17948717949
4308.20512820513
4308.71794871795
4308.20512820513
4307.17948717949
4309.23076923077
4311.28205128205
4308.71794871795
4307.69230769231
4311.79487179487
4314.8717948718
4314.35897435897
4312.82051282051
4311.79487179487
4310.76923076923
4309.23076923077
4310.76923076923
4311.28205128205
4308.20512820513
4306.15384615385
4306.66666666667
4308.71794871795
4311.79487179487
4312.82051282051
4311.79487179487
4312.82051282051
4313.84615384615
4313.84615384615
4313.33333333333
4313.33333333333
4312.30769230769
4308.71794871795
4306.66666666667
4308.20512820513
4308.20512820513
4308.20512820513
4308.20512820513
4307.69230769231
4309.74358974359
4312.30769230769
4309.74358974359
4306.66666666667
4308.71794871795
4312.82051282051
4313.84615384615
4312.30769230769
4309.74358974359
4307.69230769231
4307.17948717949
4307.17948717949
4307.17948717949
4307.17948717949
4304.61538461538
4301.53846153846
