
4397.94871794872
4394.35897435897
4396.92307692308
4401.02564102564
4403.58974358974
4408.71794871795
4414.35897435897
4420.51282051282
4427.69230769231
4426.66666666667
4427.69230769231
4440
4446.15384615385
4442.5641025641
4443.58974358974
4443.58974358974
4440.51282051282
4439.48717948718
4441.02564102564
4441.53846153846
4440
4433.33333333333
4427.17948717949
4433.33333333333
4441.53846153846
4435.38461538462
4429.23076923077
4431.79487179487
4430.76923076923
4432.82051282051
4440
4434.35897435897
4425.12820512821
4427.69230769231
4428.20512820513
4420.51282051282
4419.48717948718
4417.94871794872
4414.35897435897
4420.51282051282
4426.15384615385
4423.07692307692
4421.53846153846
4428.71794871795
4429.74358974359
4422.5641025641
4418.97435897436
4418.97435897436
4417.94871794872
4414.35897435897
4412.30769230769
4412.30769230769
4413.33333333333
4415.89743589744
4413.33333333333
4407.69230769231
4407.69230769231
4411.79487179487
4408.71794871795
4404.61538461538
4403.07692307692
4395.38461538462
4389.23076923077
4395.38461538462
4396.41025641026
4388.20512820513
4384.10256410256
4378.97435897436
4372.30769230769
4373.33333333333
4372.30769230769
4371.28205128205
4377.94871794872
4378.46153846154
4367.69230769231
4361.53846153846
4367.69230769231
4377.4358974359
4384.10256410256
4382.5641025641
4380
4390.25641025641
4394.8717948718
4384.61538461538
4377.4358974359
4380
4381.02564102564
4380
4381.02564102564
4386.15384615385
4396.41025641026
4402.05128205128
4398.46153846154
4392.30769230769
4383.58974358974
4379.48717948718
4389.23076923077
4402.5641025641
4404.10256410256
4399.48717948718
4399.48717948718
4401.53846153846
4402.05128205128
4401.53846153846
4400.51282051282
4395.38461538462
4387.69230769231
4386.66666666667
4389.74358974359
4386.66666666667
4382.05128205128
4381.53846153846
4382.05128205128
4379.48717948718
4381.02564102564
4388.20512820513
4391.28205128205
4384.61538461538
4375.89743589744
4373.33333333333
4376.92307692308
4381.02564102564
4382.05128205128
4380.51282051282
4381.53846153846
4382.5641025641
4381.53846153846
4384.61538461538
4390.25641025641
4389.23076923077
4384.61538461538
4378.97435897436
4375.89743589744
4381.53846153846
4390.25641025641
4391.28205128205
4395.89743589744
4403.58974358974
4402.05128205128
4398.46153846154
4398.46153846154
4397.94871794872
4395.89743589744
4391.28205128205
4386.66666666667
4387.17948717949
4390.25641025641
4388.71794871795
4387.69230769231
4384.61538461538
4373.84615384615
4367.17948717949
4373.84615384615
4382.05128205128
4384.10256410256
4386.15384615385
4387.69230769231
4383.58974358974
4386.15384615385
4395.89743589744
4397.94871794872
4391.79487179487
4384.61538461538
4383.07692307692
4390.25641025641
4397.4358974359
4398.46153846154
4399.48717948718
4400.51282051282
4397.4358974359
4395.38461538462
4394.8717948718
4397.4358974359
4397.4358974359
4393.84615384615
4400.51282051282
4405.64102564103
4399.48717948718
4403.07692307692
4415.89743589744
4415.38461538462
4407.17948717949
4405.64102564103
4406.15384615385
4400
4390.25641025641
4392.82051282051
4406.15384615385
4413.33333333333
4413.84615384615
4416.41025641026
4415.89743589744
4408.71794871795
4403.58974358974
4410.25641025641
4415.89743589744
4414.8717948718
4415.89743589744
4418.97435897436
4419.48717948718
4420
4420.51282051282
4421.02564102564
4417.4358974359
4413.84615384615
4415.89743589744
4421.53846153846
4420.51282051282
4413.84615384615
4411.28205128205
4410.25641025641
4405.12820512821
4403.58974358974
4411.28205128205
4418.97435897436
4416.92307692308
4414.8717948718
4419.48717948718
4427.17948717949
4428.20512820513
4420.51282051282
4419.48717948718
4426.66666666667
4429.74358974359
4429.74358974359
4430.25641025641
4429.74358974359
4434.35897435897
4440
4440.51282051282
4442.5641025641
4444.61538461538
4440
4435.89743589744
4432.82051282051
4427.17948717949
4435.38461538462
4455.38461538462
4465.12820512821
4460
4455.89743589744
4460
4456.92307692308
4443.58974358974
4432.30769230769
4429.74358974359
4433.33333333333
4435.89743589744
4434.8717948718
4433.84615384615
4432.82051282051
4426.66666666667
4424.10256410256
4422.05128205128
4412.82051282051
4411.79487179487
4424.61538461538
4431.79487179487
4431.28205128205
4437.94871794872
4445.64102564103
4438.46153846154
4430.25641025641
4432.82051282051
4428.71794871795
4416.41025641026
4417.94871794872
4429.23076923077
4432.30769230769
4428.20512820513
4429.23076923077
4426.66666666667
4411.79487179487
4405.64102564103
4413.84615384615
4415.89743589744
4415.38461538462
4425.12820512821
4429.23076923077
4426.15384615385
4428.20512820513
4427.69230769231
4423.07692307692
4418.46153846154
4414.35897435897
4419.48717948718
4429.23076923077
4429.74358974359
4425.64102564103
4430.25641025641
4432.82051282051
4419.48717948718
4412.30769230769
4422.05128205128
4425.12820512821
4416.41025641026
4418.97435897436
4429.74358974359
4432.30769230769
4431.79487179487
4431.28205128205
4430.76923076923
4428.20512820513
4422.05128205128
4413.84615384615
4414.8717948718
4420
4412.82051282051
4404.10256410256
4400
4390.25641025641
4378.46153846154
4375.89743589744
4372.30769230769
4369.23076923077
4374.8717948718
4380
4383.58974358974
4381.02564102564
4373.84615384615
4377.94871794872
4384.10256410256
4375.89743589744
4372.30769230769
4383.07692307692
4383.58974358974
4375.89743589744
4387.17948717949
4396.92307692308
4386.66666666667
4380.51282051282
4386.15384615385
4386.15384615385
4379.48717948718
4385.12820512821
4396.41025641026
4401.53846153846
4402.5641025641
4401.02564102564
4397.94871794872
4395.89743589744
4396.92307692308
4396.92307692308
4395.89743589744
4395.38461538462
4394.8717948718
4395.89743589744
4397.4358974359
4393.84615384615
4383.58974358974
4378.46153846154
4380
4374.35897435897
4363.58974358974
4364.61538461538
4375.38461538462
4382.05128205128
4383.07692307692
4382.5641025641
4376.92307692308
4366.15384615385
4362.5641025641
4364.10256410256
4367.69230769231
4371.79487179487
4372.82051282051
4373.84615384615
4380
4383.58974358974
4381.53846153846
4382.05128205128
4384.10256410256
4383.07692307692
4384.61538461538
4391.79487179487
4397.94871794872
4398.46153846154
4396.92307692308
4403.07692307692
4410.76923076923
4404.61538461538
4392.82051282051
4393.33333333333
4401.02564102564
4396.41025641026
4387.17948717949
4390.25641025641
4397.94871794872
4399.48717948718
4398.46153846154
4397.4358974359
4390.76923076923
4384.61538461538
4380
4384.61538461538
4396.92307692308
4400.51282051282
4393.84615384615
4390.76923076923
4395.38461538462
4399.48717948718
4395.89743589744
4388.71794871795
4392.30769230769
4400
4396.92307692308
4395.38461538462
4400
4394.8717948718
4385.64102564103
4382.5641025641
4377.94871794872
4372.82051282051
4369.74358974359
4367.17948717949
4371.79487179487
4379.48717948718
4382.05128205128
4381.53846153846
4382.5641025641
4386.15384615385
4384.61538461538
4376.92307692308
4373.33333333333
4371.28205128205
4368.20512820513
4375.89743589744
4385.12820512821
4382.5641025641
4378.97435897436
4375.89743589744
4371.79487179487
4376.41025641026
4377.4358974359
4369.23076923077
4368.20512820513
4378.46153846154
4384.61538461538
4381.02564102564
4382.05128205128
4389.74358974359
4388.71794871795
4379.48717948718
4378.97435897436
4384.10256410256
4382.05128205128
4384.10256410256
4395.89743589744
4403.07692307692
4394.8717948718
4383.58974358974
4382.5641025641
4379.48717948718
4371.28205128205
4371.79487179487
4381.02564102564
4391.28205128205
4398.46153846154
4399.48717948718
4392.82051282051
4384.61538461538
4380.51282051282
4386.66666666667
4397.94871794872
4395.89743589744
4388.71794871795
4392.30769230769
4398.97435897436
4396.41025641026
4390.76923076923
4387.69230769231
4383.58974358974
4383.58974358974
4388.20512820513
4387.17948717949
4386.15384615385
4393.84615384615
4403.58974358974
4406.66666666667
4400.51282051282
4390.76923076923
4391.79487179487
4397.94871794872
4396.92307692308
4395.38461538462
4399.48717948718
4404.10256410256
4401.53846153846
4396.41025641026
4395.89743589744
4401.02564102564
4396.92307692308
4385.12820512821
4379.48717948718
4381.02564102564
4382.05128205128
4383.58974358974
4388.71794871795
4392.30769230769
4390.25641025641
4385.12820512821
4378.46153846154
4373.84615384615
4372.30769230769
4367.17948717949
4364.10256410256
4372.82051282051
4381.02564102564
4381.02564102564
4384.10256410256
4383.07692307692
4371.28205128205
4367.17948717949
4373.84615384615
4375.38461538462
4374.8717948718
4378.46153846154
4383.58974358974
4385.12820512821
4377.4358974359
4368.20512820513
4368.71794871795
4366.15384615385
4357.94871794872
4363.58974358974
4373.84615384615
4374.8717948718
4378.97435897436
4386.66666666667
4385.64102564103
4382.05128205128
4383.07692307692
4381.02564102564
4386.15384615385
4393.84615384615
4393.84615384615
4385.12820512821
4375.89743589744
4375.89743589744
4381.53846153846
4385.12820512821
4386.15384615385
4389.23076923077
4391.28205128205
4384.61538461538
4381.02564102564
4389.74358974359
4395.38461538462
4388.20512820513
4388.71794871795
4399.48717948718
4397.94871794872
4388.71794871795
4386.66666666667
4385.12820512821
4382.5641025641
4382.05128205128
4382.05128205128
4383.58974358974
4386.66666666667
4389.23076923077
4387.69230769231
4384.10256410256
4380.51282051282
4379.48717948718
4388.20512820513
4394.35897435897
4389.74358974359
4391.28205128205
4393.84615384615
4384.10256410256
4376.92307692308
4382.5641025641
4386.66666666667
4391.28205128205
4398.97435897436
4400
4395.38461538462
4391.79487179487
4393.33333333333
4394.8717948718
4393.84615384615
4398.97435897436
4407.17948717949
4413.84615384615
4421.02564102564
4421.02564102564
4413.33333333333
4408.71794871795
4405.12820512821
4398.46153846154
4399.48717948718
4405.64102564103
4401.53846153846
4395.38461538462
4395.89743589744
4400
4406.15384615385
4411.79487179487
4411.79487179487
4412.82051282051
4411.79487179487
4402.5641025641
4395.89743589744
4398.46153846154
4394.8717948718
4386.15384615385
4388.20512820513
4390.25641025641
4384.61538461538
4386.15384615385
4393.33333333333
4387.69230769231
4377.94871794872
4381.53846153846
4381.53846153846
4368.71794871795
4360.51282051282
4368.20512820513
4377.94871794872
4380.51282051282
4385.12820512821
4389.74358974359
4389.74358974359
4391.79487179487
4400
4398.46153846154
4391.28205128205
4391.79487179487
4391.28205128205
4384.61538461538
4382.5641025641
4390.76923076923
4397.4358974359
4397.4358974359
4403.58974358974
4415.38461538462
4414.35897435897
4405.12820512821
4404.61538461538
4402.5641025641
4394.8717948718
4396.41025641026
4402.5641025641
4402.05128205128
4405.12820512821
4411.79487179487
4409.74358974359
4397.94871794872
4389.23076923077
4387.17948717949
4385.12820512821
4381.02564102564
4378.97435897436
4380
4380
4383.07692307692
4393.33333333333
4398.97435897436
4398.46153846154
4398.46153846154
4399.48717948718
4397.94871794872
4397.4358974359
4397.4358974359
4400
4406.15384615385
4408.20512820513
4404.61538461538
4405.64102564103
4408.20512820513
4402.5641025641
4402.05128205128
4411.79487179487
4414.35897435897
4406.66666666667
4407.17948717949
4413.33333333333
4413.84615384615
4414.8717948718
4422.05128205128
4426.15384615385
4427.17948717949
4432.30769230769
4435.38461538462
4428.71794871795
4419.48717948718
4421.53846153846
4426.66666666667
4424.61538461538
4424.61538461538
4426.66666666667
4425.64102564103
4425.64102564103
4430.25641025641
4425.12820512821
4418.46153846154
4428.20512820513
4442.05128205128
4445.12820512821
4445.12820512821
4441.53846153846
4428.71794871795
4430.76923076923
4440
4431.79487179487
4427.69230769231
4442.5641025641
4443.58974358974
4429.23076923077
4426.15384615385
4427.17948717949
4419.48717948718
4411.79487179487
4413.33333333333
4419.48717948718
4420.51282051282
4416.92307692308
4422.05128205128
4430.76923076923
4425.12820512821
4420
4428.71794871795
4433.84615384615
4428.71794871795
4427.69230769231
4429.23076923077
4432.82051282051
4434.8717948718
4428.71794871795
4425.64102564103
4425.12820512821
4413.84615384615
4405.64102564103
4408.71794871795
4414.35897435897
4417.4358974359
4413.84615384615
4409.74358974359
4407.69230769231
4402.05128205128
4401.02564102564
4405.12820512821
4400.51282051282
4393.84615384615
4397.4358974359
4397.94871794872
4391.28205128205
4389.23076923077
4388.20512820513
4385.64102564103
4382.05128205128
4376.41025641026
4377.94871794872
4388.20512820513
4397.94871794872
4398.97435897436
4398.97435897436
4398.97435897436
4393.33333333333
4384.10256410256
4386.15384615385
4392.82051282051
4390.76923076923
4388.20512820513
4395.38461538462
4402.5641025641
4406.66666666667
4406.66666666667
4397.94871794872
4390.76923076923
4394.8717948718
4398.97435897436
4392.30769230769
4385.64102564103
4397.94871794872
4413.33333333333
4413.33333333333
4411.28205128205
4414.35897435897
4413.33333333333
4412.30769230769
4413.84615384615
4414.8717948718
4414.35897435897
4411.28205128205
4409.74358974359
4413.33333333333
4420
4424.10256410256
4425.12820512821
4425.64102564103
4428.71794871795
4428.20512820513
4421.53846153846
4420
4420.51282051282
4415.38461538462
4416.41025641026
4428.71794871795
4430.25641025641
4419.48717948718
4420
4422.5641025641
4418.46153846154
4420
4428.20512820513
4427.69230769231
4417.4358974359
4409.74358974359
4409.74358974359
4415.38461538462
4419.48717948718
4421.53846153846
4423.58974358974
4420
4417.94871794872
4424.10256410256
4430.76923076923
4430.25641025641
4423.58974358974
4414.35897435897
4411.28205128205
4414.35897435897
4413.84615384615
4411.79487179487
4411.28205128205
4414.35897435897
4423.58974358974
4424.61538461538
4413.84615384615
4412.82051282051
4426.66666666667
4431.28205128205
4420
4416.41025641026
4426.66666666667
4430.76923076923
4430.25641025641
4437.94871794872
4443.58974358974
4442.05128205128
4440.51282051282
4442.5641025641
4448.20512820513
4444.61538461538
4429.74358974359
4424.61538461538
4431.79487179487
4432.30769230769
4427.17948717949
4426.15384615385
4427.69230769231
4428.71794871795
4426.66666666667
4420.51282051282
4417.94871794872
4423.58974358974
4427.17948717949
4423.58974358974
4418.97435897436
4413.84615384615
4406.66666666667
4399.48717948718
4395.89743589744
4395.89743589744
4396.92307692308
4395.38461538462
4397.94871794872
4406.15384615385
4404.61538461538
4403.58974358974
4411.79487179487
4412.30769230769
4407.69230769231
4409.23076923077
4417.94871794872
4425.12820512821
4423.58974358974
4414.35897435897
4411.79487179487
4415.38461538462
4413.84615384615
4411.79487179487
4411.79487179487
4412.30769230769
4414.8717948718
4413.33333333333
4410.76923076923
4415.89743589744
4418.97435897436
4410.25641025641
4409.23076923077
4423.07692307692
4426.66666666667
4420
4419.48717948718
4416.41025641026
4412.30769230769
4420
4425.12820512821
4414.8717948718
4410.25641025641
4414.35897435897
4414.35897435897
4410.25641025641
4407.69230769231
4407.69230769231
4410.76923076923
4410.25641025641
4405.12820512821
4402.5641025641
4399.48717948718
4401.02564102564
4411.79487179487
4417.94871794872
4417.4358974359
4422.5641025641
4424.10256410256
4414.8717948718
4410.25641025641
4412.82051282051
4412.30769230769
4410.25641025641
4409.23076923077
4409.74358974359
4414.35897435897
4416.41025641026
4413.33333333333
4411.79487179487
4409.23076923077
4409.23076923077
4411.28205128205
4412.82051282051
4420
4424.61538461538
4420.51282051282
4421.53846153846
4426.66666666667
4420
4415.38461538462
4420.51282051282
4417.94871794872
4408.71794871795
4402.5641025641
4410.25641025641
4425.12820512821
4428.20512820513
4427.17948717949
4428.20512820513
4425.12820512821
4423.58974358974
4430.76923076923
4435.89743589744
4432.82051282051
4432.82051282051
4440
4447.69230769231
4446.66666666667
4442.05128205128
4437.94871794872
4431.79487179487
4428.20512820513
4428.20512820513
4426.66666666667
4428.20512820513
4435.89743589744
4442.05128205128
4441.53846153846
4440.51282051282
4441.53846153846
4441.02564102564
4443.07692307692
4447.17948717949
4442.5641025641
4443.07692307692
4451.79487179487
4452.30769230769
4452.82051282051
4461.02564102564
4462.05128205128
4457.94871794872
4460.51282051282
4456.92307692308
4445.12820512821
4440
4441.02564102564
4444.61538461538
4446.15384615385
4445.12820512821
4444.61538461538
4440.51282051282
4430.76923076923
4424.61538461538
4427.69230769231
4431.28205128205
4423.58974358974
4410.76923076923
4408.20512820513
4410.76923076923
4409.74358974359
4409.23076923077
4413.33333333333
4417.94871794872
4416.92307692308
4413.84615384615
4410.76923076923
4405.64102564103
4403.58974358974
4401.02564102564
4393.84615384615
4390.25641025641
4396.92307692308
4409.23076923077
4412.82051282051
4398.97435897436
4387.17948717949
4400
4415.38461538462
4413.84615384615
4406.66666666667
4404.10256410256
4405.64102564103
4404.10256410256
4398.97435897436
4394.8717948718
4396.41025641026
4397.94871794872
4394.35897435897
4389.23076923077
4387.17948717949
4388.71794871795
4394.35897435897
4396.41025641026
4390.76923076923
4384.10256410256
4383.07692307692
4382.05128205128
4380
4380.51282051282
4381.02564102564
4379.48717948718
4378.97435897436
4382.05128205128
4382.05128205128
4379.48717948718
4385.12820512821
4388.71794871795
4383.07692307692
4379.48717948718
4380
4380.51282051282
4381.53846153846
4382.5641025641
4382.5641025641
4381.53846153846
4380
4388.20512820513
4398.97435897436
4393.33333333333
4381.02564102564
4380
4382.5641025641
4383.58974358974
4386.66666666667
4386.15384615385
4382.05128205128
4386.66666666667
4395.38461538462
4387.69230769231
4371.79487179487
4371.28205128205
4381.02564102564
4380.51282051282
4371.79487179487
4366.66666666667
4371.79487179487
4374.8717948718
4371.28205128205
4370.76923076923
4370.76923076923
4370.25641025641
4378.46153846154
4386.15384615385
4378.97435897436
4371.28205128205
4376.92307692308
4381.53846153846
4376.41025641026
4370.25641025641
4362.5641025641
4360
4366.66666666667
4369.23076923077
4366.15384615385
4367.69230769231
4374.35897435897
4381.02564102564
4384.10256410256
4376.92307692308
4368.20512820513
4366.66666666667
4364.61538461538
4363.07692307692
4364.10256410256
4367.69230769231
4367.69230769231
4365.12820512821
4370.25641025641
4381.53846153846
4384.61538461538
4374.35897435897
4365.64102564103
4368.71794871795
4372.30769230769
4367.69230769231
4363.07692307692
4368.71794871795
4375.38461538462
4374.8717948718
4367.17948717949
4359.48717948718
4353.84615384615
4349.74358974359
4350.76923076923
4355.38461538462
4353.33333333333
4349.23076923077
4347.17948717949
4342.05128205128
4336.92307692308
4338.97435897436
4341.02564102564
4340.51282051282
4344.61538461538
4353.33333333333
4359.48717948718
4353.84615384615
4341.53846153846
4340.51282051282
4344.61538461538
4342.5641025641
4338.97435897436
4343.58974358974
4349.23076923077
4350.76923076923
4352.30769230769
4349.23076923077
4343.58974358974
4349.23076923077
4363.58974358974
4363.07692307692
4350.25641025641
4352.82051282051
4360
4353.84615384615
4349.74358974359
4357.94871794872
4364.61538461538
4368.20512820513
4371.28205128205
4365.12820512821
4361.53846153846
4367.69230769231
4366.66666666667
4365.12820512821
4376.41025641026
4386.66666666667
4384.61538461538
4382.5641025641
4385.12820512821
4393.33333333333
4404.10256410256
4403.58974358974
4395.38461538462
4401.02564102564
4410.76923076923
4407.69230769231
4401.02564102564
4398.97435897436
4396.41025641026
4391.79487179487
4395.38461538462
4406.15384615385
4414.8717948718
4415.38461538462
4411.28205128205
4411.79487179487
4409.23076923077
4402.5641025641
4395.89743589744
4396.92307692308
4408.71794871795
4408.20512820513
4391.79487179487
4388.20512820513
4400.51282051282
4402.05128205128
4395.89743589744
4398.46153846154
4398.97435897436
4391.79487179487
4390.25641025641
4403.58974358974
4412.30769230769
4410.25641025641
4411.28205128205
4413.33333333333
4412.30769230769
4407.69230769231
4402.5641025641
4402.5641025641
4407.69230769231
4411.28205128205
4418.97435897436
4428.71794871795
4427.69230769231
4425.12820512821
4428.20512820513
4427.17948717949
4425.64102564103
4426.66666666667
4431.28205128205
4440.51282051282
4444.10256410256
4440
4443.07692307692
4443.07692307692
4430.76923076923
4430.25641025641
4441.53846153846
4441.02564102564
4440.51282051282
4448.20512820513
4447.17948717949
4442.05128205128
4440.51282051282
4440.51282051282
4438.46153846154
4429.74358974359
4430.76923076923
4442.05128205128
4440.51282051282
4435.89743589744
4442.5641025641
4446.15384615385
4440
4433.84615384615
4429.74358974359
4428.71794871795
4428.71794871795
4427.69230769231
4427.69230769231
4425.64102564103
4431.79487179487
4441.53846153846
4439.48717948718
4433.33333333333
4437.94871794872
4443.58974358974
4443.58974358974
4443.58974358974
4442.5641025641
4441.02564102564
4440.51282051282
4440.51282051282
4440.51282051282
4441.53846153846
4441.53846153846
4439.48717948718
4442.05128205128
4446.15384615385
4444.10256410256
4440.51282051282
4440.51282051282
4436.41025641026
4426.15384615385
4427.69230769231
4438.97435897436
4438.97435897436
4429.23076923077
4427.17948717949
4430.76923076923
4425.64102564103
4418.46153846154
4417.94871794872
4422.5641025641
4418.97435897436
4404.61538461538
4400.51282051282
4409.23076923077
4413.33333333333
