P7
4641.53846153846
4637.4358974359
4631.28205128205
4634.8717948718
4643.58974358974
4643.07692307692
4641.02564102564
4641.02564102564
4639.48717948718
4642.5641025641
4648.20512820513
4649.23076923077
4652.82051282051
4657.94871794872
4652.30769230769
4641.02564102564
4638.46153846154
4646.15384615385
4649.23076923077
4646.15384615385
4644.61538461538
4640.51282051282
4633.84615384615
4638.46153846154
4650.25641025641
4648.71794871795
4640.51282051282
4638.97435897436
4642.5641025641
4647.69230769231
4648.71794871795
4644.10256410256
4639.48717948718
4641.53846153846
4645.12820512821
4647.17948717949
4653.33333333333
4653.84615384615
4646.15384615385
4648.71794871795
4657.94871794872
4654.8717948718
4648.20512820513
4656.92307692308
4663.58974358974
4655.38461538462
4646.66666666667
4646.66666666667
4649.74358974359
4652.30769230769
4645.12820512821
4638.97435897436
4649.23076923077
4657.94871794872
4651.28205128205
4642.5641025641
4644.10256410256
4648.71794871795
4646.66666666667
4648.71794871795
4654.8717948718
4652.30769230769
4648.20512820513
4657.94871794872
4663.07692307692
4660.51282051282
4662.5641025641
4658.97435897436
4658.46153846154
4664.10256410256
4659.48717948718
4652.82051282051
4657.4358974359
4658.46153846154
4649.74358974359
4646.66666666667
4648.20512820513
4652.82051282051
4657.94871794872
4652.82051282051
4646.66666666667
4656.41025641026
4659.48717948718
4645.12820512821
4644.10256410256
4657.94871794872
4660
4651.28205128205
4647.17948717949
4652.30769230769
4662.05128205128
4666.15384615385
4663.07692307692
4658.97435897436
4655.38461538462
4655.38461538462
4658.46153846154
4665.12820512821
4667.17948717949
4662.05128205128
4665.64102564103
4672.30769230769
4665.64102564103
4664.61538461539
4672.82051282051
4668.20512820513
4661.53846153846
4673.84615384615
4681.02564102564
4676.92307692308
4674.8717948718
4668.20512820513
4663.58974358974
4672.30769230769
4680
4675.38461538462
4668.20512820513
4663.58974358974
4657.94871794872
4657.4358974359
4663.07692307692
4666.15384615385
4666.15384615385
4666.66666666667
4660
4654.8717948718
4661.53846153846
4666.66666666667
4662.5641025641
4661.02564102564
4658.97435897436
4650.76923076923
4646.15384615385
4649.74358974359
4655.38461538462
4658.46153846154
4661.53846153846
4662.05128205128
4656.92307692308
4654.8717948718
4659.48717948718
4658.46153846154
4651.28205128205
4648.71794871795
4649.74358974359
4646.66666666667
4644.10256410256
4651.28205128205
4657.94871794872
4650.76923076923
4640
4643.58974358974
4654.8717948718
4659.48717948718
4663.07692307692
4672.82051282051
4675.89743589744
4665.12820512821
4660.51282051282
4664.10256410256
4667.17948717949
4668.20512820513
4656.41025641026
4648.20512820513
4659.48717948718
4669.23076923077
4661.53846153846
4659.48717948718
4661.53846153846
4652.30769230769
4645.64102564103
4648.20512820513
4654.8717948718
4653.33333333333
4646.15384615385
4646.66666666667
4650.25641025641
4647.69230769231
4645.64102564103
4650.76923076923
4651.28205128205
4648.20512820513
4648.71794871795
4650.25641025641
4642.5641025641
4632.82051282051
4634.8717948718
4640
4640
4647.17948717949
4656.92307692308
4655.89743589744
4648.71794871795
4642.5641025641
4643.07692307692
4653.84615384615
4654.8717948718
4647.69230769231
4653.33333333333
4655.38461538462
4648.71794871795
4656.92307692308
4667.69230769231
4660.51282051282
4654.8717948718
4659.48717948718
4658.46153846154
4652.82051282051
4647.69230769231
4644.61538461538
4646.66666666667
4648.71794871795
4646.66666666667
4651.28205128205
4656.92307692308
4652.30769230769
4647.69230769231
4648.71794871795
4649.74358974359
4650.76923076923
4642.05128205128
4632.30769230769
4641.02564102564
4651.28205128205
4645.64102564103
4641.02564102564
4642.5641025641
4638.46153846154
4640
4648.20512820513
4649.23076923077
4647.17948717949
4650.25641025641
4653.33333333333
4643.07692307692
4630.76923076923
4634.8717948718
4649.74358974359
4658.46153846154
4655.89743589744
4651.28205128205
4651.28205128205
4648.71794871795
4642.5641025641
4644.61538461538
4650.25641025641
4648.20512820513
4643.58974358974
4644.10256410256
4647.17948717949
4649.23076923077
4644.61538461538
4639.48717948718
4638.97435897436
4633.33333333333
4629.23076923077
4640
4651.28205128205
4649.74358974359
4647.17948717949
4650.76923076923
4649.23076923077
4641.53846153846
4643.07692307692
4645.64102564103
4635.89743589744
4631.28205128205
4643.07692307692
4651.28205128205
4646.66666666667
4640
4634.8717948718
4631.28205128205
4634.35897435897
4639.48717948718
4642.5641025641
4642.5641025641
4643.07692307692
4643.58974358974
4643.07692307692
4649.23076923077
4657.4358974359
4656.92307692308
4654.8717948718
4658.97435897436
4666.15384615385
4671.28205128205
4665.64102564103
4657.94871794872
4667.69230769231
4673.84615384615
4658.46153846154
4649.23076923077
4655.89743589744
4657.94871794872
4654.35897435897
4655.89743589744
4659.48717948718
4662.5641025641
4664.10256410256
4664.10256410256
4664.61538461539
4664.10256410256
4658.46153846154
4649.23076923077
4649.23076923077
4660.51282051282
4664.61538461539
4657.4358974359
4650.25641025641
4646.66666666667
4646.66666666667
4646.66666666667
4648.71794871795
4651.28205128205
4648.71794871795
4650.25641025641
4655.38461538462
4655.38461538462
4656.41025641026
4661.53846153846
4654.8717948718
4640.51282051282
4641.02564102564
4649.74358974359
4643.07692307692
4635.38461538462
4646.66666666667
4644.61538461538
4630.76923076923
4640.51282051282
4652.30769230769
4643.58974358974
4641.02564102564
4648.71794871795
4650.25641025641
4653.84615384615
4662.5641025641
4660
4649.23076923077
4643.58974358974
4648.20512820513
4656.41025641026
4651.28205128205
4646.15384615385
4654.8717948718
4660.51282051282
4655.38461538462
4651.79487179487
4651.79487179487
4646.66666666667
4647.17948717949
4649.74358974359
4643.58974358974
4642.5641025641
4652.30769230769
4658.97435897436
4655.89743589744
4650.76923076923
4648.20512820513
4647.17948717949
4648.20512820513
4649.23076923077
4649.23076923077
4648.71794871795
4646.66666666667
4650.25641025641
4655.89743589744
4653.84615384615
4642.5641025641
4639.48717948718
4650.76923076923
4659.48717948718
4655.89743589744
4654.35897435897
4660
4655.89743589744
4646.66666666667
4653.33333333333
4660
4650.25641025641
4641.02564102564
4644.61538461538
4651.28205128205
4645.64102564103
4633.33333333333
4635.89743589744
4647.17948717949
4644.61538461538
4638.46153846154
4640.51282051282
4642.05128205128
4643.58974358974
4642.5641025641
4637.4358974359
4642.5641025641
4651.79487179487
4648.71794871795
4642.05128205128
4645.12820512821
4648.20512820513
4642.5641025641
4636.92307692308
4642.5641025641
4650.25641025641
4649.23076923077
4650.25641025641
4653.84615384615
4647.69230769231
4639.48717948718
4639.48717948718
4641.53846153846
4640
4634.35897435897
4629.74358974359
4630.76923076923
4635.38461538462
4639.48717948718
4642.05128205128
4643.58974358974
4648.71794871795
4648.71794871795
4638.46153846154
4631.28205128205
4632.30769230769
4631.28205128205
4631.79487179487
4640.51282051282
4644.61538461538
4636.41025641026
4631.28205128205
4638.97435897436
4645.12820512821
4637.94871794872
4628.20512820513
4630.25641025641
4637.4358974359
4639.48717948718
4631.28205128205
4626.66666666667
4636.92307692308
4641.53846153846
4629.23076923077
4629.23076923077
4646.15384615385
4645.64102564103
4632.30769230769
4638.46153846154
4651.28205128205
4646.15384615385
4633.33333333333
4634.35897435897
4639.48717948718
4628.71794871795
4622.05128205128
4636.41025641026
4653.33333333333
4654.35897435897
4651.28205128205
4649.23076923077
4638.97435897436
4629.74358974359
4639.48717948718
4652.30769230769
4648.71794871795
4637.4358974359
4642.05128205128
4648.71794871795
4640
4628.20512820513
4630.76923076923
4637.94871794872
4641.53846153846
4642.05128205128
4639.48717948718
4642.05128205128
4648.71794871795
4650.76923076923
4650.76923076923
4649.74358974359
4643.58974358974
4645.64102564103
4656.41025641026
4654.35897435897
4647.17948717949
4655.89743589744
4665.12820512821
4657.4358974359
4649.74358974359
4648.71794871795
4648.71794871795
4646.66666666667
4637.4358974359
4630.76923076923
4637.94871794872
4643.07692307692
4633.33333333333
4632.82051282051
4644.10256410256
4641.02564102564
4629.23076923077
4628.71794871795
4633.84615384615
4632.30769230769
4626.66666666667
4628.20512820513
4636.92307692308
4642.05128205128
4645.12820512821
4652.30769230769
4644.61538461538
4630.76923076923
4636.41025641026
4645.64102564103
4644.10256410256
4643.58974358974
4647.17948717949
4650.76923076923
4653.84615384615
4651.28205128205
4647.17948717949
4648.71794871795
4649.23076923077
4644.10256410256
4644.61538461538
4653.84615384615
4658.46153846154
4657.4358974359
4661.53846153846
4662.05128205128
4656.41025641026
4657.4358974359
4657.4358974359
4654.35897435897
4661.02564102564
4664.10256410256
4649.74358974359
4634.35897435897
4640
4646.66666666667
4641.53846153846
4640.51282051282
4649.74358974359
4653.84615384615
4640.51282051282
4630.25641025641
4635.89743589744
4640
4635.38461538462
4639.48717948718
4650.25641025641
4648.71794871795
4643.58974358974
4640.51282051282
4640
4646.15384615385
4646.66666666667
4643.58974358974
4646.15384615385
4649.23076923077
4648.20512820513
4647.17948717949
4642.5641025641
4636.41025641026
4639.48717948718
4649.23076923077
4650.25641025641
4647.69230769231
4650.76923076923
4645.12820512821
4631.28205128205
4633.84615384615
4645.64102564103
4646.66666666667
4644.10256410256
4649.74358974359
4651.28205128205
4643.07692307692
4638.46153846154
4642.5641025641
4646.15384615385
4644.61538461538
4645.64102564103
4653.33333333333
4660.51282051282
4661.53846153846
4659.48717948718
4660
4653.33333333333
4641.02564102564
4639.48717948718
4646.66666666667
4648.71794871795
4643.07692307692
4641.53846153846
4646.15384615385
4648.71794871795
4648.71794871795
4648.71794871795
4649.74358974359
4651.28205128205
4645.64102564103
4636.41025641026
4638.46153846154
4646.66666666667
4644.10256410256
4637.4358974359
4640
4642.05128205128
4636.41025641026
4637.94871794872
4646.66666666667
4640
4631.28205128205
4643.58974358974
4649.74358974359
4633.84615384615
4627.17948717949
4637.94871794872
4642.5641025641
4642.5641025641
4646.66666666667
4647.69230769231
4643.07692307692
4644.61538461538
4649.74358974359
4647.69230769231
4647.69230769231
4647.69230769231
4635.89743589744
4630.76923076923
4642.05128205128
4649.74358974359
4648.20512820513
4645.12820512821
4644.61538461538
4650.76923076923
4652.82051282051
4643.58974358974
4646.15384615385
4651.28205128205
4635.89743589744
4627.69230769231
4643.07692307692
4651.28205128205
4647.69230769231
4646.66666666667
4643.07692307692
4634.8717948718
4629.23076923077
4625.12820512821
4624.10256410256
4627.69230769231
4626.15384615385
4619.48717948718
4617.4358974359
4615.89743589744
4612.30769230769
4619.48717948718
4632.82051282051
4634.8717948718
4630.25641025641
4633.84615384615
4632.82051282051
4626.15384615385
4625.64102564103
4628.20512820513
4627.17948717949
4622.05128205128
4623.07692307692
4625.64102564103
4618.97435897436
4614.35897435897
4627.17948717949
4632.82051282051
4616.92307692308
4612.30769230769
4624.61538461538
4628.20512820513
4623.07692307692
4624.61538461538
4626.66666666667
4624.10256410256
4627.69230769231
4630.25641025641
4623.58974358974
4618.46153846154
4619.48717948718
4618.46153846154
4617.4358974359
4619.48717948718
4611.28205128205
4606.15384615385
4619.48717948718
4628.20512820513
4617.4358974359
4609.23076923077
4619.48717948718
4632.82051282051
4633.33333333333
4627.17948717949
4624.61538461538
4621.53846153846
4617.4358974359
4615.89743589744
4610.76923076923
4609.23076923077
4616.92307692308
4622.05128205128
4617.4358974359
4609.23076923077
4609.74358974359
4615.89743589744
4612.30769230769
4608.20512820513
4616.92307692308
4619.48717948718
4611.79487179487
4613.33333333333
4620.51282051282
4615.38461538462
4613.84615384615
4626.66666666667
4636.41025641026
4632.30769230769
4625.64102564103
4624.10256410256
4629.23076923077
4630.25641025641
4622.05128205128
4621.02564102564
4623.58974358974
4613.33333333333
4608.71794871795
4616.41025641026
4618.46153846154
4614.8717948718
4609.74358974359
4603.58974358974
4600
4603.58974358974
4613.33333333333
4619.48717948718
4615.38461538462
4609.74358974359
4615.38461538462
4618.46153846154
4613.33333333333
4612.30769230769
4620
4623.07692307692
4617.4358974359
4614.35897435897
4619.48717948718
4628.20512820513
4633.33333333333
4632.30769230769
4630.25641025641
4631.79487179487
4630.25641025641
4627.17948717949
4630.25641025641
4634.8717948718
4636.92307692308
4635.89743589744
4632.30769230769
4630.25641025641
4634.35897435897
4635.38461538462
4627.17948717949
4625.64102564103
4632.82051282051
4632.82051282051
4624.61538461538
4625.64102564103
4634.35897435897
4632.82051282051
4632.82051282051
4642.5641025641
4646.66666666667
4644.61538461538
4641.02564102564
4634.8717948718
4636.41025641026
4641.53846153846
4631.79487179487
4622.5641025641
4633.84615384615
4648.20512820513
4642.05128205128
4633.84615384615
4641.53846153846
4650.76923076923
4649.74358974359
4643.58974358974
4636.41025641026
4630.25641025641
4630.25641025641
4632.82051282051
4634.8717948718
4634.8717948718
4630.76923076923
4631.79487179487
4634.8717948718
4630.76923076923
4628.20512820513
4631.28205128205
4633.84615384615
4633.33333333333
4624.10256410256
4615.38461538462
4618.46153846154
4623.07692307692
4627.69230769231
4632.30769230769
4622.5641025641
4613.84615384615
4626.15384615385
4638.97435897436
4637.4358974359
4634.8717948718
4630.25641025641
4627.17948717949
4631.28205128205
4633.84615384615
4630.76923076923
4625.64102564103
4625.64102564103
4633.33333333333
4633.84615384615
4624.61538461538
4628.71794871795
4647.69230769231
4652.30769230769
4641.53846153846
4638.46153846154
4642.05128205128
4643.58974358974
4647.69230769231
4653.33333333333
4657.4358974359
4653.33333333333
4646.15384615385
4651.79487179487
4667.17948717949
4666.15384615385
4650.25641025641
4645.64102564103
4653.84615384615
4660
4657.94871794872
4650.76923076923
4649.74358974359
4653.84615384615
4660.51282051282
4661.53846153846
4649.23076923077
4645.64102564103
4655.89743589744
4655.38461538462
4647.17948717949
4646.66666666667
4642.5641025641
4631.79487179487
4629.74358974359
4633.84615384615
4632.30769230769
4630.76923076923
4640
4651.28205128205
4647.17948717949
4645.12820512821
4653.33333333333
4653.84615384615
4651.28205128205
4652.82051282051
4655.89743589744
4654.8717948718
4648.71794871795
4649.23076923077
4656.92307692308
4654.8717948718
4647.17948717949
4649.23076923077
4648.71794871795
4649.23076923077
4653.33333333333
4638.97435897436
4628.20512820513
4645.12820512821
4658.97435897436
4646.15384615385
4642.05128205128
4654.8717948718
4654.8717948718
4646.66666666667
4650.25641025641
4647.17948717949
4635.89743589744
4645.12820512821
4658.46153846154
4650.25641025641
4642.5641025641
4647.69230769231
4650.25641025641
4644.61538461538
4639.48717948718
4640
4642.5641025641
4637.4358974359
4630.25641025641
4633.33333333333
4641.02564102564
4644.61538461538
4645.64102564103
4650.25641025641
4652.30769230769
4650.25641025641
4648.71794871795
4647.69230769231
4646.66666666667
4648.71794871795
4654.35897435897
4655.38461538462
4644.61538461538
4640
4653.33333333333
4659.48717948718
4648.20512820513
4647.69230769231
4659.48717948718
4663.07692307692
4658.97435897436
4666.15384615385
4673.84615384615
4660.51282051282
4647.69230769231
4659.48717948718
4667.69230769231
4652.30769230769
4645.12820512821
4653.33333333333
4648.71794871795
4631.79487179487
4627.17948717949
4636.92307692308
4644.61538461538
4645.64102564103
4649.23076923077
4648.71794871795
4645.12820512821
4653.84615384615
4663.58974358974
4661.02564102564
4656.92307692308
4653.84615384615
4657.94871794872
4674.8717948718
4678.97435897436
4663.58974358974
4660.51282051282
4667.69230769231
4663.07692307692
4657.94871794872
4662.05128205128
4662.5641025641
4665.64102564103
4671.79487179487
4668.20512820513
4662.05128205128
4671.28205128205
4680
4674.35897435897
4671.28205128205
4669.74358974359
4667.69230769231
4669.23076923077
4670.25641025641
4674.8717948718
4676.41025641026
4671.28205128205
4673.33333333333
4682.5641025641
4680
4668.71794871795
4663.58974358974
4662.05128205128
4663.58974358974
4662.05128205128
4663.07692307692
4667.17948717949
4660.51282051282
4652.30769230769
4657.94871794872
4665.64102564103
4661.53846153846
4652.82051282051
4641.53846153846
4631.28205128205
4631.28205128205
4633.33333333333
4634.8717948718
4641.02564102564
4646.66666666667
4646.66666666667
4644.10256410256
4634.8717948718
4631.79487179487
4644.10256410256
4645.12820512821
4634.35897435897
4634.8717948718
4638.46153846154
4638.97435897436
4638.97435897436
4629.74358974359
4628.20512820513
4644.61538461538
4649.23076923077
4643.07692307692
4641.02564102564
4641.02564102564
4642.05128205128
4640.51282051282
4634.8717948718
4631.28205128205
4625.12820512821
4617.94871794872
4625.12820512821
4636.41025641026
4632.82051282051
4624.10256410256
4628.71794871795
4634.8717948718
4629.23076923077
4624.61538461538
4624.10256410256
4620
4624.61538461538
4636.92307692308
4636.92307692308
4631.79487179487
4633.33333333333
4634.35897435897
4630.76923076923
4630.76923076923
4636.41025641026
4640.51282051282
4642.5641025641
4641.02564102564
4632.82051282051
4627.69230769231
4635.38461538462
4641.53846153846
4641.02564102564
4638.97435897436
4632.30769230769
4632.82051282051
4647.17948717949
4648.20512820513
4632.30769230769
4629.74358974359
4638.97435897436
4645.12820512821
4648.20512820513
4642.5641025641
4630.76923076923
4633.84615384615
4646.66666666667
4643.58974358974
4633.84615384615
4631.28205128205
4631.28205128205
4633.84615384615
4632.30769230769
4620
4618.46153846154
4632.82051282051
4636.92307692308
4630.25641025641
4628.20512820513
4628.71794871795
4630.25641025641
4631.79487179487
4626.15384615385
4623.58974358974
4630.76923076923
4638.46153846154
4632.30769230769
4617.94871794872
4617.4358974359
4624.61538461538
4624.61538461538
4624.10256410256
4627.17948717949
4624.61538461538
4624.61538461538
4637.94871794872
4645.12820512821
4635.89743589744
4627.17948717949
4628.71794871795
4623.07692307692
4609.23076923077
4611.28205128205
4627.17948717949
4632.30769230769
4628.20512820513
4628.71794871795
4633.84615384615
4634.8717948718
4629.74358974359
4623.07692307692
4623.58974358974
4627.69230769231
4621.02564102564
4608.20512820513
4611.28205128205
4631.28205128205
4636.41025641026
4620.51282051282
4614.8717948718
4616.41025641026
4610.25641025641
4609.74358974359
4617.4358974359
4615.38461538462
4609.74358974359
4613.33333333333
4610.25641025641
4600.51282051282
4605.12820512821
4617.94871794872
4620.51282051282
4621.53846153846
4631.79487179487
4636.92307692308
4627.17948717949
4615.38461538462
4620
4623.58974358974
4617.94871794872
4621.53846153846
4632.30769230769
4636.41025641026
4638.97435897436
4642.05128205128
4641.53846153846
4641.02564102564
4642.5641025641
4649.23076923077
4648.71794871795
4638.97435897436
4640.51282051282
4645.64102564103
4637.94871794872
4629.23076923077
4632.30769230769
4642.5641025641
4649.74358974359
4650.76923076923
4647.17948717949
4644.61538461538
4642.5641025641
4636.41025641026
4635.89743589744
4647.69230769231
4654.8717948718
4647.17948717949
4643.07692307692
4644.10256410256
4646.66666666667
4661.53846153846
4664.61538461539
4648.20512820513
4649.74358974359
4662.5641025641
4652.30769230769
4642.05128205128
4646.66666666667
4636.41025641026
4626.15384615385
4641.53846153846
4652.30769230769
4646.15384615385
4647.69230769231
4658.46153846154
4658.46153846154
4648.71794871795
4642.5641025641
4639.48717948718
4638.46153846154
4643.07692307692
4640.51282051282
4631.79487179487
4636.41025641026
4647.69230769231
4642.5641025641
4640
4648.71794871795
4645.12820512821
4629.23076923077
4628.71794871795
4648.71794871795
4661.53846153846
4657.94871794872
4656.41025641026
4656.92307692308
4652.82051282051
4646.15384615385
4647.69230769231
4646.66666666667
4634.35897435897
4629.23076923077
4641.53846153846
4649.74358974359
4641.02564102564
4640
4648.20512820513
4645.64102564103
4642.05128205128
4645.64102564103
4650.25641025641
4649.74358974359
4649.23076923077
4650.76923076923
4652.82051282051
4650.76923076923
4641.53846153846
4641.53846153846
4649.23076923077
4646.66666666667
4645.12820512821
4648.71794871795
4639.48717948718
4632.30769230769
4641.53846153846
4652.30769230769
4655.89743589744
4653.33333333333
4652.82051282051
4655.38461538462
4653.84615384615
4647.17948717949
4647.17948717949
4650.76923076923
4647.69230769231
4644.10256410256
4651.28205128205
4664.61538461539
4666.66666666667
4660.51282051282
4660
4659.48717948718
4658.46153846154
4665.64102564103
4665.64102564103
4650.25641025641
4647.17948717949
4664.10256410256
4667.17948717949
4659.48717948718
4663.07692307692
4660.51282051282
4650.25641025641
4651.79487179487
4657.94871794872
4657.94871794872
4645.12820512821
4638.97435897436
4657.4358974359
4670.25641025641
4663.58974358974
4661.02564102564
4658.97435897436
4648.20512820513
4644.61538461538
4648.71794871795
4648.71794871795
4646.66666666667
4647.69230769231
4654.35897435897
4656.92307692308
4649.23076923077
4645.64102564103
4645.64102564103
4646.66666666667
4642.05128205128
4633.84615384615
4637.4358974359
4644.10256410256
4640
