
4105.12820512821
4106.66666666667
4102.05128205128
4106.15384615385
4108.20512820513
4103.58974358974
4108.71794871795
4117.4358974359
4111.28205128205
4106.15384615385
4117.94871794872
4123.58974358974
4121.02564102564
4122.05128205128
4112.82051282051
4098.46153846154
4104.10256410256
4114.35897435897
4111.79487179487
4105.12820512821
4100.51282051282
4100
4105.12820512821
4105.12820512821
4101.02564102564
4095.89743589744
4090.25641025641
4089.23076923077
4090.25641025641
4095.38461538462
4104.61538461538
4103.07692307692
4094.35897435898
4100
4109.74358974359
4103.58974358974
4105.64102564103
4123.07692307692
4124.61538461538
4110.25641025641
4107.69230769231
4112.30769230769
4111.79487179487
4117.94871794872
4126.15384615385
4120
4109.23076923077
4107.17948717949
4112.82051282051
4117.4358974359
4112.30769230769
4106.66666666667
4112.82051282051
4125.64102564103
4123.58974358974
4106.15384615385
4096.41025641026
4105.12820512821
4121.02564102564
4126.66666666667
4124.61538461538
4122.05128205128
4117.4358974359
4107.69230769231
4095.38461538462
4098.46153846154
4116.92307692308
4128.20512820513
4120.51282051282
4111.79487179487
4112.82051282051
4113.84615384615
4113.33333333333
4112.82051282051
4112.30769230769
4109.23076923077
4109.74358974359
4118.97435897436
4123.07692307692
4118.97435897436
4119.48717948718
4126.15384615385
4127.17948717949
4122.05128205128
4124.61538461538
4133.84615384615
4135.38461538462
4126.15384615385
4116.92307692308
4121.53846153846
4136.92307692308
4141.53846153846
4132.30769230769
4134.35897435897
4138.97435897436
4125.64102564103
4124.61538461538
4142.05128205128
4141.53846153846
4125.12820512821
4122.5641025641
4121.02564102564
4108.20512820513
4114.35897435897
4136.92307692308
4141.53846153846
4130.25641025641
4126.66666666667
4123.07692307692
4111.79487179487
4104.10256410256
4105.64102564103
4110.76923076923
4111.79487179487
4109.74358974359
4106.66666666667
4107.69230769231
4112.82051282051
4110.25641025641
4106.66666666667
4119.48717948718
4131.79487179487
4127.17948717949
4118.97435897436
4112.82051282051
4104.10256410256
4101.02564102564
4111.79487179487
4121.02564102564
4113.84615384615
4103.07692307692
4102.5641025641
4101.53846153846
4103.07692307692
4117.94871794872
4126.15384615385
4122.5641025641
4122.5641025641
4117.94871794872
4111.28205128205
4118.97435897436
4120.51282051282
4110.76923076923
4115.38461538462
4114.8717948718
4095.89743589744
4097.94871794872
4121.53846153846
4126.66666666667
4116.41025641026
4109.74358974359
4108.71794871795
4112.30769230769
4110.25641025641
4103.58974358974
4106.15384615385
4109.23076923077
4104.61538461538
4109.23076923077
4117.4358974359
4114.8717948718
4116.41025641026
4121.53846153846
4117.94871794872
4117.4358974359
4123.58974358974
4124.10256410256
4124.10256410256
4123.58974358974
4120.51282051282
4119.48717948718
4112.30769230769
4109.74358974359
4121.02564102564
4126.66666666667
4120.51282051282
4119.48717948718
4120.51282051282
4117.4358974359
4121.02564102564
4118.97435897436
4110.76923076923
4115.89743589744
4121.02564102564
4109.74358974359
4108.71794871795
4120.51282051282
4123.07692307692
4126.15384615385
4132.30769230769
4125.64102564103
4120.51282051282
4124.10256410256
4120.51282051282
4121.02564102564
4135.89743589744
4138.46153846154
4124.10256410256
4118.46153846154
4123.07692307692
4123.07692307692
4121.53846153846
4123.58974358974
4123.58974358974
4121.02564102564
4120
4120.51282051282
4121.53846153846
4122.5641025641
4127.69230769231
4135.38461538462
4140.51282051282
4134.8717948718
4122.05128205128
4120
4128.20512820513
4127.17948717949
4118.46153846154
4117.4358974359
4123.07692307692
4121.53846153846
4109.23076923077
4104.61538461538
4120
4130.25641025641
4119.48717948718
4107.69230769231
4105.12820512821
4110.76923076923
4121.02564102564
4125.64102564103
4125.12820512821
4125.64102564103
4123.07692307692
4118.97435897436
4119.48717948718
4121.02564102564
4122.05128205128
4123.07692307692
4122.5641025641
4124.61538461538
4123.07692307692
4116.41025641026
4116.92307692308
4126.15384615385
4126.15384615385
4112.82051282051
4108.20512820513
4120.51282051282
4124.61538461538
4113.84615384615
4112.82051282051
4121.53846153846
4120.51282051282
4114.8717948718
4118.46153846154
4126.66666666667
4128.20512820513
4124.61538461538
4121.02564102564
4120
4123.07692307692
4120.51282051282
4111.28205128205
4111.79487179487
4113.84615384615
4102.5641025641
4095.38461538462
4106.15384615385
4114.35897435897
4107.69230769231
4103.58974358974
4107.17948717949
4104.61538461538
4097.94871794872
4104.61538461538
4111.79487179487
4102.05128205128
4096.92307692308
4110.25641025641
4124.10256410256
4125.64102564103
4122.05128205128
4114.8717948718
4110.76923076923
4118.46153846154
4123.58974358974
4114.8717948718
4108.20512820513
4108.71794871795
4105.64102564103
4107.17948717949
4117.4358974359
4124.61538461538
4125.64102564103
4123.07692307692
4115.38461538462
4108.71794871795
4109.74358974359
4111.79487179487
4115.38461538462
4127.17948717949
4129.74358974359
4110.76923076923
4100
4105.64102564103
4105.12820512821
4113.33333333333
4123.07692307692
4108.20512820513
4095.38461538462
4108.20512820513
4113.84615384615
4102.05128205128
4100
4107.17948717949
4106.66666666667
4108.20512820513
4121.53846153846
4125.12820512821
4111.28205128205
4104.10256410256
4107.69230769231
4117.4358974359
4128.20512820513
4123.07692307692
4108.71794871795
4104.10256410256
4109.23076923077
4125.12820512821
4138.97435897436
4130.76923076923
4120
4118.97435897436
4115.38461538462
4114.35897435897
4124.10256410256
4129.23076923077
4127.17948717949
4118.97435897436
4107.17948717949
4110.25641025641
4121.53846153846
4122.05128205128
4117.94871794872
4118.46153846154
4120.51282051282
4123.07692307692
4125.12820512821
4124.10256410256
4121.53846153846
4121.53846153846
4121.53846153846
4111.28205128205
4102.05128205128
4111.79487179487
4126.66666666667
4122.5641025641
4108.71794871795
4108.71794871795
4118.46153846154
4122.05128205128
4120.51282051282
4115.89743589744
4108.71794871795
4105.64102564103
4108.20512820513
4107.69230769231
4106.15384615385
4103.58974358974
4106.15384615385
4118.46153846154
4124.61538461538
4118.97435897436
4118.46153846154
4122.05128205128
4119.48717948718
4120
4124.10256410256
4124.61538461538
4124.10256410256
4123.07692307692
4123.07692307692
4124.61538461538
4123.07692307692
4121.53846153846
4123.58974358974
4123.07692307692
4118.97435897436
4118.97435897436
4122.05128205128
4119.48717948718
4113.33333333333
4109.74358974359
4112.82051282051
4116.92307692308
4119.48717948718
4123.58974358974
4117.4358974359
4103.58974358974
4108.71794871795
4121.02564102564
4113.33333333333
4110.25641025641
4119.48717948718
4114.8717948718
4112.30769230769
4120.51282051282
4115.38461538462
4106.15384615385
4105.64102564103
4108.71794871795
4112.82051282051
4111.28205128205
4103.07692307692
4107.17948717949
4115.38461538462
4106.66666666667
4100.51282051282
4116.41025641026
4127.69230769231
4116.92307692308
4106.66666666667
4105.64102564103
4111.79487179487
4120.51282051282
4115.89743589744
4111.28205128205
4118.46153846154
4114.8717948718
4105.64102564103
4107.17948717949
4106.15384615385
4101.02564102564
4104.61538461538
4109.23076923077
4110.76923076923
4111.28205128205
4109.74358974359
4107.69230769231
4101.02564102564
4094.35897435898
4100.51282051282
4111.79487179487
4112.30769230769
4109.74358974359
4109.23076923077
4100.51282051282
4100
4109.74358974359
4105.12820512821
4091.28205128205
4090.25641025641
4093.33333333333
4087.69230769231
4089.74358974359
4101.02564102564
4103.07692307692
4091.28205128205
4085.64102564103
4092.82051282051
4102.5641025641
4112.30769230769
4118.97435897436
4113.33333333333
4102.05128205128
4106.15384615385
4117.4358974359
4114.8717948718
4115.38461538462
4126.15384615385
4126.15384615385
4124.10256410256
4135.89743589744
4140.51282051282
4134.8717948718
4136.41025641026
4135.89743589744
4121.02564102564
4110.76923076923
4116.41025641026
4123.58974358974
4118.46153846154
4105.64102564103
4098.97435897436
4099.48717948718
4095.89743589744
4091.79487179487
4103.58974358974
4120.51282051282
4122.05128205128
4114.35897435897
4113.84615384615
4119.48717948718
4122.5641025641
4122.05128205128
4121.53846153846
4122.05128205128
4121.53846153846
4126.15384615385
4134.35897435897
4143.07692307692
4150.25641025641
4153.33333333333
4152.82051282051
4157.4358974359
4163.07692307692
4160
4157.94871794872
4155.38461538462
4141.53846153846
4134.35897435897
4136.41025641026
4128.71794871795
4128.71794871795
4146.15384615385
4143.07692307692
4123.58974358974
4127.17948717949
4142.05128205128
4134.8717948718
4122.5641025641
4127.69230769231
4137.4358974359
4138.46153846154
4134.35897435897
4128.71794871795
4120
4112.30769230769
4111.28205128205
4112.82051282051
4115.38461538462
4113.84615384615
4109.74358974359
4102.05128205128
4093.84615384615
4090.76923076923
4089.23076923077
4090.76923076923
4095.38461538462
4094.35897435898
4093.33333333333
4101.53846153846
4104.10256410256
4103.07692307692
4108.20512820513
4107.17948717949
4101.02564102564
4101.02564102564
4105.12820512821
4109.74358974359
4110.76923076923
4108.20512820513
4104.10256410256
4094.35897435898
4097.94871794872
4119.48717948718
4119.48717948718
4103.58974358974
4097.94871794872
4091.79487179487
4093.33333333333
4106.15384615385
4108.71794871795
4107.69230769231
4114.35897435897
4111.79487179487
4104.61538461538
4106.15384615385
4112.30769230769
4118.97435897436
4122.5641025641
4122.5641025641
4123.07692307692
4119.48717948718
4111.79487179487
4114.35897435897
4118.97435897436
4113.84615384615
4113.84615384615
4121.02564102564
4123.58974358974
4127.69230769231
4132.82051282051
4133.84615384615
4136.92307692308
4136.92307692308
4126.15384615385
4121.53846153846
4124.10256410256
4123.07692307692
4119.48717948718
4116.41025641026
4123.58974358974
4135.89743589744
4139.48717948718
4137.94871794872
4135.38461538462
4126.15384615385
4117.4358974359
4119.48717948718
4118.97435897436
4116.41025641026
4125.12820512821
4130.76923076923
4123.58974358974
4117.94871794872
4119.48717948718
4117.94871794872
4113.33333333333
4112.82051282051
4114.8717948718
4114.35897435897
4110.76923076923
4104.61538461538
4102.5641025641
4104.10256410256
4108.20512820513
4116.92307692308
4125.12820512821
4120
4113.84615384615
4117.4358974359
4123.07692307692
4123.07692307692
4120
4118.97435897436
4120.51282051282
4121.02564102564
4119.48717948718
4120
4120.51282051282
4122.05128205128
4121.53846153846
4109.74358974359
4103.58974358974
4123.07692307692
4137.4358974359
4126.66666666667
4117.4358974359
4120.51282051282
4121.02564102564
4118.46153846154
4117.94871794872
4118.97435897436
4125.12820512821
4121.02564102564
4100.51282051282
4094.35897435898
4105.64102564103
4107.69230769231
4106.66666666667
4109.23076923077
4101.53846153846
4096.41025641026
4106.15384615385
4106.66666666667
4098.46153846154
4102.5641025641
4110.76923076923
4105.64102564103
4098.46153846154
4103.07692307692
4109.23076923077
4105.12820512821
4102.5641025641
4104.61538461538
4105.12820512821
4103.58974358974
4102.05128205128
4101.53846153846
4102.5641025641
4103.58974358974
4106.15384615385
4108.20512820513
4105.64102564103
4104.10256410256
4107.17948717949
4107.69230769231
4111.28205128205
4116.92307692308
4114.35897435897
4109.23076923077
4114.8717948718
4124.61538461538
4122.05128205128
4118.97435897436
4128.20512820513
4140
4139.48717948718
4130.76923076923
4124.10256410256
4122.05128205128
4122.5641025641
4122.05128205128
4121.53846153846
4123.07692307692
4122.5641025641
4124.10256410256
4124.10256410256
4124.61538461538
4126.66666666667
4124.10256410256
4128.71794871795
4135.89743589744
4127.17948717949
4118.97435897436
4124.10256410256
4125.12820512821
4123.07692307692
4125.12820512821
4122.5641025641
4124.61538461538
4127.69230769231
4122.05128205128
4128.20512820513
4134.8717948718
4124.61538461538
4123.58974358974
4135.38461538462
4138.46153846154
4145.12820512821
4159.48717948718
4162.5641025641
4153.33333333333
4151.79487179487
4154.8717948718
4144.61538461538
4137.4358974359
4146.66666666667
4145.64102564103
4132.82051282051
4140
4154.8717948718
4152.82051282051
4150.25641025641
4152.82051282051
4152.30769230769
4160.51282051282
4168.20512820513
4169.74358974359
4178.97435897436
4180.51282051282
4156.41025641026
4138.97435897436
4138.46153846154
4125.12820512821
4120
4136.41025641026
4138.46153846154
4124.10256410256
4119.48717948718
4120.51282051282
4124.10256410256
4134.8717948718
4134.35897435897
4125.12820512821
4122.05128205128
4113.84615384615
4100
4102.5641025641
4112.30769230769
4109.23076923077
4104.10256410256
4097.4358974359
4086.66666666667
4080
4081.02564102564
4084.61538461539
4089.23076923077
4095.89743589744
4101.02564102564
4102.5641025641
4098.97435897436
4091.79487179487
4094.35897435898
4105.12820512821
4108.20512820513
4103.58974358974
4107.17948717949
4110.76923076923
4098.97435897436
4093.84615384615
4100
4101.02564102564
4096.92307692308
4097.94871794872
4100.51282051282
4098.46153846154
4095.38461538462
4088.71794871795
4081.53846153846
4082.5641025641
4090.25641025641
4092.30769230769
4082.05128205128
4067.17948717949
4060
4057.94871794872
4058.46153846154
4065.64102564103
4076.41025641026
4083.07692307692
4084.61538461539
4084.10256410256
4076.41025641026
4074.35897435898
4083.07692307692
4080
4073.33333333333
4084.61538461539
4092.82051282051
4088.71794871795
4097.94871794872
4113.84615384615
4112.82051282051
4104.61538461538
4110.76923076923
4119.48717948718
4118.46153846154
4116.92307692308
4117.94871794872
4114.35897435897
4108.71794871795
4107.69230769231
4105.64102564103
4103.58974358974
4109.74358974359
4113.84615384615
4102.05128205128
4090.25641025641
4100.51282051282
4112.82051282051
4111.79487179487
4106.15384615385
4101.53846153846
4095.89743589744
4085.64102564103
4083.58974358974
4101.53846153846
4110.76923076923
4092.82051282051
4076.92307692308
4082.5641025641
4085.64102564103
4077.4358974359
4075.89743589744
4083.07692307692
4085.64102564103
4082.5641025641
4080
4077.94871794872
4073.33333333333
4077.94871794872
4089.74358974359
4093.33333333333
4083.07692307692
4073.84615384615
4074.8717948718
4073.84615384615
4072.30769230769
4078.97435897436
4088.71794871795
4090.76923076923
4088.71794871795
4088.71794871795
4089.74358974359
4096.41025641026
4096.41025641026
4091.79487179487
4103.07692307692
4109.74358974359
4096.41025641026
4095.38461538462
4105.64102564103
4102.5641025641
4101.53846153846
4111.79487179487
4110.76923076923
4108.71794871795
4112.82051282051
4105.64102564103
4097.4358974359
4102.05128205128
4106.66666666667
4104.10256410256
4109.74358974359
4118.97435897436
4115.38461538462
4115.38461538462
4129.74358974359
4137.94871794872
4129.23076923077
4124.61538461538
4128.71794871795
4134.8717948718
4144.10256410256
4145.12820512821
4132.82051282051
4121.02564102564
4120
4118.46153846154
4115.38461538462
4124.10256410256
4135.38461538462
4129.23076923077
4122.05128205128
4126.15384615385
4124.10256410256
4123.07692307692
4135.89743589744
4142.5641025641
4134.8717948718
4132.82051282051
4138.46153846154
4138.97435897436
4138.97435897436
4143.58974358974
4136.92307692308
4123.58974358974
4122.05128205128
4126.15384615385
4121.02564102564
4124.10256410256
4133.33333333333
4127.17948717949
4118.46153846154
4118.97435897436
4115.89743589744
4110.25641025641
4115.38461538462
4114.35897435897
4105.64102564103
4115.38461538462
4122.5641025641
4107.17948717949
4104.10256410256
4123.07692307692
4128.71794871795
4121.02564102564
4117.94871794872
4121.02564102564
4132.30769230769
4135.38461538462
4136.41025641026
4150.76923076923
4159.48717948718
4155.38461538462
4151.28205128205
4144.10256410256
4141.02564102564
4154.8717948718
4162.05128205128
4152.82051282051
4150.76923076923
4151.79487179487
4144.61538461538
4138.46153846154
4139.48717948718
4142.5641025641
4139.48717948718
4129.74358974359
4120.51282051282
4114.35897435897
4116.92307692308
4117.94871794872
4110.76923076923
4116.92307692308
4129.74358974359
4113.84615384615
4092.30769230769
4097.94871794872
4097.4358974359
4083.07692307692
4092.30769230769
4109.23076923077
4109.74358974359
4104.61538461538
4106.15384615385
4109.23076923077
4108.20512820513
4107.17948717949
4106.66666666667
4103.07692307692
4093.84615384615
4088.71794871795
4092.30769230769
4092.82051282051
4094.35897435898
4105.64102564103
4110.76923076923
4101.02564102564
4097.4358974359
4104.61538461538
4109.23076923077
4108.71794871795
4103.58974358974
4098.97435897436
4106.15384615385
4119.48717948718
4121.53846153846
4118.97435897436
4126.15384615385
4132.30769230769
4125.12820512821
4119.48717948718
4124.61538461538
4127.69230769231
4125.12820512821
4122.05128205128
4123.07692307692
4120
4105.12820512821
4095.38461538462
4103.07692307692
4107.17948717949
4102.05128205128
4107.69230769231
4113.33333333333
4106.15384615385
4101.02564102564
4106.15384615385
4112.82051282051
4112.82051282051
4114.35897435897
4128.71794871795
4141.53846153846
4128.20512820513
4110.76923076923
4117.94871794872
4128.71794871795
4123.58974358974
4123.07692307692
4141.53846153846
4161.02564102564
4155.38461538462
4136.41025641026
4134.35897435897
4141.02564102564
4136.41025641026
4132.30769230769
4141.53846153846
4146.66666666667
4136.41025641026
4125.12820512821
4123.07692307692
4121.53846153846
4118.46153846154
4124.61538461538
4129.23076923077
4118.97435897436
4107.17948717949
4111.28205128205
4120.51282051282
4122.05128205128
4117.94871794872
4115.38461538462
4111.28205128205
4109.74358974359
4116.92307692308
4121.53846153846
4118.46153846154
4120.51282051282
4130.76923076923
4128.20512820513
4111.79487179487
4108.20512820513
4118.97435897436
4123.07692307692
4121.53846153846
4126.15384615385
4126.66666666667
4122.5641025641
4120
4109.74358974359
4103.58974358974
4120
4136.41025641026
4132.82051282051
4123.58974358974
4122.05128205128
4119.48717948718
4117.94871794872
4127.17948717949
4137.94871794872
4137.94871794872
4137.4358974359
4138.97435897436
4130.76923076923
4119.48717948718
4118.97435897436
4121.02564102564
4117.4358974359
4120.51282051282
4125.12820512821
4111.79487179487
4102.5641025641
4122.5641025641
4141.02564102564
4132.30769230769
4121.53846153846
4123.58974358974
4123.58974358974
4121.02564102564
4127.69230769231
4136.92307692308
4138.46153846154
4136.92307692308
4133.84615384615
4132.82051282051
4141.53846153846
4153.84615384615
4154.8717948718
4146.15384615385
4138.97435897436
4134.8717948718
4135.89743589744
4144.10256410256
4154.8717948718
4160
4152.30769230769
4138.97435897436
4130.25641025641
4124.61538461538
4122.05128205128
4129.74358974359
4140
4134.35897435897
4123.58974358974
4126.15384615385
4125.64102564103
4120.51282051282
4129.23076923077
4134.35897435897
4123.07692307692
4121.53846153846
4125.12820512821
4112.82051282051
4113.33333333333
4130.76923076923
4128.71794871795
4121.53846153846
4126.15384615385
4127.17948717949
4130.25641025641
4136.92307692308
4137.4358974359
4150.76923076923
4170.25641025641
4158.97435897436
4135.89743589744
4134.35897435897
4137.4358974359
4136.41025641026
4141.02564102564
4143.58974358974
4140.51282051282
4137.94871794872
4138.46153846154
4144.61538461538
4157.4358974359
4161.02564102564
4148.20512820513
4137.94871794872
4142.05128205128
4145.12820512821
4146.15384615385
4151.79487179487
4153.33333333333
4150.76923076923
4153.33333333333
4154.8717948718
4150.76923076923
4152.82051282051
4156.41025641026
4153.84615384615
4152.30769230769
4150.76923076923
4142.5641025641
4134.35897435897
4132.82051282051
4141.02564102564
4153.84615384615
4152.30769230769
4136.41025641026
4134.8717948718
4148.20512820513
4154.8717948718
4153.84615384615
4146.15384615385
4144.10256410256
4148.71794871795
4152.30769230769
4158.97435897436
4169.74358974359
4173.84615384615
4163.58974358974
4154.8717948718
4157.94871794872
4168.71794871795
4175.38461538462
4170.25641025641
4159.48717948718
4150.25641025641
4148.71794871795
4150.25641025641
4151.79487179487
4154.35897435897
4150.25641025641
4150.76923076923
4160.51282051282
4161.02564102564
4150.76923076923
4148.20512820513
4156.41025641026
4157.94871794872
4151.79487179487
4150.25641025641
4151.79487179487
4151.28205128205
4148.71794871795
4148.71794871795
4150.76923076923
4153.33333333333
4151.79487179487
4150.25641025641
4154.8717948718
4158.46153846154
4158.97435897436
4156.41025641026
4152.82051282051
4153.84615384615
4155.89743589744
4153.33333333333
4150.25641025641
4149.23076923077
4151.28205128205
4158.46153846154
4160
4153.33333333333
4154.35897435897
4152.30769230769
4141.53846153846
4142.5641025641
4149.23076923077
4141.02564102564
4141.53846153846
4153.33333333333
4148.71794871795
4148.20512820513
4162.5641025641
4156.41025641026
4135.89743589744
4138.97435897436
4153.33333333333
4154.35897435897
4151.79487179487
4145.12820512821
4137.94871794872
4141.02564102564
4144.61538461538
4135.89743589744
4137.4358974359
4152.30769230769
4155.89743589744
4153.33333333333
4155.38461538462
4150.25641025641
4138.97435897436
4140.51282051282
4159.48717948718
4169.23076923077
4155.89743589744
4144.61538461538
4147.17948717949
4143.07692307692
4138.97435897436
4149.23076923077
4155.89743589744
4149.23076923077
4142.05128205128
4136.41025641026
4134.8717948718
4145.64102564103
4152.82051282051
4146.66666666667
4143.58974358974
4144.10256410256
4143.58974358974
4149.23076923077
4155.89743589744
4152.30769230769
