
4422.5641025641
4433.84615384615
4441.02564102564
4444.10256410256
4446.66666666667
4447.17948717949
4443.07692307692
4436.41025641026
4431.79487179487
4432.30769230769
4433.33333333333
4428.20512820513
4427.69230769231
4430.76923076923
4426.66666666667
4432.30769230769
4440.51282051282
4432.30769230769
4426.15384615385
4434.35897435897
4434.8717948718
4429.23076923077
4430.25641025641
4428.20512820513
4423.58974358974
4430.25641025641
4440.51282051282
4440.51282051282
4444.10256410256
4458.46153846154
4462.5641025641
4458.46153846154
4461.02564102564
4456.92307692308
4444.10256410256
4440
4435.38461538462
4422.05128205128
4419.48717948718
4425.64102564103
4425.64102564103
4426.15384615385
4429.23076923077
4428.20512820513
4433.84615384615
4440.51282051282
4432.82051282051
4426.66666666667
4430.76923076923
4429.74358974359
4428.71794871795
4432.30769230769
4427.69230769231
4424.61538461538
4436.92307692308
4443.07692307692
4431.79487179487
4424.10256410256
4427.69230769231
4427.69230769231
4419.48717948718
4416.41025641026
4418.97435897436
4420.51282051282
4414.8717948718
4408.20512820513
4417.4358974359
4427.69230769231
4418.46153846154
4408.20512820513
4415.38461538462
4422.5641025641
4417.4358974359
4412.82051282051
4415.38461538462
4424.10256410256
4429.74358974359
4426.66666666667
4421.53846153846
4418.46153846154
4420
4425.64102564103
4427.69230769231
4426.66666666667
4425.12820512821
4418.97435897436
4417.94871794872
4419.48717948718
4412.30769230769
4407.69230769231
4414.8717948718
4410.25641025641
4395.38461538462
4394.35897435897
4397.94871794872
4394.8717948718
4394.8717948718
4395.38461538462
4392.30769230769
4395.89743589744
4399.48717948718
4395.89743589744
4403.07692307692
4410.25641025641
4398.46153846154
4394.8717948718
4409.23076923077
4414.35897435897
4411.79487179487
4411.28205128205
4413.33333333333
4423.58974358974
4426.66666666667
4413.84615384615
4408.20512820513
4414.8717948718
4417.4358974359
4410.25641025641
4404.10256410256
4408.71794871795
4414.35897435897
4410.76923076923
4411.28205128205
4414.8717948718
4411.79487179487
4415.89743589744
4421.53846153846
4415.89743589744
4410.25641025641
4411.79487179487
4413.33333333333
4417.4358974359
4421.53846153846
4418.46153846154
4421.53846153846
4429.23076923077
4427.17948717949
4421.02564102564
4415.89743589744
4414.35897435897
4420
4424.10256410256
4416.92307692308
4411.79487179487
4413.84615384615
4414.8717948718
4416.92307692308
4418.46153846154
4412.82051282051
4403.58974358974
4401.53846153846
4406.15384615385
4406.15384615385
4399.48717948718
4394.8717948718
4395.89743589744
4396.92307692308
4400
4401.02564102564
4397.4358974359
4394.8717948718
4397.4358974359
4392.82051282051
4382.05128205128
4384.10256410256
4396.92307692308
4400
4392.82051282051
4394.8717948718
4401.02564102564
4397.4358974359
4394.8717948718
4402.05128205128
4402.5641025641
4400
4408.20512820513
4415.38461538462
4411.28205128205
4411.28205128205
4419.48717948718
4420
4416.92307692308
4415.38461538462
4415.38461538462
4415.38461538462
4414.8717948718
4411.28205128205
4404.10256410256
4401.53846153846
4401.02564102564
4397.4358974359
4398.97435897436
4404.61538461538
4402.05128205128
4396.41025641026
4397.94871794872
4399.48717948718
4397.94871794872
4399.48717948718
4405.12820512821
4407.69230769231
4402.05128205128
4402.05128205128
4406.15384615385
4407.69230769231
4407.69230769231
4407.69230769231
4408.71794871795
4409.74358974359
4414.8717948718
4419.48717948718
4415.89743589744
4412.30769230769
4422.5641025641
4429.74358974359
4417.4358974359
4413.84615384615
4423.58974358974
4427.17948717949
4427.17948717949
4429.23076923077
4427.69230769231
4427.17948717949
4429.74358974359
4431.28205128205
4429.23076923077
4427.17948717949
4431.28205128205
4441.02564102564
4446.66666666667
4444.61538461538
4444.10256410256
4447.17948717949
4445.12820512821
4442.05128205128
4440.51282051282
4441.53846153846
4443.58974358974
4441.53846153846
4446.66666666667
4459.48717948718
4455.38461538462
4439.48717948718
4438.46153846154
4438.46153846154
4427.17948717949
4426.66666666667
4439.48717948718
4446.15384615385
4447.17948717949
4446.66666666667
4445.64102564103
4444.61538461538
4443.58974358974
4445.12820512821
4440.51282051282
4431.28205128205
4434.35897435897
4438.46153846154
4432.82051282051
4433.84615384615
4442.5641025641
4443.07692307692
4443.58974358974
4449.23076923077
4444.10256410256
4437.94871794872
4442.5641025641
4440
4431.28205128205
4436.41025641026
4446.15384615385
4436.92307692308
4430.25641025641
4441.02564102564
4446.15384615385
4442.5641025641
4448.71794871795
4456.92307692308
4452.30769230769
4444.10256410256
4442.05128205128
4445.64102564103
4442.5641025641
4438.46153846154
4446.66666666667
4456.92307692308
4461.53846153846
4465.64102564103
4476.92307692308
4496.92307692308
4516.92307692308
4523.07692307692
4537.4358974359
4581.02564102564
4610.76923076923
4608.71794871795
4609.74358974359
4622.5641025641
4621.02564102564
4606.15384615385
4603.58974358974
4606.15384615385
4598.46153846154
4585.64102564103
4585.64102564103
4591.79487179487
4567.69230769231
4509.23076923077
4462.5641025641
4453.33333333333
4455.89743589744
4454.8717948718
4456.41025641026
4456.41025641026
4449.74358974359
4437.4358974359
4427.17948717949
4425.64102564103
4431.28205128205
4433.84615384615
4429.74358974359
4430.25641025641
4438.46153846154
4445.12820512821
4444.61538461538
4439.48717948718
4431.79487179487
4430.25641025641
4432.82051282051
4432.82051282051
4430.25641025641
4426.66666666667
4425.64102564103
4429.23076923077
4431.79487179487
4428.71794871795
4426.66666666667
4427.17948717949
4420.51282051282
4417.94871794872
4427.17948717949
4431.79487179487
4425.64102564103
4423.07692307692
4425.64102564103
4426.15384615385
4427.17948717949
4427.69230769231
4427.17948717949
4428.71794871795
4429.74358974359
4426.66666666667
4425.12820512821
4428.71794871795
4428.20512820513
4425.64102564103
4427.69230769231
4428.71794871795
4422.05128205128
4416.92307692308
4417.94871794872
4419.48717948718
4416.92307692308
4410.25641025641
4404.61538461538
4403.58974358974
4404.10256410256
4406.66666666667
4418.97435897436
4431.28205128205
4424.10256410256
4408.20512820513
4405.64102564103
4412.82051282051
4416.41025641026
4413.84615384615
4411.28205128205
4411.79487179487
4412.82051282051
4408.71794871795
4411.28205128205
4423.07692307692
4424.10256410256
4417.94871794872
4416.92307692308
4420.51282051282
4424.10256410256
4429.23076923077
4431.28205128205
4430.76923076923
4435.89743589744
4442.05128205128
4443.07692307692
4451.79487179487
4479.48717948718
4495.38461538462
4491.28205128205
4505.64102564103
4534.35897435897
4541.53846153846
4539.48717948718
4544.61538461538
4543.07692307692
4546.15384615385
4557.4358974359
4553.33333333333
4539.48717948718
4540
4540.51282051282
4528.71794871795
4523.07692307692
4525.12820512821
4523.58974358974
4522.05128205128
4525.12820512821
4527.17948717949
4526.15384615385
4526.66666666667
4524.10256410256
4524.10256410256
4530.76923076923
4530.25641025641
4522.05128205128
4520.51282051282
4524.10256410256
4522.05128205128
4514.8717948718
4509.74358974359
4509.74358974359
4511.28205128205
4509.74358974359
4509.23076923077
4504.61538461538
4494.8717948718
4492.30769230769
4492.30769230769
4489.23076923077
4489.74358974359
4492.82051282051
4495.38461538462
4501.02564102564
4508.20512820513
4508.71794871795
4498.97435897436
4486.66666666667
4487.69230769231
4490.25641025641
4479.48717948718
4472.30769230769
4477.4358974359
4478.46153846154
4475.38461538462
4481.53846153846
4491.79487179487
4495.38461538462
4493.84615384615
4494.8717948718
4493.33333333333
4482.05128205128
4473.33333333333
4475.38461538462
4474.35897435897
4473.33333333333
4484.61538461538
4494.8717948718
4489.74358974359
4485.12820512821
4490.25641025641
4487.17948717949
4475.89743589744
4473.33333333333
4475.89743589744
4471.79487179487
4468.71794871795
4475.38461538462
4478.97435897436
4475.89743589744
4472.82051282051
4473.84615384615
4475.89743589744
4474.8717948718
4474.35897435897
4476.92307692308
4477.94871794872
4470.76923076923
4458.97435897436
4454.8717948718
4459.48717948718
4454.8717948718
4446.15384615385
4453.33333333333
4458.46153846154
4450.25641025641
4452.30769230769
4459.48717948718
4458.46153846154
4466.66666666667
4477.4358974359
4474.35897435897
4472.82051282051
4473.84615384615
4474.8717948718
4478.97435897436
4478.97435897436
4481.53846153846
4491.28205128205
4492.82051282051
4490.25641025641
4492.30769230769
4491.79487179487
4489.23076923077
4492.30769230769
4493.84615384615
4494.35897435897
4490.76923076923
4481.53846153846
4474.8717948718
4478.97435897436
4489.74358974359
4488.71794871795
4478.46153846154
4475.38461538462
4475.89743589744
4473.33333333333
4470.25641025641
4472.82051282051
4475.89743589744
4468.71794871795
4457.4358974359
4461.53846153846
4474.8717948718
4476.92307692308
4476.41025641026
4471.79487179487
4460.51282051282
4458.46153846154
4456.92307692308
4448.71794871795
4452.82051282051
4465.64102564103
4462.05128205128
4449.74358974359
4445.64102564103
4445.64102564103
4442.05128205128
4435.38461538462
4436.41025641026
4443.07692307692
4442.05128205128
4444.10256410256
4456.41025641026
4458.46153846154
4441.02564102564
4431.79487179487
4438.97435897436
4441.02564102564
4439.48717948718
4445.12820512821
4447.69230769231
4444.61538461538
4446.66666666667
4449.23076923077
4445.64102564103
4442.5641025641
4443.07692307692
4444.61538461538
4445.12820512821
4444.61538461538
4443.58974358974
4443.07692307692
4444.61538461538
4443.58974358974
4442.5641025641
4446.15384615385
4448.20512820513
4443.58974358974
4439.48717948718
4441.53846153846
4443.58974358974
4443.07692307692
4436.92307692308
4427.69230769231
4430.76923076923
4442.05128205128
4445.64102564103
4439.48717948718
4432.30769230769
4430.25641025641
4429.74358974359
4428.20512820513
4426.66666666667
4427.69230769231
4422.05128205128
4413.84615384615
4412.82051282051
4413.84615384615
4418.46153846154
4429.74358974359
4433.33333333333
4425.12820512821
4425.12820512821
4428.20512820513
4423.07692307692
4421.53846153846
4427.69230769231
4428.71794871795
4424.61538461538
4424.61538461538
4429.74358974359
4431.28205128205
4421.53846153846
4413.33333333333
4421.53846153846
4428.71794871795
4425.64102564103
4424.61538461538
4428.20512820513
4428.20512820513
4428.71794871795
4429.74358974359
4428.20512820513
4429.23076923077
4429.23076923077
4419.48717948718
4410.25641025641
4413.84615384615
4415.89743589744
4405.64102564103
4401.02564102564
4410.76923076923
4414.8717948718
4410.76923076923
4410.25641025641
4411.28205128205
4410.76923076923
4414.35897435897
4416.41025641026
4411.79487179487
4409.74358974359
4412.82051282051
4410.25641025641
4402.05128205128
4402.5641025641
4411.28205128205
4415.38461538462
4411.28205128205
4411.79487179487
4414.8717948718
4405.12820512821
4396.92307692308
4408.71794871795
4415.89743589744
4405.64102564103
4401.53846153846
4404.10256410256
4402.05128205128
4405.64102564103
4410.76923076923
4412.82051282051
4411.28205128205
4404.10256410256
4400.51282051282
4402.5641025641
4397.94871794872
4392.30769230769
4395.38461538462
4397.4358974359
4396.41025641026
4396.92307692308
4398.97435897436
4401.02564102564
4397.94871794872
4388.71794871795
4385.12820512821
4387.69230769231
4385.12820512821
4377.4358974359
4381.53846153846
4395.38461538462
4399.48717948718
4396.41025641026
4403.07692307692
4414.35897435897
4409.23076923077
4389.74358974359
4381.53846153846
4389.74358974359
4398.46153846154
4405.64102564103
4411.79487179487
4412.82051282051
4410.76923076923
4410.76923076923
4406.15384615385
4394.8717948718
4382.05128205128
4377.4358974359
4383.58974358974
4389.23076923077
4393.33333333333
4396.41025641026
4399.48717948718
4406.15384615385
4410.25641025641
4405.64102564103
4401.53846153846
4403.58974358974
4405.64102564103
4405.12820512821
4401.53846153846
4395.38461538462
4387.17948717949
4379.48717948718
4373.84615384615
4366.15384615385
4370.25641025641
4382.05128205128
4378.97435897436
4371.79487179487
4373.33333333333
4369.23076923077
4363.07692307692
4366.15384615385
4367.17948717949
4364.61538461538
4368.71794871795
4375.38461538462
4381.53846153846
4384.61538461538
4380.51282051282
4384.61538461538
4395.38461538462
4393.84615384615
4387.17948717949
4389.74358974359
4394.8717948718
4397.4358974359
4398.46153846154
4395.89743589744
4402.05128205128
4415.38461538462
4408.71794871795
4396.92307692308
4407.69230769231
4412.82051282051
4393.84615384615
4381.02564102564
4387.69230769231
4395.89743589744
4401.02564102564
4401.53846153846
4395.38461538462
4397.94871794872
4405.12820512821
4399.48717948718
4389.23076923077
4392.82051282051
4399.48717948718
4400
4401.53846153846
4407.69230769231
4412.30769230769
4412.30769230769
4410.76923076923
4417.4358974359
4427.69230769231
4430.76923076923
4428.71794871795
4427.69230769231
4429.23076923077
4428.71794871795
4426.66666666667
4425.12820512821
4427.17948717949
4426.66666666667
4425.64102564103
4434.35897435897
4443.58974358974
4445.12820512821
4445.12820512821
4446.66666666667
4445.64102564103
4441.53846153846
4440.51282051282
4447.69230769231
4457.94871794872
4459.48717948718
4455.38461538462
4456.41025641026
4467.17948717949
4477.4358974359
4474.8717948718
4471.79487179487
4475.89743589744
4470.76923076923
4458.46153846154
4461.53846153846
4477.4358974359
4478.46153846154
4462.05128205128
4455.38461538462
4458.46153846154
4452.30769230769
4445.64102564103
4444.61538461538
4443.07692307692
4450.25641025641
4454.8717948718
4450.25641025641
4451.79487179487
4452.82051282051
4444.10256410256
4439.48717948718
4444.10256410256
4448.71794871795
4451.79487179487
4448.71794871795
4443.58974358974
4446.66666666667
4449.74358974359
4446.15384615385
4445.64102564103
4454.35897435897
4459.48717948718
4456.92307692308
4456.41025641026
4458.97435897436
4456.92307692308
4455.89743589744
4458.97435897436
4456.41025641026
4447.69230769231
4442.5641025641
4449.23076923077
4456.92307692308
4453.84615384615
4450.25641025641
4445.64102564103
4437.4358974359
4435.89743589744
4435.38461538462
4429.23076923077
4427.17948717949
4430.25641025641
4427.69230769231
4425.12820512821
4424.61538461538
4422.5641025641
4427.17948717949
4434.35897435897
4433.84615384615
4427.17948717949
4420
4416.41025641026
4414.35897435897
4408.71794871795
4405.64102564103
4402.5641025641
4399.48717948718
4405.64102564103
4412.82051282051
4408.20512820513
4401.02564102564
4403.58974358974
4404.10256410256
4403.58974358974
4410.25641025641
4413.84615384615
4411.28205128205
4411.28205128205
4421.02564102564
4430.76923076923
4425.12820512821
4412.82051282051
4411.28205128205
4415.89743589744
4415.89743589744
4414.8717948718
4412.82051282051
4411.28205128205
4412.82051282051
4415.89743589744
4414.35897435897
4413.33333333333
4413.84615384615
4408.71794871795
4398.97435897436
4397.94871794872
4405.12820512821
4404.61538461538
4395.89743589744
4395.89743589744
4400.51282051282
4398.97435897436
4397.94871794872
4400.51282051282
4403.58974358974
4407.69230769231
4411.79487179487
4413.33333333333
4413.33333333333
4415.38461538462
4417.94871794872
4414.8717948718
4411.28205128205
4410.25641025641
4405.12820512821
4404.61538461538
4411.28205128205
4406.66666666667
4393.84615384615
4394.8717948718
4405.64102564103
4407.17948717949
4398.97435897436
4395.38461538462
4399.48717948718
4400
4398.46153846154
4398.46153846154
4396.41025641026
4394.8717948718
4396.41025641026
4397.4358974359
4397.94871794872
4397.94871794872
4398.97435897436
4394.8717948718
4384.10256410256
4378.46153846154
4380
4374.35897435897
4366.66666666667
4372.82051282051
4382.05128205128
4385.64102564103
4388.71794871795
4389.23076923077
4385.64102564103
4384.61538461538
4382.05128205128
4378.97435897436
4384.61538461538
4384.10256410256
4374.35897435897
4371.79487179487
4373.33333333333
4371.28205128205
4373.33333333333
4376.41025641026
4368.71794871795
4363.07692307692
4364.61538461538
4362.05128205128
4354.35897435897
4360.51282051282
4378.97435897436
4384.61538461538
4375.38461538462
4370.76923076923
4376.92307692308
4382.05128205128
4382.05128205128
4388.20512820513
4395.89743589744
4397.94871794872
4394.8717948718
4394.8717948718
4400.51282051282
4406.66666666667
4413.33333333333
4413.33333333333
4407.17948717949
4406.15384615385
4411.79487179487
4414.35897435897
4410.76923076923
4404.61538461538
4395.89743589744
4397.4358974359
4409.74358974359
4413.33333333333
4410.25641025641
4410.76923076923
4413.33333333333
4415.38461538462
4415.89743589744
4409.23076923077
4402.05128205128
4407.69230769231
4414.8717948718
4414.35897435897
4416.92307692308
4420
4416.92307692308
4422.05128205128
4429.23076923077
4423.07692307692
4414.35897435897
4410.76923076923
4410.76923076923
4411.79487179487
4408.71794871795
4400.51282051282
4404.10256410256
4410.76923076923
4404.61538461538
4405.12820512821
4412.30769230769
4409.74358974359
4407.69230769231
4410.76923076923
4408.71794871795
4409.23076923077
4414.8717948718
4410.76923076923
4405.64102564103
4410.76923076923
4412.30769230769
4404.61538461538
4399.48717948718
4404.61538461538
4407.69230769231
4401.02564102564
4399.48717948718
4405.12820512821
4405.12820512821
4404.61538461538
4409.74358974359
4413.84615384615
4412.82051282051
4405.64102564103
4395.38461538462
4396.92307692308
4406.66666666667
4406.15384615385
4402.05128205128
4402.05128205128
4404.61538461538
4405.64102564103
4401.53846153846
4399.48717948718
4397.4358974359
4392.82051282051
4393.33333333333
4397.4358974359
4397.4358974359
4397.4358974359
4398.97435897436
4395.38461538462
4395.38461538462
4398.46153846154
4398.97435897436
4401.02564102564
4397.4358974359
4390.25641025641
4392.82051282051
4400.51282051282
4396.41025641026
4386.66666666667
4389.74358974359
4396.41025641026
4397.94871794872
4404.61538461538
4413.84615384615
4413.33333333333
4408.71794871795
4411.79487179487
4414.35897435897
4413.33333333333
4413.33333333333
4407.69230769231
4404.10256410256
4410.76923076923
4415.89743589744
4411.79487179487
4409.23076923077
4412.30769230769
4411.79487179487
4409.74358974359
4412.30769230769
4411.79487179487
4402.05128205128
4394.8717948718
4395.89743589744
4395.38461538462
4394.8717948718
4396.92307692308
4397.94871794872
4398.46153846154
4397.4358974359
4401.53846153846
4411.28205128205
4410.25641025641
4401.02564102564
4403.07692307692
4411.28205128205
4411.79487179487
4405.64102564103
4402.05128205128
4408.20512820513
4413.33333333333
4407.69230769231
4402.05128205128
4397.4358974359
4388.20512820513
4385.64102564103
4390.25641025641
4391.28205128205
4388.71794871795
4386.66666666667
4384.61538461538
4385.12820512821
4385.12820512821
4376.92307692308
4367.17948717949
4363.58974358974
4364.61538461538
4366.66666666667
4363.07692307692
4356.92307692308
4358.97435897436
4364.61538461538
4366.66666666667
4367.17948717949
4366.15384615385
4367.17948717949
4371.79487179487
4370.25641025641
4364.10256410256
4365.12820512821
4368.20512820513
4367.17948717949
4366.66666666667
4365.12820512821
4364.61538461538
4368.71794871795
4367.17948717949
4358.97435897436
4360.51282051282
4369.23076923077
4364.10256410256
4354.8717948718
4354.8717948718
4356.92307692308
4360
4365.12820512821
4369.23076923077
4375.38461538462
4383.58974358974
4381.53846153846
4369.74358974359
4364.10256410256
4364.61538461538
4363.07692307692
4367.17948717949
4378.46153846154
4384.61538461538
4384.61538461538
4384.61538461538
4382.05128205128
4381.02564102564
4382.05128205128
4381.53846153846
4383.58974358974
4385.64102564103
4378.46153846154
4377.94871794872
4390.25641025641
4392.30769230769
4384.61538461538
4388.71794871795
4397.4358974359
4401.02564102564
4408.71794871795
4411.79487179487
4402.5641025641
4400
4411.79487179487
4415.38461538462
4400.51282051282
4394.35897435897
4409.23076923077
4422.05128205128
4416.41025641026
4410.76923076923
4419.48717948718
4422.05128205128
4414.35897435897
4414.35897435897
4420.51282051282
4417.94871794872
4411.28205128205
4409.74358974359
4402.05128205128
4389.74358974359
4389.74358974359
4395.89743589744
4391.28205128205
4386.15384615385
4393.33333333333
4394.8717948718
4385.12820512821
4381.02564102564
4384.10256410256
4387.69230769231
4387.69230769231
4387.69230769231
4390.25641025641
4390.76923076923
4389.23076923077
4389.23076923077
4385.12820512821
4375.89743589744
4370.76923076923
4373.84615384615
4381.02564102564
4385.64102564103
4387.17948717949
4389.23076923077
4390.76923076923
4386.66666666667
4382.05128205128
4385.64102564103
4395.89743589744
4400
4391.79487179487
4386.66666666667
4394.8717948718
4402.5641025641
4402.05128205128
4401.53846153846
4406.66666666667
4409.74358974359
4408.20512820513
4402.05128205128
4393.33333333333
4386.66666666667
4388.20512820513
4393.33333333333
4397.4358974359
4400.51282051282
4405.64102564103
4416.92307692308
4427.17948717949
4425.64102564103
4420
4418.97435897436
4416.41025641026
4411.79487179487
4409.23076923077
4408.20512820513
4417.94871794872
4435.38461538462
4438.97435897436
4429.23076923077
4431.28205128205
4443.58974358974
4440
4427.69230769231
4424.10256410256
4421.02564102564
4412.30769230769
4409.23076923077
4412.30769230769
4413.84615384615
4413.33333333333
4415.89743589744
4425.64102564103
4430.76923076923
4428.71794871795
4429.23076923077
4431.79487179487
4430.25641025641
4427.17948717949
4422.5641025641
4428.20512820513
4443.07692307692
4441.53846153846
4427.69230769231
4426.15384615385
4430.76923076923
4426.66666666667
4424.61538461538
4435.38461538462
4444.10256410256
4436.92307692308
4426.15384615385
4429.74358974359
4434.8717948718
4426.15384615385
