P7
4627.69230769231
4650.76923076923
4663.58974358974
4657.4358974359
4650.25641025641
4646.66666666667
4646.66666666667
4647.17948717949
4646.66666666667
4645.12820512821
4644.61538461538
4643.58974358974
4639.48717948718
4635.89743589744
4638.46153846154
4642.05128205128
4642.5641025641
4644.10256410256
4647.69230769231
4649.74358974359
4647.69230769231
4649.23076923077
4653.33333333333
4639.48717948718
4625.64102564103
4638.97435897436
4651.79487179487
4645.64102564103
4644.10256410256
4653.84615384615
4655.38461538462
4655.38461538462
4661.53846153846
4657.94871794872
4642.05128205128
4635.89743589744
4638.46153846154
4628.71794871795
4621.53846153846
4632.30769230769
4641.53846153846
4641.53846153846
4639.48717948718
4640.51282051282
4644.10256410256
4643.07692307692
4639.48717948718
4641.53846153846
4640.51282051282
4629.74358974359
4631.28205128205
4633.84615384615
4620.51282051282
4621.02564102564
4642.05128205128
4649.74358974359
4641.53846153846
4639.48717948718
4641.53846153846
4636.92307692308
4631.79487179487
4635.89743589744
4641.53846153846
4641.53846153846
4641.02564102564
4642.5641025641
4645.64102564103
4648.71794871795
4647.17948717949
4645.64102564103
4648.20512820513
4651.28205128205
4650.76923076923
4644.10256410256
4641.02564102564
4649.23076923077
4652.82051282051
4643.07692307692
4637.94871794872
4643.58974358974
4646.66666666667
4648.71794871795
4649.23076923077
4648.20512820513
4648.20512820513
4645.12820512821
4649.23076923077
4652.82051282051
4637.94871794872
4628.71794871795
4649.23076923077
4657.4358974359
4635.89743589744
4632.30769230769
4648.71794871795
4652.82051282051
4649.23076923077
4647.17948717949
4646.66666666667
4649.23076923077
4649.74358974359
4645.12820512821
4650.76923076923
4657.94871794872
4656.92307692308
4652.30769230769
4648.20512820513
4648.71794871795
4656.92307692308
4657.94871794872
4649.23076923077
4655.38461538462
4668.20512820513
4663.58974358974
4650.25641025641
4647.17948717949
4649.74358974359
4649.23076923077
4645.64102564103
4644.61538461538
4650.25641025641
4657.4358974359
4658.97435897436
4653.33333333333
4647.17948717949
4651.79487179487
4658.46153846154
4654.35897435897
4650.76923076923
4655.89743589744
4659.48717948718
4658.46153846154
4656.41025641026
4656.41025641026
4662.05128205128
4668.20512820513
4667.69230769231
4663.07692307692
4656.41025641026
4655.38461538462
4665.64102564103
4676.92307692308
4671.28205128205
4656.41025641026
4657.4358974359
4666.15384615385
4665.64102564103
4663.07692307692
4664.61538461539
4661.02564102564
4660.51282051282
4663.58974358974
4658.46153846154
4658.46153846154
4663.07692307692
4661.02564102564
4659.48717948718
4663.07692307692
4662.5641025641
4654.35897435897
4652.30769230769
4661.02564102564
4662.05128205128
4651.79487179487
4653.33333333333
4665.64102564103
4665.12820512821
4655.38461538462
4660.51282051282
4667.69230769231
4653.33333333333
4643.58974358974
4658.97435897436
4668.71794871795
4663.58974358974
4665.12820512821
4665.12820512821
4658.46153846154
4661.02564102564
4668.71794871795
4674.35897435897
4671.79487179487
4665.64102564103
4666.66666666667
4674.8717948718
4674.8717948718
4664.61538461539
4655.38461538462
4653.33333333333
4656.41025641026
4657.4358974359
4659.48717948718
4667.17948717949
4669.23076923077
4665.64102564103
4663.58974358974
4664.10256410256
4667.17948717949
4671.79487179487
4674.8717948718
4673.33333333333
4666.66666666667
4663.58974358974
4667.69230769231
4666.66666666667
4662.5641025641
4662.05128205128
4657.94871794872
4652.30769230769
4661.02564102564
4674.35897435897
4669.74358974359
4664.61538461539
4674.35897435897
4679.48717948718
4667.17948717949
4661.53846153846
4666.66666666667
4671.28205128205
4677.4358974359
4676.41025641026
4663.07692307692
4660
4672.30769230769
4673.33333333333
4662.05128205128
4662.5641025641
4673.84615384615
4679.48717948718
4680.51282051282
4681.02564102564
4679.48717948718
4679.48717948718
4678.97435897436
4673.84615384615
4675.89743589744
4688.20512820513
4691.28205128205
4686.66666666667
4692.82051282051
4696.41025641026
4686.15384615385
4677.94871794872
4680
4681.02564102564
4675.89743589744
4670.76923076923
4678.46153846154
4691.79487179487
4695.89743589744
4694.35897435897
4694.35897435897
4690.76923076923
4686.66666666667
4690.25641025641
4691.28205128205
4685.12820512821
4678.97435897436
4677.4358974359
4682.05128205128
4688.20512820513
4689.23076923077
4684.61538461539
4685.64102564103
4687.69230769231
4681.53846153846
4674.35897435897
4675.89743589744
4682.05128205128
4680
4677.4358974359
4680.51282051282
4678.46153846154
4677.4358974359
4682.5641025641
4681.02564102564
4678.46153846154
4685.12820512821
4691.28205128205
4690.76923076923
4691.28205128205
4686.15384615385
4678.46153846154
4675.89743589744
4677.4358974359
4689.23076923077
4699.48717948718
4704.10256410256
4714.8717948718
4730.76923076923
4749.74358974359
4763.58974358974
4769.23076923077
4786.66666666667
4821.53846153846
4847.17948717949
4849.23076923077
4844.10256410256
4850.25641025641
4861.02564102564
4854.8717948718
4843.58974358974
4847.17948717949
4848.20512820513
4835.38461538462
4835.38461538462
4842.5641025641
4817.4358974359
4763.07692307692
4720
4700.51282051282
4694.8717948718
4702.5641025641
4706.15384615385
4703.07692307692
4701.02564102564
4695.38461538462
4686.15384615385
4684.61538461539
4691.79487179487
4695.89743589744
4685.64102564103
4677.4358974359
4684.10256410256
4690.25641025641
4688.20512820513
4686.15384615385
4680.51282051282
4671.28205128205
4669.23076923077
4673.84615384615
4673.84615384615
4669.74358974359
4675.38461538462
4687.17948717949
4682.5641025641
4665.64102564103
4666.15384615385
4676.92307692308
4673.33333333333
4671.79487179487
4678.46153846154
4678.97435897436
4672.30769230769
4667.17948717949
4663.58974358974
4665.64102564103
4673.84615384615
4671.79487179487
4663.58974358974
4669.74358974359
4677.94871794872
4669.23076923077
4663.07692307692
4676.92307692308
4682.05128205128
4672.82051282051
4669.74358974359
4671.28205128205
4666.15384615385
4660
4666.15384615385
4678.97435897436
4678.97435897436
4666.15384615385
4662.05128205128
4666.15384615385
4656.92307692308
4652.30769230769
4667.69230769231
4677.4358974359
4666.66666666667
4661.53846153846
4663.58974358974
4665.64102564103
4676.92307692308
4680
4672.82051282051
4678.97435897436
4689.23076923077
4685.64102564103
4687.17948717949
4694.35897435897
4690.76923076923
4687.17948717949
4687.69230769231
4686.66666666667
4694.35897435897
4702.5641025641
4703.07692307692
4701.53846153846
4702.05128205128
4708.20512820513
4716.92307692308
4726.15384615385
4748.20512820513
4766.15384615385
4766.66666666667
4776.92307692308
4797.4358974359
4805.12820512821
4810.25641025641
4813.33333333333
4809.74358974359
4811.79487179487
4816.41025641026
4812.30769230769
4811.28205128205
4812.82051282051
4804.10256410256
4794.8717948718
4796.92307692308
4802.05128205128
4799.48717948718
4798.46153846154
4802.05128205128
4803.07692307692
4801.02564102564
4797.94871794872
4800
4809.23076923077
4813.84615384615
4806.15384615385
4796.92307692308
4797.94871794872
4798.46153846154
4790.76923076923
4781.02564102564
4777.94871794872
4780.51282051282
4783.07692307692
4777.4358974359
4771.28205128205
4776.92307692308
4782.05128205128
4770.76923076923
4762.05128205128
4765.64102564103
4767.69230769231
4768.20512820513
4767.17948717949
4762.5641025641
4770.25641025641
4780.51282051282
4768.71794871795
4753.33333333333
4759.48717948718
4766.15384615385
4764.61538461539
4762.05128205128
4753.33333333333
4752.30769230769
4763.07692307692
4764.10256410256
4756.92307692308
4763.07692307692
4764.61538461539
4755.38461538462
4752.30769230769
4744.61538461539
4737.4358974359
4744.61538461539
4752.30769230769
4749.23076923077
4749.23076923077
4754.8717948718
4745.12820512821
4737.4358974359
4746.15384615385
4748.20512820513
4735.89743589744
4733.33333333333
4734.8717948718
4722.5641025641
4718.46153846154
4732.30769230769
4740
4728.71794871795
4720
4729.23076923077
4738.97435897436
4734.35897435897
4731.28205128205
4736.92307692308
4732.30769230769
4720
4716.92307692308
4722.5641025641
4722.05128205128
4715.89743589744
4724.10256410256
4733.33333333333
4722.5641025641
4719.48717948718
4735.38461538462
4731.28205128205
4716.92307692308
4725.64102564103
4731.28205128205
4718.97435897436
4715.89743589744
4720
4718.46153846154
4715.38461538462
4717.4358974359
4723.07692307692
4725.64102564103
4722.05128205128
4720.51282051282
4722.5641025641
4718.46153846154
4715.38461538462
4722.05128205128
4721.53846153846
4711.79487179487
4713.84615384615
4721.02564102564
4712.82051282051
4705.12820512821
4714.35897435897
4717.4358974359
4705.12820512821
4702.5641025641
4707.17948717949
4700.51282051282
4693.33333333333
4706.15384615385
4718.46153846154
4711.28205128205
4699.48717948718
4702.05128205128
4705.64102564103
4703.58974358974
4710.76923076923
4715.38461538462
4703.58974358974
4701.53846153846
4706.15384615385
4695.89743589744
4695.89743589744
4706.15384615385
4696.92307692308
4690.25641025641
4701.53846153846
4705.12820512821
4695.89743589744
4685.12820512821
4687.17948717949
4697.94871794872
4700.51282051282
4697.94871794872
4702.5641025641
4704.61538461539
4694.8717948718
4693.33333333333
4698.46153846154
4690.25641025641
4686.15384615385
4698.46153846154
4702.5641025641
4691.28205128205
4691.28205128205
4697.4358974359
4694.8717948718
4691.28205128205
4689.23076923077
4691.28205128205
4695.38461538462
4687.69230769231
4681.02564102564
4690.25641025641
4700
4694.35897435897
4693.33333333333
4703.07692307692
4700.51282051282
4690.25641025641
4690.25641025641
4696.92307692308
4694.8717948718
4688.71794871795
4690.25641025641
4691.79487179487
4689.74358974359
4688.20512820513
4687.17948717949
4686.15384615385
4685.64102564103
4687.69230769231
4688.20512820513
4687.17948717949
4688.20512820513
4689.23076923077
4678.46153846154
4672.82051282051
4684.10256410256
4689.74358974359
4684.10256410256
4688.71794871795
4697.94871794872
4690.76923076923
4687.69230769231
4694.8717948718
4688.20512820513
4681.53846153846
4689.74358974359
4688.71794871795
4675.38461538462
4677.94871794872
4687.17948717949
4685.12820512821
4677.94871794872
4672.82051282051
4675.38461538462
4679.48717948718
4677.94871794872
4671.28205128205
4671.28205128205
4679.48717948718
4681.02564102564
4678.97435897436
4679.48717948718
4683.07692307692
4679.48717948718
4669.23076923077
4666.15384615385
4670.76923076923
4672.30769230769
4664.10256410256
4661.02564102564
4671.28205128205
4680.51282051282
4677.94871794872
4667.69230769231
4666.66666666667
4673.33333333333
4680
4682.5641025641
4674.35897435897
4664.10256410256
4661.53846153846
4666.15384615385
4664.61538461539
4662.5641025641
4671.28205128205
4671.79487179487
4662.5641025641
4665.12820512821
4673.84615384615
4665.12820512821
4652.30769230769
4663.58974358974
4677.4358974359
4669.74358974359
4660
4666.15384615385
4663.07692307692
4644.61538461538
4650.25641025641
4671.79487179487
4671.28205128205
4658.97435897436
4662.5641025641
4667.17948717949
4658.97435897436
4653.84615384615
4656.92307692308
4658.46153846154
4655.89743589744
4656.92307692308
4662.5641025641
4666.15384615385
4663.58974358974
4656.41025641026
4653.84615384615
4657.4358974359
4659.48717948718
4653.33333333333
4646.66666666667
4645.64102564103
4648.20512820513
4646.15384615385
4643.07692307692
4653.33333333333
4661.02564102564
4651.79487179487
4641.02564102564
4642.5641025641
4648.20512820513
4649.74358974359
4648.71794871795
4647.69230769231
4649.23076923077
4642.05128205128
4638.46153846154
4647.69230769231
4642.05128205128
4626.66666666667
4631.79487179487
4645.12820512821
4642.05128205128
4638.97435897436
4645.12820512821
4648.71794871795
4644.61538461538
4641.02564102564
4644.61538461538
4649.23076923077
4645.64102564103
4641.53846153846
4644.61538461538
4649.74358974359
4648.20512820513
4641.02564102564
4639.48717948718
4645.64102564103
4654.8717948718
4658.46153846154
4651.79487179487
4651.28205128205
4659.48717948718
4660
4653.84615384615
4656.41025641026
4658.97435897436
4649.23076923077
4644.10256410256
4655.38461538462
4660.51282051282
4651.28205128205
4652.82051282051
4663.58974358974
4662.05128205128
4649.23076923077
4643.58974358974
4649.74358974359
4657.4358974359
4657.4358974359
4654.8717948718
4659.48717948718
4664.10256410256
4666.15384615385
4665.12820512821
4660.51282051282
4662.05128205128
4666.66666666667
4660.51282051282
4642.5641025641
4641.53846153846
4658.97435897436
4667.69230769231
4657.4358974359
4646.15384615385
4650.25641025641
4661.53846153846
4654.35897435897
4634.35897435897
4639.48717948718
4659.48717948718
4655.89743589744
4643.07692307692
4646.15384615385
4651.28205128205
4648.71794871795
4651.79487179487
4656.41025641026
4656.92307692308
4657.94871794872
4656.41025641026
4650.25641025641
4649.23076923077
4650.76923076923
4646.66666666667
4645.12820512821
4647.17948717949
4646.66666666667
4642.5641025641
4640
4640
4642.05128205128
4639.48717948718
4632.30769230769
4631.28205128205
4629.74358974359
4624.61538461538
4633.33333333333
4647.69230769231
4650.25641025641
4645.64102564103
4646.66666666667
4656.92307692308
4666.15384615385
4659.48717948718
4652.82051282051
4657.4358974359
4654.8717948718
4642.5641025641
4645.64102564103
4665.12820512821
4671.28205128205
4657.94871794872
4653.84615384615
4661.02564102564
4657.94871794872
4657.4358974359
4661.02564102564
4659.48717948718
4660.51282051282
4664.61538461539
4663.58974358974
4663.07692307692
4665.64102564103
4663.07692307692
4659.48717948718
4657.4358974359
4656.41025641026
4656.92307692308
4658.46153846154
4657.94871794872
4652.30769230769
4651.79487179487
4657.4358974359
4655.89743589744
4656.92307692308
4663.58974358974
4660.51282051282
4655.89743589744
4657.94871794872
4652.82051282051
4648.71794871795
4661.02564102564
4665.64102564103
4651.79487179487
4646.66666666667
4656.41025641026
4663.07692307692
4659.48717948718
4654.35897435897
4648.20512820513
4639.48717948718
4641.02564102564
4647.17948717949
4643.58974358974
4639.48717948718
4650.76923076923
4659.48717948718
4649.23076923077
4640.51282051282
4643.07692307692
4648.20512820513
4654.35897435897
4656.41025641026
4650.76923076923
4647.69230769231
4647.69230769231
4641.02564102564
4636.92307692308
4641.53846153846
4641.02564102564
4642.05128205128
4648.71794871795
4650.25641025641
4647.17948717949
4642.05128205128
4633.84615384615
4632.82051282051
4643.58974358974
4653.84615384615
4651.79487179487
4640
4635.38461538462
4642.5641025641
4648.20512820513
4648.71794871795
4647.17948717949
4641.02564102564
4640
4649.23076923077
4653.33333333333
4646.15384615385
4646.15384615385
4659.48717948718
4665.64102564103
4658.46153846154
4656.41025641026
4665.12820512821
4666.15384615385
4653.33333333333
4644.61538461538
4648.20512820513
4651.79487179487
4645.64102564103
4640
4643.07692307692
4643.07692307692
4638.46153846154
4640.51282051282
4648.20512820513
4646.66666666667
4641.53846153846
4646.15384615385
4650.76923076923
4647.17948717949
4649.74358974359
4654.35897435897
4651.28205128205
4647.17948717949
4645.64102564103
4648.20512820513
4646.66666666667
4634.8717948718
4630.76923076923
4642.5641025641
4653.84615384615
4656.92307692308
4655.38461538462
4651.28205128205
4646.15384615385
4642.05128205128
4645.64102564103
4649.74358974359
4638.97435897436
4632.82051282051
4642.5641025641
4647.17948717949
4650.25641025641
4656.92307692308
4657.4358974359
4656.41025641026
4651.79487179487
4640
4640
4644.61538461538
4635.38461538462
4632.82051282051
4650.25641025641
4660.51282051282
4654.35897435897
4649.74358974359
4649.74358974359
4646.15384615385
4641.02564102564
4642.5641025641
4649.74358974359
4649.23076923077
4640
4637.94871794872
4641.02564102564
4640
4640.51282051282
4644.10256410256
4643.07692307692
4640.51282051282
4634.8717948718
4632.30769230769
4636.92307692308
4641.53846153846
4647.69230769231
4654.35897435897
4648.71794871795
4638.97435897436
4640.51282051282
4641.53846153846
4637.94871794872
4640
4644.10256410256
4643.58974358974
4639.48717948718
4639.48717948718
4643.58974358974
4646.15384615385
4648.20512820513
4648.71794871795
4645.64102564103
4642.5641025641
4638.97435897436
4636.41025641026
4643.07692307692
4649.23076923077
4640.51282051282
4632.82051282051
4642.5641025641
4648.71794871795
4641.02564102564
4639.48717948718
4647.17948717949
4652.30769230769
4649.74358974359
4642.5641025641
4637.4358974359
4643.07692307692
4650.25641025641
4646.66666666667
4647.17948717949
4652.30769230769
4641.02564102564
4632.82051282051
4647.17948717949
4654.35897435897
4642.05128205128
4637.94871794872
4642.5641025641
4641.02564102564
4640
4641.02564102564
4641.02564102564
4642.05128205128
4642.5641025641
4645.64102564103
4648.20512820513
4641.53846153846
4633.84615384615
4630.76923076923
4629.23076923077
4635.89743589744
4645.12820512821
4640
4630.76923076923
4632.82051282051
4633.33333333333
4629.74358974359
4629.74358974359
4631.79487179487
4632.82051282051
4631.79487179487
4629.74358974359
4628.71794871795
4631.79487179487
4632.82051282051
4632.82051282051
4637.94871794872
4641.53846153846
4633.33333333333
4625.12820512821
4628.71794871795
4631.79487179487
4628.71794871795
4629.74358974359
4633.84615384615
4634.8717948718
4630.76923076923
4631.79487179487
4632.30769230769
4620.51282051282
4615.38461538462
4628.20512820513
4635.38461538462
4633.33333333333
4638.46153846154
4639.48717948718
4631.28205128205
4630.25641025641
4633.33333333333
4632.82051282051
4634.8717948718
4633.33333333333
4625.12820512821
4627.17948717949
4633.84615384615
4624.10256410256
4614.8717948718
4628.20512820513
4637.4358974359
4633.84615384615
4638.97435897436
4642.05128205128
4633.33333333333
4628.71794871795
4632.82051282051
4637.94871794872
4640.51282051282
4637.94871794872
4630.25641025641
4629.23076923077
4637.4358974359
4644.61538461538
4642.5641025641
4635.38461538462
4633.33333333333
4635.89743589744
4633.84615384615
4633.33333333333
4633.33333333333
4626.66666666667
4625.64102564103
4632.82051282051
4631.28205128205
4629.23076923077
4634.35897435897
4636.41025641026
4633.33333333333
4631.79487179487
4636.41025641026
4647.69230769231
4647.69230769231
4633.33333333333
4632.82051282051
4643.58974358974
4638.97435897436
4631.28205128205
4640
4645.12820512821
4635.38461538462
4630.76923076923
4634.8717948718
4634.35897435897
4633.33333333333
4637.4358974359
4640.51282051282
4642.5641025641
4639.48717948718
4630.76923076923
4630.25641025641
4643.58974358974
4648.71794871795
4636.92307692308
4629.23076923077
4631.79487179487
4633.84615384615
4632.82051282051
4631.79487179487
4631.28205128205
4630.25641025641
4630.25641025641
4637.94871794872
4643.07692307692
4635.38461538462
4632.30769230769
4641.02564102564
4639.48717948718
4627.69230769231
4630.76923076923
4640.51282051282
4642.5641025641
4641.53846153846
4636.41025641026
4630.76923076923
4635.89743589744
4640.51282051282
4633.84615384615
4633.84615384615
4642.5641025641
4640
4635.89743589744
4629.23076923077
4619.48717948718
4627.17948717949
4645.12820512821
4646.66666666667
4641.02564102564
4646.66666666667
4649.74358974359
4640
4632.30769230769
4630.25641025641
4631.28205128205
4638.46153846154
4648.71794871795
4647.17948717949
4645.12820512821
4653.33333333333
4655.38461538462
4648.71794871795
4647.69230769231
4650.76923076923
4649.23076923077
4643.58974358974
4637.94871794872
4640.51282051282
4647.69230769231
4647.69230769231
4643.58974358974
4647.17948717949
4655.38461538462
4658.46153846154
4657.4358974359
4654.35897435897
4649.23076923077
4647.17948717949
4648.20512820513
4646.66666666667
4641.02564102564
4640
4650.76923076923
4656.92307692308
4648.20512820513
4644.61538461538
4652.30769230769
4652.82051282051
4647.17948717949
4648.20512820513
4650.76923076923
4649.23076923077
4646.15384615385
4641.53846153846
4633.33333333333
4631.28205128205
4631.28205128205
4626.15384615385
4631.28205128205
4644.10256410256
4644.61538461538
4638.46153846154
4640.51282051282
4642.05128205128
4640.51282051282
4641.02564102564
4638.46153846154
4639.48717948718
4645.12820512821
4640
4635.38461538462
4646.15384615385
4650.76923076923
4640.51282051282
4639.48717948718
4644.61538461538
4640.51282051282
4642.5641025641
4648.20512820513
4644.10256410256
4638.97435897436
4644.61538461538
4646.66666666667
4643.58974358974
4647.17948717949
4651.28205128205
4647.17948717949
4645.64102564103
4647.69230769231
4644.61538461538
4646.66666666667
4655.38461538462
4654.8717948718
4650.76923076923
4654.8717948718
4660.51282051282
4655.89743589744
4642.5641025641
4633.33333333333
4642.05128205128
4652.30769230769
4642.5641025641
4639.48717948718
4654.8717948718
4657.94871794872
4648.20512820513
4647.17948717949
4651.28205128205
4647.69230769231
4640
4633.33333333333
4630.25641025641
4633.84615384615
4646.66666666667
4650.76923076923
4636.41025641026
4634.35897435897
4649.74358974359
4653.84615384615
4645.12820512821
4643.07692307692
4641.02564102564
4635.38461538462
4636.92307692308
4640.51282051282
4640.51282051282
4638.97435897436
4642.05128205128
4643.58974358974
4640
4643.07692307692
4650.76923076923
4647.69230769231
4639.48717948718
4640
4643.07692307692
4647.17948717949
4654.8717948718
4653.84615384615
4646.15384615385
4645.12820512821
4641.53846153846
4639.48717948718
4647.69230769231
4657.94871794872
4658.97435897436
4652.30769230769
4646.15384615385
4646.15384615385
4649.74358974359
4648.71794871795
