
4114.8717948718
4121.02564102564
4128.20512820513
4118.97435897436
4103.07692307692
4110.25641025641
4124.10256410256
4116.92307692308
4105.12820512821
4105.12820512821
4103.58974358974
4102.05128205128
4107.17948717949
4108.20512820513
4110.76923076923
4110.25641025641
4098.97435897436
4092.30769230769
4094.8717948718
4098.97435897436
4101.53846153846
4105.12820512821
4107.69230769231
4100
4093.33333333333
4103.58974358974
4108.71794871795
4090.25641025641
4087.69230769231
4104.61538461538
4098.97435897436
4090.25641025641
4101.02564102564
4103.58974358974
4092.82051282051
4089.23076923077
4093.33333333333
4091.28205128205
4083.58974358974
4084.10256410256
4090.25641025641
4093.33333333333
4089.23076923077
4086.15384615385
4096.41025641026
4107.17948717949
4102.5641025641
4097.94871794872
4098.97435897436
4086.66666666667
4076.92307692308
4085.64102564103
4081.02564102564
4069.74358974359
4082.5641025641
4095.89743589744
4090.76923076923
4089.23076923077
4094.35897435898
4090.76923076923
4093.84615384615
4105.64102564103
4106.15384615385
4102.05128205128
4107.17948717949
4106.15384615385
4091.79487179487
4091.79487179487
4099.48717948718
4096.41025641026
4096.92307692308
4105.12820512821
4109.23076923077
4109.23076923077
4110.76923076923
4109.74358974359
4106.15384615385
4104.61538461538
4102.5641025641
4105.12820512821
4112.30769230769
4120
4124.10256410256
4118.46153846154
4103.58974358974
4096.41025641026
4109.23076923077
4119.48717948718
4113.33333333333
4112.30769230769
4110.25641025641
4105.64102564103
4112.82051282051
4123.07692307692
4124.61538461538
4118.46153846154
4109.23076923077
4097.4358974359
4090.25641025641
4097.94871794872
4117.4358974359
4124.61538461538
4114.8717948718
4115.89743589744
4124.10256410256
4122.05128205128
4123.07692307692
4127.17948717949
4123.58974358974
4121.02564102564
4120
4123.07692307692
4133.84615384615
4130.76923076923
4120.51282051282
4123.58974358974
4121.02564102564
4111.79487179487
4119.48717948718
4127.17948717949
4118.46153846154
4113.84615384615
4114.35897435897
4114.35897435897
4123.58974358974
4125.12820512821
4107.69230769231
4102.05128205128
4120
4132.30769230769
4123.07692307692
4121.02564102564
4128.20512820513
4126.66666666667
4128.20512820513
4132.30769230769
4123.58974358974
4116.92307692308
4122.05128205128
4119.48717948718
4116.92307692308
4125.64102564103
4123.58974358974
4116.41025641026
4116.92307692308
4109.74358974359
4104.10256410256
4117.4358974359
4126.66666666667
4121.53846153846
4123.07692307692
4130.25641025641
4124.10256410256
4117.94871794872
4126.66666666667
4124.10256410256
4105.64102564103
4106.15384615385
4121.53846153846
4121.02564102564
4117.4358974359
4122.05128205128
4114.35897435897
4109.74358974359
4119.48717948718
4112.82051282051
4103.07692307692
4114.8717948718
4124.10256410256
4118.46153846154
4117.4358974359
4117.94871794872
4117.94871794872
4126.66666666667
4129.74358974359
4120
4116.92307692308
4122.5641025641
4124.10256410256
4122.5641025641
4125.12820512821
4122.5641025641
4122.5641025641
4134.35897435897
4137.4358974359
4121.02564102564
4117.94871794872
4131.28205128205
4126.66666666667
4115.38461538462
4120.51282051282
4122.05128205128
4124.10256410256
4132.30769230769
4130.76923076923
4123.58974358974
4122.5641025641
4124.10256410256
4128.20512820513
4127.17948717949
4120.51282051282
4118.97435897436
4114.8717948718
4103.07692307692
4103.07692307692
4113.84615384615
4122.5641025641
4123.58974358974
4120
4120
4125.64102564103
4127.69230769231
4131.79487179487
4142.05128205128
4141.02564102564
4126.66666666667
4118.97435897436
4119.48717948718
4120.51282051282
4130.25641025641
4141.53846153846
4131.79487179487
4123.58974358974
4133.33333333333
4139.48717948718
4134.35897435897
4134.35897435897
4137.4358974359
4134.8717948718
4141.53846153846
4151.28205128205
4145.64102564103
4139.48717948718
4140.51282051282
4141.02564102564
4143.58974358974
4148.71794871795
4142.05128205128
4135.38461538462
4140
4138.97435897436
4135.89743589744
4142.05128205128
4143.58974358974
4136.92307692308
4141.53846153846
4153.84615384615
4157.4358974359
4154.35897435897
4151.28205128205
4152.30769230769
4155.89743589744
4155.89743589744
4150.76923076923
4150.25641025641
4160.51282051282
4169.74358974359
4161.02564102564
4149.74358974359
4160.51282051282
4169.74358974359
4167.17948717949
4168.20512820513
4162.05128205128
4150.76923076923
4152.82051282051
4150.76923076923
4135.38461538462
4139.48717948718
4156.41025641026
4153.84615384615
4138.97435897436
4134.8717948718
4143.07692307692
4152.82051282051
4155.38461538462
4146.15384615385
4135.89743589744
4140
4152.82051282051
4157.94871794872
4153.33333333333
4152.82051282051
4151.79487179487
4149.23076923077
4154.8717948718
4163.07692307692
4170.76923076923
4179.48717948718
4189.23076923077
4202.5641025641
4215.38461538462
4222.5641025641
4247.69230769231
4298.46153846154
4325.12820512821
4325.64102564103
4333.33333333333
4334.8717948718
4325.12820512821
4325.12820512821
4322.5641025641
4310.76923076923
4316.41025641026
4322.05128205128
4321.53846153846
4327.69230769231
4294.8717948718
4224.10256410256
4188.20512820513
4184.61538461538
4167.69230769231
4156.41025641026
4164.61538461538
4166.66666666667
4166.66666666667
4171.79487179487
4166.66666666667
4155.38461538462
4153.33333333333
4154.8717948718
4152.30769230769
4150.25641025641
4155.89743589744
4157.4358974359
4149.74358974359
4141.02564102564
4137.94871794872
4134.8717948718
4138.46153846154
4153.33333333333
4155.89743589744
4143.58974358974
4141.53846153846
4154.8717948718
4166.15384615385
4158.46153846154
4142.05128205128
4134.35897435897
4131.28205128205
4139.48717948718
4151.79487179487
4144.61538461538
4137.4358974359
4153.84615384615
4155.89743589744
4136.41025641026
4138.97435897436
4153.84615384615
4150.76923076923
4140.51282051282
4135.38461538462
4134.8717948718
4141.53846153846
4154.8717948718
4154.8717948718
4141.53846153846
4132.82051282051
4134.8717948718
4144.61538461538
4156.41025641026
4152.82051282051
4144.61538461538
4150.76923076923
4154.8717948718
4150.25641025641
4149.23076923077
4142.05128205128
4136.41025641026
4153.33333333333
4159.48717948718
4140.51282051282
4139.48717948718
4153.84615384615
4155.38461538462
4153.84615384615
4156.92307692308
4158.46153846154
4165.64102564103
4171.79487179487
4162.05128205128
4151.28205128205
4148.71794871795
4150.25641025641
4152.82051282051
4152.82051282051
4156.41025641026
4165.64102564103
4174.35897435897
4182.05128205128
4192.30769230769
4198.97435897436
4207.69230769231
4215.38461538462
4214.8717948718
4224.10256410256
4241.53846153846
4246.15384615385
4258.46153846154
4285.64102564103
4298.97435897436
4300
4300
4300.51282051282
4309.23076923077
4313.33333333333
4298.46153846154
4291.28205128205
4302.05128205128
4304.61538461538
4296.41025641026
4288.71794871795
4289.23076923077
4291.28205128205
4292.30769230769
4290.25641025641
4282.05128205128
4280.51282051282
4287.17948717949
4284.10256410256
4274.8717948718
4278.97435897436
4283.58974358974
4280
4277.94871794872
4272.30769230769
4269.74358974359
4273.33333333333
4271.79487179487
4264.10256410256
4260.51282051282
4262.05128205128
4262.05128205128
4263.58974358974
4265.64102564103
4264.61538461538
4265.12820512821
4265.12820512821
4257.4358974359
4254.8717948718
4266.15384615385
4267.69230769231
4260
4263.07692307692
4253.33333333333
4234.35897435897
4240.51282051282
4252.82051282051
4247.17948717949
4245.12820512821
4251.28205128205
4251.79487179487
4250.25641025641
4247.69230769231
4245.12820512821
4247.69230769231
4246.15384615385
4246.15384615385
4247.17948717949
4238.46153846154
4230.76923076923
4232.82051282051
4232.82051282051
4232.82051282051
4235.38461538462
4231.28205128205
4228.20512820513
4231.28205128205
4233.84615384615
4233.33333333333
4224.10256410256
4210.25641025641
4213.84615384615
4225.64102564103
4221.02564102564
4214.8717948718
4218.97435897436
4217.94871794872
4222.05128205128
4233.33333333333
4225.12820512821
4202.05128205128
4196.92307692308
4201.02564102564
4198.46153846154
4198.46153846154
4199.48717948718
4202.5641025641
4200.51282051282
4192.30769230769
4194.35897435897
4204.61538461538
4204.10256410256
4195.38461538462
4196.41025641026
4202.5641025641
4202.05128205128
4194.35897435897
4200
4213.33333333333
4206.15384615385
4196.41025641026
4205.12820512821
4207.69230769231
4200
4201.02564102564
4205.64102564103
4203.58974358974
4201.02564102564
4202.05128205128
4204.10256410256
4203.07692307692
4204.10256410256
4202.5641025641
4190.76923076923
4185.64102564103
4194.35897435897
4204.10256410256
4206.15384615385
4196.41025641026
4183.07692307692
4184.61538461538
4192.82051282051
4187.17948717949
4182.05128205128
4188.20512820513
4190.25641025641
4185.64102564103
4191.28205128205
4196.92307692308
4187.69230769231
4189.23076923077
4203.58974358974
4197.4358974359
4180
4182.05128205128
4193.33333333333
4198.46153846154
4200
4197.94871794872
4189.74358974359
4182.05128205128
4182.05128205128
4186.66666666667
4188.71794871795
4186.66666666667
4184.61538461538
4185.64102564103
4187.69230769231
4188.20512820513
4190.25641025641
4187.17948717949
4186.66666666667
4191.79487179487
4192.30769230769
4185.64102564103
4182.5641025641
4189.23076923077
4183.58974358974
4169.23076923077
4176.41025641026
4189.23076923077
4184.10256410256
4180
4184.10256410256
4172.82051282051
4162.5641025641
4171.28205128205
4176.41025641026
4169.74358974359
4163.07692307692
4171.28205128205
4183.07692307692
4184.61538461538
4184.10256410256
4185.64102564103
4185.12820512821
4184.61538461538
4183.07692307692
4172.30769230769
4166.66666666667
4174.35897435897
4175.38461538462
4169.23076923077
4168.71794871795
4163.58974358974
4158.46153846154
4165.12820512821
4167.17948717949
4157.94871794872
4156.41025641026
4158.97435897436
4154.35897435897
4149.74358974359
4151.79487179487
4163.07692307692
4173.33333333333
4168.71794871795
4165.12820512821
4172.30769230769
4172.30769230769
4165.64102564103
4165.64102564103
4170.25641025641
4173.33333333333
4166.15384615385
4154.8717948718
4152.82051282051
4150.76923076923
4152.30769230769
4165.12820512821
4166.66666666667
4152.82051282051
4152.30769230769
4160
4155.89743589744
4151.79487179487
4152.82051282051
4156.41025641026
4158.46153846154
4156.92307692308
4156.92307692308
4155.38461538462
4152.30769230769
4148.71794871795
4142.5641025641
4138.97435897436
4140.51282051282
4146.15384615385
4150.76923076923
4147.17948717949
4141.02564102564
4142.05128205128
4141.02564102564
4141.02564102564
4150.25641025641
4152.30769230769
4144.10256410256
4137.4358974359
4134.35897435897
4140.51282051282
4149.23076923077
4145.64102564103
4135.89743589744
4134.35897435897
4144.61538461538
4152.82051282051
4145.12820512821
4134.8717948718
4137.4358974359
4133.84615384615
4127.17948717949
4142.5641025641
4156.41025641026
4146.66666666667
4138.46153846154
4136.92307692308
4127.69230769231
4125.64102564103
4144.10256410256
4154.35897435897
4140
4126.15384615385
4131.79487179487
4137.94871794872
4134.35897435897
4138.46153846154
4133.84615384615
4121.02564102564
4128.20512820513
4139.48717948718
4135.89743589744
4133.33333333333
4137.94871794872
4135.38461538462
4132.82051282051
4136.41025641026
4134.35897435897
4130.25641025641
4136.41025641026
4141.02564102564
4134.8717948718
4130.76923076923
4125.64102564103
4114.8717948718
4125.12820512821
4136.92307692308
4127.17948717949
4122.05128205128
4126.15384615385
4120
4117.94871794872
4123.07692307692
4119.48717948718
4116.41025641026
4112.82051282051
4105.12820512821
4110.76923076923
4124.10256410256
4125.12820512821
4117.4358974359
4113.33333333333
4107.17948717949
4102.5641025641
4115.38461538462
4133.33333333333
4131.28205128205
4120
4119.48717948718
4121.02564102564
4120
4121.53846153846
4116.41025641026
4107.17948717949
4108.71794871795
4117.94871794872
4123.07692307692
4119.48717948718
4115.38461538462
4120
4125.64102564103
4122.5641025641
4121.02564102564
4127.69230769231
4132.30769230769
4122.5641025641
4123.07692307692
4140
4141.53846153846
4131.28205128205
4134.35897435897
4139.48717948718
4136.41025641026
4136.92307692308
4135.89743589744
4133.84615384615
4138.46153846154
4140
4142.5641025641
4150.76923076923
4145.12820512821
4128.20512820513
4121.53846153846
4121.53846153846
4124.10256410256
4135.38461538462
4146.66666666667
4137.94871794872
4123.07692307692
4124.61538461538
4127.17948717949
4121.02564102564
4128.20512820513
4140
4129.74358974359
4116.92307692308
4120
4119.48717948718
4125.64102564103
4138.46153846154
4133.84615384615
4126.66666666667
4134.8717948718
4138.46153846154
4133.84615384615
4136.41025641026
4139.48717948718
4138.46153846154
4134.35897435897
4123.07692307692
4121.53846153846
4134.8717948718
4143.07692307692
4136.41025641026
4123.07692307692
4120
4123.58974358974
4110.76923076923
4102.5641025641
4119.48717948718
4127.17948717949
4114.8717948718
4111.79487179487
4113.84615384615
4102.05128205128
4096.92307692308
4113.33333333333
4130.25641025641
4126.66666666667
4118.46153846154
4123.58974358974
4122.5641025641
4115.38461538462
4115.89743589744
4126.66666666667
4133.33333333333
4128.20512820513
4124.10256410256
4124.61538461538
4125.12820512821
4118.97435897436
4110.76923076923
4111.79487179487
4120.51282051282
4123.07692307692
4117.94871794872
4120.51282051282
4129.23076923077
4127.69230769231
4121.02564102564
4129.23076923077
4138.97435897436
4127.69230769231
4115.89743589744
4122.05128205128
4127.69230769231
4123.07692307692
4126.15384615385
4133.84615384615
4128.71794871795
4120
4123.07692307692
4123.58974358974
4123.58974358974
4134.35897435897
4132.30769230769
4120
4124.10256410256
4136.41025641026
4137.4358974359
4127.17948717949
4120.51282051282
4121.02564102564
4127.17948717949
4135.38461538462
4140.51282051282
4132.30769230769
4121.53846153846
4122.5641025641
4122.05128205128
4117.4358974359
4126.15384615385
4139.48717948718
4139.48717948718
4134.35897435897
4132.30769230769
4125.64102564103
4116.92307692308
4111.28205128205
4109.23076923077
4124.61538461538
4136.41025641026
4126.15384615385
4117.4358974359
4122.5641025641
4120.51282051282
4120.51282051282
4128.71794871795
4125.64102564103
4122.5641025641
4125.12820512821
4123.07692307692
4124.61538461538
4120
4109.23076923077
4117.4358974359
4130.25641025641
4123.07692307692
4120
4122.5641025641
4119.48717948718
4126.66666666667
4132.30769230769
4124.61538461538
4121.53846153846
4122.5641025641
4119.48717948718
4124.10256410256
4128.71794871795
4120
4125.12820512821
4140
4129.23076923077
4112.30769230769
4118.46153846154
4126.66666666667
4122.5641025641
4123.58974358974
4124.61538461538
4118.97435897436
4111.28205128205
4109.74358974359
4119.48717948718
4124.10256410256
4109.74358974359
4103.07692307692
4118.46153846154
4125.12820512821
4108.71794871795
4095.38461538462
4104.61538461538
4122.05128205128
4122.05128205128
4114.8717948718
4112.30769230769
4103.58974358974
4103.07692307692
4122.05128205128
4125.64102564103
4111.28205128205
4113.84615384615
4125.12820512821
4122.05128205128
4117.4358974359
4124.61538461538
4130.25641025641
4125.12820512821
4123.58974358974
4129.74358974359
4125.12820512821
4114.35897435897
4111.79487179487
4113.84615384615
4116.92307692308
4122.5641025641
4125.12820512821
4122.05128205128
4120
4120
4128.20512820513
4138.46153846154
4134.35897435897
4121.02564102564
4117.94871794872
4123.07692307692
4121.02564102564
4118.97435897436
4119.48717948718
4118.97435897436
4119.48717948718
4123.58974358974
4126.15384615385
4121.53846153846
4117.94871794872
4120.51282051282
4120
4119.48717948718
4123.58974358974
4115.89743589744
4104.61538461538
4110.25641025641
4118.46153846154
4119.48717948718
4116.92307692308
4112.82051282051
4113.84615384615
4117.94871794872
4116.41025641026
4110.76923076923
4103.58974358974
4101.02564102564
4103.58974358974
4100
4099.48717948718
4110.25641025641
4113.84615384615
4107.17948717949
4105.12820512821
4105.12820512821
4104.10256410256
4109.74358974359
4117.94871794872
4117.4358974359
4110.25641025641
4103.58974358974
4101.02564102564
4103.58974358974
4110.25641025641
4108.20512820513
4107.69230769231
4120
4124.10256410256
4111.79487179487
4102.5641025641
4102.5641025641
4104.61538461538
4105.12820512821
4106.15384615385
4105.12820512821
4101.53846153846
4106.15384615385
4118.97435897436
4116.92307692308
4105.64102564103
4103.58974358974
4104.10256410256
4110.76923076923
4121.53846153846
4116.41025641026
4104.61538461538
4105.12820512821
4106.15384615385
4101.53846153846
4107.69230769231
4121.02564102564
4122.5641025641
4110.25641025641
4104.10256410256
4105.12820512821
4098.97435897436
4097.4358974359
4106.15384615385
4112.82051282051
4110.25641025641
4106.66666666667
4101.53846153846
4094.8717948718
4100.51282051282
4111.79487179487
4109.23076923077
4103.58974358974
4104.61538461538
4102.05128205128
4096.92307692308
4097.94871794872
4095.38461538462
4095.89743589744
4104.10256410256
4106.15384615385
4097.4358974359
4090.25641025641
4095.38461538462
4098.46153846154
4090.76923076923
4091.79487179487
4103.58974358974
4113.33333333333
4115.89743589744
4113.84615384615
4105.64102564103
4098.97435897436
4097.94871794872
4096.41025641026
4093.84615384615
4090.76923076923
4095.89743589744
4106.15384615385
4108.20512820513
4112.82051282051
4118.46153846154
4110.76923076923
4103.07692307692
4107.17948717949
4108.71794871795
4106.66666666667
4108.20512820513
4102.5641025641
4101.02564102564
4105.64102564103
4099.48717948718
4099.48717948718
4116.41025641026
4118.46153846154
4103.07692307692
4102.5641025641
4106.66666666667
4107.17948717949
4119.48717948718
4126.66666666667
4113.84615384615
4106.15384615385
4107.69230769231
4106.66666666667
4118.97435897436
4140
4137.4358974359
4125.12820512821
4120.51282051282
4111.79487179487
4107.17948717949
4112.82051282051
4115.89743589744
4113.84615384615
4113.33333333333
4110.25641025641
4106.66666666667
4106.15384615385
4109.74358974359
4112.30769230769
4109.23076923077
4107.69230769231
4108.71794871795
4111.28205128205
4112.30769230769
4110.76923076923
4117.94871794872
4126.66666666667
4113.33333333333
4096.41025641026
4107.69230769231
4127.17948717949
4127.69230769231
4121.53846153846
4115.89743589744
4108.20512820513
4102.05128205128
4111.28205128205
4124.10256410256
4118.97435897436
4106.66666666667
4107.17948717949
4111.79487179487
4104.10256410256
4099.48717948718
4104.10256410256
4105.12820512821
4104.61538461538
4108.71794871795
4110.76923076923
4105.64102564103
4102.05128205128
4106.15384615385
4113.84615384615
4112.30769230769
4105.12820512821
4105.12820512821
4107.69230769231
4098.46153846154
4089.74358974359
4100
4113.84615384615
4111.79487179487
4106.66666666667
4107.17948717949
4106.15384615385
4100
4102.05128205128
4116.41025641026
4128.20512820513
4124.61538461538
4121.02564102564
4122.5641025641
4111.28205128205
4107.69230769231
4118.46153846154
4118.97435897436
4113.33333333333
4113.84615384615
4113.84615384615
4113.84615384615
4122.5641025641
4125.12820512821
4118.46153846154
4120.51282051282
4122.5641025641
4116.92307692308
4118.97435897436
4126.15384615385
4123.07692307692
4117.4358974359
4125.12820512821
4133.84615384615
4137.94871794872
4135.38461538462
4124.61538461538
4118.97435897436
4119.48717948718
4118.97435897436
4126.15384615385
4138.46153846154
4140
4127.69230769231
4110.25641025641
4106.15384615385
4120
4121.53846153846
4108.71794871795
4113.84615384615
4125.12820512821
4115.38461538462
4108.20512820513
4117.4358974359
4122.05128205128
4126.15384615385
4135.38461538462
4129.23076923077
4107.69230769231
4098.46153846154
4110.25641025641
4117.94871794872
4115.38461538462
4114.8717948718
4116.92307692308
4110.25641025641
4102.5641025641
4112.30769230769
4119.48717948718
4111.28205128205
4105.12820512821
4106.66666666667
4108.20512820513
4110.76923076923
4119.48717948718
4126.15384615385
4128.20512820513
4122.05128205128
4111.28205128205
4104.10256410256
4102.05128205128
4112.82051282051
4126.66666666667
4123.58974358974
4116.92307692308
4123.07692307692
4122.5641025641
4116.92307692308
4128.20512820513
4140.51282051282
4138.46153846154
4133.84615384615
4138.97435897436
4139.48717948718
4127.17948717949
4122.05128205128
4126.66666666667
4124.10256410256
4117.94871794872
4121.53846153846
4122.5641025641
4120.51282051282
4122.5641025641
4122.5641025641
4130.25641025641
4134.8717948718
4121.02564102564
4114.35897435897
4128.71794871795
4131.28205128205
4114.35897435897
4109.23076923077
4122.5641025641
4123.07692307692
4105.12820512821
4106.15384615385
4124.61538461538
4123.58974358974
4113.84615384615
4122.5641025641
4131.28205128205
4121.53846153846
4108.71794871795
4113.84615384615
4122.05128205128
4116.92307692308
4112.82051282051
4122.05128205128
4124.61538461538
4116.92307692308
4114.35897435897
4118.97435897436
4124.61538461538
4120
4110.25641025641
4106.15384615385
4102.05128205128
4107.17948717949
4121.53846153846
4120.51282051282
4107.69230769231
4100.51282051282
4095.38461538462
4092.30769230769
4095.89743589744
4100
4096.92307692308
4089.74358974359
4093.84615384615
4104.10256410256
4098.46153846154
4084.61538461539
4085.64102564103
4090.76923076923
4094.35897435898
4101.02564102564
4100.51282051282
4094.8717948718
4090.76923076923
4091.28205128205
4095.38461538462
4104.61538461538
4112.82051282051
4110.76923076923
