4200
4199.48717948718
4198.46153846154
4205.12820512821
4214.8717948718
4224.10256410256
4223.58974358974
4215.38461538462
4215.89743589744
4219.48717948718
4217.94871794872
4222.05128205128
4226.15384615385
4216.41025641026
4215.89743589744
4231.28205128205
4237.4358974359
4231.28205128205
4229.23076923077
4232.82051282051
4233.84615384615
4233.33333333333
4230.25641025641
4229.74358974359
4238.97435897436
4247.69230769231
4255.89743589744
4275.89743589744
4292.30769230769
4273.33333333333
4239.48717948718
4229.23076923077
4234.8717948718
4238.46153846154
4242.5641025641
4250.76923076923
4250.25641025641
4247.69230769231
4256.41025641026
4258.97435897436
4248.20512820513
4243.07692307692
4249.74358974359
4250.76923076923
4245.64102564103
4250.25641025641
4263.07692307692
4269.74358974359
4266.15384615385
4261.53846153846
4262.05128205128
4263.07692307692
4263.07692307692
4265.64102564103
4269.74358974359
4262.5641025641
4251.79487179487
4258.97435897436
4268.20512820513
4263.07692307692
4261.53846153846
4265.12820512821
4259.48717948718
4258.97435897436
4267.17948717949
4264.10256410256
4258.46153846154
4263.58974358974
4267.69230769231
4273.33333333333
4283.07692307692
4277.94871794872
4260
4261.53846153846
4277.94871794872
4277.94871794872
4281.53846153846
4296.92307692308
4292.30769230769
4273.33333333333
4275.89743589744
4285.12820512821
4275.89743589744
4274.35897435897
4291.79487179487
4296.41025641026
4283.07692307692
4275.38461538462
4278.46153846154
4284.61538461538
4286.66666666667
4283.58974358974
4281.53846153846
4279.48717948718
4278.97435897436
4278.46153846154
4282.05128205128
4288.71794871795
4291.28205128205
4287.17948717949
4295.89743589744
4315.89743589744
4308.71794871795
4291.28205128205
4297.4358974359
4305.12820512821
4289.74358974359
4285.64102564103
4318.97435897436
4351.79487179487
4341.53846153846
4304.61538461538
4288.20512820513
4296.41025641026
4298.97435897436
4293.33333333333
4293.84615384615
4300.51282051282
4310.76923076923
4319.48717948718
4311.28205128205
4297.94871794872
4300.51282051282
4313.84615384615
4312.82051282051
4298.97435897436
4297.94871794872
4303.07692307692
4303.07692307692
4307.17948717949
4308.20512820513
4306.15384615385
4312.30769230769
4312.30769230769
4301.02564102564
4308.71794871795
4321.53846153846
4314.35897435897
4309.74358974359
4312.82051282051
4310.76923076923
4315.38461538462
4328.71794871795
4328.71794871795
4318.46153846154
4317.94871794872
4322.05128205128
4317.94871794872
4320
4333.33333333333
4335.89743589744
4327.69230769231
4321.53846153846
4324.10256410256
4335.38461538462
4340.51282051282
4333.33333333333
4331.79487179487
4336.41025641026
4333.33333333333
4331.28205128205
4333.84615384615
4334.35897435897
4338.97435897436
4349.74358974359
4364.61538461538
4376.92307692308
4384.61538461538
4387.17948717949
4377.4358974359
4367.69230769231
4368.71794871795
4371.79487179487
4366.15384615385
4360
4356.92307692308
4349.23076923077
4347.69230769231
4351.28205128205
4350.76923076923
4351.79487179487
4355.38461538462
4348.71794871795
4339.48717948718
4342.05128205128
4344.10256410256
4342.05128205128
4340
4337.4358974359
4334.35897435897
4332.82051282051
4331.28205128205
4335.38461538462
4347.17948717949
4351.79487179487
4344.61538461538
4337.4358974359
4337.94871794872
4341.02564102564
4342.05128205128
4341.02564102564
4340.51282051282
4343.07692307692
4342.05128205128
4340.51282051282
4341.53846153846
4340.51282051282
4344.61538461538
4350.76923076923
4349.74358974359
4347.17948717949
4351.79487179487
4353.33333333333
4348.71794871795
4355.89743589744
4365.64102564103
4358.46153846154
4349.23076923077
4358.46153846154
4367.69230769231
4365.64102564103
4365.12820512821
4361.53846153846
4354.8717948718
4352.82051282051
4358.97435897436
4368.20512820513
4368.71794871795
4362.05128205128
4362.05128205128
4367.69230769231
4368.20512820513
4364.61538461538
4367.17948717949
4375.89743589744
4378.97435897436
4372.82051282051
4372.30769230769
4375.89743589744
4371.28205128205
4372.30769230769
4377.4358974359
4373.33333333333
4371.28205128205
4373.33333333333
4370.25641025641
4369.74358974359
4378.97435897436
4380.51282051282
4371.28205128205
4366.66666666667
4367.17948717949
4366.15384615385
4366.15384615385
4375.38461538462
4384.10256410256
4377.4358974359
4368.71794871795
4374.8717948718
4378.46153846154
4369.74358974359
4370.76923076923
4382.05128205128
4383.58974358974
4380.51282051282
4382.5641025641
4381.53846153846
4381.53846153846
4386.66666666667
4387.17948717949
4389.23076923077
4396.41025641026
4393.33333333333
4381.53846153846
4378.97435897436
4386.66666666667
4389.23076923077
4382.05128205128
4379.48717948718
4387.17948717949
4389.23076923077
4380
4377.94871794872
4380
4376.92307692308
4377.4358974359
4378.97435897436
4383.07692307692
4391.28205128205
4393.84615384615
4387.17948717949
4384.10256410256
4390.76923076923
4396.41025641026
4392.82051282051
4386.15384615385
4387.17948717949
4388.71794871795
4387.17948717949
4386.15384615385
4386.15384615385
4389.74358974359
4391.79487179487
4388.71794871795
4386.66666666667
4387.17948717949
4384.61538461538
4376.41025641026
4381.02564102564
4411.28205128205
4444.10256410256
4445.64102564103
4435.38461538462
4443.58974358974
4441.53846153846
4410.25641025641
4391.28205128205
4395.89743589744
4392.82051282051
4387.17948717949
4394.35897435897
4398.97435897436
4397.4358974359
4398.97435897436
4395.89743589744
4392.30769230769
4399.48717948718
4406.15384615385
4402.05128205128
4395.89743589744
4398.97435897436
4404.61538461538
4404.10256410256
4401.02564102564
4405.64102564103
4413.84615384615
4406.15384615385
4410.76923076923
4453.33333333333
4469.23076923077
4430.25641025641
4409.23076923077
4423.58974358974
4424.61538461538
4416.92307692308
4418.46153846154
4416.41025641026
4415.89743589744
4419.48717948718
4418.46153846154
4423.07692307692
4429.74358974359
4425.64102564103
4416.92307692308
4420
4432.30769230769
4440.51282051282
4432.82051282051
4425.64102564103
4444.10256410256
4462.5641025641
4447.69230769231
4424.10256410256
4429.74358974359
4445.64102564103
4442.5641025641
4430.25641025641
4428.20512820513
4429.74358974359
4425.64102564103
4424.10256410256
4429.74358974359
4430.25641025641
4428.71794871795
4435.38461538462
4437.94871794872
4431.28205128205
4427.69230769231
4425.64102564103
4428.71794871795
4438.97435897436
4441.02564102564
4432.82051282051
4430.25641025641
4425.64102564103
4425.64102564103
4439.48717948718
4442.5641025641
4426.66666666667
4432.30769230769
4470.76923076923
4480
4445.64102564103
4429.74358974359
4436.41025641026
4434.35897435897
4434.35897435897
4438.46153846154
4432.82051282051
4434.8717948718
4446.15384615385
4448.20512820513
4444.10256410256
4440.51282051282
4434.35897435897
4431.79487179487
4439.48717948718
4449.23076923077
4445.64102564103
4436.92307692308
4442.05128205128
4444.61538461538
4435.89743589744
4434.35897435897
4442.05128205128
4447.69230769231
4449.23076923077
4442.5641025641
4440
4450.76923076923
4455.89743589744
4446.15384615385
4436.41025641026
4436.41025641026
4444.61538461538
4450.76923076923
4444.10256410256
4437.4358974359
4443.58974358974
4447.69230769231
4448.71794871795
4462.05128205128
4471.28205128205
4452.30769230769
4430.25641025641
4433.33333333333
4448.71794871795
4455.89743589744
4453.33333333333
4453.33333333333
4461.02564102564
4462.5641025641
4450.25641025641
4443.07692307692
4446.15384615385
4444.61538461538
4436.41025641026
4436.92307692308
4449.74358974359
4457.94871794872
4455.38461538462
4463.07692307692
4476.92307692308
4473.33333333333
4483.07692307692
4508.20512820513
4504.61538461538
4494.35897435897
4506.66666666667
4512.82051282051
4507.17948717949
4505.12820512821
4508.71794871795
4513.84615384615
4500
4472.82051282051
4467.17948717949
4476.41025641026
4470.25641025641
4455.89743589744
4461.02564102564
4470.25641025641
4462.5641025641
4461.02564102564
4485.12820512821
4507.69230769231
4510.76923076923
4503.07692307692
4487.17948717949
4466.15384615385
4454.8717948718
4461.53846153846
4464.10256410256
4445.12820512821
4430.25641025641
4435.38461538462
4442.05128205128
4446.15384615385
4454.8717948718
4459.48717948718
4455.38461538462
4456.41025641026
4467.17948717949
4473.84615384615
4473.33333333333
4472.82051282051
4473.33333333333
4473.84615384615
4472.30769230769
4472.82051282051
4472.30769230769
4465.64102564103
4460
4457.94871794872
4457.4358974359
4466.66666666667
4478.97435897436
4478.97435897436
4474.35897435897
4467.17948717949
4463.07692307692
4471.28205128205
4476.92307692308
4473.33333333333
4469.23076923077
4470.76923076923
4471.28205128205
4465.12820512821
4460.51282051282
4471.28205128205
4479.48717948718
4475.38461538462
4476.92307692308
4470.25641025641
4455.89743589744
4470.76923076923
4482.5641025641
4461.53846153846
4455.38461538462
4477.4358974359
4474.8717948718
4452.30769230769
4451.79487179487
4455.38461538462
4456.41025641026
4465.64102564103
4464.61538461538
4456.41025641026
4457.4358974359
4462.5641025641
4466.15384615385
4473.84615384615
4473.84615384615
4469.23076923077
4480
4489.74358974359
4486.66666666667
4475.38461538462
4472.82051282051
4491.28205128205
4497.94871794872
4479.48717948718
4470.76923076923
4480.51282051282
4469.74358974359
4453.84615384615
4466.66666666667
4474.8717948718
4462.5641025641
4455.89743589744
4462.5641025641
4464.10256410256
4461.53846153846
4459.48717948718
4462.05128205128
4479.48717948718
4490.25641025641
4477.4358974359
4469.23076923077
4476.41025641026
4475.38461538462
4470.76923076923
4478.97435897436
4475.89743589744
4459.48717948718
4458.46153846154
4465.64102564103
4471.28205128205
4490.76923076923
4498.97435897436
4477.94871794872
4463.07692307692
4464.61538461538
4461.02564102564
4463.58974358974
4473.33333333333
4477.4358974359
4473.84615384615
4465.12820512821
4463.58974358974
4470.76923076923
4475.38461538462
4473.33333333333
4471.28205128205
4470.25641025641
4471.28205128205
4471.28205128205
4457.94871794872
4448.71794871795
4470.76923076923
4512.30769230769
4526.15384615385
4508.20512820513
4504.61538461538
4507.17948717949
4484.10256410256
4463.58974358974
4464.61538461538
4468.20512820513
4464.61538461538
4462.5641025641
4463.07692307692
4462.5641025641
4460.51282051282
4462.5641025641
4472.30769230769
4474.35897435897
4468.20512820513
4470.76923076923
4478.97435897436
4471.28205128205
4454.8717948718
4461.02564102564
4476.41025641026
4468.20512820513
4455.38461538462
4465.12820512821
4477.4358974359
4474.8717948718
4472.82051282051
4468.71794871795
4470.76923076923
4490.25641025641
4496.41025641026
4476.41025641026
4467.17948717949
4473.33333333333
4472.30769230769
4473.33333333333
4475.38461538462
4469.74358974359
4470.25641025641
4478.97435897436
4474.8717948718
4466.15384615385
4480
4493.84615384615
4480.51282051282
4466.66666666667
4470.25641025641
4476.41025641026
4478.46153846154
4475.89743589744
4468.71794871795
4474.35897435897
4489.74358974359
4492.82051282051
4486.66666666667
4484.61538461538
4484.61538461538
4482.5641025641
4480
4477.4358974359
4480.51282051282
4490.25641025641
4488.71794871795
4474.35897435897
4467.69230769231
4470.76923076923
4474.8717948718
4475.89743589744
4475.38461538462
4492.82051282051
4516.41025641026
4520
4521.02564102564
4527.17948717949
4521.53846153846
4531.28205128205
4558.97435897436
4546.66666666667
4510.76923076923
4509.74358974359
4518.97435897436
4503.58974358974
4489.23076923077
4495.38461538462
4494.8717948718
4487.17948717949
4501.53846153846
4514.35897435897
4491.79487179487
4467.17948717949
4469.74358974359
4476.41025641026
4481.53846153846
4498.46153846154
4516.41025641026
4508.20512820513
4473.84615384615
4453.33333333333
4464.10256410256
4476.41025641026
4472.82051282051
4466.66666666667
4468.71794871795
4474.8717948718
4471.28205128205
4461.53846153846
4458.97435897436
4460.51282051282
4464.10256410256
4467.69230769231
4476.92307692308
4493.84615384615
4492.82051282051
4469.74358974359
4460.51282051282
4465.64102564103
4460
4461.53846153846
4475.89743589744
4477.94871794872
4470.25641025641
4464.61538461538
4458.97435897436
4457.94871794872
4464.61538461538
4472.82051282051
4492.82051282051
4513.33333333333
4499.48717948718
4469.74358974359
4470.76923076923
4483.58974358974
4476.92307692308
4470.76923076923
4476.92307692308
4476.41025641026
4467.69230769231
4485.12820512821
4509.74358974359
4500.51282051282
4478.46153846154
4473.33333333333
4477.94871794872
4503.58974358974
4540
4536.41025641026
4500.51282051282
4478.97435897436
4476.92307692308
4478.97435897436
4476.92307692308
4475.38461538462
4474.35897435897
4475.38461538462
4477.94871794872
4477.4358974359
4477.94871794872
4486.15384615385
4488.71794871795
4478.46153846154
4473.84615384615
4480.51282051282
4487.17948717949
4503.07692307692
4513.84615384615
4501.53846153846
4488.71794871795
4491.28205128205
4492.30769230769
4487.69230769231
4489.23076923077
4491.79487179487
4494.35897435897
4490.25641025641
4478.97435897436
4476.92307692308
4480
4478.97435897436
4483.07692307692
4488.20512820513
4479.48717948718
4471.28205128205
4474.35897435897
4478.97435897436
4487.17948717949
4491.28205128205
4482.05128205128
4472.82051282051
4475.89743589744
4485.12820512821
4491.79487179487
4493.33333333333
4486.66666666667
4480
4482.5641025641
4488.20512820513
4486.15384615385
4484.61538461538
4491.28205128205
4485.64102564103
4487.69230769231
4519.48717948718
4526.66666666667
4493.33333333333
4478.46153846154
4490.25641025641
4487.17948717949
4482.5641025641
4490.25641025641
4484.10256410256
4472.82051282051
4481.02564102564
4491.28205128205
4484.10256410256
4477.4358974359
4482.5641025641
4501.02564102564
4527.69230769231
4529.74358974359
4504.61538461538
4499.48717948718
4518.46153846154
4523.07692307692
4523.07692307692
4534.8717948718
4542.5641025641
4536.92307692308
4532.82051282051
4546.66666666667
4555.38461538462
4546.66666666667
4538.97435897436
4534.35897435897
4525.12820512821
4516.41025641026
4512.82051282051
4508.71794871795
4506.66666666667
4506.15384615385
4504.10256410256
4501.02564102564
4497.4358974359
4501.02564102564
4506.66666666667
4507.17948717949
4505.64102564103
4503.58974358974
4504.61538461538
4509.23076923077
4507.17948717949
4494.35897435897
4487.69230769231
4493.33333333333
4495.89743589744
4489.74358974359
4489.23076923077
4493.33333333333
4490.76923076923
4496.92307692308
4524.10256410256
4542.05128205128
4543.07692307692
4540.51282051282
4519.48717948718
4490.76923076923
4486.66666666667
4494.8717948718
4490.25641025641
4478.46153846154
4475.89743589744
4481.53846153846
4482.5641025641
4481.53846153846
4490.25641025641
4495.89743589744
4488.71794871795
4486.15384615385
4489.23076923077
4488.20512820513
4489.23076923077
4492.30769230769
4493.33333333333
4488.20512820513
4482.5641025641
4484.61538461538
4487.69230769231
4489.23076923077
4485.64102564103
4486.66666666667
4498.97435897436
4504.10256410256
4491.28205128205
4482.05128205128
4500.51282051282
4532.82051282051
4551.79487179487
4535.89743589744
4498.46153846154
4483.07692307692
4487.69230769231
4488.20512820513
4484.10256410256
4487.17948717949
4489.74358974359
4487.69230769231
4488.71794871795
4493.33333333333
4495.38461538462
4490.76923076923
4486.15384615385
4487.17948717949
4490.76923076923
4491.28205128205
4489.74358974359
4490.76923076923
4490.25641025641
4488.71794871795
4491.79487179487
4493.84615384615
4492.82051282051
4492.30769230769
4490.25641025641
4487.69230769231
4491.28205128205
4495.89743589744
4494.8717948718
4502.05128205128
4519.48717948718
4531.28205128205
4536.41025641026
4541.02564102564
4531.79487179487
4501.53846153846
4482.05128205128
4485.64102564103
4489.23076923077
4488.71794871795
4489.74358974359
4491.28205128205
4498.97435897436
4503.07692307692
4495.89743589744
4490.76923076923
4492.82051282051
4493.33333333333
4494.35897435897
4493.33333333333
4490.76923076923
4501.53846153846
4505.64102564103
4491.28205128205
4486.15384615385
4495.89743589744
4495.38461538462
4488.20512820513
4489.74358974359
4492.30769230769
4498.46153846154
4508.71794871795
4511.79487179487
4497.4358974359
4488.20512820513
4498.97435897436
4506.66666666667
4502.5641025641
4510.76923076923
4535.38461538462
4547.69230769231
4530.76923076923
4504.10256410256
4491.28205128205
4488.20512820513
4487.17948717949
4488.71794871795
4487.17948717949
4485.12820512821
4488.20512820513
4489.23076923077
4491.28205128205
4502.05128205128
4507.69230769231
4503.58974358974
4502.5641025641
4506.15384615385
4506.66666666667
4504.10256410256
4500
4500
4500.51282051282
4510.25641025641
4538.46153846154
4548.71794871795
4517.4358974359
4493.84615384615
4502.5641025641
4507.17948717949
4503.07692307692
4501.53846153846
4495.38461538462
4490.76923076923
4493.84615384615
4497.94871794872
4513.84615384615
4534.8717948718
4535.89743589744
4515.38461538462
4487.69230769231
4473.84615384615
4489.23076923077
4505.64102564103
4497.94871794872
4490.25641025641
4494.8717948718
4493.84615384615
4494.8717948718
4505.64102564103
4508.20512820513
4503.58974358974
4504.10256410256
4506.15384615385
4507.69230769231
4507.69230769231
4506.66666666667
4503.58974358974
4496.92307692308
4490.76923076923
4488.20512820513
4496.92307692308
4523.07692307692
4549.23076923077
4537.4358974359
4512.82051282051
4514.35897435897
4514.35897435897
4504.10256410256
4507.17948717949
4510.76923076923
4501.53846153846
4501.53846153846
4509.23076923077
4506.66666666667
4504.61538461538
4507.69230769231
4509.23076923077
4502.5641025641
4503.07692307692
4529.74358974359
4554.8717948718
4543.58974358974
4521.53846153846
4521.02564102564
4531.79487179487
4544.10256410256
4554.35897435897
4554.35897435897
4550.25641025641
4554.35897435897
4556.41025641026
4542.05128205128
4534.8717948718
4537.4358974359
4532.82051282051
4544.61538461538
4565.64102564103
4547.17948717949
4516.92307692308
4520
4523.58974358974
4517.4358974359
4517.94871794872
4512.82051282051
4506.66666666667
4506.15384615385
4504.10256410256
4505.64102564103
4504.61538461538
4501.53846153846
4516.92307692308
4528.20512820513
4508.20512820513
4487.17948717949
4486.15384615385
4488.71794871795
4489.74358974359
4491.28205128205
4493.84615384615
4514.35897435897
4535.89743589744
4535.38461538462
4523.58974358974
4507.17948717949
4489.74358974359
4484.10256410256
4488.20512820513
4487.17948717949
4487.17948717949
4491.28205128205
4491.28205128205
4488.20512820513
4486.66666666667
4490.76923076923
4494.8717948718
4494.35897435897
4491.79487179487
4489.74358974359
4483.58974358974
4475.89743589744
4481.02564102564
4491.79487179487
4493.33333333333
4484.61538461538
4476.92307692308
4481.53846153846
4485.12820512821
4479.48717948718
4475.38461538462
4473.33333333333
4481.53846153846
4506.15384615385
4510.76923076923
4487.17948717949
4483.07692307692
4498.46153846154
4496.92307692308
4483.58974358974
4473.84615384615
4476.41025641026
4486.66666666667
4490.76923076923
4486.15384615385
4483.58974358974
4487.69230769231
4491.79487179487
4492.82051282051
4487.69230769231
4487.69230769231
4501.53846153846
4505.12820512821
4492.82051282051
4483.07692307692
4481.53846153846
4483.07692307692
4488.71794871795
4490.76923076923
4483.07692307692
4496.41025641026
4529.74358974359
4538.97435897436
4509.23076923077
4486.15384615385
4490.76923076923
4493.84615384615
4489.23076923077
4488.71794871795
4489.23076923077
4489.23076923077
4491.79487179487
4494.35897435897
4494.8717948718
4491.79487179487
4489.74358974359
4495.38461538462
4500.51282051282
4493.84615384615
4489.23076923077
4497.94871794872
4506.66666666667
4504.10256410256
4496.92307692308
4491.28205128205
4494.35897435897
4503.58974358974
4502.05128205128
4489.23076923077
4487.69230769231
4493.84615384615
4487.17948717949
4493.33333333333
4520
4517.94871794872
4488.71794871795
4483.58974358974
4496.41025641026
4493.84615384615
4485.64102564103
4493.84615384615
4505.12820512821
4515.38461538462
4524.61538461538
4523.07692307692
4507.17948717949
4494.8717948718
4492.82051282051
4495.89743589744
4511.79487179487
4518.97435897436
4500
4487.17948717949
4492.82051282051
4494.35897435897
4488.20512820513
4492.82051282051
4502.05128205128
4505.64102564103
4510.76923076923
4518.46153846154
4522.5641025641
4527.69230769231
4536.41025641026
4537.4358974359
4535.89743589744
4532.82051282051
4523.58974358974
4518.46153846154
4516.41025641026
4523.07692307692
4535.38461538462
4523.58974358974
4503.58974358974
4502.5641025641
4503.07692307692
4509.74358974359
4519.48717948718
4503.07692307692
4484.10256410256
4487.69230769231
4491.79487179487
4484.10256410256
4472.30769230769
4477.94871794872
4504.61538461538
4508.71794871795
4486.66666666667
4477.4358974359
4479.48717948718
4476.92307692308
4474.35897435897
4474.35897435897
4474.35897435897
4481.02564102564
4486.66666666667
4480
4473.33333333333
4477.4358974359
4488.71794871795
4508.20512820513
4514.35897435897
4487.17948717949
4472.30769230769
4487.69230769231
4490.25641025641
4484.61538461538
4491.28205128205
4487.17948717949
4472.82051282051
4473.84615384615
4480
4476.92307692308
4472.30769230769
4472.30769230769
4471.79487179487
4471.79487179487
4473.84615384615
4474.35897435897
4473.84615384615
4474.8717948718
4471.79487179487
4473.33333333333
4486.66666666667
4492.82051282051
4488.20512820513
4490.76923076923
4495.89743589744
4488.71794871795
4479.48717948718
4477.94871794872
4478.97435897436
4486.66666666667
4494.35897435897
4487.17948717949
4472.30769230769
4472.82051282051
4478.97435897436
4470.76923076923
4467.69230769231
4480.51282051282
4482.05128205128
4475.89743589744
4488.20512820513
4492.82051282051
4480.51282051282
4483.58974358974
4489.74358974359
4476.92307692308
4471.28205128205
4486.15384615385
4494.35897435897
