F3
3846.66666666667
3846.66666666667
3849.74358974359
3855.38461538462
3844.10256410256
3822.05128205128
3823.58974358974
3834.8717948718
3818.46153846154
3801.53846153846
3814.35897435898
3827.17948717949
3829.74358974359
3834.8717948718
3834.35897435898
3829.74358974359
3830.25641025641
3831.79487179487
3830.25641025641
3829.23076923077
3828.20512820513
3827.69230769231
3831.79487179487
3836.41025641026
3837.94871794872
3836.92307692308
3831.28205128205
3827.69230769231
3828.71794871795
3829.23076923077
3830.25641025641
3831.79487179487
3830.76923076923
3829.74358974359
3830.25641025641
3837.94871794872
3848.20512820513
3846.15384615385
3835.89743589744
3831.79487179487
3834.8717948718
3834.35897435898
3828.71794871795
3829.74358974359
3843.58974358974
3859.48717948718
3861.02564102564
3850.76923076923
3844.61538461539
3845.12820512821
3837.94871794872
3829.74358974359
3831.28205128205
3832.30769230769
3836.41025641026
3847.69230769231
3847.17948717949
3843.07692307692
3850.25641025641
3847.17948717949
3834.8717948718
3842.05128205128
3852.30769230769
3845.64102564103
3843.58974358974
3846.15384615385
3834.35897435898
3825.12820512821
3835.89743589744
3846.15384615385
3845.64102564103
3847.17948717949
3843.58974358974
3833.33333333333
3834.8717948718
3844.10256410256
3849.74358974359
3860.51282051282
3871.28205128205
3864.10256410256
3854.35897435898
3858.46153846154
3866.15384615385
3865.64102564103
3859.48717948718
3861.02564102564
3870.25641025641
3865.12820512821
3848.71794871795
3850.25641025641
3863.58974358974
3867.69230769231
3863.58974358974
3854.35897435898
3846.66666666667
3850.25641025641
3852.82051282051
3845.12820512821
3849.74358974359
3861.53846153846
3850.76923076923
3836.41025641026
3848.20512820513
3864.10256410256
3862.05128205128
3857.4358974359
3852.82051282051
3848.20512820513
3849.23076923077
3850.76923076923
3852.30769230769
3861.02564102564
3868.20512820513
3863.58974358974
3852.82051282051
3845.64102564103
3847.69230769231
3865.12820512821
3878.46153846154
3870.25641025641
3857.94871794872
3860
3862.05128205128
3858.97435897436
3860.51282051282
3862.5641025641
3860
3861.53846153846
3867.69230769231
3869.74358974359
3866.15384615385
3862.05128205128
3867.69230769231
3876.92307692308
3872.82051282051
3863.58974358974
3861.53846153846
3862.05128205128
3858.97435897436
3868.20512820513
3880
3882.05128205128
3884.10256410256
3879.48717948718
3867.69230769231
3864.10256410256
3877.94871794872
3891.79487179487
3889.74358974359
3879.48717948718
3877.4358974359
3877.4358974359
3876.41025641026
3882.5641025641
3882.05128205128
3865.12820512821
3863.07692307692
3876.41025641026
3880.51282051282
3877.94871794872
3881.53846153846
3886.66666666667
3893.33333333333
3903.58974358974
3912.30769230769
3922.5641025641
3930.25641025641
3925.64102564103
3914.8717948718
3910.76923076923
3912.82051282051
3915.89743589744
3910.76923076923
3895.89743589744
3898.97435897436
3913.84615384615
3904.10256410256
3889.23076923077
3895.38461538462
3897.94871794872
3891.79487179487
3888.71794871795
3883.58974358974
3877.4358974359
3878.46153846154
3883.07692307692
3879.48717948718
3865.12820512821
3865.64102564103
3877.4358974359
3870.76923076923
3861.53846153846
3874.35897435898
3888.71794871795
3887.17948717949
3882.5641025641
3878.97435897436
3875.89743589744
3877.4358974359
3876.92307692308
3870.25641025641
3864.10256410256
3867.69230769231
3868.20512820513
3864.61538461539
3871.79487179487
3876.92307692308
3868.71794871795
3868.20512820513
3877.4358974359
3879.48717948718
3875.89743589744
3872.82051282051
3872.30769230769
3877.94871794872
3878.46153846154
3871.28205128205
3867.69230769231
3864.61538461539
3858.46153846154
3860
3864.10256410256
3864.61538461539
3865.64102564103
3866.66666666667
3866.15384615385
3868.71794871795
3873.84615384615
3878.46153846154
3878.46153846154
3871.28205128205
3861.02564102564
3857.4358974359
3867.69230769231
3877.4358974359
3877.94871794872
3874.8717948718
3870.25641025641
3865.12820512821
3862.5641025641
3870.25641025641
3877.4358974359
3876.92307692308
3877.4358974359
3879.48717948718
3872.30769230769
3862.05128205128
3864.10256410256
3864.61538461539
3858.97435897436
3858.46153846154
3861.53846153846
3861.02564102564
3863.07692307692
3866.15384615385
3866.15384615385
3868.71794871795
3875.38461538462
3877.4358974359
3876.92307692308
3879.48717948718
3880.51282051282
3880.51282051282
3885.64102564103
3892.82051282051
3896.41025641026
3892.30769230769
3887.17948717949
3892.30769230769
3896.41025641026
3892.30769230769
3889.74358974359
3893.33333333333
3896.92307692308
3890.25641025641
3879.48717948718
3886.15384615385
3892.30769230769
3877.94871794872
3871.79487179487
3881.02564102564
3878.46153846154
3872.82051282051
3877.4358974359
3880.51282051282
3886.66666666667
3884.61538461539
3875.38461538462
3879.48717948718
3888.20512820513
3882.5641025641
3875.89743589744
3883.58974358974
3892.30769230769
3895.89743589744
3895.38461538462
3895.89743589744
3897.4358974359
3889.23076923077
3885.12820512821
3892.82051282051
3896.41025641026
3891.28205128205
3894.35897435898
3901.53846153846
3894.35897435898
3889.74358974359
3893.84615384615
3888.20512820513
3875.89743589744
3878.46153846154
3883.58974358974
3877.4358974359
3875.38461538462
3877.94871794872
3878.97435897436
3885.12820512821
3883.07692307692
3874.35897435898
3881.53846153846
3894.8717948718
3895.38461538462
3891.79487179487
3897.4358974359
3905.64102564103
3905.12820512821
3896.41025641026
3897.94871794872
3897.94871794872
3881.02564102564
3880
3899.48717948718
3898.97435897436
3890.25641025641
3904.10256410256
3914.35897435898
3907.17948717949
3909.23076923077
3912.82051282051
3904.10256410256
3892.30769230769
3891.28205128205
3905.64102564103
3911.79487179487
3897.94871794872
3896.41025641026
3912.30769230769
3915.89743589744
3915.38461538462
3924.61538461539
3932.30769230769
3930.25641025641
3930.76923076923
3936.92307692308
3934.35897435898
3924.61538461539
3924.10256410256
3929.23076923077
3934.35897435898
3941.02564102564
3942.5641025641
3943.07692307692
3947.17948717949
3946.66666666667
3940
3929.74358974359
3924.61538461539
3929.23076923077
3927.69230769231
3923.07692307692
3936.41025641026
3943.58974358974
3930.25641025641
3921.02564102564
3924.61538461539
3925.64102564103
3923.07692307692
3923.58974358974
3923.07692307692
3924.10256410256
3927.69230769231
3928.20512820513
3924.61538461539
3921.02564102564
3924.61538461539
3930.25641025641
3926.15384615385
3913.33333333333
3908.71794871795
3920.51282051282
3927.69230769231
3928.20512820513
3928.20512820513
3918.97435897436
3909.23076923077
3909.74358974359
3914.35897435898
3919.48717948718
3926.15384615385
3926.66666666667
3924.61538461539
3926.15384615385
3924.61538461539
3923.58974358974
3926.15384615385
3923.07692307692
3912.30769230769
3910.25641025641
3919.48717948718
3927.17948717949
3930.25641025641
3932.30769230769
3928.71794871795
3924.10256410256
3922.5641025641
3923.58974358974
3927.17948717949
3927.17948717949
3927.17948717949
3928.71794871795
3928.20512820513
3925.12820512821
3918.46153846154
3917.94871794872
3924.10256410256
3928.20512820513
3924.61538461539
3915.38461538462
3910.25641025641
3916.41025641026
3933.33333333333
3943.07692307692
3933.33333333333
3914.8717948718
3914.8717948718
3926.15384615385
3926.66666666667
3922.05128205128
3927.17948717949
3934.8717948718
3933.33333333333
3926.66666666667
3919.48717948718
3913.33333333333
3904.10256410256
3902.05128205128
3904.10256410256
3908.71794871795
3921.53846153846
3927.69230769231
3929.23076923077
3935.89743589744
3947.69230769231
3956.92307692308
3962.05128205128
3968.20512820513
3978.46153846154
3991.28205128205
3991.28205128205
3980
3970.76923076923
3974.35897435898
3980.51282051282
3964.61538461539
3944.61538461539
3944.61538461539
3940.51282051282
3923.58974358974
3922.05128205128
3927.69230769231
3923.07692307692
3922.5641025641
3924.61538461539
3921.02564102564
3925.64102564103
3931.79487179487
3926.66666666667
3925.12820512821
3931.79487179487
3923.58974358974
3901.02564102564
3890.25641025641
3894.35897435898
3896.92307692308
3894.8717948718
3897.4358974359
3910.25641025641
3921.02564102564
3910.76923076923
3898.97435897436
3907.69230769231
3918.46153846154
3913.33333333333
3904.61538461539
3913.84615384615
3925.64102564103
3920.51282051282
3908.20512820513
3907.17948717949
3908.71794871795
3908.20512820513
3917.94871794872
3925.64102564103
3923.58974358974
3925.12820512821
3931.28205128205
3929.23076923077
3926.66666666667
3925.64102564103
3914.8717948718
3909.74358974359
3922.5641025641
3927.69230769231
3927.17948717949
3925.12820512821
3912.82051282051
3913.84615384615
3930.25641025641
3923.07692307692
3912.82051282051
3923.58974358974
3920
3907.69230769231
3912.30769230769
3911.28205128205
3905.12820512821
3912.30769230769
3914.8717948718
3907.69230769231
3911.28205128205
3914.35897435898
3901.53846153846
3889.23076923077
3892.82051282051
3902.05128205128
3906.66666666667
3909.23076923077
3914.35897435898
3914.8717948718
3912.82051282051
3909.74358974359
3911.79487179487
3921.02564102564
3921.02564102564
3913.33333333333
3915.89743589744
3923.58974358974
3922.5641025641
3925.64102564103
3929.74358974359
3922.5641025641
3925.12820512821
3928.20512820513
3911.79487179487
3894.35897435898
3895.38461538462
3904.10256410256
3906.15384615385
3907.17948717949
3906.66666666667
3896.41025641026
3891.28205128205
3904.10256410256
3905.12820512821
3894.35897435898
3904.10256410256
3918.97435897436
3908.71794871795
3895.89743589744
3894.8717948718
3892.30769230769
3896.41025641026
3909.23076923077
3912.30769230769
3907.17948717949
3907.17948717949
3911.79487179487
3911.28205128205
3903.58974358974
3893.33333333333
3900
3915.89743589744
3906.66666666667
3881.53846153846
3878.97435897436
3894.35897435898
3894.35897435898
3884.61538461539
3889.74358974359
3896.41025641026
3896.41025641026
3908.20512820513
3915.38461538462
3902.5641025641
3894.35897435898
3899.48717948718
3893.84615384615
3886.66666666667
3897.94871794872
3910.76923076923
3912.30769230769
3910.25641025641
3909.74358974359
3908.71794871795
3903.07692307692
3892.82051282051
3894.8717948718
3910.25641025641
3914.8717948718
3911.79487179487
3923.58974358974
3929.23076923077
3914.35897435898
3903.58974358974
3910.76923076923
3917.4358974359
3909.74358974359
3909.23076923077
3923.07692307692
3923.07692307692
3908.71794871795
3907.69230769231
3921.02564102564
3925.12820512821
3923.58974358974
3929.23076923077
3926.15384615385
3913.33333333333
3911.28205128205
3924.10256410256
3935.89743589744
3934.35897435898
3927.69230769231
3925.12820512821
3923.58974358974
3921.53846153846
3922.5641025641
3929.23076923077
3928.71794871795
3916.41025641026
3909.74358974359
3923.07692307692
3928.20512820513
3918.46153846154
3933.33333333333
3943.07692307692
3918.46153846154
3910.76923076923
3928.71794871795
3929.23076923077
3921.53846153846
3925.64102564103
3928.20512820513
3927.17948717949
3924.61538461539
3924.61538461539
3927.69230769231
3925.12820512821
3924.61538461539
3930.25641025641
3928.20512820513
3925.12820512821
3925.64102564103
3911.79487179487
3904.61538461539
3920.51282051282
3923.07692307692
3907.69230769231
3906.15384615385
3918.46153846154
3924.10256410256
3923.58974358974
3932.30769230769
3953.33333333333
3962.5641025641
3961.53846153846
3968.71794871795
3971.28205128205
3961.53846153846
3960
3961.02564102564
3951.28205128205
3942.5641025641
3943.58974358974
3944.61538461539
3939.48717948718
3930.76923076923
3919.48717948718
3917.94871794872
3926.66666666667
3922.05128205128
3907.69230769231
3912.30769230769
3927.69230769231
3922.05128205128
3907.17948717949
3913.84615384615
3928.71794871795
3922.5641025641
3908.71794871795
3910.76923076923
3916.41025641026
3914.8717948718
3910.25641025641
3912.30769230769
3916.92307692308
3914.8717948718
3906.66666666667
3907.69230769231
3912.30769230769
3909.23076923077
3911.79487179487
3922.05128205128
3928.20512820513
3925.12820512821
3915.89743589744
3914.35897435898
3926.15384615385
3926.15384615385
3910.25641025641
3911.79487179487
3925.64102564103
3930.25641025641
3924.61538461539
3915.89743589744
3918.97435897436
3926.66666666667
3926.66666666667
3926.15384615385
3921.02564102564
3913.33333333333
3918.97435897436
3921.53846153846
3910.25641025641
3914.8717948718
3927.69230769231
3923.58974358974
3915.89743589744
3906.15384615385
3900.51282051282
3915.38461538462
3931.28205128205
3927.17948717949
3922.05128205128
3924.61538461539
3926.15384615385
3927.17948717949
3925.64102564103
3925.12820512821
3929.23076923077
3922.05128205128
3908.71794871795
3909.74358974359
3916.92307692308
3912.82051282051
3907.17948717949
3911.79487179487
3911.28205128205
3907.69230769231
3915.89743589744
3926.15384615385
3928.71794871795
3921.02564102564
3913.33333333333
3926.15384615385
3943.58974358974
3931.79487179487
3913.33333333333
3922.5641025641
3929.74358974359
3924.10256410256
3922.05128205128
3922.5641025641
3925.64102564103
3926.66666666667
3917.4358974359
3908.71794871795
3920
3925.12820512821
3910.25641025641
3913.33333333333
3922.5641025641
3913.84615384615
3909.74358974359
3913.84615384615
3910.76923076923
3916.92307692308
3926.15384615385
3924.10256410256
3925.12820512821
3928.20512820513
3925.64102564103
3924.10256410256
3925.12820512821
3925.64102564103
3926.15384615385
3928.20512820513
3929.74358974359
3932.30769230769
3936.92307692308
3935.89743589744
3926.15384615385
3923.07692307692
3929.23076923077
3932.30769230769
3926.15384615385
3917.4358974359
3921.02564102564
3928.20512820513
3919.48717948718
3908.71794871795
3911.28205128205
3912.82051282051
3911.28205128205
3920.51282051282
3923.58974358974
3913.84615384615
3915.38461538462
3924.61538461539
3926.66666666667
3932.30769230769
3947.17948717949
3954.8717948718
3955.89743589744
3958.97435897436
3969.74358974359
3971.79487179487
3956.92307692308
3956.92307692308
3974.8717948718
3976.92307692308
3971.28205128205
3983.07692307692
3990.76923076923
3983.07692307692
3974.35897435898
3973.33333333333
3973.84615384615
3967.17948717949
3953.33333333333
3940.51282051282
3937.94871794872
3945.64102564103
3949.23076923077
3942.5641025641
3937.94871794872
3944.10256410256
3943.58974358974
3931.28205128205
3932.30769230769
3945.64102564103
3938.97435897436
3920
3923.58974358974
3933.33333333333
3927.69230769231
3930.25641025641
3943.07692307692
3945.12820512821
3941.02564102564
3942.5641025641
3941.02564102564
3944.10256410256
3951.79487179487
3946.15384615385
3935.38461538462
3943.58974358974
3958.97435897436
3953.33333333333
3940.51282051282
3938.46153846154
3940.51282051282
3941.53846153846
3943.07692307692
3941.53846153846
3940.51282051282
3944.61538461539
3944.10256410256
3944.10256410256
3942.05128205128
3929.74358974359
3923.07692307692
3928.20512820513
3929.74358974359
3934.35897435898
3945.12820512821
3939.48717948718
3926.66666666667
3926.15384615385
3926.15384615385
3926.15384615385
3929.74358974359
3925.12820512821
3923.07692307692
3934.8717948718
3929.74358974359
3921.53846153846
3937.4358974359
3931.28205128205
3906.15384615385
3917.94871794872
3930.25641025641
3911.28205128205
3909.74358974359
3927.69230769231
3937.4358974359
3938.97435897436
3933.84615384615
3927.17948717949
3921.53846153846
3918.97435897436
3919.48717948718
3917.4358974359
3911.79487179487
3910.76923076923
3911.79487179487
3918.97435897436
3929.74358974359
3926.66666666667
3922.05128205128
3928.71794871795
3929.23076923077
3925.12820512821
3929.23076923077
3932.30769230769
3925.64102564103
3923.07692307692
3928.20512820513
3927.69230769231
3925.12820512821
3924.61538461539
3924.10256410256
3934.8717948718
3942.5641025641
3929.74358974359
3922.05128205128
3928.71794871795
3928.71794871795
3930.76923076923
3942.5641025641
3941.53846153846
3938.46153846154
3949.23076923077
3945.64102564103
3930.25641025641
3928.71794871795
3933.84615384615
3932.82051282051
3929.23076923077
3932.30769230769
3943.58974358974
3949.23076923077
3937.4358974359
3923.07692307692
3934.35897435898
3952.30769230769
3944.61538461539
3929.23076923077
3935.89743589744
3947.69230769231
3941.53846153846
3940
3957.94871794872
3961.02564102564
3944.61538461539
3937.94871794872
3948.20512820513
3945.64102564103
3935.38461538462
3946.15384615385
3955.89743589744
3945.64102564103
3939.48717948718
3944.61538461539
3939.48717948718
3936.41025641026
3946.15384615385
3941.02564102564
3923.58974358974
3925.64102564103
3941.53846153846
3942.5641025641
3937.4358974359
3943.58974358974
3947.69230769231
3944.10256410256
3946.15384615385
3953.84615384615
3957.94871794872
3956.41025641026
3954.8717948718
3959.48717948718
3960.51282051282
3953.84615384615
3954.8717948718
3955.89743589744
3947.69230769231
3949.23076923077
3958.97435897436
3954.35897435898
3943.07692307692
3942.05128205128
3944.10256410256
3944.61538461539
3945.64102564103
3943.07692307692
3934.8717948718
3923.07692307692
3924.61538461539
3938.97435897436
3936.92307692308
3926.66666666667
3936.92307692308
3941.02564102564
3925.64102564103
3927.17948717949
3944.10256410256
3946.66666666667
3946.66666666667
3954.8717948718
3961.02564102564
3960.51282051282
3957.4358974359
3955.38461538462
3960
3955.38461538462
3940
3937.4358974359
3946.15384615385
3946.15384615385
3951.28205128205
3956.92307692308
3946.66666666667
3947.69230769231
3961.53846153846
3963.07692307692
3964.61538461539
3971.79487179487
3960.51282051282
3941.02564102564
3945.64102564103
3958.46153846154
3953.33333333333
3941.02564102564
3941.02564102564
3943.07692307692
3944.10256410256
3944.61538461539
3938.97435897436
3946.15384615385
3968.20512820513
3977.94871794872
3972.82051282051
3971.79487179487
3983.07692307692
3991.28205128205
3993.33333333333
4004.61538461539
4006.66666666667
3983.07692307692
3967.17948717949
3975.38461538462
3976.92307692308
3967.69230769231
3969.74358974359
3973.84615384615
3961.53846153846
3942.05128205128
3940.51282051282
3954.35897435898
3952.30769230769
3942.5641025641
3938.97435897436
3930.76923076923
3921.53846153846
3927.17948717949
3933.84615384615
3924.61538461539
3921.53846153846
3928.71794871795
3921.02564102564
3905.12820512821
3905.64102564103
3912.82051282051
3906.15384615385
3905.12820512821
3922.5641025641
3929.23076923077
3913.33333333333
3909.23076923077
3918.46153846154
3907.17948717949
3893.84615384615
3903.07692307692
3911.28205128205
3912.30769230769
3913.33333333333
3902.5641025641
3894.8717948718
3908.71794871795
3914.35897435898
3908.20512820513
3920
3925.64102564103
3909.74358974359
3912.30769230769
3925.12820512821
3914.35897435898
3902.05128205128
3910.25641025641
3914.8717948718
3913.33333333333
3913.84615384615
3909.74358974359
3905.12820512821
3906.15384615385
3909.23076923077
3910.76923076923
3911.79487179487
3908.71794871795
3909.23076923077
3923.07692307692
3924.61538461539
3908.71794871795
3912.30769230769
3930.76923076923
3924.61538461539
3908.20512820513
3908.20512820513
3911.79487179487
3916.92307692308
3924.61538461539
3924.61538461539
3923.07692307692
3925.64102564103
3926.66666666667
3926.66666666667
3928.71794871795
3927.17948717949
3923.07692307692
3924.61538461539
3927.69230769231
3926.66666666667
3920.51282051282
3916.41025641026
3924.10256410256
3927.69230769231
3913.84615384615
3909.23076923077
3922.5641025641
3921.53846153846
3911.28205128205
3916.92307692308
3926.15384615385
3927.69230769231
3921.02564102564
3910.76923076923
3912.82051282051
3925.12820512821
3930.25641025641
3929.23076923077
3928.20512820513
3924.61538461539
3925.12820512821
3933.84615384615
3930.76923076923
3914.8717948718
3914.8717948718
3928.20512820513
3927.17948717949
3919.48717948718
3927.17948717949
3930.25641025641
3916.92307692308
3914.35897435898
3928.20512820513
3936.41025641026
3929.23076923077
3921.02564102564
3922.05128205128
3928.71794871795
3928.71794871795
3921.53846153846
3935.89743589744
3945.12820512821
3929.74358974359
3933.84615384615
3940
3914.8717948718
3908.71794871795
3929.23076923077
3928.20512820513
3920.51282051282
3925.12820512821
3926.15384615385
3922.05128205128
3912.30769230769
3908.20512820513
3924.10256410256
3934.35897435898
3928.71794871795
3924.61538461539
3931.79487179487
3940
3940.51282051282
3944.61538461539
3954.8717948718
3962.5641025641
3969.23076923077
3974.8717948718
3977.4358974359
3978.46153846154
3977.4358974359
3975.89743589744
3973.33333333333
3961.02564102564
3952.30769230769
3955.38461538462
3948.71794871795
3938.97435897436
3942.5641025641
3943.07692307692
3940
3940
3933.33333333333
3927.69230769231
3928.71794871795
3923.07692307692
3920
3927.17948717949
3928.71794871795
3926.15384615385
3922.5641025641
3913.84615384615
3907.69230769231
3910.76923076923
3911.79487179487
3912.30769230769
3916.41025641026
3910.76923076923
3904.61538461539
3910.25641025641
3916.41025641026
3914.8717948718
3908.20512820513
3906.66666666667
3913.84615384615
3909.74358974359
3898.97435897436
3913.33333333333
3932.82051282051
3921.02564102564
3908.71794871795
3924.61538461539
3936.41025641026
3921.02564102564
3905.64102564103
3910.25641025641
3915.38461538462
3908.20512820513
3908.20512820513
3912.30769230769
3900.51282051282
3892.82051282051
3904.10256410256
3911.28205128205
3905.64102564103
3908.20512820513
3914.8717948718
3912.82051282051
3920
3930.25641025641
3921.02564102564
3909.23076923077
3913.84615384615
3915.89743589744
3906.66666666667
3910.76923076923
3926.15384615385
3929.23076923077
3918.97435897436
3909.23076923077
3910.25641025641
3921.53846153846
3930.76923076923
3924.61538461539
3920.51282051282
3926.66666666667
3928.71794871795
3925.12820512821
3925.64102564103
3925.64102564103
3925.12820512821
3925.64102564103
3923.07692307692
3921.53846153846
3929.23076923077
3934.35897435898
3932.82051282051
3929.74358974359
