
4157.94871794872
4152.30769230769
4140.51282051282
4148.20512820513
4159.48717948718
4149.23076923077
4150.25641025641
4166.66666666667
4162.05128205128
4154.8717948718
4168.20512820513
4173.33333333333
4173.84615384615
4183.58974358974
4189.74358974359
4187.17948717949
4178.97435897436
4167.69230769231
4168.20512820513
4170.25641025641
4161.02564102564
4160
4170.76923076923
4174.35897435897
4172.30769230769
4170.76923076923
4169.74358974359
4169.74358974359
4164.10256410256
4151.79487179487
4152.82051282051
4155.38461538462
4141.53846153846
4133.84615384615
4138.97435897436
4141.02564102564
4141.02564102564
4142.05128205128
4137.94871794872
4134.35897435897
4136.41025641026
4133.33333333333
4123.07692307692
4124.10256410256
4136.92307692308
4141.53846153846
4145.12820512821
4153.33333333333
4143.07692307692
4125.64102564103
4125.12820512821
4126.15384615385
4120.51282051282
4123.58974358974
4134.35897435897
4141.53846153846
4137.4358974359
4134.8717948718
4142.05128205128
4135.89743589744
4122.5641025641
4132.30769230769
4143.58974358974
4130.76923076923
4123.58974358974
4134.35897435897
4140.51282051282
4135.38461538462
4128.71794871795
4132.30769230769
4136.41025641026
4125.64102564103
4117.4358974359
4123.58974358974
4123.07692307692
4118.97435897436
4131.28205128205
4142.05128205128
4141.02564102564
4144.10256410256
4148.20512820513
4142.5641025641
4137.4358974359
4137.4358974359
4133.84615384615
4134.35897435897
4134.8717948718
4126.15384615385
4120
4127.69230769231
4136.92307692308
4136.92307692308
4136.41025641026
4138.97435897436
4137.94871794872
4135.89743589744
4138.46153846154
4138.97435897436
4134.35897435897
4134.35897435897
4136.41025641026
4136.41025641026
4134.8717948718
4140
4152.82051282051
4157.4358974359
4144.61538461538
4134.35897435897
4137.94871794872
4140.51282051282
4134.8717948718
4133.84615384615
4136.92307692308
4137.4358974359
4136.41025641026
4137.94871794872
4138.97435897436
4135.89743589744
4136.41025641026
4142.05128205128
4136.41025641026
4123.07692307692
4122.05128205128
4126.66666666667
4123.58974358974
4118.46153846154
4118.97435897436
4122.05128205128
4123.58974358974
4125.12820512821
4124.61538461538
4120.51282051282
4128.71794871795
4136.92307692308
4124.10256410256
4120.51282051282
4133.84615384615
4131.79487179487
4118.97435897436
4118.97435897436
4128.71794871795
4134.35897435897
4131.28205128205
4123.58974358974
4121.53846153846
4125.12820512821
4134.35897435897
4136.92307692308
4125.12820512821
4121.53846153846
4127.17948717949
4118.46153846154
4118.46153846154
4134.35897435897
4133.33333333333
4118.46153846154
4118.46153846154
4128.20512820513
4133.84615384615
4135.38461538462
4135.89743589744
4135.38461538462
4142.5641025641
4151.28205128205
4158.46153846154
4172.82051282051
4187.17948717949
4180
4164.10256410256
4165.64102564103
4169.74358974359
4159.48717948718
4144.61538461538
4135.89743589744
4145.64102564103
4156.92307692308
4145.12820512821
4133.33333333333
4141.02564102564
4143.58974358974
4137.4358974359
4140.51282051282
4140
4133.84615384615
4133.33333333333
4136.92307692308
4136.41025641026
4133.84615384615
4135.89743589744
4139.48717948718
4137.4358974359
4136.41025641026
4138.46153846154
4137.4358974359
4135.89743589744
4135.89743589744
4141.53846153846
4150.76923076923
4155.38461538462
4151.28205128205
4144.10256410256
4137.94871794872
4138.97435897436
4140.51282051282
4137.94871794872
4145.64102564103
4153.33333333333
4151.79487179487
4153.33333333333
4150.76923076923
4139.48717948718
4135.38461538462
4139.48717948718
4138.46153846154
4137.4358974359
4137.4358974359
4137.4358974359
4135.89743589744
4130.76923076923
4126.15384615385
4126.66666666667
4125.64102564103
4120.51282051282
4123.07692307692
4133.33333333333
4138.97435897436
4138.46153846154
4136.41025641026
4135.38461538462
4134.8717948718
4137.94871794872
4136.41025641026
4124.10256410256
4121.02564102564
4128.71794871795
4132.30769230769
4137.4358974359
4147.69230769231
4138.46153846154
4119.48717948718
4126.66666666667
4142.05128205128
4134.8717948718
4129.23076923077
4138.97435897436
4136.41025641026
4125.64102564103
4136.41025641026
4144.61538461538
4128.20512820513
4117.94871794872
4127.17948717949
4128.20512820513
4123.58974358974
4131.28205128205
4138.97435897436
4136.41025641026
4134.35897435897
4134.8717948718
4135.38461538462
4137.4358974359
4138.97435897436
4142.05128205128
4149.74358974359
4154.35897435897
4152.82051282051
4154.35897435897
4162.5641025641
4168.71794871795
4167.17948717949
4166.66666666667
4173.33333333333
4173.33333333333
4165.64102564103
4165.12820512821
4170.76923076923
4173.33333333333
4172.82051282051
4170.25641025641
4170.25641025641
4173.84615384615
4172.30769230769
4170.25641025641
4184.10256410256
4201.02564102564
4202.05128205128
4198.97435897436
4203.07692307692
4204.10256410256
4202.05128205128
4196.41025641026
4186.15384615385
4189.23076923077
4210.76923076923
4223.07692307692
4218.97435897436
4213.84615384615
4210.76923076923
4211.28205128205
4217.4358974359
4221.02564102564
4220
4213.33333333333
4206.15384615385
4203.58974358974
4203.07692307692
4196.41025641026
4190.25641025641
4185.64102564103
4172.30769230769
4174.35897435897
4183.58974358974
4175.38461538462
4168.20512820513
4168.71794871795
4163.07692307692
4163.07692307692
4169.74358974359
4161.53846153846
4150.76923076923
4153.33333333333
4161.53846153846
4169.23076923077
4168.20512820513
4161.53846153846
4154.35897435897
4152.82051282051
4156.41025641026
4146.66666666667
4135.38461538462
4146.66666666667
4157.4358974359
4153.33333333333
4153.33333333333
4157.4358974359
4154.8717948718
4154.35897435897
4157.4358974359
4155.89743589744
4152.82051282051
4151.79487179487
4152.30769230769
4154.35897435897
4150.25641025641
4144.10256410256
4147.69230769231
4154.8717948718
4154.35897435897
4151.28205128205
4157.94871794872
4168.71794871795
4170.76923076923
4167.17948717949
4169.74358974359
4168.20512820513
4155.38461538462
4155.38461538462
4168.20512820513
4171.28205128205
4165.64102564103
4165.64102564103
4171.28205128205
4174.35897435897
4167.17948717949
4155.89743589744
4151.79487179487
4152.30769230769
4153.84615384615
4157.94871794872
4162.5641025641
4166.66666666667
4171.28205128205
4168.20512820513
4156.92307692308
4151.79487179487
4155.38461538462
4154.35897435897
4150.76923076923
4158.97435897436
4168.20512820513
4168.20512820513
4168.20512820513
4169.74358974359
4170.25641025641
4173.84615384615
4171.28205128205
4157.94871794872
4149.74358974359
4150.76923076923
4161.02564102564
4170.76923076923
4165.64102564103
4153.84615384615
4153.33333333333
4154.35897435897
4144.61538461538
4142.5641025641
4152.82051282051
4158.46153846154
4154.8717948718
4154.35897435897
4156.41025641026
4152.30769230769
4148.20512820513
4149.74358974359
4151.79487179487
4152.82051282051
4153.33333333333
4151.79487179487
4157.4358974359
4168.71794871795
4166.15384615385
4151.79487179487
4139.48717948718
4130.76923076923
4126.15384615385
4133.84615384615
4147.17948717949
4153.33333333333
4151.28205128205
4151.28205128205
4148.71794871795
4138.46153846154
4144.61538461538
4155.38461538462
4141.53846153846
4133.33333333333
4140.51282051282
4125.12820512821
4100
4107.69230769231
4124.61538461538
4117.4358974359
4100.51282051282
4102.5641025641
4117.94871794872
4127.17948717949
4130.76923076923
4142.5641025641
4167.69230769231
4186.66666666667
4189.74358974359
4194.8717948718
4204.10256410256
4201.53846153846
4195.38461538462
4194.35897435897
4200.51282051282
4215.89743589744
4218.97435897436
4212.30769230769
4222.5641025641
4234.35897435897
4232.30769230769
4237.94871794872
4249.23076923077
4253.33333333333
4256.41025641026
4266.15384615385
4266.15384615385
4253.33333333333
4250.76923076923
4250.76923076923
4238.46153846154
4230.25641025641
4230.76923076923
4223.07692307692
4217.4358974359
4213.84615384615
4205.64102564103
4212.30769230769
4216.92307692308
4202.05128205128
4202.5641025641
4216.92307692308
4207.69230769231
4197.94871794872
4208.20512820513
4212.30769230769
4201.02564102564
4189.74358974359
4184.61538461538
4186.15384615385
4188.71794871795
4190.25641025641
4195.38461538462
4202.05128205128
4207.17948717949
4200
4185.64102564103
4186.66666666667
4194.8717948718
4185.64102564103
4177.94871794872
4189.23076923077
4192.82051282051
4183.58974358974
4184.10256410256
4190.25641025641
4189.23076923077
4191.28205128205
4204.10256410256
4202.05128205128
4187.17948717949
4191.28205128205
4208.20512820513
4207.69230769231
4197.94871794872
4200.51282051282
4201.02564102564
4190.76923076923
4182.5641025641
4183.58974358974
4194.35897435897
4194.8717948718
4180
4184.10256410256
4203.07692307692
4197.4358974359
4182.5641025641
4185.12820512821
4185.64102564103
4184.10256410256
4187.69230769231
4185.12820512821
4183.07692307692
4187.17948717949
4178.97435897436
4163.58974358974
4169.74358974359
4183.58974358974
4180
4167.17948717949
4169.74358974359
4182.5641025641
4184.10256410256
4184.10256410256
4192.82051282051
4190.76923076923
4180.51282051282
4181.02564102564
4188.71794871795
4190.25641025641
4189.23076923077
4183.07692307692
4171.79487179487
4171.28205128205
4178.97435897436
4186.15384615385
4186.66666666667
4185.12820512821
4188.20512820513
4188.71794871795
4185.64102564103
4184.10256410256
4181.02564102564
4174.35897435897
4166.15384615385
4171.79487179487
4184.61538461538
4181.02564102564
4165.12820512821
4163.58974358974
4167.17948717949
4165.12820512821
4175.89743589744
4189.74358974359
4179.48717948718
4167.69230769231
4169.74358974359
4168.20512820513
4170.76923076923
4183.58974358974
4181.53846153846
4160.51282051282
4154.8717948718
4166.66666666667
4171.28205128205
4170.76923076923
4168.71794871795
4154.8717948718
4131.79487179487
4113.84615384615
4107.17948717949
4104.61538461538
4106.66666666667
4097.94871794872
4081.53846153846
4080.51282051282
4090.76923076923
4090.25641025641
4083.58974358974
4094.8717948718
4108.71794871795
4102.05128205128
4087.17948717949
4084.10256410256
4085.64102564103
4088.71794871795
4103.58974358974
4112.30769230769
4103.07692307692
4089.74358974359
4091.79487179487
4097.4358974359
4092.30769230769
4091.79487179487
4098.46153846154
4101.53846153846
4103.07692307692
4110.76923076923
4113.33333333333
4104.61538461538
4098.46153846154
4103.07692307692
4108.20512820513
4104.10256410256
4102.05128205128
4110.25641025641
4112.82051282051
4110.76923076923
4112.30769230769
4113.33333333333
4114.35897435897
4122.05128205128
4124.10256410256
4109.74358974359
4102.5641025641
4115.38461538462
4133.33333333333
4140
4138.97435897436
4137.94871794872
4131.79487179487
4122.5641025641
4117.94871794872
4116.92307692308
4115.89743589744
4120
4123.58974358974
4118.97435897436
4123.58974358974
4135.89743589744
4136.41025641026
4138.46153846154
4141.02564102564
4124.10256410256
4110.76923076923
4118.46153846154
4123.58974358974
4120.51282051282
4123.58974358974
4124.10256410256
4119.48717948718
4120.51282051282
4120
4110.25641025641
4108.71794871795
4121.53846153846
4126.15384615385
4112.82051282051
4104.10256410256
4108.71794871795
4108.71794871795
4104.61538461538
4108.20512820513
4108.71794871795
4103.07692307692
4109.74358974359
4121.02564102564
4122.5641025641
4126.15384615385
4134.8717948718
4143.07692307692
4153.33333333333
4155.38461538462
4142.5641025641
4138.46153846154
4149.74358974359
4151.79487179487
4148.71794871795
4149.74358974359
4144.61538461538
4136.41025641026
4134.35897435897
4138.97435897436
4136.41025641026
4123.58974358974
4118.97435897436
4130.25641025641
4131.79487179487
4120.51282051282
4127.17948717949
4135.89743589744
4124.10256410256
4113.84615384615
4119.48717948718
4126.66666666667
4123.58974358974
4121.53846153846
4124.61538461538
4120.51282051282
4122.5641025641
4133.84615384615
4134.35897435897
4122.05128205128
4117.94871794872
4122.5641025641
4123.07692307692
4127.69230769231
4133.84615384615
4131.79487179487
4125.12820512821
4122.05128205128
4120
4114.8717948718
4123.07692307692
4134.8717948718
4128.71794871795
4118.46153846154
4124.61538461538
4138.46153846154
4142.05128205128
4137.94871794872
4135.89743589744
4135.89743589744
4134.8717948718
4137.4358974359
4138.46153846154
4127.17948717949
4117.94871794872
4118.46153846154
4119.48717948718
4118.97435897436
4120.51282051282
4120.51282051282
4117.94871794872
4115.38461538462
4106.66666666667
4103.07692307692
4118.97435897436
4137.94871794872
4140.51282051282
4134.8717948718
4133.33333333333
4137.94871794872
4136.92307692308
4125.64102564103
4117.4358974359
4120.51282051282
4120.51282051282
4116.41025641026
4122.5641025641
4132.30769230769
4127.69230769231
4118.97435897436
4127.69230769231
4137.4358974359
4138.97435897436
4144.61538461538
4140.51282051282
4129.74358974359
4132.30769230769
4134.8717948718
4141.53846153846
4155.38461538462
4146.15384615385
4132.30769230769
4137.94871794872
4133.84615384615
4126.15384615385
4133.84615384615
4138.46153846154
4133.84615384615
4135.38461538462
4138.46153846154
4136.92307692308
4136.92307692308
4138.46153846154
4138.97435897436
4138.46153846154
4136.41025641026
4135.89743589744
4135.38461538462
4133.33333333333
4136.92307692308
4149.23076923077
4153.33333333333
4150.76923076923
4156.41025641026
4153.84615384615
4138.97435897436
4134.8717948718
4143.07692307692
4144.61538461538
4137.4358974359
4138.46153846154
4143.58974358974
4144.10256410256
4150.25641025641
4154.35897435897
4143.07692307692
4132.82051282051
4141.02564102564
4154.35897435897
4153.33333333333
4140.51282051282
4134.35897435897
4137.4358974359
4140.51282051282
4139.48717948718
4137.94871794872
4137.94871794872
4137.94871794872
4131.28205128205
4128.20512820513
4133.84615384615
4136.92307692308
4133.84615384615
4132.82051282051
4141.53846153846
4151.28205128205
4156.92307692308
4165.64102564103
4178.97435897436
4188.20512820513
4185.12820512821
4173.33333333333
4168.71794871795
4172.30769230769
4171.28205128205
4170.25641025641
4182.5641025641
4193.33333333333
4192.82051282051
4186.15384615385
4175.38461538462
4165.64102564103
4168.71794871795
4171.28205128205
4158.46153846154
4151.28205128205
4160.51282051282
4162.5641025641
4155.38461538462
4155.38461538462
4155.89743589744
4158.46153846154
4169.23076923077
4166.66666666667
4153.84615384615
4151.79487179487
4157.4358974359
4157.4358974359
4155.89743589744
4155.89743589744
4159.48717948718
4169.74358974359
4170.76923076923
4162.05128205128
4154.8717948718
4154.35897435897
4162.5641025641
4168.71794871795
4159.48717948718
4147.17948717949
4155.89743589744
4172.82051282051
4172.82051282051
4167.17948717949
4166.66666666667
4167.17948717949
4167.17948717949
4170.25641025641
4174.35897435897
4172.30769230769
4169.23076923077
4176.92307692308
4188.20512820513
4180
4169.23076923077
4180.51282051282
4188.71794871795
4179.48717948718
4180
4189.23076923077
4178.46153846154
4163.58974358974
4170.25641025641
4183.07692307692
4187.69230769231
4188.71794871795
4179.48717948718
4165.64102564103
4175.38461538462
4188.71794871795
4175.89743589744
4167.17948717949
4166.15384615385
4158.97435897436
4157.4358974359
4157.4358974359
4155.38461538462
4164.61538461538
4173.33333333333
4169.74358974359
4171.28205128205
4174.8717948718
4171.28205128205
4168.20512820513
4162.05128205128
4154.35897435897
4157.94871794872
4169.23076923077
4171.28205128205
4165.64102564103
4163.58974358974
4156.41025641026
4148.20512820513
4159.48717948718
4173.33333333333
4171.79487179487
4175.38461538462
4186.66666666667
4186.66666666667
4175.38461538462
4170.76923076923
4180
4183.07692307692
4171.28205128205
4170.76923076923
4183.58974358974
4188.20512820513
4184.61538461538
4177.4358974359
4175.89743589744
4181.53846153846
4177.94871794872
4167.69230769231
4168.20512820513
4170.76923076923
4169.23076923077
4170.25641025641
4168.20512820513
4169.23076923077
4173.33333333333
4170.25641025641
4167.17948717949
4166.66666666667
4168.20512820513
4172.82051282051
4173.33333333333
4167.17948717949
4165.12820512821
4167.69230769231
4169.23076923077
4169.23076923077
4165.12820512821
4164.10256410256
4167.69230769231
4164.61538461538
4169.74358974359
4184.10256410256
4177.94871794872
4163.07692307692
4165.12820512821
4172.30769230769
4172.30769230769
4168.71794871795
4167.69230769231
4176.92307692308
4183.58974358974
4177.4358974359
4170.76923076923
4172.30769230769
4173.33333333333
4169.74358974359
4171.28205128205
4167.17948717949
4157.94871794872
4160
4162.5641025641
4152.82051282051
4146.15384615385
4152.82051282051
4156.92307692308
4156.92307692308
4156.41025641026
4153.84615384615
4155.89743589744
4157.94871794872
4162.5641025641
4168.20512820513
4166.66666666667
4157.94871794872
4153.33333333333
4156.41025641026
4156.41025641026
4154.35897435897
4156.92307692308
4156.92307692308
4153.84615384615
4160.51282051282
4167.69230769231
4160
4150.76923076923
4150.76923076923
4151.79487179487
4151.79487179487
4150.76923076923
4143.07692307692
4135.89743589744
4141.02564102564
4154.35897435897
4158.46153846154
4150.76923076923
4149.23076923077
4154.35897435897
4153.84615384615
4153.33333333333
4156.41025641026
4157.4358974359
4155.38461538462
4153.84615384615
4160.51282051282
4167.69230769231
4160.51282051282
4150.76923076923
4151.79487179487
4150.76923076923
4153.33333333333
4167.17948717949
4173.33333333333
4171.28205128205
4169.74358974359
4169.74358974359
4171.79487179487
4171.28205128205
4164.10256410256
4155.38461538462
4152.82051282051
4157.4358974359
4170.76923076923
4174.8717948718
4161.02564102564
4148.71794871795
4157.94871794872
4168.20512820513
4164.10256410256
4167.17948717949
4183.07692307692
4194.35897435897
4196.92307692308
4198.46153846154
4208.71794871795
4218.97435897436
4219.48717948718
4221.02564102564
4221.02564102564
4205.64102564103
4194.35897435897
4202.05128205128
4205.12820512821
4199.48717948718
4197.94871794872
4192.82051282051
4175.89743589744
4164.61538461538
4169.74358974359
4174.35897435897
4168.71794871795
4165.12820512821
4164.10256410256
4158.97435897436
4152.30769230769
4150.76923076923
4153.33333333333
4156.41025641026
4157.94871794872
4155.38461538462
4150.76923076923
4153.33333333333
4156.92307692308
4148.20512820513
4135.38461538462
4133.33333333333
4140
4144.10256410256
4147.69230769231
4153.33333333333
4147.69230769231
4136.41025641026
4132.30769230769
4140
4150.76923076923
4155.89743589744
4154.8717948718
4147.17948717949
4139.48717948718
4139.48717948718
4139.48717948718
4133.33333333333
4133.84615384615
4141.53846153846
4140.51282051282
4137.4358974359
4140.51282051282
4142.05128205128
4137.94871794872
4141.02564102564
4153.84615384615
4156.41025641026
4138.97435897436
4124.10256410256
4124.61538461538
4131.28205128205
4137.4358974359
4134.35897435897
4126.15384615385
4125.64102564103
4133.84615384615
4140.51282051282
4136.41025641026
4137.4358974359
4150.25641025641
4154.8717948718
4139.48717948718
4127.69230769231
4132.30769230769
4136.41025641026
4137.4358974359
4138.97435897436
4143.07692307692
4150.76923076923
4154.8717948718
4150.76923076923
4147.69230769231
4151.79487179487
4148.71794871795
4135.89743589744
4136.41025641026
4146.15384615385
4146.15384615385
4147.69230769231
4157.94871794872
4158.97435897436
4156.92307692308
4156.41025641026
4146.66666666667
4141.02564102564
4145.64102564103
4141.53846153846
4136.92307692308
4139.48717948718
4142.5641025641
4147.69230769231
4154.8717948718
4150.25641025641
4146.15384615385
4151.79487179487
4149.23076923077
4144.10256410256
4148.20512820513
4153.33333333333
4153.33333333333
4153.84615384615
4152.30769230769
4151.79487179487
4153.33333333333
4149.23076923077
4155.89743589744
4167.69230769231
4156.92307692308
4138.46153846154
4143.58974358974
4158.46153846154
4156.92307692308
4155.38461538462
4164.61538461538
4172.82051282051
4171.79487179487
4161.02564102564
4151.79487179487
4158.97435897436
4167.69230769231
4167.17948717949
4170.25641025641
4164.61538461538
4152.82051282051
4162.05128205128
4172.82051282051
4165.64102564103
4167.17948717949
4170.25641025641
4161.53846153846
4162.5641025641
4161.02564102564
4147.17948717949
4151.79487179487
4167.69230769231
4168.20512820513
4163.58974358974
4164.10256410256
4168.71794871795
4178.97435897436
4182.05128205128
4184.61538461538
4197.94871794872
4202.5641025641
4195.89743589744
4203.58974358974
4209.23076923077
4203.58974358974
4209.23076923077
4209.74358974359
4200
4198.97435897436
4196.92307692308
4184.61538461538
4180.51282051282
4185.12820512821
4185.64102564103
4181.02564102564
4174.35897435897
4180
4186.66666666667
4176.92307692308
4172.30769230769
4184.10256410256
4188.20512820513
4185.12820512821
4185.12820512821
4180
4169.74358974359
4164.61538461538
4169.74358974359
4178.97435897436
4178.97435897436
4173.84615384615
4163.07692307692
4153.33333333333
4152.30769230769
4156.92307692308
4157.4358974359
4152.82051282051
4156.92307692308
4167.69230769231
4169.23076923077
4165.12820512821
4176.41025641026
4189.23076923077
4178.46153846154
4163.07692307692
4172.82051282051
4184.61538461538
4170.76923076923
4156.41025641026
4168.71794871795
4176.92307692308
4167.17948717949
4167.69230769231
4168.71794871795
4154.8717948718
4152.30769230769
4164.61538461538
4171.28205128205
4167.69230769231
4167.17948717949
4170.76923076923
4172.30769230769
4172.82051282051
4174.8717948718
4175.89743589744
4171.79487179487
4169.74358974359
4170.25641025641
4167.69230769231
4171.79487179487
4185.12820512821
4189.74358974359
4180
4172.30769230769
4168.71794871795
4167.17948717949
4170.76923076923
4171.28205128205
4170.25641025641
4172.30769230769
4170.25641025641
4169.23076923077
4173.84615384615
4174.8717948718
4174.35897435897
4174.8717948718
4170.76923076923
4173.84615384615
4185.64102564103
4183.07692307692
4172.82051282051
4171.28205128205
