F7
4045.64102564103
4046.66666666667
4052.30769230769
4048.20512820513
4041.53846153846
4056.92307692308
4076.92307692308
4071.28205128205
4061.53846153846
4059.48717948718
4058.97435897436
4062.5641025641
4058.97435897436
4050.25641025641
4052.30769230769
4061.53846153846
4067.17948717949
4067.69230769231
4060
4056.92307692308
4068.71794871795
4073.33333333333
4066.15384615385
4069.74358974359
4079.48717948718
4074.8717948718
4060
4048.71794871795
4054.8717948718
4072.30769230769
4075.89743589744
4062.05128205128
4045.64102564103
4045.64102564103
4064.61538461539
4082.05128205128
4080.51282051282
4073.33333333333
4077.4358974359
4088.20512820513
4091.79487179487
4080
4067.69230769231
4070.25641025641
4074.8717948718
4075.89743589744
4074.35897435898
4080
4085.64102564103
4078.46153846154
4066.15384615385
4056.41025641026
4060.51282051282
4076.41025641026
4077.94871794872
4066.66666666667
4067.17948717949
4073.33333333333
4070.76923076923
4066.66666666667
4063.58974358974
4064.61538461539
4068.71794871795
4070.76923076923
4068.20512820513
4058.46153846154
4052.30769230769
4058.97435897436
4058.46153846154
4056.41025641026
4061.53846153846
4058.97435897436
4048.20512820513
4045.12820512821
4053.33333333333
4059.48717948718
4060
4058.97435897436
4060
4062.5641025641
4063.07692307692
4057.4358974359
4051.79487179487
4048.71794871795
4047.17948717949
4051.28205128205
4050.25641025641
4044.10256410256
4051.28205128205
4063.07692307692
4062.5641025641
4055.89743589744
4048.20512820513
4042.05128205128
4044.10256410256
4041.02564102564
4034.8717948718
4044.10256410256
4053.33333333333
4048.71794871795
4046.66666666667
4055.89743589744
4055.89743589744
4046.15384615385
4053.33333333333
4064.61538461539
4050.25641025641
4031.28205128205
4040.51282051282
4055.89743589744
4052.30769230769
4045.64102564103
4049.23076923077
4053.33333333333
4047.17948717949
4037.4358974359
4042.5641025641
4057.4358974359
4066.15384615385
4064.61538461539
4053.33333333333
4042.5641025641
4045.64102564103
4053.33333333333
4048.20512820513
4041.02564102564
4039.48717948718
4032.82051282051
4032.30769230769
4042.5641025641
4044.61538461539
4038.46153846154
4042.5641025641
4049.74358974359
4040
4029.74358974359
4037.94871794872
4045.64102564103
4038.97435897436
4038.46153846154
4056.92307692308
4062.05128205128
4049.23076923077
4050.25641025641
4061.53846153846
4058.97435897436
4049.23076923077
4048.20512820513
4055.38461538462
4061.02564102564
4055.89743589744
4049.23076923077
4048.71794871795
4046.66666666667
4044.10256410256
4046.15384615385
4050.25641025641
4061.02564102564
4065.64102564103
4058.97435897436
4063.07692307692
4073.33333333333
4073.84615384615
4075.38461538462
4077.4358974359
4077.94871794872
4085.12820512821
4095.38461538462
4095.89743589744
4088.20512820513
4079.48717948718
4073.84615384615
4073.84615384615
4075.89743589744
4072.30769230769
4060
4047.17948717949
4050.25641025641
4060
4059.48717948718
4054.8717948718
4055.38461538462
4045.64102564103
4033.33333333333
4041.02564102564
4046.15384615385
4035.38461538462
4031.79487179487
4033.33333333333
4021.53846153846
4010.25641025641
4021.53846153846
4044.10256410256
4058.97435897436
4054.35897435898
4035.89743589744
4028.20512820513
4037.4358974359
4031.79487179487
4016.41025641026
4028.71794871795
4048.71794871795
4045.64102564103
4040
4044.61538461539
4036.41025641026
4021.53846153846
4026.66666666667
4040.51282051282
4039.48717948718
4032.30769230769
4037.4358974359
4041.02564102564
4033.84615384615
4034.8717948718
4049.23076923077
4056.92307692308
4043.07692307692
4026.15384615385
4030.25641025641
4044.10256410256
4045.64102564103
4038.46153846154
4034.8717948718
4031.79487179487
4035.38461538462
4044.61538461539
4041.53846153846
4032.30769230769
4032.30769230769
4034.8717948718
4029.74358974359
4029.23076923077
4035.89743589744
4043.58974358974
4047.17948717949
4044.61538461539
4046.66666666667
4048.71794871795
4043.07692307692
4045.12820512821
4056.92307692308
4059.48717948718
4052.82051282051
4043.58974358974
4035.38461538462
4035.89743589744
4044.10256410256
4047.69230769231
4038.46153846154
4028.71794871795
4027.69230769231
4028.71794871795
4028.20512820513
4036.92307692308
4047.17948717949
4043.58974358974
4040.51282051282
4045.12820512821
4043.07692307692
4036.41025641026
4045.12820512821
4060.51282051282
4058.46153846154
4051.79487179487
4046.15384615385
4034.35897435898
4035.89743589744
4050.76923076923
4052.82051282051
4048.71794871795
4049.74358974359
4046.66666666667
4046.15384615385
4047.69230769231
4043.58974358974
4042.5641025641
4039.48717948718
4025.64102564103
4017.4358974359
4024.10256410256
4026.66666666667
4020.51282051282
4016.92307692308
4014.35897435898
4009.23076923077
4014.8717948718
4024.61538461539
4014.35897435898
4004.10256410256
4014.8717948718
4030.25641025641
4031.28205128205
4026.66666666667
4029.23076923077
4033.33333333333
4029.74358974359
4022.5641025641
4025.64102564103
4035.38461538462
4034.8717948718
4030.25641025641
4029.74358974359
4032.82051282051
4033.84615384615
4031.79487179487
4031.79487179487
4028.71794871795
4025.64102564103
4020.51282051282
4010.76923076923
4001.53846153846
4003.58974358974
4016.92307692308
4028.71794871795
4033.33333333333
4027.17948717949
4020
4026.15384615385
4030.76923076923
4028.20512820513
4031.79487179487
4036.41025641026
4033.84615384615
4028.71794871795
4028.71794871795
4037.94871794872
4044.61538461539
4038.97435897436
4032.30769230769
4029.23076923077
4028.71794871795
4035.89743589744
4040
4030.25641025641
4026.66666666667
4032.82051282051
4037.94871794872
4037.94871794872
4028.71794871795
4020
4027.69230769231
4040.51282051282
4049.23076923077
4053.84615384615
4047.17948717949
4030.76923076923
4033.84615384615
4053.33333333333
4058.46153846154
4055.38461538462
4061.02564102564
4063.58974358974
4054.8717948718
4047.17948717949
4052.30769230769
4060
4062.05128205128
4057.94871794872
4059.48717948718
4068.71794871795
4070.76923076923
4063.07692307692
4054.8717948718
4048.71794871795
4045.64102564103
4047.69230769231
4051.79487179487
4052.82051282051
4048.20512820513
4042.5641025641
4048.20512820513
4057.94871794872
4049.74358974359
4036.92307692308
4032.82051282051
4031.28205128205
4031.28205128205
4037.4358974359
4045.12820512821
4041.02564102564
4033.84615384615
4038.97435897436
4044.10256410256
4036.92307692308
4031.79487179487
4035.89743589744
4037.94871794872
4036.41025641026
4043.58974358974
4054.8717948718
4049.74358974359
4037.4358974359
4036.41025641026
4039.48717948718
4038.46153846154
4045.12820512821
4053.84615384615
4048.71794871795
4037.4358974359
4036.92307692308
4043.58974358974
4043.07692307692
4045.12820512821
4049.74358974359
4045.64102564103
4048.20512820513
4060.51282051282
4063.07692307692
4064.10256410256
4067.69230769231
4055.38461538462
4044.10256410256
4047.17948717949
4049.23076923077
4050.25641025641
4050.25641025641
4053.84615384615
4068.71794871795
4070.25641025641
4052.82051282051
4048.71794871795
4051.28205128205
4042.5641025641
4043.07692307692
4045.64102564103
4042.05128205128
4051.28205128205
4062.5641025641
4058.46153846154
4061.02564102564
4069.74358974359
4065.64102564103
4061.02564102564
4066.66666666667
4065.64102564103
4060.51282051282
4055.89743589744
4044.61538461539
4046.15384615385
4065.64102564103
4069.74358974359
4055.38461538462
4046.66666666667
4048.71794871795
4049.23076923077
4043.07692307692
4039.48717948718
4048.71794871795
4063.07692307692
4075.38461538462
4086.66666666667
4088.71794871795
4091.79487179487
4105.64102564103
4108.71794871795
4108.20512820513
4122.5641025641
4124.61538461538
4106.15384615385
4109.23076923077
4125.64102564103
4112.30769230769
4089.23076923077
4090.25641025641
4086.66666666667
4058.97435897436
4049.74358974359
4057.94871794872
4051.79487179487
4053.84615384615
4063.07692307692
4049.23076923077
4047.69230769231
4073.33333333333
4083.58974358974
4073.84615384615
4064.61538461539
4059.48717948718
4061.53846153846
4061.53846153846
4056.41025641026
4057.94871794872
4055.38461538462
4047.69230769231
4051.28205128205
4051.79487179487
4042.05128205128
4043.58974358974
4051.79487179487
4048.20512820513
4048.71794871795
4060
4062.5641025641
4061.53846153846
4067.17948717949
4067.17948717949
4062.5641025641
4068.71794871795
4072.82051282051
4062.5641025641
4055.89743589744
4058.46153846154
4059.48717948718
4058.97435897436
4063.07692307692
4072.30769230769
4075.89743589744
4064.10256410256
4057.4358974359
4070.76923076923
4074.35897435898
4066.66666666667
4067.17948717949
4063.58974358974
4058.97435897436
4060
4054.8717948718
4055.38461538462
4066.66666666667
4061.53846153846
4054.8717948718
4064.10256410256
4062.5641025641
4051.79487179487
4048.71794871795
4046.15384615385
4045.12820512821
4050.25641025641
4056.41025641026
4053.33333333333
4045.64102564103
4043.58974358974
4046.15384615385
4043.58974358974
4039.48717948718
4042.05128205128
4045.64102564103
4045.12820512821
4041.53846153846
4050.76923076923
4065.12820512821
4060
4058.46153846154
4069.74358974359
4065.64102564103
4061.02564102564
4069.74358974359
4066.66666666667
4057.94871794872
4059.48717948718
4054.35897435898
4048.20512820513
4055.89743589744
4054.8717948718
4045.12820512821
4041.02564102564
4039.48717948718
4033.84615384615
4032.82051282051
4040
4041.53846153846
4031.79487179487
4024.61538461539
4033.33333333333
4048.20512820513
4052.82051282051
4045.12820512821
4045.64102564103
4052.82051282051
4042.05128205128
4035.89743589744
4046.66666666667
4044.10256410256
4030.76923076923
4033.33333333333
4041.53846153846
4040
4044.61538461539
4053.33333333333
4047.17948717949
4032.30769230769
4024.61538461539
4026.15384615385
4028.20512820513
4025.12820512821
4022.05128205128
4023.58974358974
4026.15384615385
4018.97435897436
4018.97435897436
4032.30769230769
4037.4358974359
4030.25641025641
4026.66666666667
4036.92307692308
4041.02564102564
4021.02564102564
4007.69230769231
4021.02564102564
4032.82051282051
4030.25641025641
4033.84615384615
4037.4358974359
4031.79487179487
4038.46153846154
4046.66666666667
4043.58974358974
4046.15384615385
4046.15384615385
4034.35897435898
4028.71794871795
4039.48717948718
4045.64102564103
4038.97435897436
4031.79487179487
4033.84615384615
4040
4046.66666666667
4054.8717948718
4047.69230769231
4035.38461538462
4041.53846153846
4053.84615384615
4056.41025641026
4061.53846153846
4055.38461538462
4034.8717948718
4033.33333333333
4053.33333333333
4054.8717948718
4036.92307692308
4033.84615384615
4048.20512820513
4058.46153846154
4055.89743589744
4048.71794871795
4046.15384615385
4046.15384615385
4046.15384615385
4047.69230769231
4055.38461538462
4052.82051282051
4040.51282051282
4036.92307692308
4045.64102564103
4054.35897435898
4055.38461538462
4049.74358974359
4044.10256410256
4049.74358974359
4055.38461538462
4049.74358974359
4048.71794871795
4058.97435897436
4064.10256410256
4059.48717948718
4060
4057.94871794872
4053.33333333333
4052.30769230769
4042.05128205128
4031.28205128205
4041.02564102564
4053.84615384615
4051.79487179487
4049.23076923077
4051.79487179487
4051.79487179487
4051.28205128205
4047.17948717949
4053.84615384615
4073.84615384615
4078.46153846154
4075.89743589744
4089.23076923077
4093.84615384615
4084.10256410256
4093.33333333333
4107.69230769231
4095.38461538462
4078.46153846154
4078.97435897436
4072.82051282051
4056.41025641026
4049.74358974359
4051.28205128205
4055.89743589744
4060.51282051282
4056.92307692308
4044.10256410256
4038.97435897436
4042.05128205128
4039.48717948718
4041.02564102564
4045.12820512821
4045.64102564103
4051.79487179487
4059.48717948718
4056.92307692308
4038.46153846154
4024.10256410256
4032.30769230769
4045.12820512821
4042.05128205128
4032.82051282051
4038.97435897436
4045.64102564103
4044.10256410256
4043.58974358974
4040.51282051282
4030.76923076923
4032.82051282051
4055.38461538462
4060.51282051282
4044.10256410256
4041.02564102564
4048.20512820513
4042.5641025641
4038.97435897436
4050.76923076923
4061.02564102564
4062.05128205128
4061.02564102564
4064.10256410256
4059.48717948718
4045.12820512821
4041.02564102564
4048.71794871795
4052.30769230769
4053.33333333333
4051.79487179487
4045.64102564103
4048.71794871795
4053.84615384615
4044.61538461539
4040.51282051282
4046.15384615385
4042.5641025641
4035.89743589744
4043.58974358974
4060.51282051282
4061.02564102564
4042.05128205128
4038.46153846154
4051.79487179487
4055.38461538462
4055.38461538462
4056.92307692308
4051.79487179487
4050.25641025641
4050.25641025641
4043.58974358974
4043.58974358974
4040.51282051282
4030.25641025641
4035.89743589744
4041.02564102564
4033.84615384615
4037.4358974359
4047.69230769231
4045.64102564103
4042.5641025641
4044.61538461539
4043.07692307692
4044.10256410256
4052.82051282051
4051.28205128205
4034.8717948718
4031.28205128205
4054.8717948718
4068.20512820513
4047.69230769231
4035.38461538462
4043.07692307692
4041.02564102564
4035.38461538462
4044.61538461539
4047.69230769231
4035.38461538462
4032.82051282051
4040
4047.69230769231
4046.66666666667
4029.23076923077
4016.41025641026
4025.12820512821
4042.5641025641
4050.25641025641
4047.17948717949
4040.51282051282
4033.84615384615
4029.74358974359
4030.76923076923
4044.10256410256
4052.82051282051
4042.5641025641
4037.4358974359
4051.28205128205
4050.76923076923
4024.61538461539
4017.94871794872
4041.02564102564
4052.30769230769
4036.92307692308
4027.17948717949
4037.4358974359
4043.07692307692
4034.35897435898
4028.71794871795
4027.69230769231
4022.05128205128
4024.10256410256
4038.46153846154
4044.61538461539
4044.10256410256
4043.07692307692
4041.02564102564
4040
4045.12820512821
4057.4358974359
4067.17948717949
4066.15384615385
4069.23076923077
4087.69230769231
4093.33333333333
4075.38461538462
4072.82051282051
4086.66666666667
4084.61538461539
4081.53846153846
4098.97435897436
4109.74358974359
4101.02564102564
4098.97435897436
4096.41025641026
4073.84615384615
4057.4358974359
4066.66666666667
4070.76923076923
4058.97435897436
4056.41025641026
4058.46153846154
4051.28205128205
4046.66666666667
4049.74358974359
4048.71794871795
4038.46153846154
4036.41025641026
4051.28205128205
4062.05128205128
4056.92307692308
4053.33333333333
4046.66666666667
4029.74358974359
4034.8717948718
4054.8717948718
4056.92307692308
4050.76923076923
4046.66666666667
4041.02564102564
4041.53846153846
4049.74358974359
4051.28205128205
4052.82051282051
4059.48717948718
4055.89743589744
4044.10256410256
4043.07692307692
4058.97435897436
4064.61538461539
4052.30769230769
4043.58974358974
4043.07692307692
4041.53846153846
4049.74358974359
4065.64102564103
4067.69230769231
4060
4052.30769230769
4051.79487179487
4060.51282051282
4061.02564102564
4044.61538461539
4035.38461538462
4042.5641025641
4049.23076923077
4050.25641025641
4045.12820512821
4038.46153846154
4034.35897435898
4036.41025641026
4049.23076923077
4063.07692307692
4059.48717948718
4040
4033.33333333333
4056.41025641026
4074.8717948718
4063.07692307692
4046.15384615385
4043.58974358974
4050.76923076923
4056.41025641026
4059.48717948718
4061.53846153846
4057.4358974359
4048.20512820513
4051.28205128205
4056.92307692308
4044.10256410256
4037.4358974359
4044.10256410256
4044.61538461539
4041.53846153846
4044.10256410256
4046.66666666667
4050.25641025641
4052.30769230769
4051.79487179487
4051.79487179487
4050.76923076923
4058.46153846154
4066.66666666667
4052.30769230769
4039.48717948718
4054.8717948718
4058.97435897436
4043.07692307692
4051.79487179487
4065.64102564103
4054.8717948718
4051.28205128205
4062.05128205128
4064.10256410256
4056.41025641026
4044.10256410256
4037.4358974359
4045.64102564103
4053.84615384615
4048.20512820513
4044.10256410256
4053.33333333333
4061.02564102564
4053.33333333333
4044.10256410256
4049.23076923077
4050.76923076923
4040.51282051282
4040.51282051282
4050.25641025641
4051.79487179487
4050.25641025641
4058.97435897436
4060.51282051282
4051.28205128205
4050.76923076923
4051.79487179487
4045.12820512821
4051.28205128205
4066.15384615385
4068.71794871795
4068.20512820513
4069.74358974359
4062.5641025641
4058.46153846154
4067.69230769231
4065.64102564103
4052.30769230769
4048.20512820513
4051.28205128205
4056.41025641026
4060
4054.8717948718
4049.23076923077
4048.71794871795
4039.48717948718
4029.74358974359
4036.41025641026
4040.51282051282
4036.92307692308
4044.10256410256
4058.97435897436
4061.53846153846
4051.79487179487
4050.76923076923
4055.89743589744
4053.84615384615
4056.92307692308
4068.71794871795
4067.17948717949
4058.46153846154
4058.97435897436
4062.05128205128
4061.53846153846
4057.94871794872
4050.76923076923
4047.17948717949
4055.89743589744
4067.17948717949
4067.17948717949
4061.53846153846
4061.53846153846
4065.12820512821
4067.17948717949
4070.25641025641
4060
4037.4358974359
4034.8717948718
4041.53846153846
4038.46153846154
4043.58974358974
4060
4058.97435897436
4041.02564102564
4041.02564102564
4056.92307692308
4057.4358974359
4047.17948717949
4052.30769230769
4064.10256410256
4059.48717948718
4060.51282051282
4068.71794871795
4061.02564102564
4055.38461538462
4057.4358974359
4054.8717948718
4054.35897435898
4057.4358974359
4045.64102564103
4039.48717948718
4052.82051282051
4053.84615384615
4049.23076923077
4067.69230769231
4078.97435897436
4068.20512820513
4061.53846153846
4058.46153846154
4044.10256410256
4041.02564102564
4056.41025641026
4058.97435897436
4048.71794871795
4052.82051282051
4064.10256410256
4062.5641025641
4053.33333333333
4058.46153846154
4077.4358974359
4091.28205128205
4092.30769230769
4090.76923076923
4095.38461538462
4101.02564102564
4106.15384615385
4102.05128205128
4091.28205128205
4093.33333333333
4101.53846153846
4094.8717948718
4080
4073.84615384615
4073.84615384615
4074.8717948718
4074.8717948718
4069.23076923077
4064.10256410256
4069.23076923077
4065.64102564103
4050.25641025641
4052.30769230769
4058.46153846154
4044.61538461539
4034.8717948718
4044.61538461539
4044.61538461539
4035.89743589744
4032.30769230769
4030.76923076923
4034.35897435898
4037.94871794872
4030.76923076923
4024.61538461539
4028.20512820513
4028.20512820513
4025.12820512821
4030.25641025641
4038.46153846154
4039.48717948718
4030.25641025641
4025.12820512821
4034.35897435898
4040
4026.66666666667
4018.97435897436
4032.82051282051
4037.94871794872
4029.74358974359
4029.23076923077
4028.20512820513
4024.61538461539
4031.28205128205
4036.41025641026
4035.89743589744
4036.41025641026
4026.66666666667
4015.89743589744
4021.02564102564
4028.71794871795
4032.82051282051
4032.82051282051
4025.12820512821
4017.4358974359
4019.48717948718
4020
4012.30769230769
4005.12820512821
4005.12820512821
4013.84615384615
4022.05128205128
4028.71794871795
4040.51282051282
4040.51282051282
4022.5641025641
4016.92307692308
4030.76923076923
4032.30769230769
4025.64102564103
4034.35897435898
4031.79487179487
4015.38461538462
4018.97435897436
4029.74358974359
4021.02564102564
4016.41025641026
4029.23076923077
4032.30769230769
4027.17948717949
4031.28205128205
4032.30769230769
4026.15384615385
4018.97435897436
4018.46153846154
4026.66666666667
4028.71794871795
4019.48717948718
4015.89743589744
4024.10256410256
4031.79487179487
4029.74358974359
4029.23076923077
4029.74358974359
4025.12820512821
4022.5641025641
4028.71794871795
4026.15384615385
4022.5641025641
4037.94871794872
4048.71794871795
4040.51282051282
4032.82051282051
4037.4358974359
4047.17948717949
4045.12820512821
4039.48717948718
4042.5641025641
4041.53846153846
4037.4358974359
4044.61538461539
4046.66666666667
4035.38461538462
4035.38461538462
4052.30769230769
4057.94871794872
4047.69230769231
4041.53846153846
4041.53846153846
4043.58974358974
4053.33333333333
4057.94871794872
4048.71794871795
4052.82051282051
4060
4044.61538461539
4031.28205128205
4035.89743589744
4043.58974358974
4051.28205128205
4050.25641025641
4035.38461538462
4030.76923076923
4039.48717948718
4038.97435897436
4031.28205128205
4035.89743589744
4045.64102564103
4047.69230769231
4048.71794871795
4055.38461538462
4058.97435897436
4059.48717948718
4059.48717948718
4059.48717948718
4065.64102564103
4077.94871794872
4089.74358974359
4092.82051282051
4085.64102564103
4084.10256410256
4092.82051282051
4094.35897435898
4090.25641025641
4092.82051282051
4080.51282051282
4050.25641025641
4042.05128205128
4067.69230769231
4080
4059.48717948718
4046.66666666667
4051.28205128205
4049.23076923077
4044.10256410256
4043.58974358974
4045.12820512821
4047.17948717949
4042.5641025641
4035.38461538462
4039.48717948718
4043.07692307692
4034.35897435898
4023.07692307692
4017.4358974359
4020.51282051282
4034.8717948718
4044.61538461539
4040
4031.79487179487
4017.94871794872
4011.28205128205
4031.28205128205
4046.66666666667
4035.89743589744
4030.76923076923
4037.4358974359
4035.89743589744
4040.51282051282
4049.74358974359
4041.02564102564
4034.8717948718
4050.76923076923
4057.4358974359
4038.97435897436
4034.35897435898
4045.12820512821
4043.07692307692
4039.48717948718
4040.51282051282
4029.23076923077
4025.64102564103
4036.92307692308
4037.94871794872
4036.92307692308
4037.94871794872
4037.94871794872
4042.05128205128
4042.05128205128
4033.84615384615
4042.5641025641
4055.38461538462
4052.30769230769
4054.8717948718
4054.35897435898
4037.94871794872
4040
4061.53846153846
4061.53846153846
4048.71794871795
4051.79487179487
4055.89743589744
4049.74358974359
4042.05128205128
4044.10256410256
4046.15384615385
4034.8717948718
4034.35897435898
4052.30769230769
4055.89743589744
4051.79487179487
4053.33333333333
4041.53846153846
4030.76923076923
4040.51282051282
4050.25641025641
4042.5641025641
4040
4056.92307692308
4066.15384615385
