O2
3952.30769230769
3951.79487179487
3960.51282051282
3969.23076923077
3965.64102564103
3953.84615384615
3957.94871794872
3973.33333333333
3977.94871794872
3966.15384615385
3951.79487179487
3956.92307692308
3973.84615384615
3972.82051282051
3954.35897435898
3951.79487179487
3972.82051282051
3978.97435897436
3965.64102564103
3965.64102564103
3976.41025641026
3973.84615384615
3970.25641025641
3971.28205128205
3969.74358974359
3970.25641025641
3968.20512820513
3957.4358974359
3958.46153846154
3974.35897435898
3976.41025641026
3963.07692307692
3955.89743589744
3958.97435897436
3961.02564102564
3961.02564102564
3960
3955.89743589744
3953.33333333333
3958.46153846154
3960
3950.76923076923
3939.48717948718
3936.92307692308
3945.12820512821
3955.89743589744
3960.51282051282
3956.41025641026
3952.82051282051
3960.51282051282
3959.48717948718
3940.51282051282
3937.94871794872
3956.41025641026
3964.10256410256
3957.94871794872
3950.25641025641
3949.23076923077
3958.97435897436
3962.5641025641
3957.4358974359
3958.46153846154
3958.46153846154
3956.92307692308
3955.89743589744
3943.58974358974
3942.5641025641
3958.46153846154
3961.02564102564
3952.30769230769
3949.23076923077
3946.66666666667
3938.97435897436
3944.61538461539
3954.35897435898
3949.23076923077
3946.66666666667
3956.41025641026
3962.05128205128
3958.46153846154
3956.41025641026
3957.4358974359
3958.46153846154
3956.92307692308
3953.84615384615
3956.41025641026
3952.82051282051
3948.20512820513
3956.41025641026
3962.5641025641
3957.4358974359
3958.46153846154
3961.53846153846
3949.74358974359
3940.51282051282
3949.74358974359
3961.53846153846
3956.92307692308
3949.23076923077
3952.30769230769
3959.48717948718
3961.02564102564
3954.35897435898
3957.94871794872
3972.30769230769
3969.74358974359
3956.92307692308
3957.4358974359
3960
3961.02564102564
3970.76923076923
3975.89743589744
3973.84615384615
3968.20512820513
3957.4358974359
3951.28205128205
3958.97435897436
3972.82051282051
3975.89743589744
3973.33333333333
3971.28205128205
3965.12820512821
3958.46153846154
3965.12820512821
3968.20512820513
3957.4358974359
3952.82051282051
3957.4358974359
3959.48717948718
3956.41025641026
3953.84615384615
3956.92307692308
3960
3957.4358974359
3954.35897435898
3955.38461538462
3958.97435897436
3961.02564102564
3957.4358974359
3956.41025641026
3968.71794871795
3973.84615384615
3965.64102564103
3974.35897435898
3981.02564102564
3966.15384615385
3955.89743589744
3961.02564102564
3966.15384615385
3971.79487179487
3974.35897435898
3971.79487179487
3969.74358974359
3968.20512820513
3973.33333333333
3973.33333333333
3963.58974358974
3968.20512820513
3985.64102564103
3990.25641025641
3989.74358974359
3997.94871794872
4006.15384615385
4011.79487179487
4015.38461538462
4012.82051282051
4011.79487179487
4022.5641025641
4032.30769230769
4025.12820512821
4012.82051282051
4005.64102564103
3998.97435897436
3996.92307692308
3993.84615384615
3980
3970.25641025641
3974.8717948718
3975.38461538462
3974.35897435898
3973.84615384615
3965.64102564103
3956.41025641026
3956.92307692308
3956.41025641026
3955.38461538462
3956.92307692308
3951.79487179487
3942.5641025641
3938.97435897436
3948.20512820513
3959.48717948718
3960
3963.58974358974
3973.33333333333
3970.25641025641
3953.84615384615
3952.30769230769
3954.8717948718
3944.61538461539
3946.15384615385
3961.02564102564
3963.58974358974
3955.89743589744
3958.97435897436
3958.46153846154
3944.10256410256
3945.12820512821
3956.41025641026
3954.35897435898
3950.25641025641
3959.48717948718
3960.51282051282
3953.33333333333
3958.46153846154
3961.53846153846
3956.41025641026
3957.4358974359
3960.51282051282
3960.51282051282
3961.53846153846
3962.05128205128
3959.48717948718
3953.33333333333
3954.8717948718
3969.23076923077
3980
3971.79487179487
3961.02564102564
3958.97435897436
3955.38461538462
3960.51282051282
3972.82051282051
3973.84615384615
3971.28205128205
3978.97435897436
3974.8717948718
3961.02564102564
3971.28205128205
3986.66666666667
3980.51282051282
3971.28205128205
3975.89743589744
3975.38461538462
3961.02564102564
3952.82051282051
3963.58974358974
3971.79487179487
3964.61538461539
3954.35897435898
3957.4358974359
3960.51282051282
3949.23076923077
3941.53846153846
3951.28205128205
3960
3957.4358974359
3953.33333333333
3957.4358974359
3960
3958.97435897436
3964.10256410256
3974.8717948718
3976.41025641026
3969.23076923077
3962.5641025641
3954.8717948718
3961.02564102564
3980
3982.05128205128
3971.28205128205
3973.33333333333
3978.97435897436
3974.8717948718
3974.35897435898
3974.8717948718
3964.61538461539
3956.92307692308
3957.94871794872
3956.92307692308
3954.35897435898
3957.94871794872
3961.53846153846
3957.94871794872
3954.35897435898
3956.41025641026
3960
3957.4358974359
3953.84615384615
3959.48717948718
3965.12820512821
3967.69230769231
3971.79487179487
3970.25641025641
3960
3955.89743589744
3967.17948717949
3976.92307692308
3970.25641025641
3966.66666666667
3972.30769230769
3966.66666666667
3958.46153846154
3961.02564102564
3961.53846153846
3965.64102564103
3976.41025641026
3970.76923076923
3954.8717948718
3956.41025641026
3962.5641025641
3956.92307692308
3948.71794871795
3954.35897435898
3970.76923076923
3974.8717948718
3961.53846153846
3960
3972.30769230769
3974.8717948718
3970.76923076923
3972.82051282051
3976.41025641026
3974.8717948718
3967.69230769231
3964.61538461539
3971.28205128205
3975.38461538462
3970.25641025641
3969.74358974359
3974.8717948718
3973.84615384615
3968.20512820513
3971.79487179487
3983.07692307692
3981.53846153846
3969.23076923077
3966.66666666667
3975.38461538462
3978.97435897436
3972.30769230769
3972.82051282051
3985.12820512821
3988.20512820513
3978.97435897436
3973.33333333333
3971.79487179487
3972.30769230769
3983.07692307692
3993.84615384615
3990.76923076923
3986.66666666667
3992.30769230769
3990.25641025641
3981.53846153846
3987.69230769231
3995.89743589744
3988.71794871795
3986.66666666667
3998.97435897436
4000
3989.74358974359
3986.15384615385
3986.66666666667
3981.53846153846
3976.41025641026
3985.12820512821
3989.23076923077
3974.8717948718
3972.30769230769
3983.07692307692
3982.5641025641
3977.94871794872
3978.97435897436
3974.8717948718
3966.66666666667
3966.66666666667
3973.33333333333
3975.89743589744
3977.94871794872
3980.51282051282
3980
3974.8717948718
3971.79487179487
3974.8717948718
3984.61538461539
3990.25641025641
3984.61538461539
3980
3989.23076923077
3997.94871794872
3992.30769230769
3981.53846153846
3979.48717948718
3983.07692307692
3986.66666666667
3989.74358974359
3991.28205128205
3991.28205128205
3990.25641025641
3989.23076923077
3989.23076923077
3987.17948717949
3992.82051282051
3999.48717948718
3992.30769230769
3989.74358974359
4000.51282051282
4004.10256410256
3997.94871794872
3993.84615384615
3989.23076923077
3988.20512820513
3991.28205128205
3986.15384615385
3984.61538461539
3990.76923076923
3992.82051282051
3994.35897435898
3996.92307692308
3994.8717948718
3988.71794871795
3981.02564102564
3970.25641025641
3973.84615384615
3988.20512820513
3985.12820512821
3975.89743589744
3981.53846153846
3989.23076923077
3991.79487179487
3996.92307692308
3996.92307692308
3989.23076923077
3989.23076923077
3990.25641025641
3989.74358974359
3986.15384615385
3980
3982.5641025641
3989.23076923077
3984.61538461539
3982.05128205128
3987.69230769231
3981.53846153846
3969.74358974359
3972.82051282051
3983.07692307692
3989.23076923077
3995.38461538462
4010.76923076923
4023.58974358974
4021.02564102564
4021.02564102564
4037.4358974359
4045.64102564103
4043.07692307692
4046.15384615385
4045.12820512821
4036.92307692308
4043.58974358974
4051.79487179487
4037.94871794872
4020.51282051282
4020.51282051282
4014.8717948718
3993.84615384615
3986.15384615385
3992.30769230769
3984.10256410256
3981.53846153846
3990.76923076923
3982.5641025641
3975.89743589744
3993.33333333333
4002.5641025641
3996.41025641026
3994.8717948718
3989.23076923077
3981.02564102564
3986.66666666667
3992.30769230769
3991.28205128205
3985.64102564103
3981.53846153846
3984.61538461539
3988.20512820513
3984.61538461539
3984.61538461539
3991.79487179487
3989.23076923077
3985.12820512821
3997.94871794872
4006.66666666667
3994.8717948718
3989.74358974359
4002.05128205128
4000.51282051282
3992.30769230769
3995.89743589744
3996.41025641026
3989.74358974359
3987.17948717949
3986.15384615385
3983.58974358974
3989.74358974359
4003.58974358974
4006.15384615385
3996.41025641026
3990.25641025641
3992.82051282051
3990.76923076923
3986.15384615385
3985.64102564103
3987.17948717949
3992.30769230769
3988.20512820513
3970.76923076923
3971.28205128205
3991.28205128205
3997.4358974359
3987.69230769231
3979.48717948718
3973.84615384615
3973.33333333333
3976.92307692308
3976.41025641026
3971.28205128205
3973.33333333333
3981.02564102564
3982.05128205128
3974.8717948718
3975.38461538462
3980
3984.61538461539
3987.69230769231
3977.4358974359
3971.28205128205
3982.5641025641
3993.84615384615
3999.48717948718
3996.41025641026
3986.66666666667
3996.41025641026
4007.69230769231
3993.33333333333
3994.35897435898
4014.8717948718
4006.66666666667
3988.20512820513
3986.15384615385
3984.10256410256
3985.12820512821
3994.8717948718
3990.76923076923
3977.4358974359
3982.05128205128
3990.76923076923
3980
3968.20512820513
3971.28205128205
3972.82051282051
3973.33333333333
3983.07692307692
3988.71794871795
3991.28205128205
3989.74358974359
3977.4358974359
3976.92307692308
3983.07692307692
3976.92307692308
3977.94871794872
3990.76923076923
3983.07692307692
3971.28205128205
3987.17948717949
4002.5641025641
3992.30769230769
3980.51282051282
3987.17948717949
3993.33333333333
3987.17948717949
3979.48717948718
3971.28205128205
3966.15384615385
3971.79487179487
3976.41025641026
3975.38461538462
3976.41025641026
3974.8717948718
3973.33333333333
3983.58974358974
3987.17948717949
3971.28205128205
3973.84615384615
3995.89743589744
3999.48717948718
3983.58974358974
3974.35897435898
3971.79487179487
3973.84615384615
3988.20512820513
4003.07692307692
3990.76923076923
3971.79487179487
3985.12820512821
4002.5641025641
3995.38461538462
3992.30769230769
3994.35897435898
3977.4358974359
3968.20512820513
3983.07692307692
3992.82051282051
3984.61538461539
3968.20512820513
3971.28205128205
3989.23076923077
3995.38461538462
3990.25641025641
3991.28205128205
3990.25641025641
3982.5641025641
3983.07692307692
3996.92307692308
4006.66666666667
3999.48717948718
3984.61538461539
3988.20512820513
3999.48717948718
3995.89743589744
3987.17948717949
3985.64102564103
3990.76923076923
3993.33333333333
3990.76923076923
3990.76923076923
3989.23076923077
3985.64102564103
3992.30769230769
4000.51282051282
4000.51282051282
4002.5641025641
4003.58974358974
3992.30769230769
3982.05128205128
3985.12820512821
3997.4358974359
3999.48717948718
3987.69230769231
3989.74358974359
3998.46153846154
3992.30769230769
3986.66666666667
3990.76923076923
3992.82051282051
4000
4005.12820512821
3994.35897435898
3984.10256410256
3986.66666666667
3988.20512820513
3986.66666666667
3987.69230769231
3992.82051282051
3995.89743589744
3990.76923076923
3990.25641025641
4001.53846153846
4006.66666666667
4001.53846153846
4009.74358974359
4023.58974358974
4019.48717948718
4019.48717948718
4036.41025641026
4047.69230769231
4045.12820512821
4043.58974358974
4050.25641025641
4052.30769230769
4043.07692307692
4028.71794871795
4020.51282051282
4015.89743589744
4007.17948717949
4000
4004.10256410256
4009.23076923077
4003.58974358974
3999.48717948718
3998.46153846154
3989.23076923077
3981.53846153846
3983.58974358974
3986.15384615385
3991.28205128205
4002.05128205128
3993.84615384615
3974.8717948718
3975.89743589744
3982.05128205128
3972.30769230769
3974.35897435898
3989.74358974359
3982.5641025641
3974.8717948718
3987.17948717949
3993.84615384615
3989.74358974359
3987.17948717949
3984.10256410256
3984.61538461539
3994.35897435898
3996.92307692308
3992.30769230769
3984.61538461539
3980.51282051282
3985.12820512821
3989.74358974359
3992.82051282051
3996.92307692308
3997.94871794872
3995.38461538462
3997.94871794872
3995.38461538462
3976.92307692308
3969.74358974359
3984.61538461539
3992.82051282051
3988.20512820513
3991.28205128205
3991.79487179487
3983.58974358974
3983.58974358974
3986.66666666667
3990.76923076923
3991.28205128205
3978.97435897436
3975.89743589744
3992.30769230769
4003.07692307692
3996.41025641026
3984.61538461539
3984.61538461539
3995.89743589744
3997.4358974359
3987.69230769231
3988.71794871795
3997.94871794872
3999.48717948718
3992.30769230769
3988.71794871795
3995.38461538462
3993.84615384615
3986.15384615385
3990.76923076923
3985.64102564103
3974.8717948718
3986.66666666667
4003.07692307692
4000.51282051282
3991.79487179487
3990.76923076923
3988.20512820513
3985.64102564103
3993.84615384615
3993.84615384615
3976.92307692308
3978.97435897436
4003.07692307692
4009.74358974359
4002.05128205128
3995.38461538462
3987.69230769231
3985.12820512821
3986.66666666667
3991.79487179487
3995.38461538462
3992.82051282051
3989.74358974359
3987.17948717949
3985.64102564103
3990.25641025641
3986.15384615385
3974.8717948718
3981.53846153846
3994.35897435898
3990.25641025641
3988.71794871795
3990.25641025641
3982.5641025641
3979.48717948718
3991.28205128205
4006.15384615385
4005.64102564103
3993.33333333333
3991.79487179487
3989.74358974359
3977.94871794872
3977.94871794872
3986.66666666667
3985.64102564103
3984.10256410256
3986.66666666667
3986.66666666667
3992.30769230769
3991.79487179487
3977.94871794872
3974.8717948718
3981.53846153846
3984.10256410256
3982.5641025641
3984.61538461539
3995.38461538462
4000.51282051282
3991.79487179487
3988.20512820513
4005.64102564103
4015.38461538462
4011.79487179487
4022.05128205128
4029.74358974359
4028.20512820513
4038.46153846154
4049.74358974359
4047.69230769231
4048.20512820513
4048.71794871795
4041.02564102564
4043.58974358974
4055.38461538462
4062.05128205128
4067.69230769231
4071.28205128205
4063.07692307692
4045.64102564103
4031.28205128205
4023.58974358974
4013.33333333333
4005.64102564103
4007.69230769231
4013.33333333333
4005.12820512821
3992.30769230769
3995.38461538462
4009.23076923077
4009.23076923077
3992.30769230769
3995.89743589744
4017.94871794872
4012.82051282051
3991.79487179487
3991.28205128205
3998.97435897436
3996.92307692308
3998.46153846154
3996.41025641026
3990.25641025641
3988.71794871795
3981.53846153846
3974.8717948718
3992.30769230769
4007.17948717949
3995.38461538462
3981.02564102564
3985.64102564103
3996.92307692308
3998.46153846154
3994.35897435898
3998.97435897436
4005.64102564103
3994.8717948718
3985.64102564103
3997.4358974359
4008.71794871795
4003.58974358974
4001.02564102564
4009.23076923077
4004.61538461539
3992.82051282051
3995.89743589744
3997.4358974359
3985.64102564103
3989.74358974359
3996.92307692308
3990.76923076923
3996.92307692308
4003.58974358974
3991.79487179487
3984.10256410256
3990.76923076923
3998.97435897436
4001.02564102564
3990.76923076923
3983.07692307692
3990.25641025641
4000.51282051282
4005.64102564103
4000
3987.17948717949
3981.53846153846
3988.71794871795
4001.53846153846
4009.23076923077
4000.51282051282
3986.66666666667
3990.76923076923
3999.48717948718
3995.89743589744
3986.66666666667
3991.28205128205
3999.48717948718
3988.20512820513
3981.02564102564
3992.82051282051
3994.35897435898
3982.5641025641
3989.74358974359
4000.51282051282
3990.25641025641
3985.12820512821
4000.51282051282
4008.71794871795
3993.33333333333
3991.28205128205
4011.28205128205
4010.76923076923
3998.97435897436
4009.74358974359
4017.4358974359
4001.02564102564
3991.79487179487
4004.10256410256
4007.69230769231
3994.8717948718
3987.17948717949
3981.02564102564
3973.33333333333
3984.10256410256
3996.92307692308
3994.8717948718
4000
4010.25641025641
4006.15384615385
3996.92307692308
3989.74358974359
3989.23076923077
3995.89743589744
3990.25641025641
3987.69230769231
3998.97435897436
3995.38461538462
3981.53846153846
3991.79487179487
4001.53846153846
3979.48717948718
3970.25641025641
3992.30769230769
4003.58974358974
3990.25641025641
3982.5641025641
3990.76923076923
3994.35897435898
3980.51282051282
3972.82051282051
3988.71794871795
3993.33333333333
3975.89743589744
3969.23076923077
3976.41025641026
3981.53846153846
3980
3977.4358974359
3970.76923076923
3961.02564102564
3960.51282051282
3965.64102564103
3960.51282051282
3956.92307692308
3968.71794871795
3978.46153846154
3984.10256410256
3984.61538461539
3973.33333333333
3976.41025641026
3991.79487179487
3992.30769230769
3987.69230769231
3989.23076923077
3989.23076923077
3985.64102564103
3977.4358974359
3969.23076923077
3976.41025641026
3986.15384615385
3968.71794871795
3956.41025641026
3980
3997.94871794872
3989.74358974359
3986.66666666667
3991.28205128205
3992.30769230769
3997.94871794872
3993.84615384615
3975.38461538462
3970.76923076923
3975.89743589744
3971.79487179487
3971.28205128205
3987.17948717949
3994.35897435898
3976.92307692308
3967.17948717949
3983.07692307692
3994.8717948718
3981.53846153846
3978.97435897436
3989.23076923077
3981.02564102564
3975.89743589744
3993.84615384615
4005.64102564103
4002.05128205128
3997.4358974359
3989.74358974359
3987.69230769231
3988.71794871795
3978.97435897436
3976.41025641026
3989.74358974359
3999.48717948718
3992.30769230769
3982.05128205128
3993.84615384615
4011.28205128205
4004.10256410256
3986.66666666667
3984.61538461539
3987.17948717949
3989.23076923077
3989.74358974359
3984.10256410256
3986.15384615385
4000.51282051282
4001.02564102564
3987.69230769231
3988.71794871795
4006.66666666667
4016.41025641026
4020
4033.84615384615
4048.71794871795
4045.64102564103
4041.02564102564
4050.25641025641
4043.58974358974
4031.79487179487
4049.23076923077
4061.02564102564
4041.53846153846
4034.8717948718
4041.02564102564
4023.58974358974
4014.8717948718
4029.74358974359
4026.66666666667
4015.38461538462
4018.46153846154
4009.23076923077
3994.8717948718
4002.5641025641
4005.12820512821
3988.71794871795
3982.05128205128
3990.25641025641
3990.76923076923
3984.61538461539
3987.17948717949
3989.74358974359
3977.4358974359
3967.69230769231
3971.79487179487
3971.28205128205
3969.23076923077
3977.94871794872
3979.48717948718
3972.30769230769
3976.41025641026
3989.23076923077
3990.25641025641
3979.48717948718
3972.30769230769
3974.8717948718
3976.41025641026
3973.33333333333
3974.35897435898
3976.41025641026
3970.76923076923
3968.20512820513
3970.76923076923
3970.25641025641
3967.69230769231
3967.17948717949
3974.8717948718
3980.51282051282
3968.20512820513
3955.89743589744
3968.71794871795
3985.12820512821
3983.07692307692
3972.82051282051
3965.12820512821
3969.23076923077
3976.92307692308
3964.61538461539
3952.30769230769
3964.10256410256
3977.4358974359
3974.8717948718
3973.84615384615
3983.58974358974
3992.82051282051
3986.15384615385
3972.30769230769
3976.41025641026
3987.17948717949
3974.8717948718
3967.69230769231
3984.10256410256
3983.07692307692
3965.12820512821
3970.76923076923
3990.76923076923
3990.76923076923
3986.66666666667
3989.23076923077
3979.48717948718
3972.30769230769
3985.12820512821
3994.35897435898
3981.53846153846
3968.20512820513
3972.82051282051
3987.69230769231
3988.20512820513
3970.25641025641
3965.12820512821
3980.51282051282
3984.10256410256
3972.30769230769
3975.38461538462
3987.69230769231
3986.66666666667
3980
3976.41025641026
3968.71794871795
3972.30769230769
3990.25641025641
3992.30769230769
3982.5641025641
3986.66666666667
3990.76923076923
3991.79487179487
3996.92307692308
3991.79487179487
3983.07692307692
3987.17948717949
3990.25641025641
3992.82051282051
3993.84615384615
3978.46153846154
3975.38461538462
4002.05128205128
4012.30769230769
3992.82051282051
3984.10256410256
3993.84615384615
4000.51282051282
3994.8717948718
3986.66666666667
3984.61538461539
3989.23076923077
3991.28205128205
3985.12820512821
3984.61538461539
3989.74358974359
3984.61538461539
3977.4358974359
3988.71794871795
3990.76923076923
3975.38461538462
3981.02564102564
3990.76923076923
3975.89743589744
3972.30769230769
3994.35897435898
3998.97435897436
3986.66666666667
3989.74358974359
4001.53846153846
4004.61538461539
4003.58974358974
4006.66666666667
4014.35897435898
4022.5641025641
4027.17948717949
4032.30769230769
4035.38461538462
4033.84615384615
4042.05128205128
4057.94871794872
4053.84615384615
4030.25641025641
4022.05128205128
4018.46153846154
4011.28205128205
4020
4025.64102564103
4009.23076923077
3999.48717948718
4002.05128205128
3992.30769230769
3983.07692307692
3988.71794871795
3991.28205128205
3985.12820512821
3985.12820512821
3989.23076923077
3992.30769230769
3987.69230769231
3977.4358974359
3977.4358974359
3985.64102564103
3984.61538461539
3981.02564102564
3989.23076923077
3995.38461538462
3981.53846153846
3964.10256410256
3969.74358974359
3986.66666666667
3985.64102564103
3980
3988.71794871795
3992.30769230769
3983.58974358974
3990.76923076923
3997.4358974359
3977.94871794872
3972.30769230769
4004.61538461539
4013.33333333333
3980.51282051282
3973.84615384615
3997.94871794872
3995.38461538462
3980
3989.74358974359
3993.84615384615
3978.97435897436
3981.02564102564
3991.28205128205
3994.35897435898
3995.89743589744
3984.61538461539
3976.92307692308
3988.20512820513
3990.76923076923
3991.79487179487
4006.66666666667
4000.51282051282
3986.66666666667
3993.33333333333
3994.35897435898
3987.17948717949
3990.25641025641
3992.82051282051
3997.4358974359
4008.71794871795
4006.66666666667
3993.84615384615
3988.71794871795
3992.30769230769
3992.82051282051
3985.64102564103
3989.74358974359
4003.07692307692
4003.07692307692
4003.07692307692
4013.33333333333
4007.17948717949
3982.5641025641
3981.02564102564
3998.97435897436
3995.89743589744
3983.58974358974
3991.79487179487
4002.05128205128
