
4323.58974358974
4321.02564102564
4327.17948717949
4326.66666666667
4319.48717948718
4325.64102564103
4334.8717948718
4332.82051282051
4330.76923076923
4322.5641025641
4316.92307692308
4326.66666666667
4325.64102564103
4308.71794871795
4311.79487179487
4329.74358974359
4332.30769230769
4328.20512820513
4324.61538461538
4318.46153846154
4327.17948717949
4338.46153846154
4331.79487179487
4328.20512820513
4335.89743589744
4336.41025641026
4327.17948717949
4315.89743589744
4310.25641025641
4319.48717948718
4330.76923076923
4325.64102564103
4316.41025641026
4320.51282051282
4331.28205128205
4339.48717948718
4337.4358974359
4334.35897435897
4341.53846153846
4351.79487179487
4345.64102564103
4326.15384615385
4321.53846153846
4332.30769230769
4336.92307692308
4330.25641025641
4327.17948717949
4337.94871794872
4342.5641025641
4334.35897435897
4325.12820512821
4324.61538461538
4330.76923076923
4336.92307692308
4338.97435897436
4337.4358974359
4333.84615384615
4337.4358974359
4342.05128205128
4334.8717948718
4328.71794871795
4335.89743589744
4341.53846153846
4341.53846153846
4338.97435897436
4326.66666666667
4322.05128205128
4327.17948717949
4326.15384615385
4328.71794871795
4338.97435897436
4331.79487179487
4312.82051282051
4317.94871794872
4338.46153846154
4337.94871794872
4324.61538461538
4322.5641025641
4329.23076923077
4334.8717948718
4333.33333333333
4327.17948717949
4324.61538461538
4318.46153846154
4318.46153846154
4330.25641025641
4330.76923076923
4322.05128205128
4323.58974358974
4329.74358974359
4332.30769230769
4327.69230769231
4315.38461538462
4309.23076923077
4314.8717948718
4317.4358974359
4318.97435897436
4323.58974358974
4327.17948717949
4326.66666666667
4321.02564102564
4320
4326.66666666667
4327.17948717949
4329.74358974359
4330.76923076923
4317.4358974359
4310.25641025641
4324.10256410256
4328.20512820513
4327.17948717949
4333.84615384615
4330.76923076923
4324.10256410256
4329.23076923077
4329.74358974359
4320.51282051282
4324.61538461538
4339.48717948718
4342.5641025641
4330.76923076923
4320
4325.64102564103
4333.84615384615
4331.28205128205
4324.10256410256
4320.51282051282
4324.10256410256
4333.84615384615
4333.84615384615
4326.15384615385
4333.84615384615
4343.07692307692
4332.30769230769
4321.02564102564
4328.71794871795
4340
4339.48717948718
4332.82051282051
4334.35897435897
4344.61538461538
4351.28205128205
4347.69230769231
4342.5641025641
4341.02564102564
4343.07692307692
4349.23076923077
4351.28205128205
4348.20512820513
4349.74358974359
4349.74358974359
4338.46153846154
4333.84615384615
4340.51282051282
4342.05128205128
4338.97435897436
4343.58974358974
4351.28205128205
4352.82051282051
4349.74358974359
4351.28205128205
4351.28205128205
4345.64102564103
4346.66666666667
4350.25641025641
4346.15384615385
4345.12820512821
4356.41025641026
4360
4350.76923076923
4348.71794871795
4351.28205128205
4353.33333333333
4349.23076923077
4345.12820512821
4347.17948717949
4346.15384615385
4343.07692307692
4342.5641025641
4338.46153846154
4332.82051282051
4334.8717948718
4334.35897435897
4328.71794871795
4333.33333333333
4335.38461538462
4328.20512820513
4321.53846153846
4322.5641025641
4324.61538461538
4325.12820512821
4331.28205128205
4346.15384615385
4354.35897435897
4345.64102564103
4335.38461538462
4332.82051282051
4331.79487179487
4332.30769230769
4333.33333333333
4332.82051282051
4335.38461538462
4343.58974358974
4342.5641025641
4332.82051282051
4326.66666666667
4325.12820512821
4330.25641025641
4336.41025641026
4335.89743589744
4331.79487179487
4338.97435897436
4342.05128205128
4326.66666666667
4328.71794871795
4352.30769230769
4353.33333333333
4336.41025641026
4331.79487179487
4331.79487179487
4333.84615384615
4343.07692307692
4342.05128205128
4334.35897435897
4331.28205128205
4335.38461538462
4342.05128205128
4337.4358974359
4331.79487179487
4338.97435897436
4342.5641025641
4332.30769230769
4324.61538461538
4333.84615384615
4346.66666666667
4346.15384615385
4340
4342.05128205128
4345.12820512821
4341.02564102564
4343.58974358974
4351.79487179487
4352.30769230769
4347.17948717949
4340.51282051282
4334.8717948718
4335.38461538462
4341.02564102564
4343.07692307692
4335.89743589744
4326.66666666667
4326.66666666667
4333.33333333333
4335.89743589744
4340
4346.15384615385
4340
4337.4358974359
4341.53846153846
4337.94871794872
4337.4358974359
4348.71794871795
4356.41025641026
4350.76923076923
4344.61538461538
4346.15384615385
4341.02564102564
4332.82051282051
4343.07692307692
4352.30769230769
4341.02564102564
4337.4358974359
4346.15384615385
4342.5641025641
4338.46153846154
4342.5641025641
4338.97435897436
4332.82051282051
4332.82051282051
4334.8717948718
4334.8717948718
4331.28205128205
4324.61538461538
4326.15384615385
4336.92307692308
4334.35897435897
4326.66666666667
4327.17948717949
4323.07692307692
4317.4358974359
4326.66666666667
4340.51282051282
4340
4334.8717948718
4332.82051282051
4336.92307692308
4344.61538461538
4341.02564102564
4331.28205128205
4334.8717948718
4345.12820512821
4344.61538461538
4341.02564102564
4341.53846153846
4342.5641025641
4343.07692307692
4337.94871794872
4333.84615384615
4338.46153846154
4337.4358974359
4324.61538461538
4320.51282051282
4331.28205128205
4336.92307692308
4334.35897435897
4334.8717948718
4335.89743589744
4330.25641025641
4333.84615384615
4342.5641025641
4338.97435897436
4339.48717948718
4349.23076923077
4347.17948717949
4343.58974358974
4350.25641025641
4350.25641025641
4344.10256410256
4342.5641025641
4336.92307692308
4333.84615384615
4340
4342.5641025641
4340
4342.5641025641
4343.58974358974
4342.05128205128
4348.20512820513
4353.84615384615
4345.64102564103
4332.82051282051
4334.8717948718
4348.71794871795
4356.92307692308
4353.33333333333
4344.61538461538
4342.05128205128
4348.20512820513
4352.82051282051
4351.79487179487
4357.94871794872
4364.10256410256
4358.46153846154
4358.97435897436
4364.61538461538
4360
4355.38461538462
4362.5641025641
4368.20512820513
4365.12820512821
4368.20512820513
4370.76923076923
4364.61538461538
4358.46153846154
4352.82051282051
4349.74358974359
4358.97435897436
4368.71794871795
4362.05128205128
4352.30769230769
4355.89743589744
4365.64102564103
4366.66666666667
4352.82051282051
4345.64102564103
4351.28205128205
4348.71794871795
4345.64102564103
4355.38461538462
4357.94871794872
4348.71794871795
4349.23076923077
4360.51282051282
4355.89743589744
4344.61538461538
4347.69230769231
4354.35897435897
4350.25641025641
4345.64102564103
4351.79487179487
4361.02564102564
4365.64102564103
4364.10256410256
4361.53846153846
4353.33333333333
4346.66666666667
4358.46153846154
4369.23076923077
4361.53846153846
4354.35897435897
4358.97435897436
4362.05128205128
4357.4358974359
4351.79487179487
4352.30769230769
4357.4358974359
4358.46153846154
4355.38461538462
4356.41025641026
4364.61538461538
4366.15384615385
4355.38461538462
4349.23076923077
4350.76923076923
4351.28205128205
4354.8717948718
4358.97435897436
4362.05128205128
4364.10256410256
4358.46153846154
4357.94871794872
4366.66666666667
4363.58974358974
4353.33333333333
4351.79487179487
4347.17948717949
4347.17948717949
4357.94871794872
4360
4357.4358974359
4371.28205128205
4384.61538461538
4375.38461538462
4364.10256410256
4363.07692307692
4363.07692307692
4363.58974358974
4360
4354.8717948718
4361.53846153846
4370.25641025641
4369.23076923077
4367.17948717949
4360
4352.82051282051
4355.89743589744
4353.84615384615
4349.23076923077
4356.41025641026
4368.20512820513
4376.41025641026
4378.46153846154
4373.84615384615
4375.89743589744
4384.61538461538
4383.58974358974
4383.07692307692
4391.28205128205
4387.69230769231
4378.97435897436
4385.64102564103
4392.30769230769
4386.66666666667
4378.97435897436
4374.8717948718
4368.20512820513
4357.94871794872
4353.84615384615
4357.4358974359
4355.89743589744
4357.94871794872
4367.69230769231
4358.46153846154
4350.76923076923
4373.84615384615
4385.64102564103
4370.25641025641
4372.82051282051
4386.66666666667
4372.30769230769
4352.30769230769
4356.92307692308
4368.71794871795
4366.66666666667
4358.46153846154
4358.46153846154
4356.92307692308
4352.82051282051
4356.92307692308
4362.5641025641
4361.02564102564
4362.5641025641
4371.28205128205
4367.17948717949
4361.53846153846
4372.82051282051
4373.33333333333
4360
4369.23076923077
4376.41025641026
4357.94871794872
4358.46153846154
4376.41025641026
4369.23076923077
4363.58974358974
4376.92307692308
4378.97435897436
4368.71794871795
4362.5641025641
4365.12820512821
4374.8717948718
4373.33333333333
4366.15384615385
4365.64102564103
4360
4359.48717948718
4368.71794871795
4368.20512820513
4364.61538461538
4365.12820512821
4359.48717948718
4359.48717948718
4370.25641025641
4368.71794871795
4357.4358974359
4353.33333333333
4350.25641025641
4349.74358974359
4357.4358974359
4369.23076923077
4367.69230769231
4351.79487179487
4345.64102564103
4350.76923076923
4352.82051282051
4350.76923076923
4344.61538461538
4342.5641025641
4354.8717948718
4366.15384615385
4369.74358974359
4362.5641025641
4342.5641025641
4350.76923076923
4381.53846153846
4375.89743589744
4360.51282051282
4377.94871794872
4379.48717948718
4354.35897435897
4355.89743589744
4373.84615384615
4371.79487179487
4366.15384615385
4367.17948717949
4360
4352.82051282051
4359.48717948718
4367.69230769231
4364.61538461538
4361.02564102564
4357.94871794872
4352.82051282051
4352.30769230769
4360.51282051282
4374.35897435897
4382.5641025641
4377.4358974359
4369.23076923077
4366.15384615385
4363.58974358974
4359.48717948718
4359.48717948718
4360
4369.23076923077
4377.94871794872
4370.76923076923
4360.51282051282
4369.23076923077
4385.64102564103
4383.58974358974
4368.20512820513
4361.02564102564
4354.35897435897
4348.20512820513
4358.46153846154
4370.76923076923
4362.5641025641
4351.79487179487
4356.92307692308
4370.25641025641
4377.4358974359
4372.82051282051
4365.64102564103
4361.02564102564
4370.25641025641
4377.94871794872
4364.10256410256
4353.84615384615
4363.58974358974
4371.79487179487
4369.23076923077
4372.82051282051
4375.38461538462
4370.25641025641
4369.23076923077
4371.79487179487
4374.8717948718
4383.07692307692
4385.12820512821
4367.17948717949
4360.51282051282
4372.30769230769
4374.35897435897
4371.79487179487
4365.64102564103
4358.46153846154
4372.30769230769
4384.61538461538
4369.74358974359
4357.94871794872
4367.69230769231
4376.41025641026
4374.8717948718
4373.33333333333
4378.97435897436
4377.94871794872
4365.64102564103
4361.02564102564
4370.25641025641
4373.84615384615
4368.71794871795
4367.69230769231
4373.84615384615
4373.84615384615
4368.71794871795
4375.89743589744
4385.64102564103
4376.92307692308
4370.76923076923
4378.97435897436
4378.97435897436
4363.07692307692
4360.51282051282
4372.30769230769
4376.41025641026
4372.30769230769
4373.33333333333
4375.38461538462
4369.23076923077
4366.66666666667
4374.8717948718
4381.02564102564
4383.58974358974
4379.48717948718
4372.30769230769
4377.4358974359
4383.58974358974
4374.8717948718
4370.76923076923
4376.92307692308
4367.17948717949
4355.89743589744
4365.64102564103
4381.02564102564
4382.5641025641
4375.89743589744
4367.17948717949
4362.05128205128
4366.15384615385
4368.20512820513
4367.17948717949
4375.38461538462
4381.53846153846
4378.97435897436
4383.58974358974
4388.71794871795
4389.23076923077
4398.46153846154
4402.5641025641
4386.15384615385
4383.07692307692
4395.38461538462
4390.25641025641
4374.8717948718
4367.17948717949
4367.69230769231
4371.79487179487
4375.38461538462
4372.30769230769
4366.66666666667
4364.10256410256
4368.71794871795
4370.76923076923
4364.61538461538
4363.58974358974
4369.23076923077
4375.89743589744
4381.02564102564
4376.41025641026
4363.58974358974
4363.58974358974
4372.82051282051
4373.33333333333
4365.64102564103
4361.02564102564
4366.66666666667
4374.8717948718
4377.94871794872
4372.82051282051
4358.46153846154
4355.38461538462
4373.33333333333
4384.61538461538
4375.89743589744
4370.76923076923
4375.38461538462
4376.41025641026
4372.30769230769
4369.74358974359
4377.94871794872
4389.74358974359
4387.17948717949
4380
4383.58974358974
4381.53846153846
4365.64102564103
4363.07692307692
4378.97435897436
4385.64102564103
4377.4358974359
4365.64102564103
4365.12820512821
4379.48717948718
4387.17948717949
4382.5641025641
4378.97435897436
4368.20512820513
4359.48717948718
4372.30769230769
4386.66666666667
4391.79487179487
4393.84615384615
4383.07692307692
4364.10256410256
4366.66666666667
4392.30769230769
4403.58974358974
4385.64102564103
4373.84615384615
4381.53846153846
4380.51282051282
4374.8717948718
4380
4378.97435897436
4367.17948717949
4366.15384615385
4367.17948717949
4366.15384615385
4375.38461538462
4385.64102564103
4384.61538461538
4378.46153846154
4377.94871794872
4378.46153846154
4380.51282051282
4385.12820512821
4379.48717948718
4370.76923076923
4372.82051282051
4383.58974358974
4385.12820512821
4378.46153846154
4373.84615384615
4370.25641025641
4369.74358974359
4377.4358974359
4383.58974358974
4373.33333333333
4363.07692307692
4373.84615384615
4378.97435897436
4370.25641025641
4372.30769230769
4371.28205128205
4358.46153846154
4365.64102564103
4384.10256410256
4380
4369.23076923077
4373.84615384615
4376.41025641026
4366.15384615385
4368.20512820513
4383.58974358974
4378.97435897436
4365.64102564103
4373.84615384615
4382.05128205128
4371.79487179487
4363.58974358974
4367.69230769231
4374.35897435897
4375.89743589744
4369.23076923077
4363.07692307692
4365.12820512821
4373.33333333333
4370.25641025641
4353.33333333333
4348.71794871795
4363.58974358974
4373.33333333333
4367.69230769231
4363.58974358974
4371.28205128205
4373.84615384615
4362.05128205128
4363.07692307692
4388.71794871795
4401.02564102564
4388.20512820513
4380
4385.64102564103
4392.30769230769
4387.17948717949
4375.89743589744
4376.92307692308
4388.71794871795
4394.8717948718
4394.8717948718
4393.33333333333
4394.35897435897
4406.66666666667
4411.79487179487
4397.4358974359
4387.17948717949
4386.15384615385
4382.5641025641
4380.51282051282
4381.53846153846
4381.53846153846
4381.53846153846
4372.30769230769
4363.07692307692
4374.35897435897
4384.61538461538
4367.69230769231
4349.23076923077
4363.58974358974
4384.10256410256
4378.46153846154
4365.12820512821
4358.46153846154
4359.48717948718
4368.71794871795
4373.84615384615
4373.33333333333
4377.4358974359
4379.48717948718
4372.30769230769
4369.23076923077
4374.8717948718
4380
4380
4378.46153846154
4380.51282051282
4380
4378.46153846154
4382.5641025641
4381.02564102564
4371.28205128205
4370.25641025641
4374.35897435897
4366.66666666667
4365.64102564103
4381.53846153846
4388.20512820513
4382.5641025641
4374.8717948718
4369.23076923077
4374.8717948718
4373.84615384615
4358.97435897436
4358.97435897436
4373.84615384615
4373.84615384615
4365.12820512821
4365.64102564103
4366.66666666667
4360
4363.07692307692
4375.89743589744
4381.02564102564
4374.8717948718
4367.69230769231
4368.71794871795
4385.12820512821
4390.76923076923
4375.38461538462
4370.76923076923
4371.28205128205
4366.15384615385
4371.28205128205
4377.94871794872
4378.46153846154
4379.48717948718
4378.97435897436
4372.82051282051
4367.17948717949
4368.71794871795
4369.23076923077
4360
4356.41025641026
4365.64102564103
4366.66666666667
4363.58974358974
4371.79487179487
4378.97435897436
4376.41025641026
4372.30769230769
4371.79487179487
4372.82051282051
4373.84615384615
4373.84615384615
4370.76923076923
4366.66666666667
4363.07692307692
4363.07692307692
4369.74358974359
4374.35897435897
4371.79487179487
4370.76923076923
4367.69230769231
4365.12820512821
4366.66666666667
4358.46153846154
4351.28205128205
4367.17948717949
4380.51282051282
4359.48717948718
4347.69230769231
4375.38461538462
4389.74358974359
4368.20512820513
4360
4368.71794871795
4364.10256410256
4356.92307692308
4355.38461538462
4359.48717948718
4369.23076923077
4372.30769230769
4365.64102564103
4361.02564102564
4362.05128205128
4366.66666666667
4367.17948717949
4361.53846153846
4365.12820512821
4371.79487179487
4369.74358974359
4374.35897435897
4381.02564102564
4372.30769230769
4361.53846153846
4368.71794871795
4375.38461538462
4367.17948717949
4360.51282051282
4362.05128205128
4368.20512820513
4375.89743589744
4373.84615384615
4359.48717948718
4358.97435897436
4367.17948717949
4360.51282051282
4352.30769230769
4355.89743589744
4354.8717948718
4357.94871794872
4375.89743589744
4378.97435897436
4365.12820512821
4362.05128205128
4369.23076923077
4377.4358974359
4381.53846153846
4375.38461538462
4370.25641025641
4375.38461538462
4374.35897435897
4371.79487179487
4369.74358974359
4367.69230769231
4368.20512820513
4370.25641025641
4371.79487179487
4371.28205128205
4366.66666666667
4367.69230769231
4376.41025641026
4371.28205128205
4365.64102564103
4371.28205128205
4361.02564102564
4346.66666666667
4352.82051282051
4355.38461538462
4350.25641025641
4360
4374.35897435897
4362.05128205128
4341.53846153846
4351.79487179487
4373.33333333333
4372.30769230769
4365.12820512821
4366.15384615385
4367.69230769231
4376.92307692308
4384.61538461538
4378.46153846154
4370.76923076923
4363.07692307692
4359.48717948718
4371.79487179487
4376.41025641026
4366.15384615385
4366.66666666667
4365.64102564103
4356.92307692308
4363.58974358974
4378.46153846154
4384.61538461538
4384.10256410256
4377.4358974359
4372.30769230769
4372.30769230769
4365.64102564103
4361.02564102564
4371.28205128205
4373.84615384615
4360.51282051282
4360.51282051282
4375.38461538462
4376.92307692308
4362.5641025641
4364.10256410256
4381.02564102564
4384.61538461538
4380.51282051282
4382.5641025641
4382.5641025641
4385.64102564103
4389.74358974359
4379.48717948718
4372.82051282051
4388.71794871795
4398.46153846154
4387.17948717949
4373.33333333333
4368.20512820513
4374.8717948718
4384.61538461538
4381.53846153846
4370.76923076923
4370.76923076923
4381.53846153846
4380.51282051282
4370.25641025641
4373.84615384615
4378.97435897436
4367.69230769231
4362.5641025641
4372.30769230769
4368.20512820513
4355.89743589744
4351.79487179487
4352.30769230769
4354.8717948718
4357.4358974359
4352.82051282051
4345.64102564103
4351.79487179487
4362.5641025641
4362.05128205128
4352.82051282051
4358.97435897436
4369.74358974359
4357.94871794872
4348.20512820513
4353.84615384615
4356.41025641026
4357.4358974359
4362.05128205128
4355.38461538462
4345.64102564103
4348.20512820513
4353.33333333333
4356.92307692308
4361.02564102564
4365.12820512821
4367.17948717949
4362.05128205128
4357.4358974359
4356.92307692308
4357.4358974359
4356.41025641026
4356.92307692308
4360.51282051282
4362.05128205128
4354.35897435897
4341.02564102564
4342.5641025641
4353.84615384615
4350.25641025641
4339.48717948718
4345.64102564103
4360
4355.38461538462
4351.28205128205
4364.61538461538
4370.25641025641
4362.05128205128
4356.92307692308
4351.79487179487
4350.76923076923
4363.58974358974
4366.15384615385
4347.69230769231
4341.53846153846
4357.4358974359
4363.58974358974
4356.41025641026
4355.38461538462
4361.02564102564
4357.94871794872
4352.82051282051
4357.94871794872
4358.46153846154
4352.30769230769
4348.20512820513
4350.25641025641
4353.33333333333
4347.69230769231
4338.97435897436
4344.61538461538
4355.38461538462
4353.84615384615
4350.76923076923
4353.84615384615
4351.28205128205
4345.12820512821
4349.74358974359
4357.4358974359
4356.92307692308
4353.84615384615
4355.38461538462
4360.51282051282
4366.15384615385
4369.23076923077
4364.10256410256
4355.38461538462
4355.38461538462
4362.5641025641
4367.69230769231
4367.69230769231
4365.64102564103
4358.46153846154
4354.8717948718
4361.02564102564
4366.66666666667
4365.12820512821
4365.64102564103
4372.82051282051
4368.20512820513
4351.79487179487
4355.89743589744
4375.38461538462
4375.38461538462
4365.64102564103
4368.71794871795
4367.69230769231
4363.07692307692
4368.20512820513
4363.07692307692
4356.41025641026
4366.66666666667
4367.69230769231
4353.84615384615
4358.46153846154
4367.69230769231
4360
4354.8717948718
4357.4358974359
4360
4364.61538461538
4369.23076923077
4371.28205128205
4372.30769230769
4374.8717948718
4374.35897435897
4367.17948717949
4366.15384615385
4377.4358974359
4385.12820512821
4382.5641025641
4374.8717948718
4371.28205128205
4377.4358974359
4384.10256410256
4384.61538461538
4382.05128205128
4368.20512820513
4352.30769230769
4364.10256410256
4382.5641025641
4377.94871794872
4366.15384615385
4361.53846153846
4360.51282051282
4363.07692307692
4367.17948717949
4367.17948717949
4363.07692307692
4354.35897435897
4350.25641025641
4360
4368.71794871795
4365.12820512821
4350.76923076923
4341.02564102564
4347.69230769231
4362.5641025641
4366.66666666667
4360.51282051282
4356.41025641026
4349.74358974359
4345.64102564103
4354.35897435897
4368.20512820513
4370.76923076923
4363.07692307692
4357.94871794872
4358.97435897436
4363.07692307692
4367.17948717949
4366.15384615385
4362.5641025641
4362.5641025641
4368.71794871795
4368.71794871795
4362.5641025641
4366.15384615385
4369.74358974359
4358.97435897436
4352.82051282051
4364.10256410256
4367.17948717949
4351.28205128205
4347.69230769231
4357.94871794872
4358.97435897436
4354.8717948718
4358.46153846154
4358.97435897436
4352.82051282051
4354.35897435897
4366.66666666667
4372.82051282051
4370.25641025641
4366.15384615385
4358.97435897436
4357.4358974359
4367.17948717949
4366.66666666667
4357.94871794872
4362.5641025641
4369.74358974359
4367.17948717949
4359.48717948718
4353.84615384615
4361.02564102564
4366.15384615385
4355.89743589744
4355.89743589744
4372.30769230769
4374.8717948718
4364.61538461538
4361.02564102564
4357.94871794872
4358.46153846154
4363.58974358974
4361.53846153846
4358.97435897436
4364.10256410256
4373.84615384615
4378.46153846154
