O1
4302.5641025641
4293.33333333333
4296.92307692308
4307.17948717949
4304.10256410256
4290.76923076923
4289.74358974359
4306.66666666667
4315.38461538462
4300
4288.20512820513
4295.89743589744
4310.76923076923
4311.79487179487
4297.4358974359
4297.94871794872
4315.89743589744
4314.8717948718
4300
4308.20512820513
4320.51282051282
4311.79487179487
4304.61538461538
4303.58974358974
4303.58974358974
4310.25641025641
4313.33333333333
4298.97435897436
4294.35897435897
4307.69230769231
4314.35897435897
4314.8717948718
4307.17948717949
4293.33333333333
4299.48717948718
4314.8717948718
4305.12820512821
4293.84615384615
4303.07692307692
4309.74358974359
4304.61538461538
4295.38461538462
4294.35897435897
4298.97435897436
4297.4358974359
4301.53846153846
4313.33333333333
4314.8717948718
4312.82051282051
4320.51282051282
4315.89743589744
4297.94871794872
4298.46153846154
4310.25641025641
4315.38461538462
4318.46153846154
4316.41025641026
4314.35897435897
4314.8717948718
4312.30769230769
4311.79487179487
4319.48717948718
4322.05128205128
4316.92307692308
4314.8717948718
4311.28205128205
4310.76923076923
4316.41025641026
4309.74358974359
4303.58974358974
4313.33333333333
4322.05128205128
4314.8717948718
4305.12820512821
4305.12820512821
4307.69230769231
4312.30769230769
4318.46153846154
4322.5641025641
4317.94871794872
4309.23076923077
4310.25641025641
4312.82051282051
4307.69230769231
4308.20512820513
4316.92307692308
4312.30769230769
4302.5641025641
4307.17948717949
4314.35897435897
4312.82051282051
4307.69230769231
4307.17948717949
4307.69230769231
4307.69230769231
4310.25641025641
4312.82051282051
4310.25641025641
4308.71794871795
4307.69230769231
4303.07692307692
4304.10256410256
4310.76923076923
4317.4358974359
4320.51282051282
4315.89743589744
4309.74358974359
4311.79487179487
4312.82051282051
4314.8717948718
4316.92307692308
4314.8717948718
4315.38461538462
4315.38461538462
4311.79487179487
4312.82051282051
4316.41025641026
4318.46153846154
4316.41025641026
4308.71794871795
4307.17948717949
4316.92307692308
4321.53846153846
4317.4358974359
4310.76923076923
4306.15384615385
4302.5641025641
4297.94871794872
4302.5641025641
4313.33333333333
4309.74358974359
4305.64102564103
4312.82051282051
4307.69230769231
4290.76923076923
4291.28205128205
4307.69230769231
4313.84615384615
4307.69230769231
4308.71794871795
4313.84615384615
4310.76923076923
4309.74358974359
4320
4317.94871794872
4303.58974358974
4302.5641025641
4311.79487179487
4312.30769230769
4308.20512820513
4309.74358974359
4313.84615384615
4312.82051282051
4310.25641025641
4312.82051282051
4310.76923076923
4304.10256410256
4308.20512820513
4322.05128205128
4328.20512820513
4324.10256410256
4322.05128205128
4326.66666666667
4329.23076923077
4327.17948717949
4329.23076923077
4336.41025641026
4335.89743589744
4327.69230769231
4326.15384615385
4325.12820512821
4318.97435897436
4318.46153846154
4321.53846153846
4315.38461538462
4307.69230769231
4306.66666666667
4306.66666666667
4307.69230769231
4310.25641025641
4312.82051282051
4312.30769230769
4303.58974358974
4297.4358974359
4295.89743589744
4294.35897435897
4297.94871794872
4301.02564102564
4297.4358974359
4300.51282051282
4305.64102564103
4295.89743589744
4292.30769230769
4309.23076923077
4318.46153846154
4309.74358974359
4300
4303.58974358974
4303.58974358974
4294.35897435897
4298.46153846154
4311.28205128205
4311.28205128205
4309.23076923077
4311.28205128205
4303.07692307692
4299.48717948718
4310.25641025641
4317.94871794872
4322.05128205128
4320.51282051282
4312.30769230769
4310.25641025641
4312.82051282051
4313.33333333333
4323.07692307692
4330.25641025641
4319.48717948718
4314.8717948718
4318.46153846154
4314.35897435897
4314.8717948718
4318.46153846154
4309.74358974359
4308.71794871795
4324.61538461538
4331.28205128205
4326.66666666667
4318.97435897436
4309.23076923077
4311.79487179487
4325.12820512821
4328.71794871795
4324.10256410256
4326.66666666667
4330.25641025641
4325.64102564103
4322.5641025641
4326.66666666667
4328.20512820513
4328.71794871795
4332.30769230769
4332.82051282051
4323.07692307692
4312.82051282051
4316.41025641026
4326.66666666667
4325.64102564103
4312.30769230769
4307.69230769231
4320.51282051282
4327.17948717949
4316.41025641026
4311.28205128205
4319.48717948718
4321.53846153846
4319.48717948718
4317.4358974359
4314.35897435897
4316.92307692308
4321.02564102564
4320
4326.15384615385
4330.76923076923
4320
4313.33333333333
4321.53846153846
4328.20512820513
4325.64102564103
4319.48717948718
4323.58974358974
4329.74358974359
4322.5641025641
4311.28205128205
4321.02564102564
4331.28205128205
4320.51282051282
4313.33333333333
4315.38461538462
4309.74358974359
4308.20512820513
4316.41025641026
4317.4358974359
4308.20512820513
4305.12820512821
4307.69230769231
4306.66666666667
4305.12820512821
4307.17948717949
4310.76923076923
4313.84615384615
4316.92307692308
4323.07692307692
4329.74358974359
4323.58974358974
4312.82051282051
4317.4358974359
4321.53846153846
4311.79487179487
4311.28205128205
4315.89743589744
4309.23076923077
4311.28205128205
4323.07692307692
4324.10256410256
4323.07692307692
4323.07692307692
4313.84615384615
4306.66666666667
4305.64102564103
4301.53846153846
4301.02564102564
4308.20512820513
4315.89743589744
4316.92307692308
4312.82051282051
4309.23076923077
4310.76923076923
4309.23076923077
4309.23076923077
4318.97435897436
4324.61538461538
4324.61538461538
4323.58974358974
4315.89743589744
4313.84615384615
4320
4318.46153846154
4311.28205128205
4310.25641025641
4316.41025641026
4318.46153846154
4310.25641025641
4308.71794871795
4326.15384615385
4328.20512820513
4309.74358974359
4308.71794871795
4320.51282051282
4320
4314.8717948718
4322.05128205128
4328.71794871795
4323.07692307692
4312.82051282051
4309.74358974359
4314.8717948718
4320
4323.58974358974
4325.64102564103
4326.66666666667
4327.69230769231
4325.64102564103
4323.58974358974
4325.12820512821
4326.66666666667
4321.53846153846
4317.94871794872
4325.12820512821
4331.28205128205
4327.69230769231
4327.69230769231
4329.23076923077
4316.41025641026
4305.64102564103
4318.97435897436
4332.30769230769
4321.02564102564
4310.76923076923
4320.51282051282
4321.53846153846
4312.30769230769
4316.92307692308
4324.61538461538
4316.41025641026
4309.74358974359
4317.4358974359
4321.02564102564
4310.25641025641
4307.17948717949
4322.5641025641
4330.25641025641
4320.51282051282
4314.8717948718
4318.97435897436
4326.66666666667
4330.25641025641
4317.4358974359
4307.69230769231
4326.15384615385
4339.48717948718
4323.07692307692
4314.8717948718
4321.02564102564
4314.8717948718
4310.25641025641
4318.97435897436
4321.53846153846
4320.51282051282
4324.10256410256
4330.25641025641
4333.33333333333
4328.20512820513
4322.05128205128
4323.58974358974
4322.05128205128
4315.89743589744
4316.41025641026
4323.58974358974
4329.23076923077
4328.20512820513
4324.61538461538
4326.15384615385
4329.23076923077
4321.53846153846
4309.74358974359
4313.84615384615
4327.69230769231
4329.23076923077
4328.71794871795
4327.17948717949
4317.4358974359
4314.35897435897
4317.4358974359
4320
4325.64102564103
4324.61538461538
4316.92307692308
4319.48717948718
4328.20512820513
4328.71794871795
4328.20512820513
4320.51282051282
4310.76923076923
4313.84615384615
4321.02564102564
4318.97435897436
4311.79487179487
4308.20512820513
4312.30769230769
4321.53846153846
4322.05128205128
4309.74358974359
4310.25641025641
4320.51282051282
4311.28205128205
4301.02564102564
4313.33333333333
4324.61538461538
4327.17948717949
4336.92307692308
4338.46153846154
4334.8717948718
4340.51282051282
4345.64102564103
4343.07692307692
4344.10256410256
4345.64102564103
4338.97435897436
4334.8717948718
4348.71794871795
4366.66666666667
4358.46153846154
4337.94871794872
4334.35897435897
4336.41025641026
4326.66666666667
4321.53846153846
4327.69230769231
4324.10256410256
4322.5641025641
4326.66666666667
4318.97435897436
4317.4358974359
4336.41025641026
4342.5641025641
4326.66666666667
4326.15384615385
4337.4358974359
4332.82051282051
4323.07692307692
4325.12820512821
4330.76923076923
4327.69230769231
4325.12820512821
4327.17948717949
4328.20512820513
4324.10256410256
4324.10256410256
4333.33333333333
4331.79487179487
4324.10256410256
4329.74358974359
4336.41025641026
4334.8717948718
4334.8717948718
4332.82051282051
4325.12820512821
4326.15384615385
4329.74358974359
4325.64102564103
4324.10256410256
4327.17948717949
4328.71794871795
4323.07692307692
4317.4358974359
4325.12820512821
4338.46153846154
4335.38461538462
4325.12820512821
4325.64102564103
4327.69230769231
4324.10256410256
4325.12820512821
4327.69230769231
4320.51282051282
4307.69230769231
4308.20512820513
4323.07692307692
4324.10256410256
4311.28205128205
4314.35897435897
4330.25641025641
4322.05128205128
4298.97435897436
4295.89743589744
4302.05128205128
4302.5641025641
4305.64102564103
4313.33333333333
4314.8717948718
4305.64102564103
4300.51282051282
4306.15384615385
4315.38461538462
4312.30769230769
4300
4297.4358974359
4309.23076923077
4318.46153846154
4315.89743589744
4310.76923076923
4309.23076923077
4315.38461538462
4318.46153846154
4311.79487179487
4310.76923076923
4311.79487179487
4310.76923076923
4310.76923076923
4302.05128205128
4296.41025641026
4310.76923076923
4317.94871794872
4305.64102564103
4297.4358974359
4297.4358974359
4299.48717948718
4300
4295.38461538462
4291.79487179487
4296.41025641026
4302.5641025641
4299.48717948718
4298.97435897436
4310.76923076923
4312.82051282051
4298.97435897436
4294.35897435897
4299.48717948718
4297.4358974359
4295.38461538462
4297.4358974359
4297.94871794872
4297.94871794872
4293.84615384615
4293.84615384615
4303.58974358974
4305.12820512821
4298.97435897436
4300
4303.58974358974
4297.4358974359
4283.58974358974
4284.10256410256
4300.51282051282
4305.64102564103
4294.8717948718
4295.38461538462
4300
4293.84615384615
4297.94871794872
4301.02564102564
4295.89743589744
4299.48717948718
4310.76923076923
4310.76923076923
4302.5641025641
4298.46153846154
4296.41025641026
4298.46153846154
4309.74358974359
4317.94871794872
4307.17948717949
4298.97435897436
4309.74358974359
4316.41025641026
4309.23076923077
4309.23076923077
4311.28205128205
4298.46153846154
4293.33333333333
4303.58974358974
4309.23076923077
4307.17948717949
4302.5641025641
4301.53846153846
4305.64102564103
4311.28205128205
4310.25641025641
4309.23076923077
4308.71794871795
4305.12820512821
4310.76923076923
4317.94871794872
4320
4314.8717948718
4295.89743589744
4291.28205128205
4311.79487179487
4322.5641025641
4312.30769230769
4302.5641025641
4302.05128205128
4306.15384615385
4308.71794871795
4309.23076923077
4312.82051282051
4304.10256410256
4293.33333333333
4307.69230769231
4324.10256410256
4321.53846153846
4317.94871794872
4310.76923076923
4297.94871794872
4298.46153846154
4311.79487179487
4316.92307692308
4312.82051282051
4309.23076923077
4308.20512820513
4308.71794871795
4312.82051282051
4305.64102564103
4300
4312.30769230769
4324.10256410256
4316.92307692308
4302.05128205128
4294.35897435897
4300.51282051282
4311.28205128205
4312.82051282051
4309.74358974359
4308.20512820513
4306.66666666667
4307.69230769231
4311.79487179487
4316.92307692308
4317.4358974359
4318.46153846154
4328.20512820513
4326.66666666667
4315.38461538462
4323.58974358974
4334.35897435897
4326.66666666667
4328.71794871795
4340.51282051282
4335.38461538462
4321.02564102564
4321.02564102564
4328.20512820513
4320
4308.20512820513
4313.33333333333
4322.5641025641
4318.46153846154
4313.33333333333
4312.30769230769
4306.15384615385
4303.58974358974
4310.25641025641
4311.28205128205
4303.07692307692
4303.58974358974
4307.69230769231
4298.97435897436
4293.84615384615
4301.02564102564
4306.15384615385
4302.05128205128
4294.8717948718
4294.35897435897
4297.4358974359
4297.4358974359
4302.05128205128
4310.76923076923
4304.10256410256
4291.79487179487
4296.41025641026
4306.15384615385
4309.23076923077
4310.76923076923
4302.05128205128
4293.84615384615
4296.92307692308
4299.48717948718
4300.51282051282
4301.53846153846
4298.46153846154
4300.51282051282
4310.76923076923
4315.89743589744
4304.61538461538
4283.58974358974
4281.02564102564
4303.58974358974
4309.23076923077
4293.33333333333
4289.23076923077
4294.8717948718
4299.48717948718
4298.46153846154
4293.33333333333
4295.89743589744
4294.35897435897
4281.53846153846
4284.10256410256
4302.05128205128
4309.23076923077
4302.05128205128
4290.76923076923
4290.76923076923
4301.53846153846
4304.10256410256
4297.94871794872
4293.33333333333
4295.38461538462
4304.10256410256
4303.58974358974
4295.89743589744
4304.10256410256
4311.28205128205
4294.8717948718
4288.71794871795
4301.02564102564
4306.15384615385
4302.05128205128
4304.10256410256
4309.74358974359
4303.07692307692
4295.38461538462
4301.53846153846
4310.76923076923
4313.33333333333
4302.05128205128
4287.17948717949
4297.94871794872
4322.5641025641
4323.07692307692
4305.64102564103
4298.46153846154
4301.02564102564
4302.5641025641
4303.58974358974
4306.66666666667
4308.20512820513
4307.17948717949
4303.07692307692
4299.48717948718
4300.51282051282
4306.66666666667
4304.61538461538
4298.46153846154
4306.15384615385
4311.79487179487
4302.05128205128
4294.35897435897
4297.94871794872
4296.92307692308
4294.8717948718
4308.20512820513
4317.4358974359
4313.84615384615
4309.74358974359
4303.07692307692
4295.38461538462
4304.61538461538
4313.84615384615
4303.58974358974
4295.89743589744
4298.97435897436
4304.10256410256
4305.64102564103
4304.10256410256
4303.07692307692
4301.53846153846
4300.51282051282
4302.05128205128
4305.12820512821
4300.51282051282
4303.07692307692
4311.28205128205
4304.10256410256
4296.41025641026
4307.17948717949
4319.48717948718
4321.02564102564
4314.8717948718
4309.74358974359
4315.89743589744
4329.74358974359
4340
4342.5641025641
4338.46153846154
4330.25641025641
4320
4314.35897435897
4323.58974358974
4337.94871794872
4341.02564102564
4345.64102564103
4353.33333333333
4348.20512820513
4332.30769230769
4316.41025641026
4314.8717948718
4318.46153846154
4316.92307692308
4320
4323.07692307692
4313.84615384615
4305.12820512821
4312.30769230769
4325.12820512821
4322.05128205128
4310.25641025641
4315.38461538462
4329.74358974359
4325.12820512821
4313.33333333333
4309.23076923077
4307.69230769231
4310.76923076923
4315.89743589744
4316.41025641026
4315.38461538462
4306.15384615385
4292.30769230769
4296.41025641026
4317.4358974359
4325.12820512821
4306.66666666667
4292.30769230769
4300.51282051282
4314.8717948718
4314.35897435897
4307.69230769231
4311.28205128205
4314.35897435897
4305.64102564103
4303.58974358974
4311.28205128205
4312.30769230769
4310.76923076923
4313.84615384615
4311.79487179487
4307.69230769231
4309.23076923077
4312.30769230769
4308.71794871795
4298.46153846154
4296.92307692308
4306.66666666667
4309.23076923077
4309.23076923077
4312.30769230769
4305.64102564103
4296.41025641026
4308.20512820513
4320
4306.66666666667
4293.84615384615
4297.94871794872
4301.53846153846
4306.66666666667
4321.53846153846
4321.02564102564
4299.48717948718
4292.82051282051
4309.74358974359
4323.58974358974
4317.94871794872
4309.74358974359
4310.25641025641
4312.30769230769
4312.30769230769
4309.74358974359
4308.71794871795
4312.30769230769
4312.82051282051
4308.71794871795
4311.28205128205
4312.30769230769
4306.15384615385
4306.66666666667
4313.33333333333
4309.74358974359
4307.69230769231
4323.07692307692
4330.25641025641
4317.94871794872
4311.28205128205
4315.89743589744
4314.8717948718
4310.76923076923
4318.46153846154
4327.69230769231
4325.64102564103
4313.84615384615
4308.20512820513
4317.4358974359
4320
4310.76923076923
4311.28205128205
4309.23076923077
4299.48717948718
4308.20512820513
4318.46153846154
4310.76923076923
4316.41025641026
4323.58974358974
4312.82051282051
4311.28205128205
4309.23076923077
4294.35897435897
4299.48717948718
4315.89743589744
4315.89743589744
4312.82051282051
4305.64102564103
4295.89743589744
4309.74358974359
4316.92307692308
4292.30769230769
4290.76923076923
4322.05128205128
4322.05128205128
4292.82051282051
4292.82051282051
4313.33333333333
4315.89743589744
4300.51282051282
4292.82051282051
4302.5641025641
4309.23076923077
4296.41025641026
4286.15384615385
4298.97435897436
4314.35897435897
4312.30769230769
4298.97435897436
4293.84615384615
4297.4358974359
4293.84615384615
4293.33333333333
4296.41025641026
4289.23076923077
4289.23076923077
4306.15384615385
4310.25641025641
4297.94871794872
4293.33333333333
4303.58974358974
4315.89743589744
4315.89743589744
4307.69230769231
4308.20512820513
4310.25641025641
4310.76923076923
4318.97435897436
4322.05128205128
4316.92307692308
4305.64102564103
4297.4358974359
4311.79487179487
4332.82051282051
4329.23076923077
4315.38461538462
4322.5641025641
4329.74358974359
4324.10256410256
4325.12820512821
4324.61538461538
4310.25641025641
4305.64102564103
4320
4318.97435897436
4304.61538461538
4310.25641025641
4321.53846153846
4317.94871794872
4306.66666666667
4305.12820512821
4312.30769230769
4310.76923076923
4310.25641025641
4317.4358974359
4312.82051282051
4306.15384615385
4319.48717948718
4328.71794871795
4326.66666666667
4323.58974358974
4311.79487179487
4306.66666666667
4315.38461538462
4318.97435897436
4316.41025641026
4316.41025641026
4311.79487179487
4308.20512820513
4314.8717948718
4327.69230769231
4334.8717948718
4323.58974358974
4309.23076923077
4309.74358974359
4311.79487179487
4306.15384615385
4307.69230769231
4317.4358974359
4320.51282051282
4318.46153846154
4318.46153846154
4315.89743589744
4310.76923076923
4313.84615384615
4322.05128205128
4328.71794871795
4335.89743589744
4343.58974358974
4343.07692307692
4338.46153846154
4338.97435897436
4338.46153846154
4335.38461538462
4345.12820512821
4349.23076923077
4334.35897435897
4334.35897435897
4338.46153846154
4327.17948717949
4329.23076923077
4340.51282051282
4329.74358974359
4322.05128205128
4331.79487179487
4323.58974358974
4310.25641025641
4316.41025641026
4322.05128205128
4314.35897435897
4308.20512820513
4310.25641025641
4313.84615384615
4313.33333333333
4301.53846153846
4298.97435897436
4308.71794871795
4306.66666666667
4297.94871794872
4293.84615384615
4289.74358974359
4296.41025641026
4311.79487179487
4314.8717948718
4308.71794871795
4304.61538461538
4305.12820512821
4300.51282051282
4288.20512820513
4295.89743589744
4315.89743589744
4309.74358974359
4294.8717948718
4291.79487179487
4291.79487179487
4297.4358974359
4301.02564102564
4296.92307692308
4296.41025641026
4294.8717948718
4294.35897435897
4298.97435897436
4296.92307692308
4291.79487179487
4294.35897435897
4303.07692307692
4307.17948717949
4290.25641025641
4274.8717948718
4291.28205128205
4304.10256410256
4285.64102564103
4274.8717948718
4286.15384615385
4292.82051282051
4291.79487179487
4291.79487179487
4298.46153846154
4301.02564102564
4287.69230769231
4281.53846153846
4297.94871794872
4306.15384615385
4288.20512820513
4276.92307692308
4287.69230769231
4297.94871794872
4296.92307692308
4292.82051282051
4295.38461538462
4296.92307692308
4295.89743589744
4297.4358974359
4297.4358974359
4294.8717948718
4294.35897435897
4297.4358974359
4297.94871794872
4294.8717948718
4293.33333333333
4296.92307692308
4298.46153846154
4295.38461538462
4294.35897435897
4294.35897435897
4290.76923076923
4287.69230769231
4295.89743589744
4302.5641025641
4299.48717948718
4297.4358974359
4289.74358974359
4282.05128205128
4295.89743589744
4310.76923076923
4298.46153846154
4296.92307692308
4313.33333333333
4304.61538461538
4296.41025641026
4308.20512820513
4305.12820512821
4292.30769230769
4298.97435897436
4311.79487179487
4313.84615384615
4304.10256410256
4289.74358974359
4296.41025641026
4318.97435897436
4315.38461538462
4296.41025641026
4298.46153846154
4314.35897435897
4315.89743589744
4301.02564102564
4292.82051282051
4303.07692307692
4315.38461538462
4305.64102564103
4291.79487179487
4301.53846153846
4308.20512820513
4292.30769230769
4289.23076923077
4310.25641025641
4308.20512820513
4289.74358974359
4292.30769230769
4301.02564102564
4293.84615384615
4291.28205128205
4303.07692307692
4304.10256410256
4299.48717948718
4304.61538461538
4304.10256410256
4296.92307692308
4302.5641025641
4310.76923076923
4311.79487179487
4313.84615384615
4315.89743589744
4317.4358974359
4320.51282051282
4320.51282051282
4323.58974358974
4328.71794871795
4322.05128205128
4309.74358974359
4307.17948717949
4312.82051282051
4311.79487179487
4304.61538461538
4308.71794871795
4310.25641025641
4298.46153846154
4294.8717948718
4300
4296.41025641026
4293.33333333333
4298.46153846154
4298.46153846154
4293.84615384615
4303.07692307692
4312.30769230769
4300.51282051282
4288.20512820513
4295.38461538462
4303.07692307692
4297.94871794872
4293.84615384615
4293.33333333333
4301.53846153846
4300.51282051282
4282.5641025641
4282.5641025641
4302.05128205128
4303.58974358974
4282.5641025641
4276.92307692308
4292.82051282051
4301.02564102564
4298.46153846154
4295.38461538462
4296.41025641026
4297.94871794872
4302.05128205128
4300.51282051282
4293.84615384615
4295.38461538462
4299.48717948718
4296.92307692308
4292.82051282051
4297.94871794872
4301.53846153846
4295.38461538462
4290.76923076923
4295.38461538462
4302.5641025641
4300.51282051282
4294.35897435897
4295.89743589744
4296.92307692308
4292.82051282051
4301.53846153846
4315.89743589744
4309.23076923077
4289.23076923077
4284.10256410256
4301.02564102564
4306.66666666667
4292.82051282051
4295.38461538462
4312.30769230769
4312.30769230769
4307.17948717949
4306.15384615385
4293.33333333333
4289.74358974359
4306.15384615385
4306.66666666667
4296.92307692308
4302.05128205128
4308.20512820513
4310.76923076923
4309.23076923077
4297.4358974359
4289.23076923077
4295.38461538462
4296.41025641026
4294.35897435897
4295.89743589744
4293.33333333333
4294.8717948718
