4354.35897435897
4352.30769230769
4351.79487179487
4361.53846153846
4369.23076923077
4359.48717948718
4350.25641025641
4357.4358974359
4361.02564102564
4356.92307692308
4353.84615384615
4349.23076923077
4346.66666666667
4351.28205128205
4357.94871794872
4364.10256410256
4375.89743589744
4390.76923076923
4402.05128205128
4410.25641025641
4417.4358974359
4411.79487179487
4397.94871794872
4396.92307692308
4400
4392.30769230769
4383.58974358974
4380.51282051282
4372.82051282051
4365.12820512821
4367.17948717949
4366.15384615385
4355.89743589744
4351.28205128205
4356.92307692308
4359.48717948718
4356.41025641026
4354.35897435897
4355.38461538462
4361.53846153846
4367.69230769231
4364.61538461538
4357.94871794872
4358.97435897436
4372.30769230769
4392.82051282051
4400
4401.53846153846
4406.66666666667
4394.35897435897
4370.25641025641
4362.5641025641
4365.12820512821
4362.5641025641
4364.10256410256
4367.17948717949
4365.12820512821
4365.12820512821
4367.69230769231
4366.15384615385
4360.51282051282
4353.33333333333
4354.35897435897
4363.07692307692
4363.07692307692
4356.41025641026
4354.35897435897
4354.8717948718
4355.38461538462
4358.97435897436
4357.4358974359
4352.82051282051
4356.41025641026
4357.4358974359
4359.48717948718
4369.23076923077
4372.82051282051
4363.58974358974
4354.35897435897
4352.82051282051
4355.38461538462
4360
4356.41025641026
4353.84615384615
4376.41025641026
4399.48717948718
4395.38461538462
4387.69230769231
4385.12820512821
4371.79487179487
4361.53846153846
4361.53846153846
4356.41025641026
4351.79487179487
4361.02564102564
4365.12820512821
4358.97435897436
4361.02564102564
4367.69230769231
4362.5641025641
4357.94871794872
4366.66666666667
4369.74358974359
4364.10256410256
4365.12820512821
4367.69230769231
4365.12820512821
4366.15384615385
4368.20512820513
4361.53846153846
4354.35897435897
4361.53846153846
4368.71794871795
4360.51282051282
4358.46153846154
4369.23076923077
4370.25641025641
4363.58974358974
4368.20512820513
4374.8717948718
4374.35897435897
4380
4385.64102564103
4382.05128205128
4375.89743589744
4371.28205128205
4368.71794871795
4371.28205128205
4373.33333333333
4374.35897435897
4373.84615384615
4370.25641025641
4371.79487179487
4380.51282051282
4386.66666666667
4382.5641025641
4372.30769230769
4371.79487179487
4381.02564102564
4383.58974358974
4381.02564102564
4386.15384615385
4394.35897435897
4395.89743589744
4391.28205128205
4394.8717948718
4415.89743589744
4429.23076923077
4413.33333333333
4389.23076923077
4383.07692307692
4390.25641025641
4393.84615384615
4398.46153846154
4406.15384615385
4402.5641025641
4394.8717948718
4399.48717948718
4402.05128205128
4393.33333333333
4395.38461538462
4397.4358974359
4388.20512820513
4393.84615384615
4417.94871794872
4433.33333333333
4431.79487179487
4418.46153846154
4406.15384615385
4403.58974358974
4402.05128205128
4404.10256410256
4409.23076923077
4405.64102564103
4399.48717948718
4403.07692307692
4406.66666666667
4410.25641025641
4420
4425.64102564103
4433.33333333333
4448.20512820513
4459.48717948718
4467.17948717949
4477.4358974359
4482.05128205128
4481.53846153846
4487.17948717949
4487.17948717949
4471.79487179487
4457.94871794872
4457.94871794872
4457.94871794872
4451.28205128205
4445.64102564103
4443.07692307692
4441.02564102564
4436.92307692308
4428.20512820513
4424.61538461538
4432.82051282051
4433.33333333333
4426.66666666667
4430.76923076923
4433.33333333333
4419.48717948718
4408.20512820513
4410.76923076923
4419.48717948718
4427.69230769231
4426.66666666667
4416.41025641026
4406.66666666667
4402.05128205128
4404.10256410256
4415.38461538462
4421.02564102564
4416.92307692308
4427.69230769231
4446.66666666667
4444.61538461538
4433.84615384615
4438.46153846154
4443.58974358974
4438.97435897436
4434.35897435897
4430.25641025641
4426.15384615385
4434.35897435897
4454.8717948718
4470.25641025641
4477.4358974359
4478.97435897436
4469.74358974359
4455.89743589744
4451.28205128205
4448.20512820513
4443.07692307692
4447.17948717949
4455.89743589744
4460.51282051282
4457.94871794872
4451.28205128205
4455.89743589744
4460.51282051282
4448.20512820513
4440.51282051282
4454.35897435897
4463.58974358974
4456.92307692308
4455.89743589744
4459.48717948718
4458.46153846154
4461.53846153846
4472.30769230769
4476.41025641026
4470.76923076923
4470.25641025641
4473.33333333333
4465.12820512821
4460
4465.12820512821
4467.69230769231
4467.17948717949
4472.30769230769
4476.92307692308
4475.38461538462
4478.97435897436
4489.74358974359
4487.17948717949
4479.48717948718
4487.69230769231
4494.35897435897
4491.79487179487
4503.58974358974
4510.25641025641
4492.30769230769
4475.38461538462
4480
4491.79487179487
4493.33333333333
4485.64102564103
4484.10256410256
4490.76923076923
4491.28205128205
4491.28205128205
4493.84615384615
4492.30769230769
4486.15384615385
4485.12820512821
4491.28205128205
4489.74358974359
4486.15384615385
4491.79487179487
4488.20512820513
4476.41025641026
4480
4486.66666666667
4480
4472.30769230769
4478.46153846154
4488.71794871795
4489.74358974359
4481.53846153846
4472.82051282051
4471.28205128205
4478.97435897436
4488.20512820513
4490.25641025641
4500
4515.38461538462
4509.74358974359
4491.79487179487
4483.07692307692
4477.94871794872
4474.35897435897
4473.84615384615
4474.35897435897
4474.8717948718
4474.8717948718
4473.33333333333
4473.33333333333
4483.07692307692
4490.25641025641
4482.5641025641
4474.35897435897
4487.17948717949
4505.12820512821
4508.20512820513
4511.28205128205
4510.76923076923
4490.25641025641
4469.23076923077
4469.74358974359
4478.97435897436
4475.89743589744
4474.35897435897
4483.07692307692
4486.66666666667
4475.89743589744
4469.23076923077
4475.38461538462
4477.94871794872
4475.89743589744
4475.38461538462
4475.38461538462
4473.33333333333
4464.61538461538
4458.97435897436
4458.97435897436
4458.97435897436
4455.89743589744
4449.23076923077
4443.07692307692
4440.51282051282
4442.05128205128
4449.74358974359
4458.97435897436
4460.51282051282
4459.48717948718
4457.4358974359
4453.33333333333
4454.35897435897
4458.46153846154
4455.89743589744
4453.33333333333
4452.30769230769
4449.74358974359
4453.33333333333
4461.53846153846
4457.4358974359
4447.69230769231
4445.64102564103
4447.69230769231
4442.5641025641
4441.02564102564
4448.71794871795
4449.23076923077
4442.05128205128
4440
4442.5641025641
4442.5641025641
4441.53846153846
4445.12820512821
4454.8717948718
4460
4456.92307692308
4455.89743589744
4458.46153846154
4458.97435897436
4460
4461.02564102564
4449.74358974359
4437.94871794872
4451.28205128205
4463.58974358974
4450.76923076923
4448.71794871795
4462.05128205128
4454.35897435897
4438.97435897436
4442.5641025641
4452.30769230769
4455.89743589744
4450.76923076923
4441.53846153846
4440
4441.53846153846
4441.53846153846
4444.61538461538
4447.17948717949
4446.15384615385
4445.12820512821
4447.69230769231
4453.33333333333
4460
4461.02564102564
4456.92307692308
4458.46153846154
4460
4453.84615384615
4454.35897435897
4457.4358974359
4447.17948717949
4445.12820512821
4461.53846153846
4469.23076923077
4459.48717948718
4448.71794871795
4444.61538461538
4439.48717948718
4430.76923076923
4424.61538461538
4428.71794871795
4430.76923076923
4421.53846153846
4418.46153846154
4420.51282051282
4416.92307692308
4420.51282051282
4428.20512820513
4418.46153846154
4406.66666666667
4414.8717948718
4421.02564102564
4413.84615384615
4407.69230769231
4406.66666666667
4403.07692307692
4393.84615384615
4386.15384615385
4383.07692307692
4380
4382.5641025641
4392.30769230769
4400
4403.07692307692
4397.94871794872
4392.30769230769
4395.89743589744
4404.10256410256
4411.79487179487
4425.64102564103
4432.82051282051
4424.61538461538
4420
4421.02564102564
4414.8717948718
4403.58974358974
4397.94871794872
4393.33333333333
4388.71794871795
4398.46153846154
4407.17948717949
4401.02564102564
4395.89743589744
4401.02564102564
4405.12820512821
4405.64102564103
4406.15384615385
4405.64102564103
4406.15384615385
4403.07692307692
4396.92307692308
4394.8717948718
4396.92307692308
4395.38461538462
4389.23076923077
4387.69230769231
4395.89743589744
4402.5641025641
4397.94871794872
4393.84615384615
4397.4358974359
4396.92307692308
4391.28205128205
4391.79487179487
4401.53846153846
4409.23076923077
4415.38461538462
4420.51282051282
4429.23076923077
4442.5641025641
4448.20512820513
4450.76923076923
4457.4358974359
4463.07692307692
4465.12820512821
4466.66666666667
4460
4447.69230769231
4447.17948717949
4442.05128205128
4431.79487179487
4433.84615384615
4436.92307692308
4428.71794871795
4426.66666666667
4429.74358974359
4422.5641025641
4421.02564102564
4426.66666666667
4428.20512820513
4427.69230769231
4426.15384615385
4442.5641025641
4459.48717948718
4446.15384615385
4430.76923076923
4433.33333333333
4430.76923076923
4430.76923076923
4442.5641025641
4438.97435897436
4424.61538461538
4420.51282051282
4423.07692307692
4426.66666666667
4428.71794871795
4435.89743589744
4444.61538461538
4442.05128205128
4434.35897435897
4432.30769230769
4438.46153846154
4445.12820512821
4443.58974358974
4439.48717948718
4441.53846153846
4445.12820512821
4446.15384615385
4446.15384615385
4444.61538461538
4442.05128205128
4441.02564102564
4443.58974358974
4442.05128205128
4442.5641025641
4453.33333333333
4465.12820512821
4475.89743589744
4489.23076923077
4496.41025641026
4495.89743589744
4488.71794871795
4474.35897435897
4461.02564102564
4459.48717948718
4465.12820512821
4470.25641025641
4472.30769230769
4471.79487179487
4474.35897435897
4482.5641025641
4486.66666666667
4481.53846153846
4470.25641025641
4461.02564102564
4456.92307692308
4461.02564102564
4464.61538461538
4457.94871794872
4456.41025641026
4461.53846153846
4458.46153846154
4455.38461538462
4464.61538461538
4468.71794871795
4461.02564102564
4458.46153846154
4461.02564102564
4467.17948717949
4472.30769230769
4472.30769230769
4486.66666666667
4507.17948717949
4501.53846153846
4486.15384615385
4492.82051282051
4496.41025641026
4472.82051282051
4452.30769230769
4464.61538461538
4479.48717948718
4477.94871794872
4478.46153846154
4475.38461538462
4469.74358974359
4470.76923076923
4466.15384615385
4458.97435897436
4471.28205128205
4478.97435897436
4465.64102564103
4463.07692307692
4474.35897435897
4480.51282051282
4478.46153846154
4474.35897435897
4470.25641025641
4461.53846153846
4462.5641025641
4471.28205128205
4476.41025641026
4472.82051282051
4465.64102564103
4461.53846153846
4458.97435897436
4461.02564102564
4465.12820512821
4462.05128205128
4457.4358974359
4461.53846153846
4464.10256410256
4461.02564102564
4463.07692307692
4465.64102564103
4461.53846153846
4456.92307692308
4457.94871794872
4463.07692307692
4463.07692307692
4458.46153846154
4465.12820512821
4473.84615384615
4472.82051282051
4470.76923076923
4472.30769230769
4473.33333333333
4474.8717948718
4473.33333333333
4471.28205128205
4471.28205128205
4465.12820512821
4459.48717948718
4467.17948717949
4473.84615384615
4466.66666666667
4470.76923076923
4490.76923076923
4489.74358974359
4468.20512820513
4460.51282051282
4460.51282051282
4460
4469.23076923077
4470.76923076923
4465.64102564103
4476.41025641026
4483.58974358974
4474.35897435897
4471.28205128205
4475.89743589744
4474.8717948718
4476.92307692308
4478.97435897436
4483.07692307692
4491.28205128205
4487.17948717949
4476.41025641026
4473.84615384615
4481.02564102564
4488.20512820513
4492.30769230769
4491.79487179487
4489.74358974359
4491.28205128205
4492.82051282051
4492.82051282051
4490.25641025641
4484.61538461538
4488.20512820513
4509.74358974359
4526.66666666667
4525.12820512821
4522.05128205128
4516.41025641026
4499.48717948718
4488.71794871795
4491.79487179487
4488.20512820513
4475.89743589744
4469.74358974359
4473.33333333333
4482.05128205128
4490.76923076923
4493.33333333333
4490.25641025641
4488.71794871795
4491.28205128205
4493.33333333333
4492.82051282051
4485.64102564103
4474.8717948718
4470.76923076923
4483.07692307692
4488.20512820513
4475.38461538462
4475.38461538462
4491.28205128205
4493.84615384615
4485.64102564103
4487.17948717949
4489.23076923077
4490.76923076923
4493.33333333333
4486.15384615385
4489.23076923077
4508.71794871795
4507.17948717949
4481.53846153846
4474.8717948718
4489.23076923077
4491.28205128205
4488.20512820513
4484.61538461538
4476.92307692308
4481.02564102564
4490.76923076923
4489.23076923077
4490.25641025641
4494.35897435897
4478.97435897436
4470.25641025641
4482.05128205128
4487.69230769231
4500
4515.89743589744
4498.97435897436
4470.76923076923
4470.76923076923
4479.48717948718
4473.84615384615
4473.33333333333
4484.61538461538
4490.76923076923
4487.69230769231
4487.17948717949
4489.23076923077
4487.17948717949
4486.15384615385
4487.69230769231
4492.82051282051
4491.79487179487
4477.4358974359
4476.41025641026
4489.74358974359
4493.33333333333
4490.76923076923
4489.74358974359
4493.33333333333
4498.97435897436
4493.84615384615
4496.41025641026
4518.97435897436
4516.41025641026
4489.23076923077
4488.71794871795
4504.61538461538
4504.10256410256
4500.51282051282
4506.66666666667
4518.46153846154
4527.17948717949
4526.66666666667
4528.20512820513
4533.84615384615
4530.76923076923
4518.46153846154
4507.17948717949
4510.25641025641
4520.51282051282
4517.4358974359
4505.12820512821
4504.61538461538
4511.28205128205
4507.69230769231
4505.12820512821
4512.82051282051
4519.48717948718
4510.25641025641
4501.02564102564
4505.64102564103
4509.23076923077
4506.15384615385
4506.66666666667
4505.12820512821
4504.10256410256
4509.23076923077
4511.79487179487
4505.64102564103
4502.05128205128
4506.15384615385
4507.17948717949
4508.71794871795
4524.10256410256
4538.46153846154
4542.05128205128
4540
4525.12820512821
4505.64102564103
4505.64102564103
4510.76923076923
4503.07692307692
4503.58974358974
4506.66666666667
4497.4358974359
4493.84615384615
4491.28205128205
4487.17948717949
4494.8717948718
4501.53846153846
4492.30769230769
4487.69230769231
4493.33333333333
4491.28205128205
4487.69230769231
4491.79487179487
4491.28205128205
4480.51282051282
4472.82051282051
4475.89743589744
4479.48717948718
4477.4358974359
4479.48717948718
4480.51282051282
4476.92307692308
4476.92307692308
4479.48717948718
4474.8717948718
4469.74358974359
4479.48717948718
4491.79487179487
4483.58974358974
4474.35897435897
4492.82051282051
4507.17948717949
4489.74358974359
4472.30769230769
4475.38461538462
4479.48717948718
4476.41025641026
4472.30769230769
4471.28205128205
4472.82051282051
4473.84615384615
4478.46153846154
4482.5641025641
4490.76923076923
4508.71794871795
4523.07692307692
4533.33333333333
4551.28205128205
4560.51282051282
4553.33333333333
4551.79487179487
4551.79487179487
4551.28205128205
4563.58974358974
4573.33333333333
4567.69230769231
4566.15384615385
4568.71794871795
4567.69230769231
4569.74358974359
4569.23076923077
4556.92307692308
4548.20512820513
4554.8717948718
4555.38461538462
4541.02564102564
4531.79487179487
4537.4358974359
4536.41025641026
4526.66666666667
4518.97435897436
4512.30769230769
4505.12820512821
4507.69230769231
4514.8717948718
4523.07692307692
4529.74358974359
4530.25641025641
4522.5641025641
4509.23076923077
4494.35897435897
4487.69230769231
4487.69230769231
4491.28205128205
4494.8717948718
4493.33333333333
4488.20512820513
4494.35897435897
4504.10256410256
4498.97435897436
4490.76923076923
4491.79487179487
4490.76923076923
4489.23076923077
4490.76923076923
4482.5641025641
4474.35897435897
4479.48717948718
4481.02564102564
4480.51282051282
4488.20512820513
4496.41025641026
4491.79487179487
4490.25641025641
4500.51282051282
4499.48717948718
4491.28205128205
4491.79487179487
4489.23076923077
4483.07692307692
4487.17948717949
4493.84615384615
4495.89743589744
4505.64102564103
4521.02564102564
4520
4505.12820512821
4504.10256410256
4512.30769230769
4496.92307692308
4474.8717948718
4475.89743589744
4478.46153846154
4474.35897435897
4474.35897435897
4476.41025641026
4474.8717948718
4473.33333333333
4474.8717948718
4473.33333333333
4472.30769230769
4483.07692307692
4498.46153846154
4507.17948717949
4519.48717948718
4534.35897435897
4538.46153846154
4541.53846153846
4556.92307692308
4570.76923076923
4570.25641025641
4569.74358974359
4579.48717948718
4589.23076923077
4588.20512820513
4585.64102564103
4591.79487179487
4601.02564102564
4602.5641025641
4591.79487179487
4585.64102564103
4585.12820512821
4576.41025641026
4570.25641025641
4571.28205128205
4571.79487179487
4574.8717948718
4583.07692307692
4588.20512820513
4589.23076923077
4587.69230769231
4584.10256410256
4585.64102564103
4587.17948717949
4576.41025641026
4567.69230769231
4568.71794871795
4558.46153846154
4539.48717948718
4533.84615384615
4535.38461538462
4527.69230769231
4504.10256410256
4485.64102564103
4494.8717948718
4511.28205128205
4497.94871794872
4460
4443.58974358974
4461.02564102564
4478.46153846154
4475.89743589744
4473.33333333333
4471.28205128205
4457.4358974359
4451.28205128205
4463.07692307692
4471.28205128205
4465.12820512821
4457.94871794872
4462.5641025641
4465.12820512821
4457.4358974359
4457.94871794872
4462.05128205128
4460
4460
4458.46153846154
4457.4358974359
4466.15384615385
4477.4358974359
4479.48717948718
4469.23076923077
4447.69230769231
4438.46153846154
4447.17948717949
4446.15384615385
4441.53846153846
4454.8717948718
4461.53846153846
4452.82051282051
4450.76923076923
4455.38461538462
4452.82051282051
4453.84615384615
4469.74358974359
4481.53846153846
4478.97435897436
4471.79487179487
4472.82051282051
4483.58974358974
4483.58974358974
4474.35897435897
4475.38461538462
4476.41025641026
4471.79487179487
4477.4358974359
4485.64102564103
4477.94871794872
4471.28205128205
4480
4487.17948717949
4481.02564102564
4471.28205128205
4481.53846153846
4504.10256410256
4511.28205128205
4499.48717948718
4484.61538461538
4474.35897435897
4467.17948717949
4467.17948717949
4470.25641025641
4472.82051282051
4475.38461538462
4473.84615384615
4472.82051282051
4474.8717948718
4474.8717948718
4474.35897435897
4470.76923076923
4461.53846153846
4463.07692307692
4475.38461538462
4478.46153846154
4478.46153846154
4475.89743589744
4462.5641025641
4467.17948717949
4491.79487179487
4490.25641025641
4471.79487179487
4475.38461538462
4482.5641025641
4476.92307692308
4480
4483.58974358974
4474.35897435897
4469.74358974359
4472.30769230769
4470.76923076923
4466.66666666667
4471.28205128205
4486.15384615385
4491.28205128205
4475.89743589744
4469.74358974359
4472.82051282051
4465.12820512821
4464.61538461538
4476.92307692308
4478.97435897436
4473.33333333333
4471.79487179487
4471.28205128205
4472.82051282051
4477.4358974359
4474.8717948718
4466.15384615385
4458.97435897436
4459.48717948718
4467.17948717949
4467.69230769231
4472.30769230769
4498.46153846154
4509.74358974359
4493.84615384615
4497.4358974359
4514.35897435897
4499.48717948718
4477.94871794872
4474.8717948718
4475.89743589744
4471.28205128205
4461.02564102564
4462.05128205128
4474.35897435897
4470.76923076923
4458.97435897436
4458.97435897436
4463.58974358974
4461.53846153846
4458.97435897436
4466.66666666667
4477.94871794872
4476.92307692308
4470.76923076923
4472.30769230769
4470.76923076923
4473.33333333333
4481.53846153846
4471.28205128205
4461.53846153846
4470.25641025641
4473.33333333333
4471.79487179487
4484.10256410256
4491.79487179487
4488.71794871795
4491.79487179487
4493.84615384615
4490.25641025641
4490.76923076923
4494.35897435897
4492.82051282051
4489.23076923077
4502.05128205128
4523.07692307692
4524.10256410256
4504.61538461538
4490.25641025641
4488.20512820513
4485.64102564103
4476.41025641026
4471.28205128205
4484.10256410256
4494.8717948718
4489.23076923077
4488.20512820513
4491.28205128205
4481.53846153846
4476.92307692308
4491.28205128205
4496.92307692308
4487.69230769231
4487.17948717949
4487.69230769231
4483.07692307692
4486.15384615385
4490.76923076923
4487.17948717949
4487.69230769231
4494.35897435897
4493.33333333333
4490.25641025641
4489.23076923077
4483.07692307692
4473.84615384615
4472.30769230769
4475.89743589744
4476.92307692308
4477.94871794872
4477.94871794872
4480
4481.02564102564
4475.89743589744
4474.35897435897
4478.46153846154
4477.94871794872
4472.30769230769
4470.25641025641
4471.79487179487
4471.79487179487
4473.33333333333
4478.97435897436
4490.25641025641
4504.10256410256
4503.58974358974
4481.02564102564
4473.84615384615
4490.25641025641
4490.76923076923
4475.38461538462
4472.30769230769
4477.94871794872
4477.4358974359
4473.33333333333
4470.76923076923
4475.38461538462
4477.94871794872
4473.33333333333
4483.58974358974
4490.76923076923
4477.94871794872
4479.48717948718
4490.25641025641
4485.12820512821
4481.02564102564
4484.61538461538
4478.97435897436
4474.35897435897
4479.48717948718
4478.46153846154
4475.38461538462
4481.02564102564
4489.23076923077
4489.23076923077
4484.61538461538
4488.20512820513
4492.30769230769
4490.25641025641
4485.64102564103
4488.20512820513
4503.58974358974
4518.97435897436
4524.61538461538
4528.71794871795
4523.07692307692
4502.5641025641
4491.79487179487
4501.53846153846
4509.23076923077
4501.02564102564
4491.79487179487
4490.25641025641
4483.58974358974
4475.38461538462
4478.46153846154
4483.58974358974
4475.38461538462
4469.74358974359
4472.82051282051
4474.35897435897
4471.28205128205
4465.12820512821
4461.53846153846
4461.53846153846
4465.12820512821
4473.84615384615
4476.41025641026
4465.64102564103
4457.4358974359
4458.46153846154
4460
4460.51282051282
4463.07692307692
4465.64102564103
4462.5641025641
4460
4459.48717948718
4451.28205128205
4445.12820512821
4453.33333333333
4461.53846153846
4461.02564102564
4461.53846153846
4463.58974358974
4461.02564102564
4458.97435897436
4458.97435897436
4460
