P8
4196.92307692308
4175.38461538462
4141.02564102564
4152.30769230769
4189.74358974359
4195.89743589744
4168.71794871795
4148.71794871795
4156.92307692308
4173.33333333333
4173.84615384615
4165.12820512821
4171.28205128205
4184.61538461538
4189.74358974359
4202.5641025641
4223.07692307692
4240.51282051282
4248.71794871795
4260.51282051282
4278.46153846154
4278.46153846154
4269.23076923077
4265.64102564103
4252.82051282051
4224.10256410256
4204.10256410256
4207.69230769231
4208.20512820513
4191.79487179487
4170.25641025641
4163.07692307692
4169.23076923077
4167.69230769231
4163.58974358974
4171.28205128205
4180.51282051282
4157.4358974359
4132.30769230769
4163.58974358974
4195.38461538462
4174.8717948718
4150.76923076923
4142.05128205128
4141.02564102564
4155.89743589744
4162.05128205128
4148.71794871795
4151.28205128205
4160.51282051282
4151.28205128205
4151.79487179487
4158.46153846154
4145.12820512821
4132.82051282051
4142.05128205128
4152.82051282051
4153.33333333333
4144.10256410256
4130.25641025641
4130.25641025641
4137.4358974359
4139.48717948718
4137.94871794872
4127.17948717949
4124.61538461538
4136.41025641026
4133.84615384615
4118.46153846154
4114.8717948718
4121.53846153846
4127.17948717949
4122.5641025641
4120.51282051282
4145.12820512821
4158.97435897436
4142.5641025641
4126.66666666667
4120.51282051282
4125.12820512821
4126.15384615385
4109.74358974359
4118.97435897436
4143.07692307692
4127.17948717949
4111.28205128205
4125.12820512821
4111.28205128205
4088.20512820513
4115.89743589744
4143.07692307692
4124.10256410256
4104.10256410256
4106.66666666667
4106.15384615385
4109.74358974359
4125.64102564103
4126.15384615385
4111.79487179487
4110.76923076923
4116.92307692308
4107.69230769231
4095.89743589744
4106.15384615385
4125.64102564103
4124.61538461538
4116.41025641026
4125.12820512821
4125.64102564103
4107.17948717949
4098.97435897436
4111.28205128205
4115.89743589744
4115.89743589744
4120.51282051282
4108.71794871795
4105.12820512821
4123.07692307692
4124.61538461538
4120
4138.46153846154
4143.07692307692
4121.02564102564
4121.02564102564
4138.97435897436
4138.97435897436
4122.05128205128
4113.84615384615
4121.53846153846
4125.64102564103
4123.07692307692
4123.07692307692
4126.66666666667
4134.8717948718
4143.58974358974
4128.20512820513
4105.12820512821
4116.92307692308
4141.02564102564
4138.97435897436
4130.76923076923
4143.07692307692
4153.84615384615
4150.76923076923
4150.76923076923
4142.5641025641
4134.35897435897
4149.74358974359
4170.25641025641
4151.28205128205
4120
4133.33333333333
4158.97435897436
4155.89743589744
4150.25641025641
4154.8717948718
4146.66666666667
4138.46153846154
4151.28205128205
4153.84615384615
4136.92307692308
4131.79487179487
4142.05128205128
4141.02564102564
4134.8717948718
4141.02564102564
4143.07692307692
4132.30769230769
4132.30769230769
4146.15384615385
4154.8717948718
4155.38461538462
4149.23076923077
4141.53846153846
4136.41025641026
4132.82051282051
4137.94871794872
4149.23076923077
4161.53846153846
4170.76923076923
4183.58974358974
4207.69230769231
4222.05128205128
4223.58974358974
4243.58974358974
4280.51282051282
4291.79487179487
4273.84615384615
4253.33333333333
4239.48717948718
4225.12820512821
4215.38461538462
4215.89743589744
4210.76923076923
4190.76923076923
4175.89743589744
4174.35897435897
4173.33333333333
4166.15384615385
4158.97435897436
4154.35897435897
4154.35897435897
4157.4358974359
4153.84615384615
4142.5641025641
4133.84615384615
4127.69230769231
4121.02564102564
4115.89743589744
4123.07692307692
4135.38461538462
4139.48717948718
4136.92307692308
4131.28205128205
4120.51282051282
4122.5641025641
4144.10256410256
4152.30769230769
4151.28205128205
4152.30769230769
4144.61538461538
4145.64102564103
4155.89743589744
4152.82051282051
4151.79487179487
4162.05128205128
4144.10256410256
4121.02564102564
4130.25641025641
4137.4358974359
4125.12820512821
4120.51282051282
4128.71794871795
4141.53846153846
4157.4358974359
4152.82051282051
4130.25641025641
4129.74358974359
4142.05128205128
4136.92307692308
4140.51282051282
4159.48717948718
4140.51282051282
4116.92307692308
4136.92307692308
4141.53846153846
4125.12820512821
4139.48717948718
4139.48717948718
4126.15384615385
4142.5641025641
4150.76923076923
4143.58974358974
4147.17948717949
4133.84615384615
4109.23076923077
4135.38461538462
4172.30769230769
4169.74358974359
4171.28205128205
4163.58974358974
4126.66666666667
4120
4155.38461538462
4165.64102564103
4143.58974358974
4119.48717948718
4117.94871794872
4156.92307692308
4169.23076923077
4132.30769230769
4121.53846153846
4130.76923076923
4122.05128205128
4135.38461538462
4162.5641025641
4148.71794871795
4128.20512820513
4146.15384615385
4157.94871794872
4138.97435897436
4132.82051282051
4134.8717948718
4132.82051282051
4160.51282051282
4172.30769230769
4123.58974358974
4108.71794871795
4154.35897435897
4162.5641025641
4145.12820512821
4151.28205128205
4146.15384615385
4130.25641025641
4139.48717948718
4162.05128205128
4152.30769230769
4118.97435897436
4126.66666666667
4161.02564102564
4156.41025641026
4142.5641025641
4158.97435897436
4162.5641025641
4150.25641025641
4149.74358974359
4142.05128205128
4132.30769230769
4148.20512820513
4164.61538461538
4151.28205128205
4144.10256410256
4175.38461538462
4195.38461538462
4166.15384615385
4137.4358974359
4135.38461538462
4139.48717948718
4154.35897435897
4176.41025641026
4175.89743589744
4162.5641025641
4156.41025641026
4138.97435897436
4145.64102564103
4193.33333333333
4204.61538461538
4156.41025641026
4140.51282051282
4178.97435897436
4194.35897435897
4184.10256410256
4184.61538461538
4185.12820512821
4174.35897435897
4164.10256410256
4163.07692307692
4173.33333333333
4185.64102564103
4182.05128205128
4182.5641025641
4188.20512820513
4171.79487179487
4171.28205128205
4197.4358974359
4193.33333333333
4180.51282051282
4186.66666666667
4166.66666666667
4147.69230769231
4180.51282051282
4191.79487179487
4157.4358974359
4145.64102564103
4146.66666666667
4135.89743589744
4146.66666666667
4161.53846153846
4156.92307692308
4160.51282051282
4176.92307692308
4174.8717948718
4160
4162.5641025641
4169.74358974359
4165.12820512821
4167.17948717949
4166.66666666667
4157.94871794872
4161.02564102564
4169.74358974359
4166.15384615385
4164.10256410256
4169.23076923077
4167.17948717949
4156.92307692308
4149.23076923077
4161.02564102564
4180
4163.58974358974
4140.51282051282
4153.84615384615
4173.33333333333
4171.79487179487
4172.82051282051
4163.58974358974
4141.02564102564
4152.30769230769
4172.82051282051
4162.05128205128
4161.53846153846
4176.92307692308
4161.02564102564
4138.46153846154
4150.25641025641
4160
4146.66666666667
4155.38461538462
4176.41025641026
4152.30769230769
4124.10256410256
4147.17948717949
4163.07692307692
4147.69230769231
4143.07692307692
4142.05128205128
4136.41025641026
4154.35897435897
4171.79487179487
4148.20512820513
4113.84615384615
4130.25641025641
4169.23076923077
4169.23076923077
4156.41025641026
4158.46153846154
4146.15384615385
4142.05128205128
4165.12820512821
4166.66666666667
4165.64102564103
4177.94871794872
4156.41025641026
4144.10256410256
4168.20512820513
4160.51282051282
4144.61538461538
4172.82051282051
4182.05128205128
4147.69230769231
4128.71794871795
4133.84615384615
4145.12820512821
4141.53846153846
4114.35897435897
4113.33333333333
4153.84615384615
4174.35897435897
4168.20512820513
4175.89743589744
4176.41025641026
4157.4358974359
4156.92307692308
4172.82051282051
4177.94871794872
4165.64102564103
4159.48717948718
4171.79487179487
4189.23076923077
4196.41025641026
4168.71794871795
4136.92307692308
4147.17948717949
4176.41025641026
4179.48717948718
4155.38461538462
4146.66666666667
4168.20512820513
4183.07692307692
4172.30769230769
4164.10256410256
4162.05128205128
4164.61538461538
4178.46153846154
4173.84615384615
4163.07692307692
4166.15384615385
4156.92307692308
4155.89743589744
4169.74358974359
4166.66666666667
4170.76923076923
4184.10256410256
4181.53846153846
4164.61538461538
4148.71794871795
4162.5641025641
4197.94871794872
4193.33333333333
4169.74358974359
4182.5641025641
4187.17948717949
4167.69230769231
4170.76923076923
4170.76923076923
4155.38461538462
4162.05128205128
4169.74358974359
4156.92307692308
4148.71794871795
4157.94871794872
4168.20512820513
4173.84615384615
4173.33333333333
4171.79487179487
4170.25641025641
4162.5641025641
4164.61538461538
4185.12820512821
4198.97435897436
4202.05128205128
4213.33333333333
4236.41025641026
4260
4276.92307692308
4282.5641025641
4282.5641025641
4279.48717948718
4272.82051282051
4257.94871794872
4245.12820512821
4234.35897435897
4211.28205128205
4195.89743589744
4201.53846153846
4198.97435897436
4182.5641025641
4171.79487179487
4169.23076923077
4174.8717948718
4181.53846153846
4184.10256410256
4187.17948717949
4175.89743589744
4162.5641025641
4171.79487179487
4171.79487179487
4166.15384615385
4183.58974358974
4181.53846153846
4166.66666666667
4177.94871794872
4183.58974358974
4158.97435897436
4129.23076923077
4129.74358974359
4157.94871794872
4174.35897435897
4168.71794871795
4161.02564102564
4144.61538461538
4151.28205128205
4191.28205128205
4192.82051282051
4162.05128205128
4161.02564102564
4171.28205128205
4167.17948717949
4167.69230769231
4169.74358974359
4167.17948717949
4170.25641025641
4162.5641025641
4144.61538461538
4142.5641025641
4144.10256410256
4139.48717948718
4143.58974358974
4162.05128205128
4166.15384615385
4152.82051282051
4149.74358974359
4146.15384615385
4145.64102564103
4163.07692307692
4175.38461538462
4160
4147.69230769231
4152.30769230769
4154.8717948718
4168.20512820513
4177.94871794872
4164.61538461538
4169.23076923077
4189.74358974359
4179.48717948718
4158.46153846154
4162.5641025641
4159.48717948718
4134.8717948718
4133.84615384615
4151.79487179487
4161.02564102564
4160
4155.38461538462
4152.82051282051
4148.20512820513
4158.46153846154
4171.28205128205
4158.46153846154
4144.61538461538
4156.41025641026
4181.53846153846
4189.23076923077
4175.89743589744
4154.35897435897
4150.25641025641
4155.89743589744
4138.97435897436
4136.92307692308
4161.02564102564
4165.64102564103
4147.17948717949
4147.69230769231
4170.76923076923
4178.46153846154
4163.07692307692
4151.79487179487
4159.48717948718
4163.58974358974
4145.64102564103
4149.74358974359
4170.25641025641
4160
4149.23076923077
4176.92307692308
4200
4172.30769230769
4141.02564102564
4140
4145.64102564103
4152.30769230769
4168.71794871795
4183.58974358974
4173.84615384615
4156.92307692308
4154.8717948718
4161.02564102564
4175.38461538462
4173.84615384615
4144.10256410256
4131.28205128205
4161.02564102564
4183.58974358974
4166.66666666667
4151.28205128205
4166.66666666667
4176.41025641026
4153.84615384615
4145.12820512821
4178.46153846154
4194.8717948718
4166.15384615385
4149.23076923077
4169.23076923077
4177.4358974359
4155.38461538462
4146.66666666667
4165.12820512821
4174.35897435897
4167.17948717949
4157.94871794872
4157.4358974359
4157.4358974359
4148.71794871795
4155.38461538462
4172.30769230769
4160
4132.30769230769
4132.30769230769
4144.10256410256
4132.82051282051
4120
4135.38461538462
4150.25641025641
4141.02564102564
4129.74358974359
4137.4358974359
4154.8717948718
4161.53846153846
4150.76923076923
4146.15384615385
4155.89743589744
4152.82051282051
4151.28205128205
4166.66666666667
4167.17948717949
4148.71794871795
4144.61538461538
4154.8717948718
4156.41025641026
4147.69230769231
4149.23076923077
4157.4358974359
4146.66666666667
4142.5641025641
4161.53846153846
4164.10256410256
4152.30769230769
4152.30769230769
4153.33333333333
4152.82051282051
4152.30769230769
4133.84615384615
4131.79487179487
4168.20512820513
4176.41025641026
4152.30769230769
4149.74358974359
4155.38461538462
4152.30769230769
4151.79487179487
4145.12820512821
4132.30769230769
4131.79487179487
4135.89743589744
4132.30769230769
4138.97435897436
4156.92307692308
4154.35897435897
4147.17948717949
4173.84615384615
4186.15384615385
4153.33333333333
4147.17948717949
4162.05128205128
4131.79487179487
4121.02564102564
4164.10256410256
4180.51282051282
4161.02564102564
4150.25641025641
4147.69230769231
4143.07692307692
4146.66666666667
4152.30769230769
4159.48717948718
4156.92307692308
4132.82051282051
4136.41025641026
4167.17948717949
4168.20512820513
4156.41025641026
4166.15384615385
4166.66666666667
4153.33333333333
4152.30769230769
4147.17948717949
4134.35897435897
4133.33333333333
4143.58974358974
4147.17948717949
4132.30769230769
4133.33333333333
4154.35897435897
4154.8717948718
4151.79487179487
4166.66666666667
4163.07692307692
4129.74358974359
4119.48717948718
4145.64102564103
4154.35897435897
4138.46153846154
4145.64102564103
4166.15384615385
4156.41025641026
4146.66666666667
4164.61538461538
4180
4172.82051282051
4149.23076923077
4135.38461538462
4139.48717948718
4139.48717948718
4136.92307692308
4150.76923076923
4162.5641025641
4147.69230769231
4129.23076923077
4135.38461538462
4152.82051282051
4152.30769230769
4134.35897435897
4125.64102564103
4140
4151.28205128205
4134.35897435897
4137.4358974359
4169.74358974359
4166.66666666667
4149.74358974359
4162.05128205128
4171.79487179487
4185.12820512821
4205.12820512821
4198.97435897436
4189.23076923077
4180
4147.17948717949
4138.97435897436
4158.97435897436
4153.84615384615
4146.66666666667
4157.94871794872
4152.30769230769
4137.94871794872
4138.97435897436
4148.71794871795
4152.30769230769
4154.35897435897
4154.35897435897
4150.76923076923
4152.30769230769
4152.30769230769
4153.84615384615
4167.17948717949
4173.84615384615
4163.58974358974
4152.82051282051
4156.92307692308
4170.25641025641
4175.89743589744
4157.4358974359
4143.07692307692
4158.97435897436
4163.58974358974
4151.28205128205
4160
4176.41025641026
4169.23076923077
4159.48717948718
4175.89743589744
4189.74358974359
4173.84615384615
4150.25641025641
4158.97435897436
4172.82051282051
4154.8717948718
4149.23076923077
4168.20512820513
4172.82051282051
4164.61538461538
4163.58974358974
4171.79487179487
4177.4358974359
4165.64102564103
4151.79487179487
4152.82051282051
4146.66666666667
4128.71794871795
4131.79487179487
4155.89743589744
4171.79487179487
4172.30769230769
4157.4358974359
4132.82051282051
4129.23076923077
4154.8717948718
4175.89743589744
4161.02564102564
4143.58974358974
4157.4358974359
4178.46153846154
4178.97435897436
4168.20512820513
4167.17948717949
4158.97435897436
4150.25641025641
4168.71794871795
4190.76923076923
4184.10256410256
4155.38461538462
4143.07692307692
4160.51282051282
4190.25641025641
4193.33333333333
4171.28205128205
4197.4358974359
4256.41025641026
4256.92307692308
4241.02564102564
4289.23076923077
4327.17948717949
4302.05128205128
4288.20512820513
4276.41025641026
4256.41025641026
4296.92307692308
4351.79487179487
4332.30769230769
4292.82051282051
4295.89743589744
4301.53846153846
4292.82051282051
4295.38461538462
4295.38461538462
4272.82051282051
4260
4267.69230769231
4258.97435897436
4233.84615384615
4223.07692307692
4216.41025641026
4206.66666666667
4204.61538461538
4195.89743589744
4185.12820512821
4176.92307692308
4170.25641025641
4178.46153846154
4182.5641025641
4164.61538461538
4147.69230769231
4149.74358974359
4155.89743589744
4156.92307692308
4151.79487179487
4151.28205128205
4167.17948717949
4174.8717948718
4158.46153846154
4149.74358974359
4166.66666666667
4172.30769230769
4157.4358974359
4138.46153846154
4127.69230769231
4141.53846153846
4153.84615384615
4134.8717948718
4130.25641025641
4148.71794871795
4148.20512820513
4143.07692307692
4151.79487179487
4138.97435897436
4125.64102564103
4160.51282051282
4200
4190.25641025641
4154.35897435897
4143.07692307692
4153.84615384615
4164.10256410256
4178.97435897436
4165.64102564103
4140
4148.20512820513
4174.35897435897
4176.41025641026
4151.79487179487
4136.41025641026
4144.10256410256
4168.71794871795
4173.33333333333
4152.30769230769
4153.33333333333
4172.30769230769
4175.38461538462
4163.07692307692
4155.89743589744
4150.76923076923
4152.82051282051
4164.10256410256
4167.17948717949
4168.71794871795
4184.10256410256
4211.79487179487
4235.89743589744
4249.74358974359
4247.17948717949
4237.94871794872
4249.74358974359
4269.23076923077
4263.58974358974
4255.38461538462
4268.20512820513
4281.53846153846
4282.5641025641
4268.71794871795
4252.82051282051
4261.53846153846
4269.23076923077
4238.46153846154
4225.12820512821
4254.8717948718
4256.41025641026
4227.17948717949
4223.07692307692
4237.4358974359
4229.74358974359
4228.20512820513
4241.02564102564
4240
4240
4236.41025641026
4224.61538461538
4232.82051282051
4250.76923076923
4259.48717948718
4245.12820512821
4227.17948717949
4234.8717948718
4247.69230769231
4240.51282051282
4240
4234.8717948718
4187.69230769231
4160.51282051282
4178.97435897436
4182.05128205128
4151.28205128205
4112.30769230769
4129.23076923077
4187.69230769231
4201.02564102564
4162.5641025641
4130.76923076923
4129.23076923077
4149.74358974359
4136.92307692308
4100.51282051282
4129.23076923077
4170.25641025641
4154.35897435897
4132.82051282051
4137.4358974359
4141.53846153846
4134.35897435897
4126.66666666667
4131.79487179487
4143.58974358974
4135.89743589744
4122.05128205128
4115.38461538462
4130.25641025641
4144.10256410256
4110.76923076923
4099.48717948718
4124.10256410256
4112.30769230769
4111.28205128205
4153.33333333333
4159.48717948718
4124.61538461538
4113.84615384615
4116.92307692308
4113.84615384615
4126.66666666667
4149.74358974359
4148.20512820513
4126.66666666667
4126.66666666667
4137.4358974359
4135.89743589744
4135.89743589744
4135.38461538462
4142.05128205128
4157.4358974359
4147.69230769231
4125.12820512821
4132.82051282051
4136.41025641026
4115.89743589744
4134.35897435897
4170.25641025641
4157.4358974359
4123.07692307692
4117.4358974359
4144.61538461538
4152.30769230769
4104.10256410256
4077.4358974359
4114.35897435897
4130.76923076923
4116.92307692308
4122.5641025641
4117.4358974359
4117.94871794872
4141.02564102564
4126.15384615385
4114.8717948718
4146.15384615385
4147.17948717949
4117.94871794872
4113.84615384615
4121.53846153846
4116.41025641026
4124.10256410256
4128.71794871795
4105.12820512821
4094.35897435898
4138.46153846154
4182.05128205128
4156.41025641026
4122.5641025641
4134.8717948718
4153.33333333333
4158.46153846154
4153.84615384615
4128.71794871795
4105.64102564103
4126.66666666667
4153.33333333333
4144.61538461538
4130.76923076923
4115.38461538462
4101.02564102564
4121.53846153846
4161.02564102564
4165.12820512821
4128.20512820513
4095.89743589744
4110.76923076923
4159.48717948718
4174.35897435897
4159.48717948718
4147.17948717949
4127.17948717949
4133.33333333333
4159.48717948718
4144.61538461538
4129.23076923077
4151.28205128205
4148.71794871795
4113.33333333333
4114.35897435897
4148.71794871795
4161.53846153846
4144.61538461538
4134.35897435897
4132.82051282051
4124.61538461538
4132.82051282051
4165.12820512821
4178.46153846154
4162.5641025641
4122.5641025641
4100
4143.07692307692
4184.10256410256
4155.89743589744
4118.46153846154
4121.53846153846
4131.79487179487
4125.12820512821
4121.53846153846
4134.8717948718
4154.8717948718
4154.35897435897
4137.4358974359
4127.17948717949
4135.89743589744
4154.8717948718
4144.10256410256
4127.69230769231
4140.51282051282
4133.33333333333
4105.12820512821
4125.64102564103
4163.58974358974
4145.64102564103
4123.07692307692
4117.94871794872
4104.61538461538
4100.51282051282
4115.89743589744
4132.82051282051
4138.46153846154
4124.61538461538
4113.84615384615
4130.76923076923
4135.38461538462
4122.5641025641
4134.35897435897
4147.69230769231
4131.79487179487
4117.4358974359
4128.71794871795
4134.8717948718
4115.38461538462
4105.12820512821
4129.74358974359
4146.15384615385
4137.4358974359
4141.53846153846
4161.02564102564
4148.20512820513
4116.41025641026
4110.25641025641
4122.05128205128
4128.20512820513
4123.58974358974
4121.02564102564
4121.53846153846
4118.46153846154
4125.12820512821
4140.51282051282
4140.51282051282
4138.46153846154
4152.30769230769
4144.10256410256
4121.53846153846
4122.05128205128
4129.23076923077
4127.17948717949
4133.84615384615
4150.25641025641
4146.66666666667
4125.12820512821
4123.07692307692
4140.51282051282
4141.02564102564
4137.4358974359
4146.66666666667
4129.23076923077
4112.82051282051
4140
4150.76923076923
4123.58974358974
4119.48717948718
4129.74358974359
4122.05128205128
4144.10256410256
4175.89743589744
4164.10256410256
4154.8717948718
4157.94871794872
4146.15384615385
4141.53846153846
4145.64102564103
4126.66666666667
4112.82051282051
4134.8717948718
4150.76923076923
4153.84615384615
4159.48717948718
4152.30769230769
4143.07692307692
4152.30769230769
4151.28205128205
4129.23076923077
4132.30769230769
4164.10256410256
4174.35897435897
4158.97435897436
4150.25641025641
4155.38461538462
4155.38461538462
4151.79487179487
4153.33333333333
4150.25641025641
4135.38461538462
4116.92307692308
4132.30769230769
4171.79487179487
4164.10256410256
4129.74358974359
4135.89743589744
4164.10256410256
4170.76923076923
4169.23076923077
4156.41025641026
4139.48717948718
4154.8717948718
4175.89743589744
4160.51282051282
4141.02564102564
4142.05128205128
4141.02564102564
4133.84615384615
4134.8717948718
4144.10256410256
4137.94871794872
4115.89743589744
4116.92307692308
4139.48717948718
4142.05128205128
4131.28205128205
4124.61538461538
4114.8717948718
4117.4358974359
4137.94871794872
4148.71794871795
4141.53846153846
4135.89743589744
4130.25641025641
4122.05128205128
4133.84615384615
4146.66666666667
4126.15384615385
4115.89743589744
4142.05128205128
4143.07692307692
4113.33333333333
4109.74358974359
4129.23076923077
4141.02564102564
4142.05128205128
4139.48717948718
4137.4358974359
4137.94871794872
4133.84615384615
4131.79487179487
4143.07692307692
