F3
4039.48717948718
4043.07692307692
4046.15384615385
4053.84615384615
4063.58974358974
4056.41025641026
4048.71794871795
4054.35897435898
4054.35897435898
4047.69230769231
4049.23076923077
4047.69230769231
4050.25641025641
4066.15384615385
4076.92307692308
4079.48717948718
4093.33333333333
4107.69230769231
4113.84615384615
4115.38461538462
4103.58974358974
4090.25641025641
4093.33333333333
4093.33333333333
4075.89743589744
4063.58974358974
4071.28205128205
4081.02564102564
4070.25641025641
4052.30769230769
4053.33333333333
4060
4062.05128205128
4066.66666666667
4066.15384615385
4061.02564102564
4058.46153846154
4056.41025641026
4055.89743589744
4055.38461538462
4051.79487179487
4052.82051282051
4053.33333333333
4050.25641025641
4050.25641025641
4050.76923076923
4051.79487179487
4057.4358974359
4062.05128205128
4064.61538461539
4064.10256410256
4060.51282051282
4058.46153846154
4059.48717948718
4061.53846153846
4060.51282051282
4060
4062.5641025641
4062.5641025641
4054.8717948718
4045.12820512821
4040.51282051282
4049.74358974359
4058.46153846154
4047.17948717949
4032.30769230769
4033.84615384615
4038.97435897436
4035.89743589744
4038.97435897436
4044.10256410256
4035.89743589744
4030.25641025641
4038.97435897436
4045.64102564103
4046.66666666667
4041.02564102564
4025.64102564103
4018.46153846154
4032.82051282051
4042.05128205128
4029.74358974359
4017.4358974359
4018.97435897436
4024.61538461539
4014.8717948718
3999.48717948718
3998.97435897436
4008.71794871795
4011.79487179487
4005.12820512821
4000.51282051282
4004.10256410256
4007.17948717949
4003.58974358974
4002.5641025641
4005.64102564103
4004.61538461539
4003.07692307692
4006.66666666667
4005.12820512821
3998.97435897436
3997.4358974359
3997.4358974359
4002.5641025641
4006.15384615385
3994.8717948718
3983.07692307692
3986.15384615385
3989.74358974359
3989.23076923077
3994.35897435898
3997.4358974359
3989.74358974359
3979.48717948718
3973.84615384615
3972.30769230769
3973.33333333333
3976.92307692308
3976.41025641026
3975.38461538462
3976.92307692308
3976.41025641026
3972.30769230769
3969.74358974359
3964.61538461539
3957.94871794872
3956.92307692308
3956.92307692308
3948.20512820513
3940.51282051282
3946.15384615385
3951.28205128205
3943.07692307692
3941.02564102564
3950.25641025641
3954.35897435898
3953.33333333333
3956.41025641026
3957.4358974359
3958.46153846154
3961.53846153846
3962.5641025641
3966.66666666667
3969.23076923077
3962.05128205128
3947.69230769231
3940.51282051282
3946.15384615385
3952.30769230769
3949.23076923077
3940.51282051282
3940
3950.76923076923
3958.97435897436
3954.8717948718
3950.25641025641
3951.28205128205
3943.58974358974
3935.89743589744
3945.12820512821
3944.61538461539
3928.20512820513
3928.20512820513
3946.15384615385
3944.61538461539
3927.69230769231
3925.12820512821
3927.17948717949
3926.15384615385
3925.64102564103
3918.97435897436
3911.28205128205
3909.23076923077
3909.74358974359
3913.33333333333
3925.12820512821
3937.94871794872
3941.53846153846
3939.48717948718
3946.66666666667
3959.48717948718
3960.51282051282
3957.4358974359
3963.07692307692
3963.58974358974
3961.53846153846
3965.64102564103
3957.94871794872
3931.28205128205
3921.53846153846
3936.41025641026
3936.41025641026
3923.07692307692
3918.97435897436
3908.71794871795
3897.94871794872
3906.66666666667
3908.71794871795
3885.64102564103
3880.51282051282
3894.35897435898
3887.17948717949
3874.8717948718
3887.69230769231
3895.38461538462
3880
3874.35897435898
3879.48717948718
3877.94871794872
3885.12820512821
3892.82051282051
3886.66666666667
3891.28205128205
3911.28205128205
3912.82051282051
3903.58974358974
3906.66666666667
3911.28205128205
3910.25641025641
3908.20512820513
3908.20512820513
3908.20512820513
3903.07692307692
3896.41025641026
3893.84615384615
3892.30769230769
3890.25641025641
3886.15384615385
3880
3877.4358974359
3879.48717948718
3887.69230769231
3895.89743589744
3888.20512820513
3876.41025641026
3880.51282051282
3885.12820512821
3881.53846153846
3882.5641025641
3884.10256410256
3881.02564102564
3884.10256410256
3881.02564102564
3867.17948717949
3867.17948717949
3882.05128205128
3886.66666666667
3876.92307692308
3865.12820512821
3868.20512820513
3877.94871794872
3870.25641025641
3860
3864.10256410256
3867.17948717949
3867.17948717949
3864.10256410256
3852.82051282051
3839.48717948718
3833.84615384615
3841.02564102564
3852.30769230769
3850.25641025641
3842.05128205128
3853.33333333333
3864.61538461539
3855.89743589744
3844.61538461539
3851.79487179487
3867.17948717949
3864.61538461539
3848.20512820513
3844.10256410256
3855.38461538462
3856.41025641026
3853.84615384615
3860
3857.94871794872
3848.71794871795
3848.20512820513
3850.76923076923
3850.25641025641
3846.66666666667
3843.58974358974
3846.15384615385
3849.23076923077
3853.33333333333
3862.5641025641
3871.79487179487
3880.51282051282
3874.8717948718
3860
3865.64102564103
3873.33333333333
3863.58974358974
3867.69230769231
3873.84615384615
3863.07692307692
3865.64102564103
3881.02564102564
3877.4358974359
3866.15384615385
3865.64102564103
3863.07692307692
3864.10256410256
3874.8717948718
3882.05128205128
3880.51282051282
3876.92307692308
3881.53846153846
3888.20512820513
3885.12820512821
3876.92307692308
3876.41025641026
3876.92307692308
3876.41025641026
3880
3882.5641025641
3884.10256410256
3890.76923076923
3904.10256410256
3909.74358974359
3898.97435897436
3891.79487179487
3903.58974358974
3910.76923076923
3908.71794871795
3908.71794871795
3902.05128205128
3905.12820512821
3918.46153846154
3914.8717948718
3905.12820512821
3906.66666666667
3910.25641025641
3912.30769230769
3918.97435897436
3914.8717948718
3899.48717948718
3896.92307692308
3913.84615384615
3931.79487179487
3927.17948717949
3913.84615384615
3913.33333333333
3914.35897435898
3909.23076923077
3906.15384615385
3904.10256410256
3897.94871794872
3893.84615384615
3899.48717948718
3899.48717948718
3894.8717948718
3901.02564102564
3914.35897435898
3916.92307692308
3911.28205128205
3909.74358974359
3908.20512820513
3912.82051282051
3925.12820512821
3925.64102564103
3915.38461538462
3910.76923076923
3909.74358974359
3911.28205128205
3916.92307692308
3915.38461538462
3909.23076923077
3910.76923076923
3908.71794871795
3901.53846153846
3907.17948717949
3916.41025641026
3902.5641025641
3889.74358974359
3900
3911.28205128205
3908.71794871795
3907.69230769231
3912.30769230769
3913.33333333333
3913.33333333333
3912.30769230769
3910.25641025641
3911.28205128205
3907.17948717949
3900
3895.89743589744
3896.92307692308
3898.97435897436
3895.89743589744
3893.33333333333
3893.84615384615
3891.79487179487
3891.28205128205
3895.38461538462
3891.28205128205
3879.48717948718
3876.41025641026
3886.15384615385
3896.92307692308
3896.92307692308
3884.10256410256
3875.38461538462
3888.71794871795
3896.92307692308
3883.07692307692
3878.97435897436
3894.35897435898
3895.89743589744
3890.25641025641
3897.94871794872
3897.94871794872
3889.23076923077
3884.61538461539
3880.51282051282
3881.53846153846
3883.07692307692
3879.48717948718
3883.07692307692
3897.94871794872
3899.48717948718
3885.12820512821
3877.4358974359
3881.02564102564
3883.07692307692
3881.02564102564
3880
3878.97435897436
3875.89743589744
3880
3886.15384615385
3883.58974358974
3885.12820512821
3895.38461538462
3900.51282051282
3898.46153846154
3891.79487179487
3882.05128205128
3883.07692307692
3900
3913.33333333333
3910.76923076923
3898.46153846154
3893.33333333333
3898.46153846154
3896.92307692308
3901.53846153846
3913.33333333333
3905.64102564103
3894.8717948718
3909.23076923077
3916.41025641026
3896.92307692308
3887.69230769231
3901.02564102564
3898.97435897436
3878.46153846154
3877.94871794872
3895.38461538462
3898.97435897436
3892.82051282051
3895.38461538462
3898.97435897436
3896.92307692308
3890.25641025641
3883.58974358974
3896.41025641026
3911.79487179487
3903.58974358974
3890.25641025641
3894.8717948718
3901.02564102564
3894.35897435898
3891.28205128205
3895.89743589744
3898.97435897436
3893.33333333333
3883.07692307692
3880
3879.48717948718
3875.89743589744
3873.84615384615
3876.92307692308
3877.94871794872
3875.89743589744
3878.97435897436
3877.4358974359
3865.64102564103
3859.48717948718
3869.23076923077
3878.46153846154
3875.38461538462
3872.82051282051
3876.41025641026
3878.46153846154
3879.48717948718
3890.25641025641
3908.71794871795
3915.38461538462
3915.38461538462
3925.12820512821
3932.30769230769
3927.17948717949
3925.12820512821
3928.20512820513
3929.23076923077
3928.20512820513
3917.94871794872
3908.71794871795
3910.76923076923
3903.58974358974
3893.33333333333
3893.84615384615
3898.46153846154
3897.4358974359
3884.10256410256
3874.8717948718
3887.69230769231
3895.89743589744
3885.12820512821
3891.28205128205
3904.10256410256
3889.23076923077
3869.74358974359
3876.41025641026
3888.71794871795
3895.38461538462
3905.64102564103
3907.17948717949
3895.38461538462
3890.76923076923
3888.20512820513
3872.30769230769
3867.17948717949
3881.53846153846
3884.61538461539
3879.48717948718
3880
3880
3875.89743589744
3875.89743589744
3878.46153846154
3880.51282051282
3883.07692307692
3876.92307692308
3865.64102564103
3863.07692307692
3866.66666666667
3866.66666666667
3864.10256410256
3862.5641025641
3861.02564102564
3861.53846153846
3866.66666666667
3876.41025641026
3880.51282051282
3873.33333333333
3858.97435897436
3856.41025641026
3875.38461538462
3882.05128205128
3863.58974358974
3862.05128205128
3876.92307692308
3877.94871794872
3882.5641025641
3891.28205128205
3880.51282051282
3870.76923076923
3877.94871794872
3878.46153846154
3868.20512820513
3863.58974358974
3866.15384615385
3866.15384615385
3862.05128205128
3860.51282051282
3854.35897435898
3848.20512820513
3856.92307692308
3866.15384615385
3863.58974358974
3860.51282051282
3863.58974358974
3865.12820512821
3869.74358974359
3876.41025641026
3881.02564102564
3883.58974358974
3876.41025641026
3866.66666666667
3863.58974358974
3857.94871794872
3847.17948717949
3843.58974358974
3846.66666666667
3849.23076923077
3851.28205128205
3849.74358974359
3851.28205128205
3852.82051282051
3846.66666666667
3846.15384615385
3850.76923076923
3851.28205128205
3849.23076923077
3846.66666666667
3843.58974358974
3844.10256410256
3847.17948717949
3848.71794871795
3847.17948717949
3845.12820512821
3844.10256410256
3841.53846153846
3833.33333333333
3830.76923076923
3846.15384615385
3852.30769230769
3835.89743589744
3831.79487179487
3846.66666666667
3851.28205128205
3845.12820512821
3844.10256410256
3845.12820512821
3844.61538461539
3843.58974358974
3845.12820512821
3847.17948717949
3844.10256410256
3843.58974358974
3849.74358974359
3847.17948717949
3843.07692307692
3850.76923076923
3854.8717948718
3845.64102564103
3842.5641025641
3854.8717948718
3861.53846153846
3858.97435897436
3861.02564102564
3864.10256410256
3865.64102564103
3870.76923076923
3875.89743589744
3879.48717948718
3875.89743589744
3863.07692307692
3857.4358974359
3864.61538461539
3862.5641025641
3855.38461538462
3866.66666666667
3873.33333333333
3866.66666666667
3859.48717948718
3854.8717948718
3852.30769230769
3857.4358974359
3867.69230769231
3866.66666666667
3861.02564102564
3863.07692307692
3865.64102564103
3863.58974358974
3862.05128205128
3860.51282051282
3865.12820512821
3877.4358974359
3873.33333333333
3863.07692307692
3875.38461538462
3885.12820512821
3874.8717948718
3876.41025641026
3886.15384615385
3876.92307692308
3866.66666666667
3873.84615384615
3880.51282051282
3875.89743589744
3875.38461538462
3876.92307692308
3875.38461538462
3877.94871794872
3882.05128205128
3881.02564102564
3878.97435897436
3886.66666666667
3895.89743589744
3889.74358974359
3881.53846153846
3881.02564102564
3878.97435897436
3876.41025641026
3874.35897435898
3864.61538461539
3863.58974358974
3883.07692307692
3895.89743589744
3893.84615384615
3890.76923076923
3892.30769230769
3893.33333333333
3886.66666666667
3878.46153846154
3884.10256410256
3895.89743589744
3893.84615384615
3885.12820512821
3889.74358974359
3894.8717948718
3886.15384615385
3876.92307692308
3880.51282051282
3884.61538461539
3880.51282051282
3876.92307692308
3878.97435897436
3881.02564102564
3881.53846153846
3883.58974358974
3883.07692307692
3876.41025641026
3875.38461538462
3882.05128205128
3887.17948717949
3891.79487179487
3894.8717948718
3883.07692307692
3872.82051282051
3886.66666666667
3897.94871794872
3885.64102564103
3871.79487179487
3872.82051282051
3876.92307692308
3873.84615384615
3876.92307692308
3886.66666666667
3892.82051282051
3895.89743589744
3889.23076923077
3878.46153846154
3884.10256410256
3890.76923076923
3874.8717948718
3868.71794871795
3890.25641025641
3901.02564102564
3894.8717948718
3893.33333333333
3896.41025641026
3900
3897.4358974359
3892.30769230769
3892.30769230769
3890.25641025641
3875.89743589744
3872.82051282051
3889.23076923077
3895.89743589744
3892.82051282051
3897.94871794872
3896.41025641026
3877.94871794872
3869.74358974359
3886.15384615385
3894.8717948718
3881.53846153846
3878.97435897436
3893.84615384615
3897.94871794872
3890.25641025641
3895.38461538462
3911.28205128205
3910.25641025641
3896.92307692308
3896.41025641026
3896.92307692308
3880.51282051282
3868.71794871795
3884.10256410256
3892.30769230769
3882.05128205128
3884.61538461539
3888.20512820513
3879.48717948718
3884.61538461539
3896.41025641026
3886.15384615385
3876.92307692308
3880
3879.48717948718
3889.74358974359
3892.82051282051
3875.89743589744
3879.48717948718
3896.41025641026
3887.69230769231
3874.8717948718
3886.15384615385
3897.94871794872
3894.35897435898
3891.28205128205
3890.76923076923
3889.23076923077
3893.33333333333
3896.92307692308
3892.82051282051
3894.35897435898
3897.4358974359
3892.30769230769
3892.82051282051
3892.30769230769
3885.12820512821
3891.28205128205
3901.02564102564
3895.38461538462
3894.35897435898
3898.46153846154
3894.35897435898
3892.82051282051
3893.33333333333
3892.30769230769
3893.84615384615
3893.84615384615
3893.84615384615
3894.35897435898
3891.79487179487
3892.30769230769
3891.28205128205
3873.84615384615
3855.89743589744
3860.51282051282
3866.66666666667
3853.33333333333
3846.15384615385
3858.46153846154
3866.66666666667
3863.07692307692
3863.07692307692
3859.48717948718
3849.74358974359
3855.89743589744
3876.41025641026
3882.05128205128
3871.28205128205
3873.33333333333
3880.51282051282
3867.17948717949
3858.97435897436
3874.8717948718
3874.8717948718
3860
3867.69230769231
3880
3878.46153846154
3877.94871794872
3881.02564102564
3875.38461538462
3876.41025641026
3890.25641025641
3904.61538461539
3916.92307692308
3925.64102564103
3924.61538461539
3922.05128205128
3929.23076923077
3941.02564102564
3955.89743589744
3961.53846153846
3948.20512820513
3942.05128205128
3952.30769230769
3955.89743589744
3953.84615384615
3959.48717948718
3956.41025641026
3940.51282051282
3935.89743589744
3943.58974358974
3941.53846153846
3928.71794871795
3913.84615384615
3910.25641025641
3914.35897435898
3904.61538461539
3888.71794871795
3893.33333333333
3904.10256410256
3891.79487179487
3880
3881.53846153846
3881.53846153846
3881.53846153846
3882.5641025641
3882.05128205128
3880.51282051282
3877.4358974359
3873.84615384615
3885.12820512821
3902.05128205128
3891.28205128205
3873.84615384615
3885.64102564103
3898.46153846154
3887.69230769231
3875.89743589744
3877.4358974359
3887.17948717949
3896.92307692308
3895.89743589744
3892.82051282051
3897.4358974359
3888.71794871795
3878.46153846154
3889.74358974359
3898.97435897436
3894.8717948718
3900
3910.25641025641
3908.71794871795
3907.69230769231
3910.76923076923
3914.8717948718
3921.53846153846
3923.58974358974
3915.89743589744
3909.23076923077
3909.23076923077
3906.15384615385
3906.66666666667
3909.23076923077
3899.48717948718
3889.74358974359
3902.05128205128
3915.38461538462
3911.28205128205
3910.76923076923
3910.25641025641
3895.89743589744
3896.41025641026
3911.79487179487
3911.28205128205
3905.64102564103
3906.66666666667
3900
3899.48717948718
3908.71794871795
3911.79487179487
3915.89743589744
3931.28205128205
3942.5641025641
3941.02564102564
3942.5641025641
3955.38461538462
3970.76923076923
3973.84615384615
3974.8717948718
3984.10256410256
3991.79487179487
3992.82051282051
3990.25641025641
3990.76923076923
4003.58974358974
4013.33333333333
4007.17948717949
4001.53846153846
4005.12820512821
4003.07692307692
4000.51282051282
4010.76923076923
4021.53846153846
4025.64102564103
4027.69230769231
4032.82051282051
4038.46153846154
4032.82051282051
4021.02564102564
4017.4358974359
4021.53846153846
4020
4013.84615384615
4006.15384615385
3990.76923076923
3972.82051282051
3969.23076923077
3971.28205128205
3949.23076923077
3921.02564102564
3923.58974358974
3924.10256410256
3901.53846153846
3886.66666666667
3885.64102564103
3894.8717948718
3910.25641025641
3904.10256410256
3886.15384615385
3896.92307692308
3913.84615384615
3911.79487179487
3903.58974358974
3885.64102564103
3876.92307692308
3890.76923076923
3897.94871794872
3894.35897435898
3892.82051282051
3884.61538461539
3876.41025641026
3884.61538461539
3897.4358974359
3895.38461538462
3881.02564102564
3876.92307692308
3881.02564102564
3876.92307692308
3873.84615384615
3878.46153846154
3876.92307692308
3876.41025641026
3882.05128205128
3884.61538461539
3887.69230769231
3886.66666666667
3877.4358974359
3876.41025641026
3885.12820512821
3882.05128205128
3872.30769230769
3882.5641025641
3896.41025641026
3889.23076923077
3874.8717948718
3874.8717948718
3881.02564102564
3883.07692307692
3879.48717948718
3873.84615384615
3876.92307692308
3881.02564102564
3877.94871794872
3877.94871794872
3881.53846153846
3881.02564102564
3884.10256410256
3894.35897435898
3898.46153846154
3886.15384615385
3874.35897435898
3874.8717948718
3880.51282051282
3878.46153846154
3868.20512820513
3863.07692307692
3865.64102564103
3867.17948717949
3864.10256410256
3864.10256410256
3865.64102564103
3867.17948717949
3863.58974358974
3857.4358974359
3869.23076923077
3880.51282051282
3868.20512820513
3853.84615384615
3861.02564102564
3878.46153846154
3881.53846153846
3866.66666666667
3861.53846153846
3877.4358974359
3882.05128205128
3874.8717948718
3879.48717948718
3882.5641025641
3873.33333333333
3878.97435897436
3891.79487179487
3885.64102564103
3875.38461538462
3869.74358974359
3865.12820512821
3872.82051282051
3885.12820512821
3881.02564102564
3873.84615384615
3878.97435897436
3882.5641025641
3880
3873.84615384615
3875.38461538462
3882.5641025641
3882.5641025641
3872.82051282051
3873.84615384615
3889.23076923077
3887.17948717949
3872.30769230769
3875.38461538462
3885.12820512821
3882.05128205128
3880.51282051282
3883.07692307692
3878.97435897436
3881.02564102564
3883.07692307692
3880
3884.61538461539
3889.74358974359
3883.07692307692
3881.02564102564
3892.82051282051
3898.46153846154
3894.8717948718
3894.35897435898
3897.4358974359
3901.02564102564
3897.4358974359
3893.33333333333
3891.79487179487
3883.07692307692
3881.53846153846
3891.79487179487
3898.97435897436
3893.84615384615
3882.05128205128
3881.53846153846
3893.84615384615
3898.97435897436
3895.38461538462
3895.38461538462
3894.8717948718
3900.51282051282
3908.20512820513
3901.53846153846
3890.25641025641
3884.10256410256
3882.5641025641
3880
3876.92307692308
3881.53846153846
3893.33333333333
3906.15384615385
3909.74358974359
3902.05128205128
3897.94871794872
3908.20512820513
3917.4358974359
3913.84615384615
3907.17948717949
3912.30769230769
3927.17948717949
3926.66666666667
3911.79487179487
3907.69230769231
3913.33333333333
3915.89743589744
3915.38461538462
3914.8717948718
3912.30769230769
3910.25641025641
3910.25641025641
3912.82051282051
3910.76923076923
3909.23076923077
3916.41025641026
3921.02564102564
3917.4358974359
3905.64102564103
3893.33333333333
3896.41025641026
3908.71794871795
3912.30769230769
3908.71794871795
3909.74358974359
3912.30769230769
3911.28205128205
3910.76923076923
3913.84615384615
3915.89743589744
3909.74358974359
3904.61538461539
3905.12820512821
3909.23076923077
3912.82051282051
3912.30769230769
3916.41025641026
3925.12820512821
3930.25641025641
3927.69230769231
3917.94871794872
3907.69230769231
3908.71794871795
3914.8717948718
3912.30769230769
3910.25641025641
3918.97435897436
3928.71794871795
3926.15384615385
3912.30769230769
3912.30769230769
3923.58974358974
3928.20512820513
3929.23076923077
3931.28205128205
3927.69230769231
3923.58974358974
3925.64102564103
3927.69230769231
3922.05128205128
3914.35897435898
3918.46153846154
3928.20512820513
3924.61538461539
3924.61538461539
3936.41025641026
3932.82051282051
3922.5641025641
3924.10256410256
3928.20512820513
3926.66666666667
3925.12820512821
3925.64102564103
3928.71794871795
3931.79487179487
3927.17948717949
3923.58974358974
3924.61538461539
3926.66666666667
3929.23076923077
3923.07692307692
3909.23076923077
3907.17948717949
3914.35897435898
3915.38461538462
3909.74358974359
3907.69230769231
3918.97435897436
3926.66666666667
3915.38461538462
3906.15384615385
3911.79487179487
3912.82051282051
3910.76923076923
3909.74358974359
3909.74358974359
3921.02564102564
3925.12820512821
3913.84615384615
3902.5641025641
3898.46153846154
3897.4358974359
3895.89743589744
3891.79487179487
3895.38461538462
3899.48717948718
3884.61538461539
3878.46153846154
3892.82051282051
3896.41025641026
3890.76923076923
3893.33333333333
3898.46153846154
3899.48717948718
3897.4358974359
3891.28205128205
3892.30769230769
3896.41025641026
3888.20512820513
3879.48717948718
3881.53846153846
3884.61538461539
3880.51282051282
3878.46153846154
3877.94871794872
3874.35897435898
3874.8717948718
3877.94871794872
3877.94871794872
3878.97435897436
3887.69230769231
3897.4358974359
3897.4358974359
3886.15384615385
3881.02564102564
3889.74358974359
