
4106.66666666667
4118.97435897436
4122.5641025641
4120.51282051282
4121.02564102564
4111.28205128205
4103.58974358974
4108.71794871795
4109.74358974359
4110.76923076923
4111.28205128205
4106.15384615385
4110.76923076923
4122.5641025641
4123.58974358974
4124.10256410256
4136.92307692308
4151.28205128205
4158.46153846154
4158.97435897436
4152.82051282051
4152.82051282051
4152.30769230769
4141.53846153846
4133.33333333333
4134.35897435897
4135.38461538462
4138.46153846154
4137.4358974359
4124.61538461538
4117.94871794872
4124.61538461538
4125.12820512821
4120
4121.53846153846
4125.64102564103
4124.61538461538
4121.02564102564
4124.61538461538
4127.69230769231
4124.10256410256
4121.53846153846
4122.05128205128
4125.12820512821
4128.20512820513
4126.15384615385
4120
4126.66666666667
4137.4358974359
4131.79487179487
4122.5641025641
4122.5641025641
4117.4358974359
4113.33333333333
4121.02564102564
4119.48717948718
4107.17948717949
4105.64102564103
4112.30769230769
4110.25641025641
4109.23076923077
4111.79487179487
4113.33333333333
4116.41025641026
4122.5641025641
4121.53846153846
4113.33333333333
4111.28205128205
4115.38461538462
4121.53846153846
4120.51282051282
4110.25641025641
4103.07692307692
4109.74358974359
4121.02564102564
4124.10256410256
4114.35897435897
4109.74358974359
4115.89743589744
4116.92307692308
4114.8717948718
4121.02564102564
4117.4358974359
4106.66666666667
4109.23076923077
4105.12820512821
4088.20512820513
4086.66666666667
4094.35897435898
4090.76923076923
4081.53846153846
4081.53846153846
4087.69230769231
4091.28205128205
4091.28205128205
4089.74358974359
4088.71794871795
4090.25641025641
4089.23076923077
4084.10256410256
4080.51282051282
4084.10256410256
4089.23076923077
4088.71794871795
4083.07692307692
4076.92307692308
4078.97435897436
4083.07692307692
4085.64102564103
4083.58974358974
4075.38461538462
4077.4358974359
4086.66666666667
4082.05128205128
4075.38461538462
4085.64102564103
4087.17948717949
4077.4358974359
4079.48717948718
4085.64102564103
4083.58974358974
4081.53846153846
4083.07692307692
4082.05128205128
4079.48717948718
4076.41025641026
4071.79487179487
4073.84615384615
4076.92307692308
4069.23076923077
4062.05128205128
4067.69230769231
4073.84615384615
4073.33333333333
4076.41025641026
4080
4076.92307692308
4077.4358974359
4087.17948717949
4089.74358974359
4081.02564102564
4080.51282051282
4095.89743589744
4110.25641025641
4110.25641025641
4101.53846153846
4097.94871794872
4103.07692307692
4105.64102564103
4106.66666666667
4105.12820512821
4096.41025641026
4089.23076923077
4103.07692307692
4122.05128205128
4114.35897435897
4106.15384615385
4117.4358974359
4114.8717948718
4096.92307692308
4096.92307692308
4103.07692307692
4090.76923076923
4086.15384615385
4096.92307692308
4096.41025641026
4085.64102564103
4081.53846153846
4083.58974358974
4083.58974358974
4078.97435897436
4070.76923076923
4064.10256410256
4066.15384615385
4070.25641025641
4071.79487179487
4081.02564102564
4090.76923076923
4094.8717948718
4100.51282051282
4114.8717948718
4125.12820512821
4122.05128205128
4118.97435897436
4122.05128205128
4124.10256410256
4122.5641025641
4120
4112.82051282051
4103.07692307692
4100.51282051282
4109.74358974359
4117.4358974359
4112.30769230769
4104.61538461538
4101.53846153846
4098.97435897436
4099.48717948718
4099.48717948718
4089.23076923077
4086.15384615385
4093.84615384615
4092.82051282051
4085.12820512821
4082.5641025641
4083.07692307692
4084.10256410256
4084.61538461539
4077.94871794872
4071.79487179487
4074.35897435898
4072.30769230769
4063.58974358974
4070.25641025641
4084.61538461539
4081.02564102564
4070.76923076923
4075.89743589744
4087.17948717949
4090.76923076923
4091.28205128205
4093.84615384615
4094.35897435898
4089.74358974359
4082.5641025641
4074.35897435898
4071.79487179487
4076.92307692308
4075.38461538462
4066.66666666667
4068.71794871795
4081.53846153846
4090.25641025641
4091.28205128205
4087.69230769231
4082.5641025641
4084.61538461539
4090.25641025641
4091.28205128205
4091.79487179487
4092.30769230769
4089.74358974359
4090.25641025641
4093.33333333333
4089.74358974359
4090.76923076923
4102.05128205128
4105.64102564103
4098.46153846154
4094.8717948718
4101.02564102564
4104.10256410256
4093.84615384615
4088.20512820513
4097.94871794872
4106.15384615385
4100.51282051282
4089.74358974359
4082.5641025641
4074.35897435898
4067.17948717949
4072.30769230769
4083.07692307692
4083.58974358974
4081.53846153846
4088.20512820513
4092.82051282051
4091.79487179487
4089.23076923077
4089.23076923077
4094.35897435898
4092.30769230769
4087.69230769231
4092.30769230769
4094.8717948718
4090.25641025641
4088.71794871795
4090.76923076923
4090.25641025641
4091.28205128205
4091.79487179487
4091.28205128205
4089.23076923077
4085.12820512821
4082.5641025641
4082.5641025641
4081.02564102564
4080.51282051282
4083.58974358974
4085.64102564103
4082.5641025641
4077.4358974359
4075.89743589744
4077.94871794872
4075.38461538462
4071.79487179487
4074.8717948718
4076.92307692308
4072.30769230769
4074.8717948718
4085.12820512821
4086.15384615385
4081.02564102564
4080.51282051282
4083.07692307692
4086.15384615385
4091.28205128205
4093.33333333333
4092.82051282051
4093.33333333333
4092.30769230769
4093.84615384615
4094.35897435898
4088.20512820513
4086.15384615385
4089.74358974359
4092.30769230769
4093.33333333333
4091.79487179487
4093.84615384615
4101.53846153846
4108.71794871795
4107.17948717949
4106.15384615385
4107.69230769231
4108.20512820513
4109.23076923077
4110.76923076923
4110.76923076923
4106.66666666667
4114.35897435897
4125.12820512821
4113.33333333333
4105.12820512821
4118.46153846154
4124.61538461538
4119.48717948718
4122.5641025641
4125.64102564103
4117.94871794872
4109.23076923077
4117.94871794872
4140.51282051282
4143.58974358974
4129.23076923077
4127.17948717949
4127.69230769231
4120
4117.94871794872
4118.97435897436
4113.84615384615
4107.69230769231
4108.20512820513
4114.8717948718
4120
4121.53846153846
4124.10256410256
4123.58974358974
4117.4358974359
4110.25641025641
4105.12820512821
4111.79487179487
4123.58974358974
4123.07692307692
4120
4124.61538461538
4123.58974358974
4119.48717948718
4122.5641025641
4125.12820512821
4122.05128205128
4113.84615384615
4105.64102564103
4109.23076923077
4118.97435897436
4122.05128205128
4114.8717948718
4108.71794871795
4111.79487179487
4118.97435897436
4126.15384615385
4127.17948717949
4122.5641025641
4127.17948717949
4137.4358974359
4137.94871794872
4135.38461538462
4135.89743589744
4133.84615384615
4134.8717948718
4135.38461538462
4140
4150.76923076923
4146.15384615385
4132.30769230769
4130.76923076923
4139.48717948718
4148.71794871795
4154.35897435897
4154.35897435897
4154.8717948718
4149.23076923077
4143.58974358974
4152.30769230769
4160
4151.28205128205
4138.97435897436
4141.53846153846
4151.79487179487
4153.84615384615
4152.30769230769
4153.33333333333
4154.8717948718
4161.53846153846
4165.12820512821
4155.89743589744
4153.33333333333
4155.89743589744
4150.25641025641
4150.25641025641
4152.82051282051
4150.25641025641
4160
4173.84615384615
4172.82051282051
4166.15384615385
4166.66666666667
4167.17948717949
4165.64102564103
4168.20512820513
4166.15384615385
4156.41025641026
4154.8717948718
4165.12820512821
4171.79487179487
4169.74358974359
4169.23076923077
4170.25641025641
4170.25641025641
4167.69230769231
4167.69230769231
4167.69230769231
4166.15384615385
4169.23076923077
4172.30769230769
4174.8717948718
4179.48717948718
4177.4358974359
4169.23076923077
4165.64102564103
4177.4358974359
4187.17948717949
4177.4358974359
4163.58974358974
4165.12820512821
4172.82051282051
4167.17948717949
4156.92307692308
4156.92307692308
4157.4358974359
4147.17948717949
4143.07692307692
4154.35897435897
4160
4156.41025641026
4157.94871794872
4164.10256410256
4168.20512820513
4167.17948717949
4164.10256410256
4166.66666666667
4168.71794871795
4162.05128205128
4153.84615384615
4159.48717948718
4172.82051282051
4165.64102564103
4149.23076923077
4158.97435897436
4172.82051282051
4162.05128205128
4152.30769230769
4158.97435897436
4156.92307692308
4152.82051282051
4158.46153846154
4155.89743589744
4149.23076923077
4158.97435897436
4167.17948717949
4156.92307692308
4145.64102564103
4148.71794871795
4152.30769230769
4152.30769230769
4153.84615384615
4155.38461538462
4161.53846153846
4166.15384615385
4164.10256410256
4169.74358974359
4182.5641025641
4186.66666666667
4187.17948717949
4198.97435897436
4205.12820512821
4194.35897435897
4189.74358974359
4197.4358974359
4194.35897435897
4184.61538461538
4184.10256410256
4187.17948717949
4184.61538461538
4177.4358974359
4168.20512820513
4166.66666666667
4172.82051282051
4177.94871794872
4170.25641025641
4158.46153846154
4161.02564102564
4169.23076923077
4169.74358974359
4170.25641025641
4171.79487179487
4168.71794871795
4168.20512820513
4168.71794871795
4171.79487179487
4182.05128205128
4188.20512820513
4179.48717948718
4169.74358974359
4172.82051282051
4170.25641025641
4160
4160
4171.28205128205
4179.48717948718
4184.61538461538
4183.58974358974
4174.35897435897
4171.28205128205
4169.74358974359
4168.71794871795
4174.8717948718
4176.92307692308
4170.25641025641
4168.20512820513
4173.33333333333
4174.8717948718
4172.30769230769
4169.74358974359
4169.74358974359
4171.28205128205
4169.23076923077
4168.71794871795
4169.74358974359
4169.74358974359
4169.23076923077
4164.10256410256
4163.07692307692
4170.25641025641
4168.20512820513
4160
4165.12820512821
4169.23076923077
4168.20512820513
4178.46153846154
4180.51282051282
4167.17948717949
4164.61538461538
4173.84615384615
4173.33333333333
4168.20512820513
4167.69230769231
4168.71794871795
4169.74358974359
4171.79487179487
4172.30769230769
4171.79487179487
4171.79487179487
4171.79487179487
4171.28205128205
4175.38461538462
4182.05128205128
4184.10256410256
4183.07692307692
4183.07692307692
4185.12820512821
4188.71794871795
4188.20512820513
4183.07692307692
4184.61538461538
4183.58974358974
4173.33333333333
4169.23076923077
4171.79487179487
4169.74358974359
4172.30769230769
4182.05128205128
4186.15384615385
4185.12820512821
4185.12820512821
4185.12820512821
4184.61538461538
4182.5641025641
4182.05128205128
4185.64102564103
4183.07692307692
4167.69230769231
4166.15384615385
4182.05128205128
4187.69230769231
4180
4179.48717948718
4184.61538461538
4185.64102564103
4182.05128205128
4178.97435897436
4182.05128205128
4187.17948717949
4179.48717948718
4174.35897435897
4182.5641025641
4185.64102564103
4181.02564102564
4181.02564102564
4183.07692307692
4183.07692307692
4184.61538461538
4186.66666666667
4184.10256410256
4182.5641025641
4187.69230769231
4184.61538461538
4173.33333333333
4176.92307692308
4187.17948717949
4177.94871794872
4166.15384615385
4173.84615384615
4181.53846153846
4182.05128205128
4185.64102564103
4188.71794871795
4188.20512820513
4188.20512820513
4189.74358974359
4186.15384615385
4187.17948717949
4187.17948717949
4183.07692307692
4188.71794871795
4195.38461538462
4187.17948717949
4180.51282051282
4188.71794871795
4191.79487179487
4185.64102564103
4182.5641025641
4182.5641025641
4182.05128205128
4183.07692307692
4187.17948717949
4179.48717948718
4169.23076923077
4174.8717948718
4178.46153846154
4171.79487179487
4168.20512820513
4172.82051282051
4182.05128205128
4185.12820512821
4176.41025641026
4174.8717948718
4187.17948717949
4187.17948717949
4180
4182.05128205128
4186.66666666667
4185.64102564103
4184.61538461538
4186.66666666667
4187.17948717949
4184.61538461538
4185.12820512821
4184.61538461538
4182.5641025641
4184.10256410256
4184.61538461538
4182.05128205128
4184.61538461538
4185.12820512821
4175.89743589744
4169.74358974359
4172.82051282051
4171.79487179487
4167.17948717949
4167.69230769231
4169.74358974359
4168.20512820513
4167.17948717949
4173.33333333333
4183.58974358974
4188.71794871795
4180.51282051282
4173.33333333333
4181.02564102564
4187.69230769231
4180.51282051282
4178.46153846154
4188.20512820513
4181.53846153846
4173.33333333333
4182.5641025641
4188.20512820513
4181.53846153846
4183.07692307692
4186.15384615385
4174.8717948718
4168.71794871795
4175.38461538462
4174.35897435897
4168.20512820513
4168.20512820513
4172.82051282051
4172.82051282051
4169.23076923077
4171.79487179487
4176.41025641026
4171.79487179487
4174.8717948718
4185.64102564103
4177.4358974359
4163.07692307692
4168.20512820513
4178.46153846154
4174.8717948718
4167.69230769231
4170.25641025641
4175.38461538462
4169.74358974359
4170.76923076923
4185.64102564103
4189.74358974359
4185.12820512821
4184.61538461538
4185.12820512821
4185.64102564103
4187.17948717949
4182.5641025641
4181.53846153846
4189.74358974359
4192.82051282051
4192.30769230769
4197.94871794872
4200
4189.74358974359
4181.53846153846
4192.82051282051
4202.05128205128
4189.23076923077
4177.94871794872
4183.58974358974
4185.12820512821
4177.4358974359
4181.53846153846
4184.61538461538
4173.84615384615
4164.61538461538
4166.66666666667
4169.23076923077
4167.69230769231
4164.10256410256
4166.15384615385
4172.82051282051
4172.82051282051
4173.33333333333
4184.10256410256
4190.25641025641
4186.66666666667
4185.64102564103
4183.07692307692
4178.97435897436
4177.94871794872
4171.28205128205
4166.66666666667
4172.30769230769
4171.79487179487
4166.66666666667
4169.23076923077
4171.28205128205
4168.20512820513
4168.20512820513
4173.33333333333
4171.79487179487
4168.20512820513
4177.94871794872
4185.12820512821
4171.79487179487
4162.05128205128
4167.17948717949
4168.71794871795
4167.69230769231
4162.05128205128
4159.48717948718
4168.71794871795
4167.17948717949
4158.46153846154
4161.53846153846
4161.53846153846
4153.33333333333
4152.82051282051
4158.97435897436
4169.23076923077
4170.25641025641
4153.84615384615
4155.89743589744
4173.84615384615
4166.15384615385
4149.74358974359
4152.82051282051
4164.10256410256
4164.10256410256
4154.8717948718
4157.94871794872
4170.25641025641
4166.15384615385
4157.4358974359
4166.15384615385
4171.28205128205
4168.20512820513
4170.25641025641
4169.23076923077
4168.20512820513
4167.69230769231
4154.8717948718
4147.17948717949
4153.84615384615
4153.33333333333
4148.71794871795
4152.30769230769
4152.82051282051
4150.76923076923
4151.79487179487
4155.89743589744
4158.97435897436
4156.92307692308
4157.94871794872
4170.76923076923
4180.51282051282
4173.33333333333
4166.66666666667
4169.23076923077
4170.25641025641
4170.76923076923
4173.84615384615
4171.79487179487
4164.61538461538
4171.28205128205
4183.07692307692
4186.15384615385
4184.10256410256
4175.89743589744
4172.30769230769
4184.10256410256
4191.79487179487
4188.20512820513
4198.46153846154
4208.20512820513
4192.30769230769
4186.66666666667
4199.48717948718
4204.61538461538
4206.66666666667
4209.23076923077
4199.48717948718
4189.74358974359
4195.89743589744
4202.05128205128
4197.4358974359
4195.38461538462
4202.5641025641
4196.41025641026
4179.48717948718
4186.15384615385
4201.02564102564
4189.74358974359
4168.20512820513
4167.17948717949
4174.35897435897
4172.82051282051
4167.17948717949
4164.10256410256
4162.5641025641
4157.94871794872
4156.92307692308
4159.48717948718
4156.92307692308
4154.8717948718
4153.84615384615
4152.30769230769
4154.8717948718
4153.84615384615
4147.69230769231
4148.20512820513
4156.92307692308
4156.92307692308
4151.28205128205
4152.30769230769
4155.89743589744
4150.25641025641
4141.02564102564
4140
4148.71794871795
4156.41025641026
4152.82051282051
4147.17948717949
4149.74358974359
4144.61538461538
4135.38461538462
4144.61538461538
4156.92307692308
4151.28205128205
4156.92307692308
4173.33333333333
4168.20512820513
4158.46153846154
4165.64102564103
4178.97435897436
4187.17948717949
4186.15384615385
4175.38461538462
4168.71794871795
4169.74358974359
4170.25641025641
4170.76923076923
4172.82051282051
4161.53846153846
4153.33333333333
4164.61538461538
4172.82051282051
4168.20512820513
4168.20512820513
4170.25641025641
4165.64102564103
4161.53846153846
4164.10256410256
4166.15384615385
4160.51282051282
4151.79487179487
4151.79487179487
4156.41025641026
4154.8717948718
4158.97435897436
4175.89743589744
4184.10256410256
4175.38461538462
4166.15384615385
4171.28205128205
4182.05128205128
4183.58974358974
4181.02564102564
4178.46153846154
4176.41025641026
4180
4185.12820512821
4184.61538461538
4183.58974358974
4184.61538461538
4182.5641025641
4181.02564102564
4177.4358974359
4166.66666666667
4155.89743589744
4151.79487179487
4161.02564102564
4178.46153846154
4187.17948717949
4190.76923076923
4196.41025641026
4200.51282051282
4203.58974358974
4197.94871794872
4191.28205128205
4203.58974358974
4216.92307692308
4206.15384615385
4195.89743589744
4201.53846153846
4200.51282051282
4197.4358974359
4202.5641025641
4196.92307692308
4182.5641025641
4181.53846153846
4189.23076923077
4181.53846153846
4169.74358974359
4173.84615384615
4183.07692307692
4187.69230769231
4184.61538461538
4171.28205128205
4166.66666666667
4177.94871794872
4181.02564102564
4171.28205128205
4158.46153846154
4153.84615384615
4166.15384615385
4169.74358974359
4156.92307692308
4160
4172.30769230769
4169.23076923077
4165.12820512821
4168.71794871795
4167.69230769231
4163.58974358974
4168.71794871795
4169.74358974359
4154.35897435897
4146.15384615385
4152.30769230769
4154.35897435897
4151.79487179487
4152.82051282051
4161.02564102564
4169.74358974359
4162.05128205128
4154.35897435897
4163.58974358974
4173.33333333333
4166.15384615385
4152.30769230769
4157.4358974359
4170.76923076923
4161.53846153846
4149.23076923077
4162.5641025641
4174.35897435897
4170.25641025641
4165.64102564103
4168.71794871795
4182.5641025641
4190.76923076923
4183.58974358974
4182.05128205128
4193.33333333333
4203.58974358974
4205.12820512821
4202.5641025641
4209.23076923077
4214.35897435897
4206.15384615385
4202.5641025641
4213.84615384615
4216.41025641026
4204.10256410256
4199.48717948718
4202.5641025641
4202.5641025641
4199.48717948718
4198.97435897436
4201.53846153846
4198.46153846154
4187.17948717949
4178.97435897436
4193.33333333333
4205.64102564103
4188.71794871795
4173.84615384615
4180.51282051282
4189.23076923077
4194.35897435897
4192.82051282051
4185.12820512821
4191.28205128205
4198.46153846154
4189.74358974359
4185.12820512821
4188.71794871795
4185.64102564103
4185.64102564103
4189.74358974359
4187.69230769231
4186.15384615385
4183.07692307692
4183.58974358974
4196.41025641026
4203.58974358974
4193.33333333333
4184.61538461538
4189.74358974359
4200.51282051282
4203.07692307692
4188.20512820513
4179.48717948718
4196.92307692308
4203.07692307692
4186.66666666667
4186.66666666667
4198.46153846154
4191.79487179487
4182.5641025641
4191.79487179487
4204.10256410256
4206.15384615385
4201.53846153846
4198.97435897436
4201.02564102564
4201.02564102564
4201.02564102564
4202.5641025641
4201.53846153846
4197.4358974359
4200
4211.79487179487
4217.4358974359
4214.35897435897
4214.8717948718
4218.46153846154
4216.92307692308
4216.41025641026
4214.35897435897
4215.89743589744
4220
4207.69230769231
4197.4358974359
4210.25641025641
4220
4215.38461538462
4211.28205128205
4210.76923076923
4211.28205128205
4217.4358974359
4217.94871794872
4214.35897435897
4215.89743589744
4218.97435897436
4218.97435897436
4219.48717948718
4220
4212.82051282051
4202.5641025641
4202.05128205128
4204.61538461538
4200.51282051282
4200
4200.51282051282
4191.28205128205
4182.5641025641
4181.53846153846
4184.61538461538
4190.76923076923
4191.28205128205
4183.07692307692
4180.51282051282
4185.12820512821
4184.10256410256
4183.58974358974
4185.64102564103
4185.64102564103
4181.53846153846
4182.05128205128
4185.12820512821
4183.07692307692
4189.74358974359
4200.51282051282
4194.8717948718
4182.05128205128
4181.02564102564
4186.15384615385
4187.17948717949
4185.12820512821
4180
4180
4183.58974358974
4185.12820512821
4185.12820512821
4184.10256410256
4184.10256410256
4184.61538461538
4183.58974358974
4185.12820512821
4187.69230769231
4187.69230769231
4186.15384615385
4186.15384615385
4185.12820512821
4185.64102564103
4187.69230769231
4189.74358974359
4189.74358974359
4188.71794871795
4188.20512820513
4193.33333333333
4186.66666666667
4170.25641025641
4174.35897435897
4186.66666666667
4186.15384615385
4190.25641025641
4195.38461538462
4188.20512820513
4184.61538461538
4189.74358974359
4193.84615384615
4200.51282051282
4203.58974358974
4201.53846153846
4200.51282051282
4197.94871794872
4200.51282051282
4203.07692307692
4197.94871794872
4196.92307692308
4198.97435897436
4197.4358974359
4197.94871794872
4202.05128205128
4203.58974358974
4203.58974358974
4203.58974358974
4201.53846153846
4200
4200
4200
4198.46153846154
4200
4209.23076923077
4209.23076923077
4197.94871794872
4195.38461538462
4203.07692307692
4206.66666666667
4200.51282051282
4190.25641025641
4180
4178.97435897436
4191.28205128205
4199.48717948718
4190.76923076923
4179.48717948718
4182.5641025641
4190.76923076923
4192.30769230769
4187.69230769231
4177.94871794872
4177.4358974359
4183.58974358974
4184.10256410256
4188.20512820513
4202.05128205128
4203.07692307692
4185.12820512821
4181.53846153846
4185.12820512821
4175.89743589744
4167.69230769231
4169.23076923077
4172.82051282051
4171.79487179487
4174.35897435897
4182.5641025641
4183.58974358974
4174.35897435897
4175.38461538462
4185.64102564103
4187.17948717949
4184.10256410256
4182.05128205128
4182.05128205128
4180.51282051282
4174.35897435897
4171.79487179487
4171.79487179487
4174.8717948718
4183.07692307692
4183.07692307692
4171.79487179487
4167.17948717949
4170.76923076923
4168.20512820513
4165.64102564103
4171.79487179487
4185.12820512821
4190.25641025641
4181.02564102564
4176.92307692308
4182.5641025641
4185.12820512821
4184.10256410256
