F7
3982.5641025641
3994.35897435898
3985.64102564103
3974.8717948718
3987.17948717949
3995.89743589744
3986.15384615385
3983.07692307692
3991.28205128205
3984.10256410256
3968.20512820513
3972.30769230769
3982.05128205128
3978.97435897436
3978.97435897436
3991.28205128205
3999.48717948718
4004.61538461539
4010.25641025641
4006.15384615385
4001.02564102564
4003.58974358974
3999.48717948718
3987.69230769231
3985.12820512821
3988.71794871795
3976.41025641026
3960.51282051282
3961.53846153846
3963.58974358974
3952.30769230769
3951.28205128205
3957.4358974359
3947.17948717949
3943.58974358974
3956.41025641026
3955.38461538462
3943.07692307692
3941.02564102564
3950.25641025641
3960
3961.02564102564
3949.74358974359
3941.02564102564
3941.53846153846
3943.58974358974
3944.10256410256
3945.12820512821
3944.10256410256
3941.53846153846
3944.10256410256
3940.51282051282
3927.17948717949
3923.58974358974
3928.20512820513
3924.61538461539
3920.51282051282
3926.66666666667
3932.82051282051
3922.05128205128
3911.28205128205
3917.94871794872
3926.15384615385
3924.61538461539
3921.02564102564
3915.89743589744
3906.66666666667
3904.61538461539
3908.20512820513
3911.79487179487
3910.76923076923
3907.69230769231
3911.79487179487
3914.35897435898
3912.82051282051
3918.46153846154
3925.12820512821
3925.64102564103
3922.5641025641
3916.41025641026
3909.74358974359
3909.23076923077
3913.84615384615
3913.33333333333
3909.74358974359
3907.69230769231
3910.25641025641
3910.76923076923
3901.53846153846
3899.48717948718
3909.23076923077
3914.35897435898
3912.30769230769
3906.66666666667
3897.94871794872
3897.94871794872
3912.82051282051
3917.94871794872
3910.76923076923
3908.71794871795
3914.35897435898
3915.38461538462
3904.61538461539
3891.79487179487
3891.28205128205
3895.38461538462
3893.33333333333
3893.84615384615
3900
3894.35897435898
3880.51282051282
3878.97435897436
3883.58974358974
3881.02564102564
3873.84615384615
3870.76923076923
3874.8717948718
3882.5641025641
3881.53846153846
3882.5641025641
3893.33333333333
3896.92307692308
3891.79487179487
3890.76923076923
3894.8717948718
3894.35897435898
3887.17948717949
3878.46153846154
3877.4358974359
3888.20512820513
3897.94871794872
3895.38461538462
3891.28205128205
3900
3910.76923076923
3910.25641025641
3905.64102564103
3910.25641025641
3913.84615384615
3901.53846153846
3896.92307692308
3915.38461538462
3930.25641025641
3924.61538461539
3915.89743589744
3910.76923076923
3909.23076923077
3920.51282051282
3926.15384615385
3911.79487179487
3902.05128205128
3916.41025641026
3929.74358974359
3927.69230769231
3927.17948717949
3932.82051282051
3940.51282051282
3940
3931.79487179487
3926.66666666667
3920
3914.35897435898
3922.5641025641
3931.79487179487
3926.66666666667
3922.05128205128
3926.66666666667
3933.33333333333
3934.8717948718
3924.10256410256
3916.92307692308
3924.61538461539
3928.20512820513
3924.61538461539
3930.25641025641
3940
3941.02564102564
3944.10256410256
3952.82051282051
3959.48717948718
3971.79487179487
3988.20512820513
3984.10256410256
3968.71794871795
3976.41025641026
3997.4358974359
4002.05128205128
3988.71794871795
3975.38461538462
3970.25641025641
3971.28205128205
3974.8717948718
3970.25641025641
3960
3955.89743589744
3956.41025641026
3958.46153846154
3958.46153846154
3948.20512820513
3938.46153846154
3945.12820512821
3948.71794871795
3943.07692307692
3947.69230769231
3953.84615384615
3947.17948717949
3931.79487179487
3931.79487179487
3950.76923076923
3958.97435897436
3953.84615384615
3952.82051282051
3957.4358974359
3957.94871794872
3958.97435897436
3957.4358974359
3958.97435897436
3959.48717948718
3956.92307692308
3965.64102564103
3977.4358974359
3974.8717948718
3969.23076923077
3974.35897435898
3972.82051282051
3961.53846153846
3960.51282051282
3966.66666666667
3962.05128205128
3952.82051282051
3958.46153846154
3972.82051282051
3981.02564102564
3984.10256410256
3989.74358974359
3995.89743589744
3993.84615384615
3993.84615384615
3992.82051282051
3982.5641025641
3981.53846153846
3990.76923076923
3989.23076923077
3985.12820512821
3992.30769230769
3986.15384615385
3972.82051282051
3980
3990.25641025641
3986.15384615385
3980.51282051282
3974.8717948718
3972.82051282051
3981.53846153846
3988.71794871795
3986.66666666667
3981.53846153846
3976.41025641026
3973.84615384615
3973.84615384615
3972.30769230769
3971.28205128205
3974.35897435898
3974.35897435898
3973.84615384615
3980.51282051282
3984.10256410256
3978.46153846154
3974.8717948718
3974.35897435898
3972.30769230769
3976.92307692308
3980
3972.30769230769
3968.20512820513
3977.94871794872
3985.64102564103
3977.4358974359
3972.82051282051
3983.07692307692
3985.64102564103
3971.79487179487
3962.5641025641
3967.17948717949
3972.82051282051
3972.30769230769
3976.41025641026
3982.05128205128
3977.4358974359
3967.17948717949
3967.17948717949
3975.89743589744
3977.94871794872
3972.30769230769
3965.64102564103
3962.5641025641
3954.8717948718
3942.5641025641
3942.05128205128
3953.84615384615
3964.10256410256
3957.4358974359
3941.53846153846
3937.94871794872
3950.76923076923
3957.94871794872
3947.17948717949
3939.48717948718
3937.4358974359
3935.89743589744
3938.46153846154
3943.58974358974
3949.74358974359
3953.33333333333
3943.58974358974
3935.38461538462
3949.23076923077
3956.92307692308
3940.51282051282
3936.41025641026
3951.79487179487
3957.4358974359
3955.38461538462
3956.41025641026
3958.97435897436
3966.66666666667
3970.25641025641
3962.5641025641
3958.46153846154
3960.51282051282
3958.97435897436
3962.05128205128
3963.07692307692
3957.94871794872
3959.48717948718
3959.48717948718
3958.97435897436
3969.74358974359
3979.48717948718
3969.23076923077
3953.33333333333
3954.8717948718
3967.17948717949
3967.69230769231
3958.46153846154
3955.38461538462
3957.4358974359
3961.53846153846
3963.58974358974
3957.4358974359
3959.48717948718
3970.25641025641
3964.10256410256
3950.25641025641
3950.25641025641
3954.35897435898
3956.92307692308
3968.20512820513
3975.38461538462
3971.79487179487
3971.79487179487
3975.89743589744
3974.8717948718
3970.76923076923
3971.28205128205
3973.33333333333
3973.84615384615
3972.82051282051
3970.25641025641
3965.64102564103
3967.17948717949
3974.35897435898
3973.84615384615
3970.25641025641
3973.33333333333
3972.30769230769
3969.23076923077
3973.33333333333
3976.41025641026
3970.76923076923
3972.30769230769
3976.92307692308
3975.38461538462
3980
3985.64102564103
3977.4358974359
3970.25641025641
3974.8717948718
3976.92307692308
3971.79487179487
3974.35897435898
3986.15384615385
3980
3957.4358974359
3955.38461538462
3968.20512820513
3962.5641025641
3954.35897435898
3964.61538461539
3970.25641025641
3953.33333333333
3942.5641025641
3952.82051282051
3960.51282051282
3957.94871794872
3959.48717948718
3959.48717948718
3956.41025641026
3958.97435897436
3958.97435897436
3957.4358974359
3966.15384615385
3973.84615384615
3973.84615384615
3974.35897435898
3975.89743589744
3974.35897435898
3973.84615384615
3976.41025641026
3977.4358974359
3974.35897435898
3973.84615384615
3984.10256410256
3990.76923076923
3973.84615384615
3953.33333333333
3960.51282051282
3986.66666666667
3994.8717948718
3980
3967.69230769231
3968.20512820513
3966.15384615385
3962.5641025641
3964.10256410256
3961.53846153846
3954.8717948718
3960
3958.97435897436
3944.10256410256
3945.64102564103
3961.53846153846
3965.12820512821
3963.07692307692
3967.17948717949
3969.23076923077
3965.64102564103
3961.53846153846
3965.12820512821
3975.38461538462
3966.15384615385
3951.28205128205
3963.07692307692
3978.46153846154
3972.82051282051
3964.61538461539
3973.33333333333
3982.5641025641
3979.48717948718
3972.82051282051
3974.8717948718
3984.61538461539
3985.12820512821
3976.92307692308
3971.79487179487
3971.79487179487
3972.30769230769
3973.33333333333
3977.94871794872
3984.10256410256
3986.66666666667
3984.61538461539
3987.69230769231
3992.30769230769
3982.05128205128
3965.64102564103
3969.74358974359
3987.17948717949
3992.30769230769
3989.23076923077
3990.76923076923
3985.12820512821
3973.33333333333
3972.30769230769
3976.41025641026
3974.35897435898
3974.35897435898
3975.89743589744
3972.30769230769
3969.74358974359
3970.76923076923
3971.79487179487
3978.46153846154
3988.71794871795
3992.82051282051
3989.23076923077
3989.74358974359
3999.48717948718
4009.74358974359
4013.33333333333
4015.38461538462
4021.02564102564
4022.05128205128
4018.97435897436
4020
4022.5641025641
4022.05128205128
4024.10256410256
4023.07692307692
4011.28205128205
4003.07692307692
4007.69230769231
4007.17948717949
3995.38461538462
3989.23076923077
3989.23076923077
3985.12820512821
3981.02564102564
3977.94871794872
3971.79487179487
3970.76923076923
3973.33333333333
3974.8717948718
3983.07692307692
3990.76923076923
3984.10256410256
3973.33333333333
3967.17948717949
3971.79487179487
3984.10256410256
3988.71794871795
3992.30769230769
4005.12820512821
4000.51282051282
3976.41025641026
3967.69230769231
3977.4358974359
3985.64102564103
3989.23076923077
3989.23076923077
3988.71794871795
3989.23076923077
3986.15384615385
3987.17948717949
3986.15384615385
3983.07692307692
3990.76923076923
4002.05128205128
3999.48717948718
3990.25641025641
3989.23076923077
3992.30769230769
3984.10256410256
3969.23076923077
3965.64102564103
3978.46153846154
3983.07692307692
3976.92307692308
3983.58974358974
3996.41025641026
3990.25641025641
3982.5641025641
3988.71794871795
3987.69230769231
3987.17948717949
3991.28205128205
3981.02564102564
3980
3996.41025641026
3994.35897435898
3980
3984.61538461539
3991.79487179487
3989.74358974359
3989.74358974359
3990.25641025641
3990.25641025641
3985.64102564103
3972.82051282051
3968.71794871795
3975.89743589744
3973.84615384615
3971.28205128205
3982.05128205128
3989.74358974359
3988.71794871795
3985.64102564103
3983.07692307692
3985.64102564103
3991.28205128205
3989.74358974359
3989.23076923077
3992.82051282051
3989.23076923077
3985.64102564103
3983.58974358974
3976.41025641026
3970.76923076923
3970.76923076923
3976.41025641026
3982.05128205128
3981.02564102564
3987.69230769231
4000.51282051282
3995.89743589744
3989.74358974359
4000
4007.17948717949
4006.66666666667
3998.46153846154
3987.69230769231
3998.46153846154
4008.20512820513
3992.82051282051
3988.71794871795
4008.20512820513
4017.4358974359
4006.66666666667
3990.76923076923
3985.64102564103
3991.79487179487
3992.82051282051
3990.25641025641
3998.46153846154
4005.64102564103
4000.51282051282
3991.79487179487
3984.61538461539
3985.12820512821
3998.97435897436
4005.12820512821
3994.35897435898
3989.74358974359
3992.30769230769
3987.69230769231
3995.38461538462
4005.12820512821
3994.35897435898
3989.74358974359
4000
3995.89743589744
3988.20512820513
3994.35897435898
3998.46153846154
3999.48717948718
4004.61538461539
4004.10256410256
4003.58974358974
4005.12820512821
4003.58974358974
4006.66666666667
4007.69230769231
3995.89743589744
3984.61538461539
3984.61538461539
3993.33333333333
4000.51282051282
3998.46153846154
3992.82051282051
3995.89743589744
3993.84615384615
3977.4358974359
3975.89743589744
3989.74358974359
3991.28205128205
3985.12820512821
3980
3978.46153846154
3989.23076923077
3993.33333333333
3978.46153846154
3977.94871794872
3989.74358974359
3982.5641025641
3977.4358974359
3978.97435897436
3978.46153846154
3981.53846153846
3980.51282051282
3972.82051282051
3975.89743589744
3976.92307692308
3968.71794871795
3977.4358974359
3984.61538461539
3974.35897435898
3977.94871794872
3986.66666666667
3977.94871794872
3972.82051282051
3977.94871794872
3973.33333333333
3971.28205128205
3982.5641025641
3985.12820512821
3983.58974358974
3987.17948717949
3990.76923076923
3988.71794871795
3978.46153846154
3970.76923076923
3970.25641025641
3974.8717948718
3984.10256410256
3995.38461538462
4004.61538461539
4006.15384615385
3996.92307692308
3990.76923076923
3995.89743589744
3994.35897435898
3986.15384615385
3990.76923076923
3988.71794871795
3974.8717948718
3972.30769230769
3976.92307692308
3971.79487179487
3970.76923076923
3988.71794871795
3995.38461538462
3977.94871794872
3967.17948717949
3975.38461538462
3986.66666666667
3991.79487179487
3989.74358974359
3978.97435897436
3968.71794871795
3970.76923076923
3980
3977.4358974359
3968.20512820513
3980.51282051282
3992.82051282051
3980
3976.41025641026
3994.8717948718
3994.8717948718
3981.02564102564
3986.15384615385
3991.28205128205
3974.8717948718
3966.66666666667
3982.05128205128
3993.84615384615
3992.82051282051
3992.82051282051
3995.89743589744
3991.28205128205
3977.4358974359
3969.74358974359
3982.05128205128
3995.89743589744
3991.28205128205
3989.23076923077
4001.02564102564
4009.74358974359
4006.15384615385
3995.38461538462
3986.15384615385
3989.74358974359
3999.48717948718
3994.35897435898
3983.07692307692
3987.69230769231
4004.10256410256
4007.69230769231
3994.35897435898
3981.53846153846
3982.05128205128
3988.71794871795
3987.17948717949
3983.58974358974
3989.23076923077
3996.92307692308
3993.84615384615
3983.58974358974
3988.71794871795
4005.64102564103
4003.58974358974
3987.69230769231
3994.8717948718
4008.71794871795
3996.92307692308
3988.71794871795
4000
4007.69230769231
4005.64102564103
3997.4358974359
3993.84615384615
4003.07692307692
4010.76923076923
4005.12820512821
4005.12820512821
4008.71794871795
3997.94871794872
3989.74358974359
3998.97435897436
4011.79487179487
4009.23076923077
3998.46153846154
3996.92307692308
4003.58974358974
4008.71794871795
4003.58974358974
3997.94871794872
4004.10256410256
4012.82051282051
4017.4358974359
4018.97435897436
4015.38461538462
4012.30769230769
4013.84615384615
4013.84615384615
4014.8717948718
4014.8717948718
4007.69230769231
4005.12820512821
4010.25641025641
4018.46153846154
4020.51282051282
4011.79487179487
4009.74358974359
4023.58974358974
4025.64102564103
4016.92307692308
4023.07692307692
4018.97435897436
4002.05128205128
4006.66666666667
4016.92307692308
4005.64102564103
3997.4358974359
4006.66666666667
4003.07692307692
3988.20512820513
3986.66666666667
3990.76923076923
3980
3967.17948717949
3969.23076923077
3971.28205128205
3970.76923076923
3981.02564102564
3986.66666666667
3974.8717948718
3968.20512820513
3973.33333333333
3973.84615384615
3968.20512820513
3971.28205128205
3983.07692307692
3982.05128205128
3975.89743589744
3985.64102564103
3992.82051282051
3989.23076923077
3986.66666666667
3981.02564102564
3978.46153846154
3988.71794871795
3991.79487179487
3985.12820512821
3986.66666666667
3988.71794871795
3991.79487179487
4004.61538461539
4023.07692307692
4041.53846153846
4042.05128205128
4037.94871794872
4061.53846153846
4094.35897435898
4095.89743589744
4082.5641025641
4081.02564102564
4078.46153846154
4073.33333333333
4082.5641025641
4092.30769230769
4086.15384615385
4076.41025641026
4073.33333333333
4065.12820512821
4055.89743589744
4051.28205128205
4040
4033.84615384615
4037.4358974359
4028.20512820513
4007.69230769231
3999.48717948718
3996.92307692308
3995.38461538462
4001.53846153846
4000
3989.74358974359
3985.12820512821
3986.66666666667
3992.30769230769
3990.76923076923
3974.8717948718
3969.74358974359
3982.05128205128
3979.48717948718
3965.12820512821
3964.10256410256
3973.33333333333
3980.51282051282
3980.51282051282
3968.71794871795
3960.51282051282
3972.30769230769
3986.66666666667
3983.07692307692
3970.76923076923
3975.38461538462
3983.58974358974
3980
3971.28205128205
3966.66666666667
3972.30769230769
3982.05128205128
3982.05128205128
3971.79487179487
3963.58974358974
3957.94871794872
3961.53846153846
3975.38461538462
3977.4358974359
3970.76923076923
3974.8717948718
3973.84615384615
3960.51282051282
3963.58974358974
3973.33333333333
3962.5641025641
3949.74358974359
3955.89743589744
3958.97435897436
3952.82051282051
3955.89743589744
3959.48717948718
3960.51282051282
3966.66666666667
3970.25641025641
3966.15384615385
3965.12820512821
3974.8717948718
3974.8717948718
3960.51282051282
3954.8717948718
3963.07692307692
3967.69230769231
3964.61538461539
3971.28205128205
3989.74358974359
4008.20512820513
4021.02564102564
4038.46153846154
4056.92307692308
4061.02564102564
4058.46153846154
4069.74358974359
4091.28205128205
4109.23076923077
4121.53846153846
4133.33333333333
4140
4144.61538461538
4151.79487179487
4156.41025641026
4152.30769230769
4149.23076923077
4162.05128205128
4173.84615384615
4172.30769230769
4174.8717948718
4185.64102564103
4187.17948717949
4181.53846153846
4185.12820512821
4185.64102564103
4173.33333333333
4166.66666666667
4173.33333333333
4171.28205128205
4155.38461538462
4140.51282051282
4131.79487179487
4115.89743589744
4087.17948717949
4068.20512820513
4061.02564102564
4041.02564102564
4014.35897435898
4000.51282051282
3982.05128205128
3959.48717948718
3954.8717948718
3957.4358974359
3945.12820512821
3927.17948717949
3930.76923076923
3947.69230769231
3954.8717948718
3958.97435897436
3958.46153846154
3942.05128205128
3935.38461538462
3944.10256410256
3945.64102564103
3945.64102564103
3953.84615384615
3960.51282051282
3953.84615384615
3944.61538461539
3946.66666666667
3948.71794871795
3944.10256410256
3944.10256410256
3943.07692307692
3935.89743589744
3933.84615384615
3936.41025641026
3939.48717948718
3946.66666666667
3943.07692307692
3936.41025641026
3942.5641025641
3943.58974358974
3934.35897435898
3940
3956.92307692308
3954.35897435898
3938.97435897436
3939.48717948718
3943.07692307692
3935.38461538462
3938.97435897436
3958.46153846154
3962.05128205128
3943.58974358974
3937.94871794872
3954.35897435898
3959.48717948718
3951.28205128205
3955.38461538462
3962.5641025641
3960.51282051282
3954.8717948718
3953.33333333333
3953.33333333333
3954.8717948718
3956.41025641026
3958.97435897436
3960
3955.89743589744
3954.35897435898
3960
3960
3951.28205128205
3948.20512820513
3954.8717948718
3959.48717948718
3956.92307692308
3944.10256410256
3936.41025641026
3951.79487179487
3970.76923076923
3964.10256410256
3952.30769230769
3960
3970.76923076923
3963.07692307692
3954.35897435898
3966.66666666667
3976.92307692308
3972.82051282051
3977.4358974359
3975.38461538462
3958.46153846154
3962.5641025641
3984.61538461539
3984.61538461539
3973.33333333333
3969.74358974359
3971.79487179487
3980.51282051282
3987.17948717949
3986.66666666667
3988.71794871795
3984.10256410256
3976.92307692308
3983.07692307692
3991.28205128205
3989.23076923077
3984.61538461539
3988.71794871795
4000
4001.02564102564
3987.69230769231
3985.64102564103
3993.33333333333
3987.69230769231
3987.17948717949
4001.53846153846
4001.53846153846
3988.71794871795
3992.30769230769
3997.4358974359
3989.74358974359
3986.66666666667
3990.76923076923
3988.71794871795
3982.05128205128
3978.97435897436
3981.02564102564
3987.17948717949
3992.30769230769
3990.25641025641
3986.66666666667
3991.28205128205
4001.53846153846
3998.97435897436
3990.25641025641
3987.69230769231
3982.05128205128
3970.25641025641
3968.71794871795
3974.35897435898
3974.35897435898
3968.71794871795
3963.58974358974
3966.15384615385
3970.76923076923
3967.69230769231
3968.71794871795
3985.12820512821
3986.15384615385
3967.69230769231
3963.58974358974
3968.20512820513
3969.74358974359
3966.15384615385
3958.97435897436
3953.33333333333
3946.15384615385
3944.10256410256
3967.17948717949
3997.4358974359
3996.41025641026
3987.69230769231
3989.74358974359
3987.69230769231
3986.66666666667
3987.69230769231
3992.30769230769
3994.8717948718
3991.79487179487
3994.35897435898
4000.51282051282
3994.35897435898
3985.12820512821
3992.82051282051
4000
3992.82051282051
3986.66666666667
3992.30769230769
4001.02564102564
4004.61538461539
4003.58974358974
3996.41025641026
3989.74358974359
3992.82051282051
4000.51282051282
4003.07692307692
4002.05128205128
3999.48717948718
3996.92307692308
3998.97435897436
3998.46153846154
4000
4003.58974358974
3994.8717948718
3989.23076923077
4001.02564102564
4009.74358974359
4010.25641025641
4011.28205128205
4008.20512820513
4004.61538461539
3998.97435897436
3987.17948717949
3991.79487179487
4009.23076923077
4008.20512820513
3997.94871794872
4000.51282051282
4003.58974358974
4001.53846153846
4004.10256410256
4003.07692307692
4001.53846153846
4003.07692307692
3995.89743589744
3987.17948717949
3993.33333333333
3999.48717948718
3996.92307692308
4002.5641025641
4010.76923076923
4002.5641025641
3995.89743589744
4012.30769230769
4028.20512820513
4012.30769230769
3984.61538461539
3983.07692307692
4007.69230769231
4018.46153846154
3997.94871794872
3988.71794871795
4005.12820512821
4009.74358974359
4003.07692307692
4003.07692307692
4006.66666666667
4011.28205128205
4011.28205128205
4003.07692307692
4001.53846153846
4011.79487179487
4016.92307692308
4013.33333333333
4012.82051282051
4010.25641025641
4006.66666666667
4008.20512820513
4006.66666666667
4004.10256410256
4006.15384615385
3997.94871794872
3982.5641025641
3989.23076923077
3999.48717948718
3996.92307692308
4004.10256410256
4013.33333333333
4006.15384615385
3998.46153846154
3994.35897435898
3989.23076923077
3989.23076923077
3991.28205128205
3989.74358974359
3988.20512820513
3982.5641025641
3973.84615384615
3972.30769230769
3975.38461538462
3972.82051282051
3968.20512820513
3964.61538461539
3958.46153846154
3957.94871794872
3968.71794871795
3973.84615384615
3968.20512820513
3969.23076923077
3970.76923076923
3962.5641025641
3962.05128205128
3967.17948717949
3961.53846153846
3952.82051282051
3956.92307692308
3962.5641025641
3958.46153846154
3956.41025641026
3960
3961.02564102564
3958.46153846154
3954.35897435898
3949.23076923077
3950.25641025641
3956.92307692308
3961.53846153846
3960
3957.4358974359
3961.53846153846
3968.20512820513
3966.15384615385
3957.4358974359
3956.92307692308
