O2
4017.94871794872
4017.4358974359
4006.15384615385
4002.5641025641
4010.25641025641
4014.8717948718
4010.76923076923
4003.58974358974
4003.58974358974
4005.64102564103
4009.74358974359
4022.5641025641
4031.28205128205
4031.28205128205
4039.48717948718
4053.84615384615
4053.84615384615
4049.74358974359
4051.28205128205
4052.82051282051
4052.82051282051
4049.23076923077
4038.46153846154
4031.79487179487
4034.8717948718
4030.76923076923
4019.48717948718
4014.8717948718
4009.23076923077
4000
3996.41025641026
3995.89743589744
3989.23076923077
3987.69230769231
3995.38461538462
3996.41025641026
3989.23076923077
3989.74358974359
3990.76923076923
3987.17948717949
3992.30769230769
3996.92307692308
3993.33333333333
3987.17948717949
3979.48717948718
3975.89743589744
3981.53846153846
3984.10256410256
3978.46153846154
3977.94871794872
3984.10256410256
3983.07692307692
3973.33333333333
3970.76923076923
3975.38461538462
3973.33333333333
3973.33333333333
3981.53846153846
3980
3969.23076923077
3970.76923076923
3976.41025641026
3976.41025641026
3977.94871794872
3982.05128205128
3973.33333333333
3958.97435897436
3955.38461538462
3956.41025641026
3956.41025641026
3956.41025641026
3954.35897435898
3954.35897435898
3954.8717948718
3958.46153846154
3965.12820512821
3962.5641025641
3949.74358974359
3941.02564102564
3935.89743589744
3927.17948717949
3915.38461538462
3908.20512820513
3915.89743589744
3928.20512820513
3921.53846153846
3910.76923076923
3908.71794871795
3907.17948717949
3916.41025641026
3926.15384615385
3916.41025641026
3907.69230769231
3920.51282051282
3928.71794871795
3922.05128205128
3923.58974358974
3927.69230769231
3924.61538461539
3923.58974358974
3926.66666666667
3925.12820512821
3925.12820512821
3928.71794871795
3926.15384615385
3925.12820512821
3936.41025641026
3943.58974358974
3940
3940
3944.61538461539
3945.64102564103
3944.10256410256
3940.51282051282
3938.97435897436
3938.97435897436
3941.53846153846
3948.71794871795
3947.69230769231
3939.48717948718
3947.17948717949
3961.53846153846
3954.8717948718
3948.71794871795
3957.94871794872
3956.92307692308
3958.46153846154
3984.10256410256
3995.89743589744
3979.48717948718
3966.66666666667
3961.53846153846
3956.92307692308
3962.5641025641
3965.64102564103
3957.94871794872
3955.38461538462
3955.89743589744
3957.94871794872
3961.02564102564
3959.48717948718
3963.07692307692
3972.30769230769
3976.92307692308
3976.41025641026
3967.17948717949
3955.89743589744
3959.48717948718
3976.41025641026
3976.41025641026
3957.94871794872
3950.76923076923
3962.05128205128
3971.28205128205
3972.82051282051
3975.89743589744
3978.46153846154
3974.8717948718
3971.28205128205
3975.38461538462
3970.76923076923
3957.4358974359
3961.53846153846
3975.38461538462
3974.8717948718
3970.25641025641
3966.66666666667
3957.4358974359
3956.41025641026
3966.66666666667
3971.79487179487
3972.82051282051
3975.38461538462
3978.46153846154
3978.46153846154
3981.53846153846
3990.76923076923
3996.41025641026
3999.48717948718
4007.69230769231
4014.35897435898
4020.51282051282
4029.74358974359
4031.28205128205
4028.71794871795
4037.4358974359
4047.69230769231
4040.51282051282
4022.5641025641
4010.25641025641
4006.15384615385
4008.20512820513
4011.28205128205
4008.71794871795
3998.46153846154
3987.69230769231
3987.17948717949
3992.30769230769
3983.07692307692
3968.71794871795
3976.41025641026
3986.66666666667
3980
3975.38461538462
3978.97435897436
3972.30769230769
3960.51282051282
3964.61538461539
3974.8717948718
3975.89743589744
3971.79487179487
3972.82051282051
3974.35897435898
3973.33333333333
3975.89743589744
3974.35897435898
3972.30769230769
3980
3988.20512820513
3989.23076923077
3991.28205128205
3991.79487179487
3985.64102564103
3987.17948717949
3990.25641025641
3982.05128205128
3972.30769230769
3971.28205128205
3972.30769230769
3972.30769230769
3974.35897435898
3976.92307692308
3976.92307692308
3976.92307692308
3981.02564102564
3986.15384615385
3987.69230769231
3987.69230769231
3986.66666666667
3987.17948717949
3989.23076923077
3987.69230769231
3983.07692307692
3977.94871794872
3980.51282051282
3988.71794871795
3990.76923076923
3988.20512820513
3988.20512820513
3989.23076923077
3990.76923076923
3981.53846153846
3971.79487179487
3980.51282051282
3985.64102564103
3970.76923076923
3970.25641025641
3984.10256410256
3975.89743589744
3966.66666666667
3977.4358974359
3981.53846153846
3973.84615384615
3973.84615384615
3977.94871794872
3984.61538461539
3989.23076923077
3980.51282051282
3976.41025641026
3981.02564102564
3973.33333333333
3973.84615384615
3988.20512820513
3987.17948717949
3980
3986.66666666667
3989.74358974359
3978.97435897436
3973.84615384615
3983.07692307692
3986.15384615385
3977.4358974359
3971.79487179487
3973.33333333333
3977.94871794872
3981.02564102564
3982.5641025641
3982.5641025641
3977.4358974359
3972.82051282051
3985.12820512821
3990.76923076923
3977.94871794872
3980.51282051282
3990.25641025641
3988.71794871795
3984.10256410256
3979.48717948718
3978.46153846154
3986.66666666667
3991.79487179487
3987.17948717949
3988.20512820513
3991.28205128205
3990.25641025641
3989.23076923077
3988.71794871795
3990.76923076923
3987.69230769231
3985.12820512821
3990.76923076923
3990.25641025641
3989.23076923077
3997.4358974359
3994.8717948718
3984.61538461539
3985.64102564103
3991.28205128205
3987.69230769231
3987.69230769231
3996.41025641026
4003.07692307692
4005.12820512821
4004.10256410256
4004.10256410256
4003.07692307692
4002.5641025641
4002.05128205128
4000.51282051282
4000.51282051282
3999.48717948718
4000
4003.58974358974
4006.15384615385
4003.58974358974
3997.94871794872
4003.58974358974
4014.35897435898
4012.82051282051
4000.51282051282
3997.94871794872
4004.61538461539
4007.17948717949
4006.66666666667
4013.33333333333
4017.4358974359
4007.69230769231
4003.58974358974
4005.12820512821
4000
4003.07692307692
4012.82051282051
4007.69230769231
4000
4003.58974358974
4003.58974358974
4003.07692307692
4007.69230769231
4004.10256410256
3999.48717948718
3998.97435897436
3996.41025641026
3996.92307692308
4004.61538461539
4007.69230769231
4001.53846153846
3993.84615384615
3989.23076923077
3991.28205128205
3993.33333333333
3989.23076923077
3990.25641025641
4001.02564102564
4007.17948717949
4003.58974358974
3998.97435897436
3994.8717948718
3994.8717948718
3995.38461538462
3989.74358974359
3991.79487179487
4003.07692307692
4004.61538461539
4001.02564102564
4005.64102564103
4002.05128205128
3990.25641025641
3991.79487179487
3997.4358974359
3995.89743589744
4001.53846153846
4008.20512820513
3994.35897435898
3978.97435897436
3983.58974358974
3984.61538461539
3976.92307692308
3982.05128205128
3988.20512820513
3978.46153846154
3970.76923076923
3974.8717948718
3973.84615384615
3969.74358974359
3977.4358974359
3983.58974358974
3976.92307692308
3973.84615384615
3982.05128205128
3984.10256410256
3976.92307692308
3976.92307692308
3984.10256410256
3987.17948717949
3986.66666666667
3989.23076923077
3988.71794871795
3981.53846153846
3982.05128205128
3988.20512820513
3986.66666666667
3986.66666666667
3994.35897435898
3997.4358974359
3989.74358974359
3981.02564102564
3984.61538461539
3998.97435897436
4002.5641025641
3991.79487179487
3981.53846153846
3983.58974358974
3987.69230769231
3983.07692307692
3980.51282051282
3988.20512820513
4004.10256410256
4012.82051282051
4010.25641025641
4003.58974358974
4003.58974358974
4004.61538461539
4001.02564102564
4005.12820512821
4009.23076923077
4005.12820512821
4000
4002.05128205128
4005.12820512821
4008.20512820513
4004.61538461539
3992.30769230769
3994.8717948718
4007.17948717949
3997.4358974359
3985.12820512821
3995.38461538462
3999.48717948718
3988.71794871795
3991.28205128205
4003.58974358974
4009.74358974359
4012.82051282051
4015.89743589744
4012.30769230769
4006.15384615385
4005.64102564103
4006.66666666667
4002.5641025641
4001.53846153846
4009.74358974359
4014.8717948718
4012.30769230769
4013.33333333333
4014.8717948718
4006.66666666667
4003.07692307692
4012.30769230769
4016.41025641026
4011.79487179487
4008.20512820513
4005.64102564103
4001.53846153846
4006.15384615385
4005.64102564103
3993.84615384615
3996.41025641026
4009.23076923077
4001.02564102564
3988.20512820513
3998.46153846154
4007.17948717949
4002.5641025641
4005.64102564103
4013.84615384615
4017.94871794872
4020
4021.53846153846
4022.5641025641
4025.64102564103
4028.20512820513
4031.28205128205
4035.38461538462
4037.94871794872
4037.4358974359
4036.92307692308
4040
4044.61538461539
4038.46153846154
4023.58974358974
4020.51282051282
4021.53846153846
4012.30769230769
3998.97435897436
3992.30769230769
3990.76923076923
3989.23076923077
3988.20512820513
3987.69230769231
3982.5641025641
3972.82051282051
3972.30769230769
3983.07692307692
3990.76923076923
3987.69230769231
3976.41025641026
3968.20512820513
3969.74358974359
3977.4358974359
3983.58974358974
3986.66666666667
3989.23076923077
3992.30769230769
3992.30769230769
3977.4358974359
3961.02564102564
3962.5641025641
3974.8717948718
3986.66666666667
3992.30769230769
3990.25641025641
3990.25641025641
3994.35897435898
3985.12820512821
3969.23076923077
3979.48717948718
4000
3993.84615384615
3980.51282051282
3990.25641025641
4001.02564102564
3996.41025641026
3994.8717948718
3989.74358974359
3974.8717948718
3974.8717948718
3991.28205128205
3994.8717948718
3984.61538461539
3985.12820512821
3991.79487179487
3993.84615384615
3992.30769230769
3987.17948717949
3986.15384615385
3991.79487179487
3985.64102564103
3974.8717948718
3983.58974358974
3992.82051282051
3990.76923076923
3990.76923076923
3992.30769230769
3995.38461538462
4004.61538461539
4004.61538461539
3995.89743589744
3992.30769230769
3987.69230769231
3982.5641025641
3986.15384615385
3987.17948717949
3988.71794871795
4001.02564102564
4006.66666666667
4003.07692307692
4002.05128205128
3997.94871794872
3990.76923076923
3987.69230769231
3990.76923076923
4002.05128205128
4005.64102564103
3991.79487179487
3986.15384615385
3993.84615384615
3988.71794871795
3979.48717948718
3983.58974358974
3994.8717948718
3997.4358974359
3990.76923076923
3991.79487179487
4002.05128205128
4003.07692307692
3999.48717948718
4000
3996.41025641026
3989.74358974359
3989.23076923077
3988.20512820513
3986.15384615385
3989.23076923077
3987.17948717949
3984.61538461539
3998.97435897436
4010.25641025641
4000.51282051282
3988.71794871795
3988.20512820513
3988.20512820513
3991.28205128205
4001.53846153846
4006.15384615385
4006.15384615385
4005.12820512821
3996.41025641026
3988.71794871795
3996.41025641026
4005.64102564103
4002.5641025641
3996.92307692308
3997.94871794872
3998.46153846154
3997.94871794872
4002.5641025641
4005.12820512821
3997.4358974359
3993.84615384615
4001.53846153846
4004.61538461539
4003.58974358974
4004.10256410256
4002.05128205128
4002.05128205128
4008.20512820513
4003.07692307692
3992.30769230769
3996.41025641026
4005.64102564103
4007.69230769231
4005.12820512821
3996.92307692308
3988.71794871795
3988.71794871795
3992.30769230769
3991.28205128205
3992.30769230769
3991.79487179487
3986.66666666667
3984.10256410256
3985.12820512821
3988.71794871795
3989.74358974359
3988.20512820513
3989.23076923077
3991.28205128205
3987.69230769231
3984.10256410256
3988.71794871795
3991.79487179487
3990.25641025641
3991.28205128205
3989.23076923077
3987.69230769231
3995.38461538462
4001.02564102564
3996.92307692308
3994.8717948718
3996.41025641026
3993.33333333333
3989.23076923077
3992.82051282051
3996.41025641026
3997.4358974359
3995.89743589744
3989.23076923077
3989.23076923077
3998.97435897436
3997.4358974359
3988.20512820513
3989.74358974359
3991.79487179487
3985.12820512821
3990.76923076923
3998.97435897436
3994.35897435898
3988.71794871795
3989.23076923077
3989.23076923077
3989.23076923077
3990.76923076923
3989.23076923077
3987.69230769231
3991.28205128205
3990.25641025641
3980.51282051282
3972.30769230769
3974.8717948718
3978.46153846154
3973.84615384615
3974.8717948718
3984.61538461539
3986.15384615385
3987.17948717949
3989.23076923077
3975.38461538462
3960.51282051282
3969.74358974359
3987.69230769231
3988.20512820513
3976.92307692308
3974.8717948718
3980
3978.97435897436
3973.33333333333
3973.84615384615
3974.35897435898
3972.82051282051
3969.74358974359
3970.76923076923
3978.46153846154
3979.48717948718
3983.07692307692
3990.76923076923
3980
3969.74358974359
3979.48717948718
3973.33333333333
3954.35897435898
3965.64102564103
3977.4358974359
3962.05128205128
3953.84615384615
3969.74358974359
3977.94871794872
3971.28205128205
3973.84615384615
3982.5641025641
3974.35897435898
3957.94871794872
3961.02564102564
3972.82051282051
3972.30769230769
3972.30769230769
3974.8717948718
3975.38461538462
3981.53846153846
3987.17948717949
3983.58974358974
3984.61538461539
3989.74358974359
3981.53846153846
3970.25641025641
3970.25641025641
3974.35897435898
3978.97435897436
3980.51282051282
3972.30769230769
3966.15384615385
3968.71794871795
3974.8717948718
3981.02564102564
3978.46153846154
3970.76923076923
3973.84615384615
3978.46153846154
3972.30769230769
3975.89743589744
3991.79487179487
3994.35897435898
3986.15384615385
3984.61538461539
3989.23076923077
3991.28205128205
3989.74358974359
3986.66666666667
3991.79487179487
3997.94871794872
3991.79487179487
3988.71794871795
3991.28205128205
3990.25641025641
3994.8717948718
4004.10256410256
3994.35897435898
3975.89743589744
3974.35897435898
3982.5641025641
3988.71794871795
3987.17948717949
3980
3977.94871794872
3982.05128205128
3984.61538461539
3985.12820512821
3988.20512820513
3989.23076923077
3985.12820512821
3988.71794871795
3992.82051282051
3987.17948717949
3983.07692307692
3990.25641025641
3990.76923076923
3988.71794871795
3988.71794871795
3984.10256410256
3984.10256410256
3991.79487179487
3990.76923076923
3988.20512820513
3993.84615384615
3993.33333333333
3990.25641025641
3989.23076923077
3989.74358974359
3992.82051282051
3985.64102564103
3975.89743589744
3989.74358974359
4013.84615384615
4015.38461538462
4011.79487179487
4022.05128205128
4024.10256410256
4016.92307692308
4017.94871794872
4013.33333333333
3995.38461538462
3984.61538461539
3989.23076923077
3993.84615384615
3996.92307692308
4001.02564102564
3997.4358974359
3989.74358974359
3990.76923076923
3997.94871794872
3999.48717948718
3995.38461538462
4000
4006.15384615385
4000
3994.35897435898
4003.07692307692
4010.25641025641
4007.17948717949
4006.66666666667
4008.71794871795
4011.28205128205
4017.94871794872
4016.92307692308
4004.10256410256
3999.48717948718
4015.89743589744
4028.20512820513
4025.12820512821
4034.8717948718
4051.28205128205
4043.58974358974
4037.94871794872
4057.4358974359
4066.66666666667
4055.89743589744
4055.89743589744
4053.33333333333
4035.38461538462
4035.38461538462
4055.38461538462
4056.41025641026
4040
4034.8717948718
4035.89743589744
4035.89743589744
4041.53846153846
4044.61538461539
4042.5641025641
4047.69230769231
4057.94871794872
4052.30769230769
4038.97435897436
4037.4358974359
4036.92307692308
4030.25641025641
4026.66666666667
4020.51282051282
4009.74358974359
4012.82051282051
4021.02564102564
4019.48717948718
4015.38461538462
4012.30769230769
4009.23076923077
4006.66666666667
4004.10256410256
4000.51282051282
3997.94871794872
4004.10256410256
4014.8717948718
4013.33333333333
4000
3998.46153846154
4005.12820512821
4007.17948717949
4006.66666666667
3997.94871794872
3987.17948717949
3991.79487179487
4006.15384615385
4005.12820512821
3995.89743589744
3997.94871794872
4005.12820512821
4003.07692307692
3993.33333333333
3985.64102564103
3984.10256410256
3992.30769230769
4001.02564102564
4000
4002.5641025641
4007.69230769231
3997.4358974359
3987.17948717949
3995.38461538462
4001.02564102564
3986.15384615385
3975.89743589744
3988.20512820513
4000.51282051282
3992.30769230769
3980.51282051282
3987.17948717949
3998.46153846154
3997.4358974359
3992.30769230769
3989.23076923077
3988.71794871795
3994.35897435898
3998.46153846154
3992.82051282051
3989.74358974359
3990.25641025641
3986.15384615385
3991.28205128205
4005.12820512821
4007.17948717949
4006.66666666667
4014.35897435898
4016.92307692308
4011.28205128205
4000.51282051282
3991.79487179487
3990.76923076923
3992.30769230769
3987.69230769231
3985.64102564103
3986.15384615385
3982.05128205128
3968.20512820513
3963.07692307692
3970.76923076923
3962.5641025641
3936.92307692308
3934.8717948718
3956.41025641026
3963.07692307692
3953.84615384615
3947.17948717949
3943.58974358974
3946.66666666667
3957.4358974359
3962.05128205128
3948.20512820513
3940.51282051282
3948.71794871795
3945.64102564103
3940.51282051282
3952.82051282051
3960.51282051282
3956.41025641026
3961.53846153846
3977.94871794872
3989.23076923077
3994.35897435898
4000
4008.71794871795
4008.71794871795
4005.64102564103
4015.38461538462
4021.02564102564
4004.61538461539
3988.20512820513
3998.46153846154
4020
4025.12820512821
4021.02564102564
4007.69230769231
3993.33333333333
3996.92307692308
4003.07692307692
3991.28205128205
3985.12820512821
3997.94871794872
4010.76923076923
4003.58974358974
3987.69230769231
3988.20512820513
3998.46153846154
3999.48717948718
3993.33333333333
3989.74358974359
3988.20512820513
3983.07692307692
3986.66666666667
4003.07692307692
4003.07692307692
3983.58974358974
3984.61538461539
3994.8717948718
3982.05128205128
3978.46153846154
3997.94871794872
4004.61538461539
3991.28205128205
3985.64102564103
3986.15384615385
3979.48717948718
3977.4358974359
3986.15384615385
3996.41025641026
3988.71794871795
3974.8717948718
3980.51282051282
3988.20512820513
3981.02564102564
3983.07692307692
3997.4358974359
3994.35897435898
3985.64102564103
3988.20512820513
3993.33333333333
3990.76923076923
3983.07692307692
3984.61538461539
3990.76923076923
3990.76923076923
3988.20512820513
3986.15384615385
3988.71794871795
3991.28205128205
3981.02564102564
3971.28205128205
3978.97435897436
3981.53846153846
3974.35897435898
3971.28205128205
3971.28205128205
3981.02564102564
3994.35897435898
3985.64102564103
3976.41025641026
3982.05128205128
3978.97435897436
3969.23076923077
3976.92307692308
3989.23076923077
3989.23076923077
3986.66666666667
3989.23076923077
3993.84615384615
3990.25641025641
3991.28205128205
4002.5641025641
4008.71794871795
4009.74358974359
4006.15384615385
3999.48717948718
4001.02564102564
4008.71794871795
4007.17948717949
4004.10256410256
4008.71794871795
4007.69230769231
4001.02564102564
4002.05128205128
4006.66666666667
4004.61538461539
4006.15384615385
4014.35897435898
4012.82051282051
4003.58974358974
4004.10256410256
4007.17948717949
4002.5641025641
4000.51282051282
4009.74358974359
4015.38461538462
4017.94871794872
4019.48717948718
4011.79487179487
4004.61538461539
4014.35897435898
4017.94871794872
4004.61538461539
4002.05128205128
4005.12820512821
3997.94871794872
4001.02564102564
4006.15384615385
4000
4004.10256410256
4013.84615384615
4009.74358974359
4005.12820512821
4007.17948717949
4004.61538461539
3999.48717948718
3988.71794871795
3985.12820512821
4001.53846153846
4009.74358974359
3993.84615384615
3983.07692307692
3991.28205128205
3996.41025641026
3991.28205128205
3992.30769230769
4004.61538461539
4008.71794871795
3998.97435897436
3991.79487179487
3996.41025641026
4010.25641025641
4013.33333333333
3990.25641025641
3974.8717948718
3982.05128205128
3987.69230769231
3994.8717948718
4005.12820512821
3999.48717948718
3986.15384615385
3977.94871794872
3968.71794871795
3968.20512820513
3974.35897435898
3964.10256410256
3952.82051282051
3962.05128205128
3973.33333333333
3971.28205128205
3970.25641025641
3969.74358974359
3958.46153846154
3956.92307692308
3972.30769230769
3976.41025641026
3970.76923076923
3975.38461538462
3969.23076923077
3954.35897435898
3960
3977.4358974359
3973.84615384615
3968.20512820513
3986.15384615385
3995.89743589744
3974.35897435898
3958.97435897436
3973.33333333333
3989.23076923077
3983.58974358974
3971.79487179487
3967.69230769231
3975.89743589744
3986.66666666667
3988.20512820513
3986.15384615385
3989.74358974359
3991.28205128205
3983.07692307692
3973.84615384615
3973.84615384615
3986.15384615385
3990.76923076923
3976.41025641026
3968.20512820513
3974.8717948718
3977.4358974359
3972.30769230769
3973.33333333333
3982.05128205128
3989.74358974359
3985.12820512821
3974.8717948718
3975.38461538462
3977.94871794872
3973.33333333333
3968.20512820513
3972.30769230769
3977.94871794872
3972.30769230769
3973.33333333333
3992.30769230769
4001.53846153846
3985.64102564103
3972.30769230769
3975.38461538462
3987.17948717949
3993.84615384615
3982.05128205128
3967.69230769231
3974.8717948718
3988.71794871795
3992.82051282051
3993.33333333333
3991.28205128205
3984.61538461539
3988.71794871795
3992.82051282051
3977.94871794872
3973.84615384615
3992.82051282051
4001.02564102564
3994.35897435898
3990.76923076923
3990.76923076923
3990.25641025641
3989.74358974359
3988.20512820513
3989.74358974359
3981.02564102564
3967.17948717949
3975.38461538462
3992.82051282051
3990.25641025641
3978.46153846154
3983.58974358974
4001.02564102564
4007.69230769231
4001.02564102564
4002.05128205128
4011.28205128205
4012.82051282051
4007.17948717949
4005.12820512821
4006.66666666667
3999.48717948718
3988.20512820513
3984.61538461539
3985.12820512821
3986.66666666667
3988.71794871795
3987.69230769231
3986.15384615385
3989.23076923077
3989.23076923077
3987.69230769231
3989.23076923077
3992.30769230769
3996.41025641026
4001.02564102564
3996.41025641026
3986.66666666667
3987.17948717949
3992.30769230769
3989.74358974359
3983.58974358974
3986.66666666667
3993.33333333333
3990.25641025641
3985.64102564103
3986.15384615385
3982.5641025641
3977.4358974359
3982.05128205128
3993.33333333333
3998.46153846154
3994.8717948718
3997.4358974359
4006.66666666667
3997.4358974359
3980.51282051282
3988.20512820513
