
4306.66666666667
4306.66666666667
4292.82051282051
4292.30769230769
4301.53846153846
4295.38461538462
4289.74358974359
4295.38461538462
4291.28205128205
4282.5641025641
4287.17948717949
4294.8717948718
4295.89743589744
4297.4358974359
4300.51282051282
4296.92307692308
4298.97435897436
4309.23076923077
4312.82051282051
4309.23076923077
4308.71794871795
4303.07692307692
4292.82051282051
4295.38461538462
4300.51282051282
4294.35897435897
4292.30769230769
4295.38461538462
4287.17948717949
4280
4289.74358974359
4295.38461538462
4286.66666666667
4278.46153846154
4277.4358974359
4278.46153846154
4280.51282051282
4282.5641025641
4283.07692307692
4282.5641025641
4282.05128205128
4280.51282051282
4281.53846153846
4276.92307692308
4268.20512820513
4268.20512820513
4271.79487179487
4268.20512820513
4263.07692307692
4269.74358974359
4278.46153846154
4276.41025641026
4261.53846153846
4249.74358974359
4257.94871794872
4267.17948717949
4263.58974358974
4259.48717948718
4266.15384615385
4267.17948717949
4258.46153846154
4256.92307692308
4256.92307692308
4256.92307692308
4258.46153846154
4254.8717948718
4246.15384615385
4249.23076923077
4261.02564102564
4258.97435897436
4243.07692307692
4242.05128205128
4260.51282051282
4263.07692307692
4249.74358974359
4254.35897435897
4268.71794871795
4267.69230769231
4255.89743589744
4251.79487179487
4260
4267.69230769231
4262.05128205128
4258.46153846154
4264.10256410256
4263.07692307692
4261.53846153846
4264.10256410256
4256.92307692308
4251.79487179487
4261.02564102564
4266.66666666667
4264.61538461538
4262.05128205128
4252.82051282051
4248.20512820513
4262.05128205128
4268.71794871795
4264.10256410256
4265.12820512821
4261.02564102564
4254.35897435897
4260
4265.12820512821
4262.05128205128
4261.02564102564
4260.51282051282
4260
4264.10256410256
4264.61538461538
4256.92307692308
4256.41025641026
4264.61538461538
4257.4358974359
4244.10256410256
4252.30769230769
4268.20512820513
4265.64102564103
4260
4261.53846153846
4263.58974358974
4271.28205128205
4273.84615384615
4265.64102564103
4261.53846153846
4264.10256410256
4261.53846153846
4257.94871794872
4260.51282051282
4263.58974358974
4264.10256410256
4260
4264.10256410256
4276.41025641026
4272.82051282051
4257.4358974359
4257.4358974359
4268.20512820513
4270.76923076923
4267.17948717949
4266.66666666667
4268.20512820513
4266.66666666667
4266.66666666667
4272.82051282051
4271.28205128205
4263.07692307692
4261.02564102564
4263.07692307692
4264.10256410256
4265.12820512821
4264.61538461538
4264.10256410256
4268.71794871795
4276.92307692308
4279.48717948718
4280
4281.02564102564
4271.79487179487
4263.07692307692
4264.10256410256
4262.05128205128
4267.17948717949
4280.51282051282
4280.51282051282
4276.41025641026
4281.02564102564
4280
4275.89743589744
4281.02564102564
4282.05128205128
4277.4358974359
4277.4358974359
4283.07692307692
4282.05128205128
4278.97435897436
4290.76923076923
4303.07692307692
4298.97435897436
4290.76923076923
4296.92307692308
4311.79487179487
4303.58974358974
4281.02564102564
4290.25641025641
4316.92307692308
4315.89743589744
4301.53846153846
4294.35897435897
4281.02564102564
4274.35897435897
4289.23076923077
4298.97435897436
4288.20512820513
4275.38461538462
4273.84615384615
4276.92307692308
4282.05128205128
4280.51282051282
4270.76923076923
4271.28205128205
4282.05128205128
4282.5641025641
4277.4358974359
4278.46153846154
4272.82051282051
4260
4261.53846153846
4273.33333333333
4278.46153846154
4280
4281.53846153846
4280.51282051282
4278.46153846154
4278.97435897436
4285.64102564103
4289.74358974359
4282.5641025641
4277.4358974359
4281.02564102564
4282.5641025641
4282.5641025641
4282.5641025641
4278.46153846154
4278.46153846154
4279.48717948718
4270.25641025641
4263.58974358974
4265.12820512821
4265.12820512821
4262.5641025641
4265.12820512821
4266.15384615385
4265.12820512821
4272.30769230769
4280.51282051282
4280
4280
4283.58974358974
4280.51282051282
4274.8717948718
4277.4358974359
4281.02564102564
4282.5641025641
4282.05128205128
4276.41025641026
4272.82051282051
4280
4282.5641025641
4279.48717948718
4279.48717948718
4271.28205128205
4266.66666666667
4274.8717948718
4273.84615384615
4263.58974358974
4264.61538461538
4268.20512820513
4262.5641025641
4254.8717948718
4248.20512820513
4251.28205128205
4262.05128205128
4265.12820512821
4262.5641025641
4265.12820512821
4265.64102564103
4256.41025641026
4248.20512820513
4250.76923076923
4257.94871794872
4266.66666666667
4263.58974358974
4253.33333333333
4255.38461538462
4267.17948717949
4267.69230769231
4263.58974358974
4266.15384615385
4266.15384615385
4265.12820512821
4267.17948717949
4256.92307692308
4246.15384615385
4253.33333333333
4265.12820512821
4269.74358974359
4270.76923076923
4266.66666666667
4261.53846153846
4265.12820512821
4267.69230769231
4264.61538461538
4265.64102564103
4266.15384615385
4261.02564102564
4255.89743589744
4254.8717948718
4258.97435897436
4266.15384615385
4273.33333333333
4270.76923076923
4256.41025641026
4248.20512820513
4254.8717948718
4264.10256410256
4266.15384615385
4262.05128205128
4258.46153846154
4259.48717948718
4264.61538461538
4266.66666666667
4266.66666666667
4267.69230769231
4265.12820512821
4256.92307692308
4248.20512820513
4247.17948717949
4250.25641025641
4249.23076923077
4247.69230769231
4246.66666666667
4247.17948717949
4255.38461538462
4260.51282051282
4258.46153846154
4257.4358974359
4252.82051282051
4248.20512820513
4248.20512820513
4247.17948717949
4253.33333333333
4261.02564102564
4262.5641025641
4262.05128205128
4255.89743589744
4254.8717948718
4264.10256410256
4266.15384615385
4254.35897435897
4251.79487179487
4258.97435897436
4265.12820512821
4265.64102564103
4261.02564102564
4262.5641025641
4264.61538461538
4263.58974358974
4264.61538461538
4263.07692307692
4262.05128205128
4264.61538461538
4263.07692307692
4261.02564102564
4261.02564102564
4260.51282051282
4269.74358974359
4276.41025641026
4264.61538461538
4256.92307692308
4263.07692307692
4271.28205128205
4277.94871794872
4273.84615384615
4264.10256410256
4271.79487179487
4279.48717948718
4272.30769230769
4268.20512820513
4259.48717948718
4254.35897435897
4266.66666666667
4271.79487179487
4268.71794871795
4268.71794871795
4269.23076923077
4274.8717948718
4284.10256410256
4279.48717948718
4272.82051282051
4280
4283.58974358974
4280.51282051282
4280
4280
4278.97435897436
4279.48717948718
4282.5641025641
4277.4358974359
4273.84615384615
4280.51282051282
4289.23076923077
4280.51282051282
4260.51282051282
4266.15384615385
4278.46153846154
4270.25641025641
4266.15384615385
4271.79487179487
4265.12820512821
4262.05128205128
4269.23076923077
4261.02564102564
4261.53846153846
4277.94871794872
4275.89743589744
4259.48717948718
4263.07692307692
4279.48717948718
4271.79487179487
4260.51282051282
4272.30769230769
4284.10256410256
4281.53846153846
4280.51282051282
4281.53846153846
4276.92307692308
4278.97435897436
4283.07692307692
4282.5641025641
4279.48717948718
4276.92307692308
4275.89743589744
4283.07692307692
4285.12820512821
4267.17948717949
4264.61538461538
4287.69230769231
4292.30769230769
4276.41025641026
4272.30769230769
4270.76923076923
4262.05128205128
4266.66666666667
4274.35897435897
4265.64102564103
4263.58974358974
4276.92307692308
4275.38461538462
4258.97435897436
4259.48717948718
4269.74358974359
4275.38461538462
4279.48717948718
4280.51282051282
4277.94871794872
4268.20512820513
4265.12820512821
4275.38461538462
4277.4358974359
4262.5641025641
4261.02564102564
4274.8717948718
4274.8717948718
4263.58974358974
4262.5641025641
4273.33333333333
4273.33333333333
4265.12820512821
4270.25641025641
4279.48717948718
4273.33333333333
4262.05128205128
4268.71794871795
4283.07692307692
4290.25641025641
4295.38461538462
4298.46153846154
4293.84615384615
4298.46153846154
4305.64102564103
4298.97435897436
4301.53846153846
4320.51282051282
4318.97435897436
4298.46153846154
4302.05128205128
4314.35897435897
4313.33333333333
4310.76923076923
4304.61538461538
4297.94871794872
4303.07692307692
4303.58974358974
4293.33333333333
4297.4358974359
4304.61538461538
4296.41025641026
4290.76923076923
4292.82051282051
4296.92307692308
4302.5641025641
4308.71794871795
4311.28205128205
4308.71794871795
4309.23076923077
4312.30769230769
4312.82051282051
4311.79487179487
4310.25641025641
4314.8717948718
4324.10256410256
4315.89743589744
4306.15384615385
4321.53846153846
4330.76923076923
4323.58974358974
4324.61538461538
4323.07692307692
4315.38461538462
4316.41025641026
4318.46153846154
4312.82051282051
4308.20512820513
4310.76923076923
4312.30769230769
4304.10256410256
4294.8717948718
4294.8717948718
4297.4358974359
4298.46153846154
4297.4358974359
4296.92307692308
4306.15384615385
4309.23076923077
4299.48717948718
4294.8717948718
4293.84615384615
4295.89743589744
4305.64102564103
4311.79487179487
4317.94871794872
4327.17948717949
4322.5641025641
4309.23076923077
4298.46153846154
4293.84615384615
4299.48717948718
4308.20512820513
4316.92307692308
4319.48717948718
4307.17948717949
4298.97435897436
4306.15384615385
4305.12820512821
4302.5641025641
4311.79487179487
4314.35897435897
4306.66666666667
4300.51282051282
4296.92307692308
4295.38461538462
4298.46153846154
4295.38461538462
4284.61538461538
4288.71794871795
4305.12820512821
4308.71794871795
4308.71794871795
4314.35897435897
4308.71794871795
4302.5641025641
4308.20512820513
4312.82051282051
4311.79487179487
4302.5641025641
4295.89743589744
4306.15384615385
4320.51282051282
4322.05128205128
4311.28205128205
4295.38461538462
4300
4326.66666666667
4329.23076923077
4310.25641025641
4306.66666666667
4308.71794871795
4305.64102564103
4309.74358974359
4308.71794871795
4295.89743589744
4294.8717948718
4309.23076923077
4313.84615384615
4308.71794871795
4307.69230769231
4312.30769230769
4318.46153846154
4316.92307692308
4310.25641025641
4315.89743589744
4324.61538461538
4313.33333333333
4305.64102564103
4316.92307692308
4311.79487179487
4293.84615384615
4293.33333333333
4310.76923076923
4318.97435897436
4313.84615384615
4314.35897435897
4323.07692307692
4327.69230769231
4322.5641025641
4313.84615384615
4312.30769230769
4324.10256410256
4327.17948717949
4312.30769230769
4306.66666666667
4313.33333333333
4312.30769230769
4308.71794871795
4315.38461538462
4318.46153846154
4310.25641025641
4306.15384615385
4306.66666666667
4298.97435897436
4291.79487179487
4301.02564102564
4312.82051282051
4314.35897435897
4310.25641025641
4302.05128205128
4292.30769230769
4294.35897435897
4302.5641025641
4303.58974358974
4303.07692307692
4301.53846153846
4294.8717948718
4296.41025641026
4306.66666666667
4305.12820512821
4295.89743589744
4295.38461538462
4297.94871794872
4294.8717948718
4295.38461538462
4297.4358974359
4294.8717948718
4298.97435897436
4310.25641025641
4312.30769230769
4312.30769230769
4315.38461538462
4315.89743589744
4313.33333333333
4303.58974358974
4292.82051282051
4300
4309.23076923077
4302.05128205128
4301.02564102564
4309.74358974359
4310.25641025641
4310.76923076923
4305.64102564103
4288.71794871795
4288.20512820513
4309.23076923077
4310.76923076923
4302.05128205128
4302.05128205128
4298.46153846154
4299.48717948718
4301.53846153846
4294.8717948718
4300
4309.74358974359
4298.97435897436
4293.33333333333
4305.64102564103
4306.66666666667
4306.15384615385
4313.33333333333
4304.10256410256
4294.8717948718
4304.61538461538
4307.17948717949
4306.15384615385
4309.74358974359
4302.5641025641
4302.05128205128
4318.97435897436
4317.4358974359
4303.58974358974
4308.71794871795
4306.15384615385
4298.46153846154
4307.17948717949
4312.82051282051
4309.74358974359
4310.25641025641
4310.76923076923
4302.5641025641
4302.05128205128
4306.66666666667
4300.51282051282
4296.41025641026
4303.58974358974
4314.35897435897
4324.10256410256
4324.10256410256
4309.23076923077
4307.69230769231
4323.58974358974
4322.05128205128
4312.82051282051
4318.97435897436
4320.51282051282
4317.94871794872
4324.61538461538
4322.05128205128
4307.69230769231
4306.15384615385
4320
4328.20512820513
4320
4307.69230769231
4307.17948717949
4316.92307692308
4324.61538461538
4321.02564102564
4310.76923076923
4305.64102564103
4304.61538461538
4311.28205128205
4318.97435897436
4316.92307692308
4318.46153846154
4324.10256410256
4315.89743589744
4313.33333333333
4330.76923076923
4329.23076923077
4310.76923076923
4311.28205128205
4311.79487179487
4300
4304.61538461538
4326.66666666667
4331.28205128205
4324.61538461538
4329.74358974359
4327.17948717949
4313.33333333333
4310.76923076923
4314.35897435897
4312.30769230769
4313.84615384615
4326.66666666667
4334.8717948718
4334.8717948718
4336.41025641026
4334.8717948718
4326.66666666667
4321.53846153846
4329.74358974359
4334.8717948718
4327.17948717949
4321.53846153846
4326.66666666667
4337.4358974359
4334.8717948718
4319.48717948718
4315.38461538462
4328.20512820513
4329.74358974359
4317.94871794872
4322.5641025641
4334.35897435897
4330.25641025641
4322.5641025641
4323.58974358974
4332.30769230769
4344.61538461538
4344.61538461538
4331.28205128205
4329.23076923077
4338.46153846154
4334.8717948718
4330.25641025641
4337.94871794872
4338.97435897436
4330.25641025641
4330.25641025641
4336.41025641026
4334.8717948718
4334.35897435897
4336.41025641026
4331.79487179487
4330.25641025641
4332.82051282051
4334.8717948718
4333.84615384615
4329.23076923077
4324.10256410256
4325.12820512821
4335.89743589744
4335.38461538462
4325.12820512821
4325.64102564103
4337.4358974359
4337.94871794872
4327.69230769231
4332.30769230769
4338.46153846154
4330.76923076923
4323.07692307692
4324.61538461538
4329.74358974359
4333.84615384615
4332.82051282051
4321.53846153846
4316.41025641026
4322.05128205128
4325.12820512821
4325.64102564103
4327.17948717949
4328.20512820513
4330.25641025641
4334.35897435897
4334.35897435897
4328.71794871795
4325.12820512821
4325.12820512821
4328.20512820513
4329.23076923077
4320
4316.92307692308
4326.66666666667
4323.07692307692
4307.69230769231
4312.30769230769
4319.48717948718
4310.76923076923
4306.66666666667
4305.12820512821
4300
4304.10256410256
4310.25641025641
4311.28205128205
4310.76923076923
4307.69230769231
4307.69230769231
4304.61538461538
4293.84615384615
4304.10256410256
4322.5641025641
4317.4358974359
4311.79487179487
4318.46153846154
4318.97435897436
4318.97435897436
4320
4310.25641025641
4306.66666666667
4312.82051282051
4309.23076923077
4308.20512820513
4315.89743589744
4313.33333333333
4307.69230769231
4310.25641025641
4321.02564102564
4327.69230769231
4326.15384615385
4333.33333333333
4355.38461538462
4365.64102564103
4356.41025641026
4355.38461538462
4363.07692307692
4356.92307692308
4348.20512820513
4353.33333333333
4366.15384615385
4367.69230769231
4358.97435897436
4354.8717948718
4357.4358974359
4357.94871794872
4349.23076923077
4337.94871794872
4343.58974358974
4356.41025641026
4345.64102564103
4326.15384615385
4326.15384615385
4325.64102564103
4323.58974358974
4333.84615384615
4329.23076923077
4308.20512820513
4313.84615384615
4330.25641025641
4320
4311.28205128205
4318.46153846154
4317.4358974359
4310.76923076923
4310.76923076923
4308.20512820513
4312.30769230769
4327.69230769231
4325.12820512821
4308.20512820513
4307.17948717949
4317.4358974359
4316.92307692308
4310.25641025641
4314.35897435897
4319.48717948718
4317.4358974359
4317.94871794872
4317.94871794872
4308.20512820513
4305.64102564103
4321.53846153846
4328.71794871795
4316.92307692308
4309.74358974359
4309.74358974359
4309.23076923077
4317.94871794872
4329.23076923077
4326.66666666667
4325.12820512821
4327.69230769231
4317.4358974359
4311.28205128205
4325.12820512821
4327.17948717949
4305.64102564103
4297.94871794872
4313.84615384615
4314.8717948718
4301.53846153846
4306.66666666667
4312.30769230769
4304.61538461538
4310.25641025641
4320
4314.8717948718
4310.25641025641
4311.28205128205
4309.74358974359
4310.76923076923
4313.33333333333
4311.79487179487
4309.23076923077
4307.69230769231
4310.76923076923
4321.53846153846
4333.33333333333
4338.97435897436
4339.48717948718
4343.58974358974
4349.74358974359
4351.28205128205
4354.8717948718
4371.28205128205
4383.58974358974
4380.51282051282
4385.12820512821
4402.05128205128
4404.10256410256
4396.92307692308
4407.17948717949
4415.89743589744
4409.23076923077
4409.74358974359
4416.92307692308
4414.35897435897
4416.41025641026
4425.64102564103
4428.71794871795
4431.79487179487
4431.28205128205
4422.05128205128
4419.48717948718
4426.15384615385
4430.76923076923
4422.5641025641
4409.74358974359
4405.64102564103
4411.79487179487
4405.64102564103
4384.61538461538
4380
4383.07692307692
4366.15384615385
4339.48717948718
4331.79487179487
4330.25641025641
4313.33333333333
4308.20512820513
4321.53846153846
4321.02564102564
4307.17948717949
4312.30769230769
4331.28205128205
4335.89743589744
4336.92307692308
4334.35897435897
4317.94871794872
4311.79487179487
4318.97435897436
4322.05128205128
4323.07692307692
4327.69230769231
4323.07692307692
4312.30769230769
4314.8717948718
4321.53846153846
4318.46153846154
4321.02564102564
4327.17948717949
4316.41025641026
4301.53846153846
4304.61538461538
4308.20512820513
4300
4293.84615384615
4301.53846153846
4311.28205128205
4302.5641025641
4289.74358974359
4301.02564102564
4314.8717948718
4312.30769230769
4308.71794871795
4309.74358974359
4302.05128205128
4291.28205128205
4296.92307692308
4309.23076923077
4309.23076923077
4298.46153846154
4294.35897435897
4303.58974358974
4308.20512820513
4303.07692307692
4304.10256410256
4312.30769230769
4313.84615384615
4310.25641025641
4308.71794871795
4308.71794871795
4308.20512820513
4307.17948717949
4306.15384615385
4309.23076923077
4313.33333333333
4311.28205128205
4308.71794871795
4314.35897435897
4314.35897435897
4303.58974358974
4304.10256410256
4309.74358974359
4303.58974358974
4295.38461538462
4292.30769230769
4302.5641025641
4318.97435897436
4320.51282051282
4307.17948717949
4307.17948717949
4320
4321.53846153846
4312.82051282051
4306.15384615385
4313.33333333333
4323.58974358974
4323.07692307692
4327.17948717949
4330.76923076923
4316.41025641026
4308.20512820513
4327.69230769231
4338.46153846154
4318.97435897436
4308.20512820513
4320.51282051282
4329.74358974359
4324.10256410256
4321.02564102564
4320.51282051282
4313.33333333333
4311.28205128205
4322.5641025641
4328.20512820513
4316.41025641026
4312.82051282051
4325.64102564103
4330.25641025641
4321.02564102564
4315.38461538462
4320
4323.07692307692
4317.94871794872
4312.82051282051
4321.53846153846
4327.69230769231
4320
4314.8717948718
4317.94871794872
4322.05128205128
4324.10256410256
4322.5641025641
4324.10256410256
4319.48717948718
4311.28205128205
4312.30769230769
4322.5641025641
4327.69230769231
4323.07692307692
4318.97435897436
4326.66666666667
4335.89743589744
4337.4358974359
4333.84615384615
4322.5641025641
4314.35897435897
4318.97435897436
4322.05128205128
4318.46153846154
4315.89743589744
4321.02564102564
4324.61538461538
4316.41025641026
4310.25641025641
4314.8717948718
4325.12820512821
4339.48717948718
4340
4325.64102564103
4325.12820512821
4332.82051282051
4330.25641025641
4320
4310.25641025641
4312.30769230769
4319.48717948718
4320
4328.20512820513
4345.12820512821
4345.12820512821
4337.4358974359
4335.38461538462
4333.84615384615
4337.4358974359
4335.89743589744
4328.71794871795
4331.28205128205
4342.05128205128
4350.76923076923
4352.82051282051
4341.02564102564
4327.17948717949
4331.28205128205
4341.53846153846
4343.07692307692
4334.8717948718
4323.07692307692
4330.25641025641
4345.12820512821
4340
4332.30769230769
4335.38461538462
4334.8717948718
4335.89743589744
4341.53846153846
4339.48717948718
4332.82051282051
4332.82051282051
4335.89743589744
4334.8717948718
4333.84615384615
4337.4358974359
4336.41025641026
4334.35897435897
4339.48717948718
4344.10256410256
4340.51282051282
4342.5641025641
4351.28205128205
4347.17948717949
4331.28205128205
4327.69230769231
4336.41025641026
4342.5641025641
4346.15384615385
4345.12820512821
4336.41025641026
4330.76923076923
4336.41025641026
4343.58974358974
4342.05128205128
4343.58974358974
4350.76923076923
4347.69230769231
4340
4339.48717948718
4338.97435897436
4336.92307692308
4343.07692307692
4345.64102564103
4340.51282051282
4345.12820512821
4361.53846153846
4372.82051282051
4361.53846153846
4341.02564102564
4337.94871794872
4354.35897435897
4360.51282051282
4348.71794871795
4349.23076923077
4356.92307692308
4352.30769230769
4350.76923076923
4357.94871794872
4356.92307692308
4352.30769230769
4352.82051282051
4348.20512820513
4353.33333333333
4366.15384615385
4360.51282051282
4351.28205128205
4357.4358974359
4360
4357.94871794872
4362.05128205128
4361.02564102564
4357.94871794872
4352.82051282051
4344.10256410256
4343.58974358974
4351.28205128205
4350.76923076923
4347.69230769231
4353.33333333333
4358.97435897436
4360
4352.82051282051
4342.05128205128
4340
4349.74358974359
4357.94871794872
4357.94871794872
4354.8717948718
4348.71794871795
4340.51282051282
4341.53846153846
4343.58974358974
4341.02564102564
4343.07692307692
4338.46153846154
4327.69230769231
4326.66666666667
4336.41025641026
4342.5641025641
4340
4336.92307692308
4333.33333333333
4334.35897435897
4341.02564102564
4344.61538461538
4334.35897435897
4324.61538461538
4331.28205128205
4337.4358974359
4334.35897435897
4332.82051282051
4329.23076923077
4323.58974358974
4327.69230769231
4332.82051282051
4324.10256410256
4314.8717948718
4318.97435897436
4332.82051282051
4337.94871794872
4331.28205128205
4330.25641025641
4332.82051282051
4328.71794871795
4330.25641025641
4337.4358974359
