O1
4313.33333333333
4314.8717948718
4320
4315.38461538462
4320.51282051282
4325.64102564103
4313.84615384615
4312.30769230769
4321.02564102564
4312.30769230769
4312.82051282051
4332.30769230769
4338.97435897436
4333.33333333333
4333.84615384615
4336.41025641026
4335.38461538462
4332.82051282051
4334.8717948718
4342.5641025641
4340.51282051282
4332.82051282051
4334.8717948718
4337.94871794872
4332.30769230769
4327.69230769231
4328.20512820513
4327.17948717949
4319.48717948718
4312.82051282051
4307.69230769231
4304.10256410256
4308.20512820513
4313.84615384615
4310.76923076923
4310.25641025641
4316.41025641026
4308.71794871795
4298.97435897436
4310.76923076923
4322.5641025641
4317.94871794872
4312.82051282051
4304.10256410256
4292.30769230769
4300.51282051282
4313.33333333333
4313.33333333333
4309.74358974359
4303.58974358974
4301.02564102564
4310.25641025641
4312.82051282051
4301.53846153846
4294.8717948718
4297.4358974359
4297.94871794872
4298.46153846154
4301.53846153846
4301.53846153846
4301.02564102564
4300.51282051282
4302.05128205128
4308.71794871795
4310.76923076923
4302.5641025641
4297.4358974359
4298.97435897436
4296.92307692308
4295.38461538462
4293.33333333333
4295.89743589744
4302.05128205128
4299.48717948718
4303.07692307692
4314.8717948718
4309.23076923077
4295.89743589744
4295.89743589744
4303.58974358974
4301.53846153846
4291.79487179487
4299.48717948718
4314.35897435897
4308.20512820513
4293.84615384615
4296.41025641026
4296.92307692308
4290.25641025641
4295.38461538462
4299.48717948718
4294.8717948718
4294.35897435897
4297.4358974359
4296.41025641026
4298.46153846154
4308.71794871795
4306.15384615385
4293.33333333333
4292.30769230769
4298.46153846154
4301.53846153846
4301.53846153846
4298.97435897436
4296.41025641026
4299.48717948718
4303.58974358974
4307.69230769231
4307.17948717949
4297.94871794872
4296.41025641026
4308.20512820513
4307.69230769231
4294.8717948718
4293.33333333333
4300.51282051282
4307.69230769231
4311.28205128205
4302.05128205128
4295.38461538462
4308.20512820513
4311.79487179487
4297.94871794872
4298.46153846154
4308.20512820513
4304.10256410256
4301.02564102564
4303.07692307692
4297.94871794872
4294.8717948718
4297.94871794872
4295.89743589744
4295.38461538462
4308.20512820513
4311.79487179487
4299.48717948718
4296.41025641026
4303.07692307692
4309.23076923077
4311.28205128205
4301.53846153846
4296.41025641026
4308.71794871795
4318.46153846154
4314.8717948718
4305.64102564103
4297.4358974359
4302.05128205128
4313.84615384615
4310.76923076923
4298.46153846154
4294.8717948718
4295.89743589744
4296.41025641026
4299.48717948718
4311.28205128205
4320.51282051282
4316.41025641026
4309.74358974359
4304.61538461538
4296.41025641026
4290.76923076923
4298.46153846154
4308.71794871795
4306.66666666667
4305.12820512821
4308.71794871795
4303.58974358974
4294.35897435897
4294.35897435897
4299.48717948718
4303.58974358974
4306.66666666667
4310.25641025641
4310.25641025641
4308.20512820513
4313.33333333333
4320.51282051282
4315.89743589744
4312.82051282051
4322.05128205128
4327.17948717949
4324.61538461538
4325.64102564103
4330.25641025641
4336.41025641026
4336.41025641026
4327.69230769231
4324.61538461538
4325.64102564103
4323.58974358974
4324.61538461538
4321.02564102564
4315.89743589744
4315.38461538462
4314.35897435897
4314.35897435897
4316.92307692308
4305.12820512821
4292.82051282051
4302.5641025641
4307.69230769231
4306.15384615385
4312.30769230769
4306.66666666667
4293.84615384615
4295.89743589744
4299.48717948718
4292.30769230769
4292.30769230769
4299.48717948718
4303.07692307692
4305.64102564103
4303.07692307692
4299.48717948718
4301.53846153846
4300.51282051282
4294.35897435897
4297.94871794872
4312.30769230769
4313.84615384615
4308.20512820513
4309.23076923077
4311.79487179487
4313.33333333333
4309.23076923077
4300
4298.97435897436
4303.07692307692
4300
4301.02564102564
4314.35897435897
4311.79487179487
4301.02564102564
4311.79487179487
4324.61538461538
4318.97435897436
4308.71794871795
4309.23076923077
4312.82051282051
4312.30769230769
4311.28205128205
4311.79487179487
4313.33333333333
4312.30769230769
4307.17948717949
4309.23076923077
4318.97435897436
4318.97435897436
4309.23076923077
4309.23076923077
4313.33333333333
4310.25641025641
4306.15384615385
4303.58974358974
4305.12820512821
4310.25641025641
4311.79487179487
4309.23076923077
4308.71794871795
4311.79487179487
4310.76923076923
4307.17948717949
4310.76923076923
4317.4358974359
4315.89743589744
4311.28205128205
4312.30769230769
4313.84615384615
4311.79487179487
4311.79487179487
4315.38461538462
4317.94871794872
4317.4358974359
4318.46153846154
4316.41025641026
4310.25641025641
4308.71794871795
4312.82051282051
4315.89743589744
4313.84615384615
4308.71794871795
4310.25641025641
4313.84615384615
4312.30769230769
4311.79487179487
4310.76923076923
4311.28205128205
4316.41025641026
4318.97435897436
4318.46153846154
4315.38461538462
4309.23076923077
4310.76923076923
4318.97435897436
4320.51282051282
4315.38461538462
4310.25641025641
4306.15384615385
4310.76923076923
4322.5641025641
4322.05128205128
4309.74358974359
4307.69230769231
4311.79487179487
4315.89743589744
4323.07692307692
4323.58974358974
4311.79487179487
4308.20512820513
4316.41025641026
4318.97435897436
4320.51282051282
4323.58974358974
4316.92307692308
4309.74358974359
4310.25641025641
4310.76923076923
4309.74358974359
4312.30769230769
4312.82051282051
4311.79487179487
4322.5641025641
4330.76923076923
4325.12820512821
4321.53846153846
4321.02564102564
4312.30769230769
4305.12820512821
4312.82051282051
4322.5641025641
4317.4358974359
4309.23076923077
4318.46153846154
4329.23076923077
4319.48717948718
4314.8717948718
4322.05128205128
4316.92307692308
4311.79487179487
4319.48717948718
4321.02564102564
4315.38461538462
4321.53846153846
4332.30769230769
4324.10256410256
4309.74358974359
4320
4328.20512820513
4313.33333333333
4312.30769230769
4330.76923076923
4326.66666666667
4306.66666666667
4309.23076923077
4324.10256410256
4329.74358974359
4329.23076923077
4320.51282051282
4309.74358974359
4310.25641025641
4311.28205128205
4309.74358974359
4316.41025641026
4322.05128205128
4319.48717948718
4316.41025641026
4311.28205128205
4311.28205128205
4315.89743589744
4317.94871794872
4316.41025641026
4312.30769230769
4313.84615384615
4321.02564102564
4319.48717948718
4312.30769230769
4312.30769230769
4311.79487179487
4310.25641025641
4312.30769230769
4311.28205128205
4308.71794871795
4310.25641025641
4317.4358974359
4321.53846153846
4317.4358974359
4311.28205128205
4308.71794871795
4313.33333333333
4321.53846153846
4325.64102564103
4313.33333333333
4298.97435897436
4302.5641025641
4311.79487179487
4310.25641025641
4307.17948717949
4310.76923076923
4311.79487179487
4309.23076923077
4307.69230769231
4306.66666666667
4308.20512820513
4310.25641025641
4308.71794871795
4305.64102564103
4309.74358974359
4311.79487179487
4300.51282051282
4295.38461538462
4303.07692307692
4310.76923076923
4315.38461538462
4315.38461538462
4311.28205128205
4308.71794871795
4301.02564102564
4295.89743589744
4311.28205128205
4320.51282051282
4307.69230769231
4309.74358974359
4323.07692307692
4316.41025641026
4304.61538461538
4308.71794871795
4322.05128205128
4326.66666666667
4311.79487179487
4298.97435897436
4306.66666666667
4311.28205128205
4308.20512820513
4311.79487179487
4311.28205128205
4310.76923076923
4317.4358974359
4317.4358974359
4309.74358974359
4305.12820512821
4305.12820512821
4309.23076923077
4316.41025641026
4313.33333333333
4304.61538461538
4310.76923076923
4320
4315.89743589744
4310.76923076923
4315.89743589744
4316.41025641026
4311.79487179487
4311.28205128205
4307.17948717949
4301.53846153846
4305.12820512821
4312.82051282051
4313.84615384615
4308.20512820513
4307.69230769231
4316.41025641026
4321.02564102564
4311.79487179487
4307.69230769231
4315.38461538462
4316.41025641026
4311.79487179487
4308.20512820513
4306.15384615385
4313.33333333333
4321.53846153846
4316.92307692308
4319.48717948718
4324.61538461538
4305.64102564103
4296.41025641026
4315.38461538462
4324.61538461538
4313.84615384615
4309.74358974359
4312.82051282051
4311.28205128205
4310.76923076923
4309.23076923077
4307.17948717949
4309.23076923077
4313.33333333333
4313.84615384615
4311.28205128205
4311.28205128205
4308.20512820513
4308.20512820513
4320
4327.69230769231
4322.5641025641
4320.51282051282
4325.64102564103
4325.12820512821
4323.07692307692
4326.15384615385
4326.66666666667
4324.61538461538
4323.07692307692
4325.12820512821
4332.82051282051
4336.41025641026
4330.25641025641
4326.15384615385
4326.66666666667
4327.17948717949
4328.71794871795
4322.5641025641
4311.28205128205
4309.74358974359
4312.82051282051
4310.25641025641
4310.76923076923
4315.89743589744
4306.66666666667
4295.89743589744
4301.53846153846
4310.76923076923
4309.74358974359
4308.20512820513
4310.25641025641
4306.15384615385
4304.61538461538
4309.23076923077
4310.25641025641
4313.33333333333
4321.53846153846
4323.07692307692
4314.8717948718
4302.05128205128
4292.82051282051
4294.8717948718
4303.07692307692
4312.82051282051
4316.41025641026
4310.76923076923
4312.30769230769
4324.10256410256
4315.38461538462
4294.35897435897
4303.07692307692
4321.53846153846
4314.35897435897
4302.5641025641
4309.74358974359
4316.41025641026
4309.23076923077
4306.66666666667
4310.25641025641
4308.71794871795
4305.64102564103
4307.17948717949
4304.10256410256
4304.10256410256
4313.84615384615
4316.41025641026
4311.79487179487
4311.28205128205
4309.23076923077
4308.20512820513
4314.35897435897
4307.69230769231
4298.46153846154
4306.15384615385
4317.4358974359
4322.05128205128
4317.94871794872
4308.71794871795
4310.25641025641
4321.53846153846
4321.53846153846
4318.46153846154
4317.94871794872
4302.05128205128
4294.35897435897
4313.84615384615
4324.10256410256
4317.94871794872
4321.02564102564
4321.02564102564
4308.20512820513
4308.20512820513
4319.48717948718
4316.92307692308
4304.10256410256
4311.79487179487
4328.71794871795
4323.07692307692
4307.17948717949
4306.66666666667
4314.8717948718
4311.28205128205
4298.46153846154
4300
4313.33333333333
4313.33333333333
4306.66666666667
4313.33333333333
4316.92307692308
4307.69230769231
4308.20512820513
4320.51282051282
4322.5641025641
4312.30769230769
4308.20512820513
4304.61538461538
4305.12820512821
4310.76923076923
4300
4294.35897435897
4312.82051282051
4324.61538461538
4315.38461538462
4309.74358974359
4311.28205128205
4309.74358974359
4308.71794871795
4312.30769230769
4318.46153846154
4320
4321.02564102564
4315.38461538462
4299.48717948718
4303.58974358974
4322.05128205128
4325.64102564103
4317.94871794872
4313.33333333333
4312.82051282051
4317.4358974359
4322.5641025641
4316.41025641026
4305.12820512821
4310.76923076923
4320.51282051282
4309.23076923077
4301.02564102564
4311.79487179487
4314.35897435897
4313.84615384615
4320.51282051282
4307.17948717949
4288.71794871795
4305.12820512821
4326.15384615385
4318.97435897436
4311.79487179487
4311.79487179487
4298.97435897436
4296.41025641026
4312.82051282051
4314.35897435897
4308.71794871795
4312.30769230769
4305.64102564103
4295.89743589744
4302.5641025641
4310.25641025641
4307.17948717949
4304.61538461538
4307.69230769231
4308.20512820513
4310.25641025641
4310.76923076923
4301.53846153846
4297.94871794872
4308.20512820513
4313.84615384615
4307.17948717949
4309.23076923077
4310.25641025641
4302.5641025641
4305.12820512821
4314.8717948718
4315.89743589744
4312.30769230769
4311.79487179487
4311.28205128205
4315.38461538462
4315.89743589744
4300.51282051282
4300.51282051282
4319.48717948718
4321.02564102564
4308.20512820513
4309.23076923077
4312.30769230769
4303.07692307692
4301.53846153846
4309.23076923077
4312.82051282051
4307.69230769231
4302.5641025641
4297.4358974359
4293.33333333333
4302.05128205128
4305.12820512821
4296.92307692308
4299.48717948718
4309.74358974359
4306.15384615385
4301.02564102564
4301.53846153846
4287.17948717949
4278.46153846154
4292.82051282051
4306.66666666667
4301.02564102564
4291.28205128205
4292.30769230769
4297.94871794872
4299.48717948718
4291.79487179487
4290.76923076923
4307.69230769231
4313.84615384615
4299.48717948718
4292.82051282051
4295.38461538462
4292.82051282051
4293.33333333333
4297.4358974359
4295.38461538462
4294.35897435897
4294.35897435897
4293.84615384615
4297.94871794872
4297.4358974359
4293.33333333333
4295.38461538462
4295.89743589744
4291.28205128205
4293.84615384615
4293.84615384615
4282.5641025641
4282.5641025641
4290.25641025641
4283.58974358974
4277.4358974359
4288.71794871795
4296.92307692308
4289.74358974359
4290.76923076923
4297.94871794872
4291.79487179487
4277.94871794872
4277.94871794872
4284.61538461538
4288.71794871795
4294.8717948718
4292.30769230769
4290.76923076923
4298.46153846154
4296.41025641026
4293.33333333333
4300
4301.02564102564
4292.30769230769
4286.15384615385
4286.66666666667
4290.76923076923
4297.4358974359
4300
4291.79487179487
4277.94871794872
4273.84615384615
4283.58974358974
4294.8717948718
4295.89743589744
4283.58974358974
4277.4358974359
4289.23076923077
4294.8717948718
4291.79487179487
4294.35897435897
4298.97435897436
4298.46153846154
4298.46153846154
4299.48717948718
4296.41025641026
4295.38461538462
4305.12820512821
4314.8717948718
4305.64102564103
4290.25641025641
4293.84615384615
4300.51282051282
4295.38461538462
4297.4358974359
4306.15384615385
4298.97435897436
4287.17948717949
4292.82051282051
4305.64102564103
4307.69230769231
4300.51282051282
4295.89743589744
4296.41025641026
4294.8717948718
4294.35897435897
4298.97435897436
4300
4294.35897435897
4293.33333333333
4298.97435897436
4298.46153846154
4293.33333333333
4293.84615384615
4294.35897435897
4293.33333333333
4294.35897435897
4292.82051282051
4287.69230769231
4291.28205128205
4298.46153846154
4296.41025641026
4293.33333333333
4292.30769230769
4292.82051282051
4296.41025641026
4297.4358974359
4292.82051282051
4294.35897435897
4294.8717948718
4288.20512820513
4292.82051282051
4306.15384615385
4306.66666666667
4302.5641025641
4308.20512820513
4310.25641025641
4302.5641025641
4297.4358974359
4298.46153846154
4294.8717948718
4284.61538461538
4276.41025641026
4275.38461538462
4288.71794871795
4300
4289.23076923077
4278.46153846154
4286.66666666667
4293.84615384615
4291.79487179487
4293.33333333333
4297.4358974359
4296.41025641026
4296.92307692308
4300
4297.94871794872
4294.35897435897
4293.33333333333
4293.33333333333
4293.33333333333
4295.89743589744
4301.53846153846
4303.07692307692
4300
4293.84615384615
4294.35897435897
4303.58974358974
4310.25641025641
4313.84615384615
4313.33333333333
4307.69230769231
4308.71794871795
4321.53846153846
4328.20512820513
4322.5641025641
4324.10256410256
4323.58974358974
4307.69230769231
4305.12820512821
4321.53846153846
4323.07692307692
4312.82051282051
4308.20512820513
4308.71794871795
4316.41025641026
4319.48717948718
4311.28205128205
4310.25641025641
4322.05128205128
4322.5641025641
4311.28205128205
4306.15384615385
4311.79487179487
4313.33333333333
4305.12820512821
4307.17948717949
4305.64102564103
4291.79487179487
4296.41025641026
4306.15384615385
4297.4358974359
4292.82051282051
4299.48717948718
4294.8717948718
4290.76923076923
4295.89743589744
4294.35897435897
4289.74358974359
4293.84615384615
4298.46153846154
4294.35897435897
4291.28205128205
4293.33333333333
4292.82051282051
4295.38461538462
4296.41025641026
4286.66666666667
4285.12820512821
4296.92307692308
4295.38461538462
4281.53846153846
4281.02564102564
4289.23076923077
4294.35897435897
4298.46153846154
4294.35897435897
4283.07692307692
4276.41025641026
4284.10256410256
4295.89743589744
4296.41025641026
4294.8717948718
4297.4358974359
4289.23076923077
4283.07692307692
4294.35897435897
4297.94871794872
4281.02564102564
4273.84615384615
4287.69230769231
4293.33333333333
4283.07692307692
4278.97435897436
4290.25641025641
4297.94871794872
4293.84615384615
4294.8717948718
4294.8717948718
4284.10256410256
4286.15384615385
4300.51282051282
4299.48717948718
4289.23076923077
4293.33333333333
4294.8717948718
4288.20512820513
4291.79487179487
4297.4358974359
4295.89743589744
4297.94871794872
4304.10256410256
4302.05128205128
4294.35897435897
4287.17948717949
4281.02564102564
4282.5641025641
4293.33333333333
4294.8717948718
4292.30769230769
4297.94871794872
4286.15384615385
4267.17948717949
4280
4296.41025641026
4271.28205128205
4255.89743589744
4281.02564102564
4297.4358974359
4288.71794871795
4283.07692307692
4287.17948717949
4285.64102564103
4276.41025641026
4272.30769230769
4276.41025641026
4278.46153846154
4278.46153846154
4281.53846153846
4280.51282051282
4279.48717948718
4278.46153846154
4277.4358974359
4285.12820512821
4296.92307692308
4298.46153846154
4294.8717948718
4295.89743589744
4298.97435897436
4297.94871794872
4294.8717948718
4297.4358974359
4297.94871794872
4289.23076923077
4289.23076923077
4301.02564102564
4305.12820512821
4305.12820512821
4306.15384615385
4291.28205128205
4273.84615384615
4277.94871794872
4284.10256410256
4280
4276.92307692308
4280.51282051282
4290.25641025641
4289.23076923077
4276.41025641026
4278.46153846154
4293.84615384615
4293.33333333333
4280.51282051282
4278.97435897436
4282.05128205128
4277.4358974359
4274.8717948718
4290.25641025641
4295.89743589744
4278.46153846154
4277.94871794872
4296.41025641026
4292.82051282051
4277.94871794872
4284.10256410256
4296.92307692308
4295.89743589744
4287.69230769231
4283.07692307692
4282.5641025641
4281.02564102564
4286.66666666667
4294.8717948718
4292.30769230769
4286.15384615385
4288.71794871795
4290.76923076923
4284.61538461538
4287.69230769231
4297.94871794872
4297.4358974359
4288.71794871795
4293.84615384615
4301.02564102564
4288.71794871795
4286.66666666667
4301.02564102564
4304.61538461538
4296.41025641026
4285.12820512821
4281.02564102564
4291.28205128205
4301.02564102564
4293.33333333333
4289.74358974359
4294.8717948718
4287.17948717949
4282.05128205128
4284.61538461538
4281.02564102564
4284.10256410256
4297.94871794872
4292.30769230769
4279.48717948718
4287.69230769231
4291.28205128205
4278.46153846154
4277.4358974359
4289.74358974359
4295.38461538462
4292.82051282051
4296.92307692308
4300.51282051282
4285.12820512821
4276.92307692308
4300
4309.74358974359
4295.38461538462
4297.4358974359
4307.17948717949
4297.4358974359
4291.28205128205
4299.48717948718
4305.64102564103
4306.15384615385
4306.66666666667
4300
4293.84615384615
4297.4358974359
4305.12820512821
4305.12820512821
4297.94871794872
4293.84615384615
4299.48717948718
4302.05128205128
4290.25641025641
4289.23076923077
4307.69230769231
4307.17948717949
4289.74358974359
4294.8717948718
4307.69230769231
4298.97435897436
4289.23076923077
4300.51282051282
4308.71794871795
4299.48717948718
4292.30769230769
4295.89743589744
4296.92307692308
4296.92307692308
4298.46153846154
4295.38461538462
4301.53846153846
4305.12820512821
4296.41025641026
4300
4306.66666666667
4301.53846153846
4295.89743589744
4286.15384615385
4283.07692307692
4304.10256410256
4311.79487179487
4292.82051282051
4288.20512820513
4298.97435897436
4301.02564102564
4290.25641025641
4287.69230769231
4304.10256410256
4309.23076923077
4298.46153846154
4295.38461538462
4297.4358974359
4303.58974358974
4310.76923076923
4298.46153846154
4285.64102564103
4292.30769230769
4296.92307692308
4302.05128205128
4309.23076923077
4303.07692307692
4295.38461538462
4287.69230769231
4276.92307692308
4282.5641025641
4290.76923076923
4277.4358974359
4271.79487179487
4291.79487179487
4296.41025641026
4281.53846153846
4276.41025641026
4283.07692307692
4281.53846153846
4276.92307692308
4285.64102564103
4293.84615384615
4295.38461538462
4295.38461538462
4290.25641025641
4286.15384615385
4295.89743589744
4298.97435897436
4282.5641025641
4282.05128205128
4304.10256410256
4306.15384615385
4283.07692307692
4281.02564102564
4297.4358974359
4301.53846153846
4296.41025641026
4288.71794871795
4285.64102564103
4292.30769230769
4296.41025641026
4292.30769230769
4298.97435897436
4305.64102564103
4299.48717948718
4296.92307692308
4297.94871794872
4294.35897435897
4288.71794871795
4290.76923076923
4294.35897435897
4296.92307692308
4294.8717948718
4285.12820512821
4284.61538461538
4292.30769230769
4295.89743589744
4299.48717948718
4301.53846153846
4295.38461538462
4289.74358974359
4292.30769230769
4292.30769230769
4295.89743589744
4297.4358974359
4289.23076923077
4286.15384615385
4294.35897435897
4303.07692307692
4299.48717948718
4292.30769230769
4292.30769230769
4295.89743589744
4298.46153846154
4293.84615384615
4288.20512820513
4292.30769230769
4298.97435897436
4297.94871794872
4295.38461538462
4297.94871794872
4296.92307692308
4293.33333333333
4294.8717948718
4294.35897435897
4289.74358974359
4300.51282051282
4314.35897435897
4303.07692307692
4294.35897435897
4307.17948717949
4306.66666666667
4292.82051282051
4292.82051282051
4296.41025641026
4294.35897435897
4293.84615384615
4289.23076923077
4290.25641025641
4303.07692307692
4313.33333333333
4308.71794871795
4299.48717948718
4300
4309.23076923077
4312.30769230769
4309.74358974359
4310.76923076923
4313.33333333333
4310.76923076923
4308.20512820513
4311.79487179487
4311.28205128205
4299.48717948718
4290.25641025641
4292.82051282051
4301.53846153846
4303.07692307692
4296.41025641026
4293.84615384615
4297.4358974359
4298.46153846154
4295.38461538462
4294.35897435897
4300.51282051282
4312.82051282051
4312.82051282051
4300.51282051282
4292.30769230769
4292.82051282051
4293.84615384615
4293.33333333333
4292.82051282051
4295.89743589744
4299.48717948718
4294.35897435897
4290.25641025641
4293.33333333333
4290.76923076923
4286.66666666667
4292.30769230769
4300
4297.4358974359
4294.35897435897
4297.94871794872
4297.94871794872
4290.76923076923
4291.28205128205
4304.61538461538
