4486.15384615385
4492.30769230769
4498.97435897436
4493.84615384615
4491.28205128205
4496.41025641026
4494.8717948718
4487.17948717949
4485.64102564103
4485.64102564103
4489.23076923077
4495.38461538462
4490.25641025641
4493.84615384615
4516.41025641026
4526.66666666667
4522.05128205128
4516.41025641026
4513.33333333333
4516.41025641026
4506.15384615385
4476.41025641026
4468.71794871795
4489.74358974359
4493.84615384615
4476.92307692308
4475.89743589744
4490.25641025641
4489.74358974359
4476.92307692308
4475.38461538462
4480.51282051282
4480.51282051282
4484.61538461538
4488.20512820513
4484.61538461538
4487.17948717949
4493.84615384615
4489.23076923077
4490.25641025641
4503.07692307692
4501.02564102564
4488.20512820513
4487.69230769231
4490.76923076923
4490.25641025641
4495.38461538462
4493.84615384615
4489.23076923077
4508.71794871795
4529.74358974359
4511.79487179487
4483.07692307692
4486.15384615385
4497.94871794872
4491.79487179487
4484.10256410256
4490.25641025641
4497.4358974359
4492.82051282051
4488.71794871795
4485.64102564103
4475.89743589744
4478.97435897436
4492.30769230769
4486.66666666667
4480
4494.35897435897
4498.97435897436
4488.71794871795
4486.66666666667
4488.71794871795
4490.25641025641
4494.8717948718
4486.15384615385
4473.33333333333
4481.53846153846
4495.38461538462
4491.28205128205
4482.05128205128
4477.94871794872
4475.89743589744
4482.5641025641
4491.79487179487
4487.17948717949
4485.64102564103
4496.92307692308
4499.48717948718
4485.64102564103
4483.58974358974
4508.71794871795
4537.4358974359
4538.46153846154
4510.25641025641
4488.20512820513
4484.61538461538
4477.94871794872
4477.4358974359
4487.17948717949
4486.66666666667
4472.82051282051
4471.28205128205
4478.97435897436
4478.46153846154
4476.41025641026
4476.92307692308
4474.8717948718
4471.79487179487
4480.51282051282
4495.89743589744
4495.38461538462
4481.02564102564
4477.4358974359
4484.61538461538
4489.23076923077
4489.23076923077
4484.10256410256
4478.97435897436
4476.92307692308
4474.8717948718
4472.82051282051
4472.82051282051
4480
4491.28205128205
4498.46153846154
4491.79487179487
4475.89743589744
4467.69230769231
4484.10256410256
4505.12820512821
4497.4358974359
4476.41025641026
4470.76923076923
4472.82051282051
4476.92307692308
4486.15384615385
4487.17948717949
4487.17948717949
4497.4358974359
4507.69230769231
4514.35897435897
4520.51282051282
4526.66666666667
4536.41025641026
4539.48717948718
4529.23076923077
4517.4358974359
4518.46153846154
4530.25641025641
4530.76923076923
4511.79487179487
4500.51282051282
4505.64102564103
4503.07692307692
4501.53846153846
4513.84615384615
4517.94871794872
4506.66666666667
4489.74358974359
4498.46153846154
4520.51282051282
4507.69230769231
4480.51282051282
4484.61538461538
4496.41025641026
4491.79487179487
4501.53846153846
4526.66666666667
4534.35897435897
4512.82051282051
4483.58974358974
4472.82051282051
4473.33333333333
4471.28205128205
4470.76923076923
4476.92307692308
4475.38461538462
4471.79487179487
4487.69230769231
4497.4358974359
4480
4469.74358974359
4476.92307692308
4474.8717948718
4473.33333333333
4478.97435897436
4471.28205128205
4476.41025641026
4506.15384615385
4513.33333333333
4489.23076923077
4473.84615384615
4476.92307692308
4477.94871794872
4475.89743589744
4476.92307692308
4478.46153846154
4478.97435897436
4480.51282051282
4489.23076923077
4498.46153846154
4494.35897435897
4485.12820512821
4480.51282051282
4475.38461538462
4476.41025641026
4487.69230769231
4491.28205128205
4485.64102564103
4488.20512820513
4490.25641025641
4484.10256410256
4496.92307692308
4515.38461538462
4497.94871794872
4473.84615384615
4475.38461538462
4478.46153846154
4478.46153846154
4488.20512820513
4488.71794871795
4491.79487179487
4504.10256410256
4497.4358974359
4493.33333333333
4512.82051282051
4509.23076923077
4480.51282051282
4478.97435897436
4493.33333333333
4489.23076923077
4494.8717948718
4521.53846153846
4527.17948717949
4506.66666666667
4494.35897435897
4493.33333333333
4487.69230769231
4485.12820512821
4493.33333333333
4496.92307692308
4490.25641025641
4490.25641025641
4491.79487179487
4480.51282051282
4474.8717948718
4484.10256410256
4499.48717948718
4515.38461538462
4526.66666666667
4531.79487179487
4532.82051282051
4522.05128205128
4498.97435897436
4486.66666666667
4489.23076923077
4491.79487179487
4489.74358974359
4487.17948717949
4490.25641025641
4495.38461538462
4486.66666666667
4475.89743589744
4481.02564102564
4483.07692307692
4469.74358974359
4469.23076923077
4485.12820512821
4488.71794871795
4492.82051282051
4512.82051282051
4531.28205128205
4529.23076923077
4507.17948717949
4482.5641025641
4474.8717948718
4483.58974358974
4487.69230769231
4487.17948717949
4491.28205128205
4495.38461538462
4492.82051282051
4487.17948717949
4486.66666666667
4488.20512820513
4494.8717948718
4501.53846153846
4502.05128205128
4507.17948717949
4520.51282051282
4524.10256410256
4518.46153846154
4531.28205128205
4553.33333333333
4546.15384615385
4522.5641025641
4511.79487179487
4509.23076923077
4505.12820512821
4506.15384615385
4505.64102564103
4502.05128205128
4508.20512820513
4512.30769230769
4507.69230769231
4503.58974358974
4506.66666666667
4507.17948717949
4500
4512.82051282051
4538.46153846154
4528.20512820513
4491.79487179487
4486.66666666667
4500.51282051282
4496.92307692308
4487.17948717949
4488.20512820513
4498.97435897436
4504.10256410256
4501.53846153846
4513.84615384615
4532.82051282051
4526.66666666667
4498.46153846154
4473.33333333333
4460
4456.92307692308
4456.41025641026
4455.89743589744
4458.97435897436
4457.4358974359
4458.97435897436
4472.30769230769
4477.4358974359
4470.25641025641
4474.35897435897
4478.46153846154
4467.17948717949
4456.92307692308
4463.07692307692
4473.33333333333
4471.79487179487
4471.79487179487
4487.69230769231
4496.41025641026
4483.07692307692
4467.69230769231
4458.97435897436
4451.28205128205
4448.71794871795
4446.15384615385
4442.5641025641
4446.66666666667
4445.12820512821
4432.82051282051
4432.30769230769
4444.61538461538
4447.69230769231
4445.64102564103
4446.66666666667
4447.17948717949
4455.38461538462
4463.07692307692
4452.30769230769
4444.61538461538
4447.69230769231
4441.53846153846
4449.23076923077
4473.33333333333
4467.69230769231
4442.5641025641
4438.97435897436
4446.15384615385
4447.17948717949
4441.53846153846
4441.02564102564
4458.46153846154
4459.48717948718
4435.38461538462
4436.92307692308
4460
4462.05128205128
4453.33333333333
4455.89743589744
4462.05128205128
4463.58974358974
4458.97435897436
4456.41025641026
4456.41025641026
4452.30769230769
4446.15384615385
4456.92307692308
4488.71794871795
4494.35897435897
4465.64102564103
4461.02564102564
4473.33333333333
4466.66666666667
4463.58974358974
4470.76923076923
4470.25641025641
4470.25641025641
4473.33333333333
4477.94871794872
4477.94871794872
4466.15384615385
4458.46153846154
4462.05128205128
4460
4459.48717948718
4462.05128205128
4461.53846153846
4457.4358974359
4445.64102564103
4445.12820512821
4469.74358974359
4478.46153846154
4460
4450.76923076923
4460
4472.30769230769
4474.8717948718
4463.58974358974
4454.8717948718
4465.12820512821
4471.28205128205
4473.84615384615
4499.48717948718
4510.76923076923
4478.97435897436
4452.30769230769
4456.41025641026
4466.66666666667
4473.84615384615
4471.28205128205
4457.4358974359
4456.92307692308
4460.51282051282
4455.38461538462
4464.10256410256
4476.41025641026
4463.58974358974
4450.76923076923
4458.97435897436
4461.53846153846
4452.82051282051
4462.05128205128
4483.58974358974
4499.48717948718
4497.4358974359
4475.38461538462
4456.92307692308
4456.41025641026
4460.51282051282
4462.05128205128
4458.97435897436
4461.02564102564
4469.23076923077
4469.74358974359
4463.07692307692
4468.71794871795
4481.53846153846
4477.4358974359
4463.07692307692
4463.07692307692
4474.8717948718
4476.92307692308
4483.07692307692
4509.23076923077
4518.46153846154
4506.15384615385
4510.25641025641
4512.30769230769
4493.33333333333
4481.53846153846
4480
4470.25641025641
4473.33333333333
4489.74358974359
4484.61538461538
4472.30769230769
4474.35897435897
4481.02564102564
4490.76923076923
4487.69230769231
4475.89743589744
4483.58974358974
4495.38461538462
4487.69230769231
4485.64102564103
4486.66666666667
4480.51282051282
4488.20512820513
4496.41025641026
4487.17948717949
4483.58974358974
4498.46153846154
4518.97435897436
4526.66666666667
4522.5641025641
4520.51282051282
4511.79487179487
4491.28205128205
4485.64102564103
4487.17948717949
4478.97435897436
4475.38461538462
4480.51282051282
4478.46153846154
4475.89743589744
4483.07692307692
4491.28205128205
4488.71794871795
4480
4475.38461538462
4472.30769230769
4473.33333333333
4483.58974358974
4489.74358974359
4502.05128205128
4519.48717948718
4510.25641025641
4486.15384615385
4486.66666666667
4494.8717948718
4485.64102564103
4470.76923076923
4469.74358974359
4488.20512820513
4498.46153846154
4490.25641025641
4491.79487179487
4495.38461538462
4488.71794871795
4488.71794871795
4495.89743589744
4492.82051282051
4491.28205128205
4506.66666666667
4521.53846153846
4523.58974358974
4526.15384615385
4528.20512820513
4512.30769230769
4496.92307692308
4489.23076923077
4477.4358974359
4479.48717948718
4493.84615384615
4489.23076923077
4483.58974358974
4489.74358974359
4484.10256410256
4475.89743589744
4476.92307692308
4476.92307692308
4488.20512820513
4503.58974358974
4495.38461538462
4484.10256410256
4492.82051282051
4498.46153846154
4493.33333333333
4487.17948717949
4488.20512820513
4503.07692307692
4512.82051282051
4501.02564102564
4490.25641025641
4485.64102564103
4487.17948717949
4503.58974358974
4505.64102564103
4487.17948717949
4486.66666666667
4500
4492.82051282051
4485.12820512821
4500
4503.58974358974
4488.71794871795
4483.58974358974
4487.69230769231
4496.41025641026
4522.5641025641
4548.20512820513
4543.58974358974
4524.10256410256
4504.10256410256
4490.25641025641
4488.20512820513
4490.25641025641
4487.17948717949
4488.20512820513
4495.38461538462
4495.38461538462
4489.23076923077
4491.28205128205
4496.41025641026
4492.30769230769
4489.23076923077
4496.41025641026
4503.58974358974
4508.20512820513
4509.23076923077
4510.76923076923
4522.05128205128
4539.48717948718
4544.61538461538
4528.20512820513
4506.66666666667
4491.79487179487
4490.25641025641
4498.46153846154
4503.58974358974
4502.05128205128
4501.53846153846
4504.61538461538
4507.17948717949
4508.20512820513
4505.64102564103
4502.05128205128
4504.61538461538
4508.71794871795
4503.58974358974
4500.51282051282
4511.28205128205
4513.33333333333
4495.89743589744
4492.30769230769
4507.17948717949
4511.79487179487
4497.94871794872
4496.41025641026
4522.5641025641
4541.53846153846
4542.5641025641
4550.25641025641
4550.76923076923
4523.07692307692
4504.61538461538
4507.17948717949
4506.15384615385
4507.17948717949
4507.17948717949
4503.07692307692
4505.64102564103
4508.71794871795
4503.58974358974
4500.51282051282
4503.07692307692
4504.10256410256
4504.10256410256
4508.20512820513
4509.74358974359
4508.71794871795
4514.8717948718
4517.4358974359
4515.38461538462
4531.28205128205
4544.10256410256
4523.58974358974
4500.51282051282
4504.61538461538
4507.69230769231
4494.8717948718
4492.82051282051
4505.12820512821
4510.76923076923
4501.53846153846
4500.51282051282
4526.15384615385
4548.20512820513
4531.79487179487
4499.48717948718
4494.35897435897
4506.66666666667
4504.10256410256
4489.74358974359
4483.58974358974
4496.92307692308
4506.66666666667
4497.94871794872
4488.71794871795
4497.4358974359
4508.71794871795
4502.5641025641
4501.02564102564
4513.84615384615
4518.46153846154
4505.64102564103
4502.5641025641
4523.58974358974
4544.61538461538
4548.20512820513
4529.23076923077
4500.51282051282
4488.20512820513
4492.82051282051
4494.8717948718
4487.69230769231
4489.74358974359
4500
4506.15384615385
4505.12820512821
4502.5641025641
4503.58974358974
4503.07692307692
4503.07692307692
4512.82051282051
4536.41025641026
4544.10256410256
4518.46153846154
4497.94871794872
4504.10256410256
4510.76923076923
4505.64102564103
4506.66666666667
4509.23076923077
4497.4358974359
4492.30769230769
4502.05128205128
4504.10256410256
4503.07692307692
4507.17948717949
4503.07692307692
4491.79487179487
4486.15384615385
4497.94871794872
4524.61538461538
4541.02564102564
4536.41025641026
4536.92307692308
4543.58974358974
4538.97435897436
4533.33333333333
4540.51282051282
4543.58974358974
4523.07692307692
4497.4358974359
4495.89743589744
4506.66666666667
4506.66666666667
4505.12820512821
4516.92307692308
4518.46153846154
4506.66666666667
4512.30769230769
4525.64102564103
4520.51282051282
4515.89743589744
4519.48717948718
4513.33333333333
4505.12820512821
4508.20512820513
4511.28205128205
4505.64102564103
4506.66666666667
4516.41025641026
4527.17948717949
4534.8717948718
4531.28205128205
4516.92307692308
4508.20512820513
4506.15384615385
4508.20512820513
4520.51282051282
4522.05128205128
4520
4540
4545.12820512821
4523.07692307692
4513.84615384615
4523.07692307692
4525.64102564103
4519.48717948718
4509.74358974359
4500.51282051282
4510.25641025641
4524.10256410256
4515.38461538462
4512.30769230769
4533.84615384615
4538.46153846154
4518.97435897436
4515.38461538462
4523.58974358974
4522.05128205128
4520
4518.97435897436
4518.97435897436
4521.53846153846
4516.41025641026
4517.94871794872
4546.66666666667
4571.28205128205
4571.28205128205
4567.69230769231
4563.07692307692
4550.76923076923
4548.71794871795
4554.35897435897
4553.33333333333
4551.79487179487
4552.82051282051
4553.33333333333
4554.8717948718
4556.92307692308
4549.74358974359
4542.05128205128
4550.25641025641
4556.92307692308
4542.5641025641
4535.89743589744
4549.23076923077
4554.8717948718
4552.82051282051
4552.30769230769
4548.20512820513
4541.02564102564
4537.4358974359
4544.10256410256
4553.33333333333
4556.92307692308
4553.84615384615
4551.28205128205
4552.30769230769
4554.35897435897
4553.84615384615
4549.74358974359
4549.74358974359
4551.79487179487
4550.25641025641
4552.82051282051
4555.89743589744
4546.15384615385
4538.46153846154
4549.23076923077
4560.51282051282
4556.92307692308
4552.82051282051
4553.84615384615
4551.79487179487
4547.17948717949
4540.51282051282
4528.20512820513
4520.51282051282
4519.48717948718
4510.25641025641
4501.53846153846
4512.82051282051
4524.61538461538
4520.51282051282
4517.4358974359
4520.51282051282
4519.48717948718
4517.4358974359
4522.5641025641
4523.58974358974
4522.5641025641
4534.8717948718
4535.38461538462
4521.02564102564
4524.61538461538
4535.38461538462
4540
4553.33333333333
4556.92307692308
4545.64102564103
4560.51282051282
4582.05128205128
4573.84615384615
4564.10256410256
4569.23076923077
4576.41025641026
4594.8717948718
4606.15384615385
4586.15384615385
4565.12820512821
4561.53846153846
4556.41025641026
4549.74358974359
4554.35897435897
4552.30769230769
4539.48717948718
4535.38461538462
4532.82051282051
4535.38461538462
4552.30769230769
4553.33333333333
4525.64102564103
4519.48717948718
4535.38461538462
4529.74358974359
4517.4358974359
4518.97435897436
4526.15384615385
4542.5641025641
4562.05128205128
4551.79487179487
4525.12820512821
4518.97435897436
4515.89743589744
4505.64102564103
4510.25641025641
4522.5641025641
4519.48717948718
4515.89743589744
4521.53846153846
4521.53846153846
4516.92307692308
4524.10256410256
4539.48717948718
4537.94871794872
4521.02564102564
4518.46153846154
4535.89743589744
4546.66666666667
4548.71794871795
4552.30769230769
4546.66666666667
4527.17948717949
4515.38461538462
4518.46153846154
4520.51282051282
4521.02564102564
4522.5641025641
4522.05128205128
4517.94871794872
4508.20512820513
4503.07692307692
4509.23076923077
4515.38461538462
4517.4358974359
4534.8717948718
4556.41025641026
4546.66666666667
4516.41025641026
4503.58974358974
4507.17948717949
4505.12820512821
4503.07692307692
4503.07692307692
4501.02564102564
4503.58974358974
4509.74358974359
4505.64102564103
4512.30769230769
4543.58974358974
4562.5641025641
4556.92307692308
4540
4522.5641025641
4516.92307692308
4515.89743589744
4504.61538461538
4498.97435897436
4514.8717948718
4524.10256410256
4512.82051282051
4502.05128205128
4506.66666666667
4511.79487179487
4508.71794871795
4507.69230769231
4506.15384615385
4503.07692307692
4504.61538461538
4506.15384615385
4510.76923076923
4530.76923076923
4554.8717948718
4560
4550.76923076923
4551.28205128205
4558.46153846154
4539.48717948718
4506.66666666667
4498.97435897436
4509.74358974359
4518.46153846154
4529.23076923077
4538.97435897436
4537.4358974359
4535.89743589744
4538.46153846154
4541.53846153846
4541.02564102564
4533.84615384615
4532.82051282051
4540
4541.02564102564
4536.41025641026
4536.41025641026
4538.97435897436
4540.51282051282
4537.4358974359
4526.66666666667
4523.07692307692
4534.8717948718
4542.05128205128
4537.4358974359
4533.84615384615
4535.38461538462
4537.4358974359
4537.4358974359
4536.92307692308
4535.38461538462
4536.41025641026
4540.51282051282
4538.97435897436
4529.23076923077
4521.53846153846
4522.5641025641
4523.58974358974
4522.05128205128
4521.53846153846
4524.61538461538
4530.25641025641
4535.89743589744
4538.46153846154
4537.4358974359
4535.89743589744
4532.82051282051
4535.38461538462
4537.94871794872
4528.71794871795
4525.12820512821
4534.8717948718
4540
4536.92307692308
4535.89743589744
4537.4358974359
4538.46153846154
4541.02564102564
4537.94871794872
4535.89743589744
4542.5641025641
4538.46153846154
4525.64102564103
4524.10256410256
4523.58974358974
4520.51282051282
4531.28205128205
4537.4358974359
4523.58974358974
4517.4358974359
4522.5641025641
4519.48717948718
4517.94871794872
4521.53846153846
4523.58974358974
4525.12820512821
4526.66666666667
4523.07692307692
4517.94871794872
4518.97435897436
4523.07692307692
4525.12820512821
4523.07692307692
4522.5641025641
4522.05128205128
4513.84615384615
4504.61538461538
4512.30769230769
4525.12820512821
4521.53846153846
4515.38461538462
4521.53846153846
4523.07692307692
4517.94871794872
4521.02564102564
4526.66666666667
4522.05128205128
4516.92307692308
4518.97435897436
4522.5641025641
4526.15384615385
4523.58974358974
4521.02564102564
4524.10256410256
4526.15384615385
4525.64102564103
4525.12820512821
4520.51282051282
4520.51282051282
4523.58974358974
4524.10256410256
4529.74358974359
4536.41025641026
4541.02564102564
4550.76923076923
4562.5641025641
4567.17948717949
4570.76923076923
4573.84615384615
4568.71794871795
4555.89743589744
4541.53846153846
4533.84615384615
4534.35897435897
4536.41025641026
4528.71794871795
4521.53846153846
4530.76923076923
4541.02564102564
4539.48717948718
4534.8717948718
4531.28205128205
4531.79487179487
4542.5641025641
4542.5641025641
4527.17948717949
4522.05128205128
4536.92307692308
4553.33333333333
4551.79487179487
4541.02564102564
4536.92307692308
4538.46153846154
4535.89743589744
4532.30769230769
4536.41025641026
4540
4538.97435897436
4540.51282051282
4544.10256410256
4541.53846153846
4537.94871794872
4540
4540.51282051282
4537.4358974359
4537.94871794872
4540
4536.92307692308
4533.84615384615
4535.89743589744
4536.41025641026
4534.8717948718
4537.4358974359
4540
4538.97435897436
4535.38461538462
4527.69230769231
4523.07692307692
4530.25641025641
4535.89743589744
4534.8717948718
4535.38461538462
4531.28205128205
4522.5641025641
4522.05128205128
4525.12820512821
4527.69230769231
4536.41025641026
4539.48717948718
4528.71794871795
4520
4519.48717948718
4524.10256410256
4533.33333333333
4539.48717948718
4529.74358974359
4518.97435897436
4528.71794871795
4538.46153846154
4530.76923076923
4521.53846153846
4521.53846153846
4523.58974358974
4523.07692307692
4522.05128205128
4520.51282051282
4520.51282051282
4521.53846153846
4531.79487179487
4538.97435897436
4529.74358974359
4522.05128205128
4523.07692307692
4521.53846153846
4520
4521.53846153846
4520.51282051282
4521.53846153846
4521.53846153846
4520
4520.51282051282
4521.02564102564
4522.05128205128
4523.58974358974
4521.53846153846
4518.97435897436
4522.5641025641
4524.10256410256
4521.02564102564
4519.48717948718
4520.51282051282
4520.51282051282
4520
4524.10256410256
4527.17948717949
4523.58974358974
4520.51282051282
4522.5641025641
4524.10256410256
4522.05128205128
4520.51282051282
4527.69230769231
4535.38461538462
4528.20512820513
4521.02564102564
4529.74358974359
4532.30769230769
4523.07692307692
4520.51282051282
4522.05128205128
4523.07692307692
4523.58974358974
4521.02564102564
4520
4524.61538461538
4525.64102564103
4523.07692307692
4524.10256410256
4524.10256410256
4523.58974358974
4525.64102564103
4523.58974358974
4518.46153846154
4518.97435897436
4523.58974358974
4524.10256410256
4520
4516.92307692308
4516.41025641026
4518.97435897436
4522.05128205128
4523.07692307692
4525.12820512821
4525.64102564103
4519.48717948718
4516.92307692308
4522.05128205128
4524.61538461538
4520.51282051282
4519.48717948718
4523.58974358974
4525.12820512821
4523.07692307692
4521.53846153846
4523.58974358974
4524.10256410256
4522.05128205128
4521.53846153846
4522.5641025641
4521.53846153846
4518.97435897436
4519.48717948718
4522.05128205128
4522.05128205128
4522.05128205128
4523.07692307692
4523.58974358974
4523.58974358974
4520.51282051282
4517.94871794872
4522.05128205128
4519.48717948718
4506.15384615385
4509.74358974359
4522.05128205128
4521.53846153846
4522.05128205128
4525.64102564103
4520
4517.4358974359
4522.5641025641
4522.05128205128
4521.53846153846
4519.48717948718
4514.35897435897
4516.92307692308
4521.53846153846
4520
4518.97435897436
4521.53846153846
4518.46153846154
4515.38461538462
4518.97435897436
4520.51282051282
4524.61538461538
4532.82051282051
4538.97435897436
4547.69230769231
