P8
4197.4358974359
4177.94871794872
4153.84615384615
4195.38461538462
4228.20512820513
4174.8717948718
4144.10256410256
4187.69230769231
4209.23076923077
4190.25641025641
4190.76923076923
4186.15384615385
4159.48717948718
4166.66666666667
4199.48717948718
4194.8717948718
4173.33333333333
4160.51282051282
4163.58974358974
4198.97435897436
4200.51282051282
4148.20512820513
4152.30769230769
4212.30769230769
4216.92307692308
4177.4358974359
4164.10256410256
4183.58974358974
4203.07692307692
4190.25641025641
4164.61538461538
4176.92307692308
4202.5641025641
4193.84615384615
4179.48717948718
4178.46153846154
4187.17948717949
4202.05128205128
4200
4176.41025641026
4160
4175.89743589744
4207.17948717949
4220.51282051282
4199.48717948718
4174.8717948718
4184.61538461538
4193.33333333333
4175.38461538462
4186.15384615385
4211.79487179487
4174.35897435897
4149.23076923077
4207.69230769231
4224.10256410256
4162.5641025641
4157.4358974359
4198.97435897436
4208.71794871795
4205.64102564103
4185.12820512821
4157.4358974359
4170.76923076923
4191.79487179487
4183.07692307692
4183.07692307692
4188.20512820513
4163.07692307692
4134.35897435897
4153.84615384615
4186.66666666667
4182.5641025641
4163.07692307692
4150.25641025641
4158.46153846154
4167.17948717949
4157.94871794872
4162.5641025641
4186.15384615385
4180.51282051282
4148.71794871795
4152.82051282051
4172.82051282051
4169.74358974359
4164.10256410256
4169.23076923077
4175.38461538462
4173.84615384615
4154.35897435897
4131.79487179487
4158.97435897436
4211.79487179487
4201.53846153846
4170.76923076923
4184.61538461538
4177.4358974359
4147.69230769231
4169.23076923077
4198.97435897436
4178.46153846154
4164.10256410256
4168.71794871795
4152.82051282051
4153.84615384615
4177.94871794872
4165.12820512821
4140.51282051282
4150.76923076923
4157.94871794872
4150.25641025641
4176.92307692308
4207.69230769231
4188.71794871795
4162.05128205128
4172.30769230769
4185.12820512821
4172.82051282051
4158.97435897436
4160
4164.61538461538
4178.97435897436
4190.76923076923
4178.46153846154
4164.10256410256
4168.20512820513
4171.79487179487
4165.64102564103
4167.17948717949
4169.74358974359
4145.12820512821
4125.12820512821
4148.20512820513
4174.35897435897
4172.82051282051
4178.46153846154
4189.23076923077
4184.10256410256
4188.20512820513
4208.71794871795
4225.12820512821
4235.38461538462
4241.53846153846
4231.28205128205
4217.4358974359
4237.94871794872
4250.25641025641
4221.53846153846
4228.71794871795
4285.12820512821
4276.41025641026
4204.10256410256
4186.15384615385
4195.89743589744
4168.20512820513
4168.71794871795
4230.25641025641
4242.5641025641
4184.61538461538
4172.82051282051
4197.94871794872
4176.41025641026
4164.10256410256
4195.89743589744
4204.10256410256
4176.92307692308
4164.10256410256
4181.02564102564
4191.79487179487
4162.05128205128
4149.23076923077
4188.20512820513
4190.25641025641
4152.82051282051
4165.64102564103
4180
4148.20512820513
4144.10256410256
4182.05128205128
4203.58974358974
4184.10256410256
4160.51282051282
4159.48717948718
4168.71794871795
4181.02564102564
4187.69230769231
4181.53846153846
4168.20512820513
4167.69230769231
4176.41025641026
4186.66666666667
4186.66666666667
4170.76923076923
4167.69230769231
4167.17948717949
4156.92307692308
4167.69230769231
4196.41025641026
4213.84615384615
4201.53846153846
4170.76923076923
4164.10256410256
4186.66666666667
4190.76923076923
4184.61538461538
4197.94871794872
4204.61538461538
4202.05128205128
4189.23076923077
4168.20512820513
4174.35897435897
4191.79487179487
4201.02564102564
4219.48717948718
4230.25641025641
4207.69230769231
4184.61538461538
4184.10256410256
4186.66666666667
4185.64102564103
4190.25641025641
4197.4358974359
4201.53846153846
4200
4198.46153846154
4212.30769230769
4237.4358974359
4233.33333333333
4200.51282051282
4190.76923076923
4210.25641025641
4220.51282051282
4220.51282051282
4215.89743589744
4206.66666666667
4196.41025641026
4203.58974358974
4230.25641025641
4221.53846153846
4187.69230769231
4202.05128205128
4244.61538461538
4230.76923076923
4196.41025641026
4206.15384615385
4211.79487179487
4196.92307692308
4196.41025641026
4202.5641025641
4196.92307692308
4197.4358974359
4222.5641025641
4243.07692307692
4219.48717948718
4178.46153846154
4186.15384615385
4221.02564102564
4226.15384615385
4205.12820512821
4196.92307692308
4207.69230769231
4215.38461538462
4195.89743589744
4178.46153846154
4195.38461538462
4202.05128205128
4181.02564102564
4175.38461538462
4198.97435897436
4211.28205128205
4200.51282051282
4194.35897435897
4197.94871794872
4204.61538461538
4203.58974358974
4189.23076923077
4174.35897435897
4196.92307692308
4226.15384615385
4200
4173.33333333333
4196.41025641026
4213.33333333333
4200.51282051282
4195.89743589744
4205.12820512821
4205.12820512821
4186.66666666667
4162.5641025641
4184.61538461538
4237.4358974359
4237.4358974359
4209.74358974359
4216.92307692308
4219.48717948718
4184.10256410256
4175.38461538462
4204.10256410256
4210.25641025641
4198.97435897436
4207.69230769231
4204.61538461538
4172.82051282051
4184.10256410256
4213.84615384615
4187.69230769231
4183.07692307692
4224.61538461538
4209.23076923077
4170.25641025641
4191.28205128205
4208.71794871795
4196.92307692308
4201.02564102564
4200.51282051282
4195.38461538462
4203.07692307692
4196.41025641026
4178.97435897436
4180.51282051282
4196.41025641026
4208.20512820513
4203.07692307692
4183.58974358974
4184.61538461538
4200.51282051282
4186.66666666667
4181.02564102564
4206.66666666667
4194.8717948718
4166.15384615385
4190.25641025641
4213.84615384615
4202.5641025641
4200.51282051282
4194.8717948718
4185.64102564103
4199.48717948718
4203.07692307692
4205.12820512821
4223.07692307692
4198.97435897436
4175.89743589744
4203.58974358974
4193.33333333333
4157.4358974359
4187.17948717949
4215.89743589744
4187.17948717949
4177.4358974359
4194.8717948718
4186.66666666667
4174.8717948718
4192.30769230769
4196.41025641026
4173.84615384615
4170.25641025641
4178.97435897436
4170.25641025641
4171.28205128205
4186.15384615385
4184.10256410256
4186.15384615385
4204.61538461538
4205.64102564103
4175.89743589744
4151.79487179487
4155.89743589744
4172.82051282051
4187.17948717949
4189.74358974359
4187.69230769231
4183.07692307692
4173.33333333333
4164.10256410256
4169.74358974359
4173.33333333333
4163.58974358974
4166.66666666667
4165.64102564103
4142.5641025641
4145.12820512821
4173.84615384615
4187.69230769231
4192.82051282051
4199.48717948718
4202.5641025641
4195.38461538462
4189.23076923077
4198.46153846154
4200.51282051282
4188.71794871795
4192.30769230769
4203.07692307692
4186.15384615385
4170.25641025641
4173.33333333333
4194.8717948718
4230.25641025641
4240
4220.51282051282
4195.38461538462
4196.41025641026
4226.66666666667
4225.64102564103
4195.89743589744
4198.46153846154
4208.71794871795
4186.66666666667
4176.92307692308
4208.20512820513
4227.17948717949
4203.58974358974
4193.33333333333
4209.74358974359
4174.35897435897
4136.41025641026
4190.76923076923
4236.92307692308
4206.15384615385
4173.84615384615
4164.61538461538
4181.02564102564
4216.92307692308
4227.69230769231
4209.23076923077
4199.48717948718
4202.05128205128
4211.28205128205
4218.97435897436
4206.66666666667
4193.33333333333
4201.53846153846
4216.41025641026
4206.66666666667
4169.23076923077
4158.46153846154
4200.51282051282
4228.20512820513
4204.61538461538
4197.4358974359
4207.17948717949
4179.48717948718
4156.41025641026
4166.66666666667
4180.51282051282
4194.35897435897
4197.94871794872
4177.4358974359
4152.82051282051
4148.71794871795
4180
4200.51282051282
4178.46153846154
4176.92307692308
4184.10256410256
4164.10256410256
4175.38461538462
4206.66666666667
4203.58974358974
4183.58974358974
4154.8717948718
4152.30769230769
4197.94871794872
4216.41025641026
4190.76923076923
4166.66666666667
4154.8717948718
4162.05128205128
4183.58974358974
4194.35897435897
4203.58974358974
4201.02564102564
4164.61538461538
4152.82051282051
4193.84615384615
4213.84615384615
4195.38461538462
4195.89743589744
4204.61538461538
4195.89743589744
4184.10256410256
4177.4358974359
4178.97435897436
4195.38461538462
4214.8717948718
4207.69230769231
4191.28205128205
4196.41025641026
4222.05128205128
4223.58974358974
4198.46153846154
4182.5641025641
4175.89743589744
4194.35897435897
4212.82051282051
4207.17948717949
4200.51282051282
4185.64102564103
4171.79487179487
4177.4358974359
4193.84615384615
4195.89743589744
4200
4214.35897435897
4223.07692307692
4212.30769230769
4189.74358974359
4176.92307692308
4152.30769230769
4154.8717948718
4208.71794871795
4221.02564102564
4180.51282051282
4175.89743589744
4194.35897435897
4174.35897435897
4159.48717948718
4178.97435897436
4204.61538461538
4230.25641025641
4231.79487179487
4197.4358974359
4173.84615384615
4182.5641025641
4189.23076923077
4194.35897435897
4202.5641025641
4198.97435897436
4186.66666666667
4174.8717948718
4196.41025641026
4224.10256410256
4189.74358974359
4163.58974358974
4195.38461538462
4205.12820512821
4197.94871794872
4214.35897435897
4220
4192.30769230769
4165.12820512821
4184.61538461538
4215.89743589744
4199.48717948718
4175.89743589744
4180
4173.84615384615
4181.02564102564
4207.17948717949
4205.64102564103
4189.23076923077
4168.71794871795
4162.5641025641
4186.66666666667
4206.15384615385
4206.15384615385
4194.35897435897
4182.5641025641
4182.5641025641
4183.07692307692
4178.46153846154
4181.02564102564
4185.64102564103
4185.12820512821
4188.20512820513
4191.79487179487
4188.71794871795
4184.61538461538
4195.38461538462
4192.82051282051
4159.48717948718
4158.97435897436
4197.4358974359
4218.46153846154
4209.23076923077
4201.53846153846
4198.97435897436
4197.94871794872
4214.35897435897
4223.58974358974
4208.20512820513
4190.25641025641
4203.58974358974
4225.64102564103
4212.82051282051
4191.79487179487
4210.25641025641
4238.46153846154
4213.33333333333
4187.69230769231
4202.05128205128
4185.64102564103
4168.71794871795
4200.51282051282
4210.25641025641
4191.79487179487
4205.12820512821
4212.30769230769
4200
4214.8717948718
4219.48717948718
4198.97435897436
4197.94871794872
4191.79487179487
4188.71794871795
4222.5641025641
4243.58974358974
4234.8717948718
4233.33333333333
4225.12820512821
4204.10256410256
4184.10256410256
4178.46153846154
4207.69230769231
4241.02564102564
4237.94871794872
4216.92307692308
4200
4206.15384615385
4232.82051282051
4242.05128205128
4229.74358974359
4211.28205128205
4203.58974358974
4215.89743589744
4216.92307692308
4201.53846153846
4195.89743589744
4202.5641025641
4221.53846153846
4234.35897435897
4212.82051282051
4191.28205128205
4201.53846153846
4229.23076923077
4238.46153846154
4211.28205128205
4200.51282051282
4216.92307692308
4223.07692307692
4226.15384615385
4234.8717948718
4220.51282051282
4194.35897435897
4195.89743589744
4212.82051282051
4222.05128205128
4215.89743589744
4220.51282051282
4225.64102564103
4196.92307692308
4196.41025641026
4238.97435897436
4226.15384615385
4177.94871794872
4203.07692307692
4263.58974358974
4250.25641025641
4206.15384615385
4211.28205128205
4241.02564102564
4243.58974358974
4216.41025641026
4202.05128205128
4197.94871794872
4181.02564102564
4187.69230769231
4228.71794871795
4236.92307692308
4200
4195.38461538462
4218.46153846154
4220.51282051282
4216.92307692308
4202.5641025641
4187.69230769231
4197.4358974359
4194.35897435897
4178.97435897436
4200.51282051282
4221.02564102564
4213.33333333333
4196.92307692308
4185.64102564103
4204.61538461538
4228.71794871795
4201.02564102564
4191.79487179487
4237.4358974359
4236.92307692308
4212.30769230769
4227.69230769231
4243.07692307692
4233.33333333333
4217.94871794872
4221.53846153846
4226.66666666667
4215.89743589744
4213.33333333333
4234.35897435897
4239.48717948718
4223.07692307692
4207.17948717949
4198.97435897436
4219.48717948718
4240.51282051282
4235.89743589744
4230.25641025641
4226.66666666667
4211.28205128205
4213.33333333333
4231.79487179487
4218.97435897436
4206.15384615385
4210.25641025641
4214.8717948718
4226.66666666667
4249.74358974359
4254.8717948718
4226.15384615385
4204.61538461538
4208.71794871795
4229.23076923077
4232.30769230769
4217.94871794872
4222.05128205128
4221.53846153846
4204.61538461538
4196.92307692308
4223.07692307692
4249.23076923077
4233.84615384615
4204.61538461538
4196.92307692308
4200
4199.48717948718
4207.69230769231
4219.48717948718
4215.89743589744
4213.33333333333
4222.05128205128
4227.17948717949
4220.51282051282
4211.79487179487
4211.28205128205
4223.07692307692
4232.82051282051
4225.12820512821
4215.89743589744
4216.92307692308
4217.94871794872
4214.8717948718
4218.97435897436
4217.4358974359
4203.58974358974
4205.64102564103
4207.17948717949
4201.02564102564
4223.58974358974
4260
4246.15384615385
4203.58974358974
4201.53846153846
4221.02564102564
4229.23076923077
4227.69230769231
4226.15384615385
4217.94871794872
4209.23076923077
4209.23076923077
4214.8717948718
4218.97435897436
4205.12820512821
4204.10256410256
4247.17948717949
4269.74358974359
4240.51282051282
4224.61538461538
4221.02564102564
4198.46153846154
4204.10256410256
4227.17948717949
4215.38461538462
4210.76923076923
4244.61538461538
4260.51282051282
4229.74358974359
4202.05128205128
4217.4358974359
4245.64102564103
4240.51282051282
4215.38461538462
4215.89743589744
4222.05128205128
4208.71794871795
4208.20512820513
4239.48717948718
4262.05128205128
4241.53846153846
4211.79487179487
4219.48717948718
4246.66666666667
4249.74358974359
4236.41025641026
4222.05128205128
4211.79487179487
4216.41025641026
4233.33333333333
4237.4358974359
4220.51282051282
4216.92307692308
4225.64102564103
4207.69230769231
4191.28205128205
4215.38461538462
4229.74358974359
4214.8717948718
4215.38461538462
4218.97435897436
4200
4189.23076923077
4214.35897435897
4240
4224.10256410256
4195.38461538462
4197.4358974359
4204.10256410256
4206.15384615385
4227.69230769231
4237.4358974359
4222.05128205128
4213.84615384615
4206.66666666667
4196.41025641026
4200
4212.82051282051
4225.64102564103
4205.64102564103
4180
4209.23076923077
4248.20512820513
4236.41025641026
4214.35897435897
4209.23076923077
4191.28205128205
4175.38461538462
4188.20512820513
4209.23076923077
4212.30769230769
4203.07692307692
4191.79487179487
4182.5641025641
4195.89743589744
4217.94871794872
4228.20512820513
4220
4187.17948717949
4180.51282051282
4233.33333333333
4265.64102564103
4238.97435897436
4216.92307692308
4213.84615384615
4215.89743589744
4224.61538461538
4246.15384615385
4283.58974358974
4307.17948717949
4309.23076923077
4315.38461538462
4328.20512820513
4320
4304.10256410256
4324.61538461538
4363.58974358974
4368.20512820513
4354.35897435897
4364.10256410256
4349.23076923077
4296.41025641026
4295.89743589744
4330.25641025641
4310.76923076923
4265.64102564103
4261.53846153846
4267.17948717949
4249.74358974359
4245.64102564103
4246.66666666667
4234.8717948718
4234.35897435897
4253.33333333333
4258.46153846154
4236.92307692308
4227.17948717949
4233.84615384615
4226.66666666667
4193.33333333333
4179.48717948718
4200
4225.12820512821
4254.8717948718
4269.23076923077
4238.46153846154
4201.02564102564
4195.89743589744
4202.5641025641
4218.97435897436
4235.89743589744
4219.48717948718
4196.41025641026
4197.4358974359
4206.15384615385
4223.07692307692
4246.66666666667
4254.35897435897
4244.61538461538
4225.64102564103
4194.8717948718
4188.71794871795
4207.69230769231
4208.71794871795
4204.10256410256
4212.30769230769
4225.64102564103
4228.71794871795
4213.33333333333
4200.51282051282
4209.74358974359
4222.05128205128
4214.8717948718
4197.4358974359
4184.10256410256
4190.76923076923
4198.97435897436
4204.61538461538
4219.48717948718
4214.35897435897
4194.8717948718
4200
4204.10256410256
4197.94871794872
4211.79487179487
4214.8717948718
4193.84615384615
4185.64102564103
4187.69230769231
4180.51282051282
4193.84615384615
4232.82051282051
4246.66666666667
4211.79487179487
4184.61538461538
4206.66666666667
4225.64102564103
4207.69230769231
4194.8717948718
4207.69230769231
4215.89743589744
4211.79487179487
4224.10256410256
4225.64102564103
4199.48717948718
4199.48717948718
4229.23076923077
4227.17948717949
4196.41025641026
4194.8717948718
4221.53846153846
4238.97435897436
4221.53846153846
4182.5641025641
4179.48717948718
4217.94871794872
4240.51282051282
4223.07692307692
4204.10256410256
4202.5641025641
4201.53846153846
4199.48717948718
4201.02564102564
4195.89743589744
4194.8717948718
4215.38461538462
4225.12820512821
4202.5641025641
4192.82051282051
4207.69230769231
4209.74358974359
4193.33333333333
4198.46153846154
4220.51282051282
4203.58974358974
4170.76923076923
4187.69230769231
4227.69230769231
4221.53846153846
4195.38461538462
4193.84615384615
4186.66666666667
4183.58974358974
4206.66666666667
4215.89743589744
4192.30769230769
4175.38461538462
4188.71794871795
4204.61538461538
4203.07692307692
4194.8717948718
4210.76923076923
4228.71794871795
4208.71794871795
4189.74358974359
4201.53846153846
4203.07692307692
4184.61538461538
4186.66666666667
4197.94871794872
4195.38461538462
4198.46153846154
4206.66666666667
4201.53846153846
4191.79487179487
4194.35897435897
4200
4192.82051282051
4185.12820512821
4190.76923076923
4198.97435897436
4189.23076923077
4174.35897435897
4198.46153846154
4226.15384615385
4203.58974358974
4182.5641025641
4192.30769230769
4181.53846153846
4168.20512820513
4196.92307692308
4202.05128205128
4173.84615384615
4172.82051282051
4183.07692307692
4180
4171.28205128205
4151.28205128205
4137.4358974359
4158.46153846154
4163.07692307692
4128.20512820513
4135.89743589744
4164.61538461538
4141.02564102564
4141.02564102564
4183.07692307692
4155.38461538462
4111.28205128205
4155.38461538462
4198.97435897436
4163.58974358974
4121.53846153846
4137.94871794872
4161.53846153846
4135.38461538462
4108.71794871795
4131.28205128205
4161.53846153846
4152.82051282051
4144.61538461538
4161.02564102564
4173.33333333333
4170.25641025641
4164.10256410256
4165.64102564103
4158.97435897436
4134.35897435897
4121.53846153846
4141.02564102564
4159.48717948718
4154.8717948718
4151.79487179487
4149.74358974359
4141.02564102564
4131.28205128205
4137.94871794872
4157.94871794872
4156.92307692308
4144.10256410256
4163.07692307692
4193.84615384615
4192.30769230769
4188.20512820513
4210.25641025641
4223.58974358974
4212.30769230769
4226.15384615385
4278.46153846154
4285.12820512821
4237.4358974359
4217.4358974359
4207.17948717949
4171.79487179487
4157.94871794872
4167.69230769231
4161.02564102564
4149.74358974359
4153.33333333333
4154.35897435897
4149.74358974359
4159.48717948718
4185.12820512821
4169.74358974359
4120.51282051282
4129.74358974359
4178.97435897436
4178.46153846154
4158.97435897436
4166.66666666667
4158.97435897436
4140
4161.53846153846
4182.05128205128
4176.92307692308
4162.05128205128
4150.76923076923
4158.46153846154
4181.02564102564
4192.30769230769
4186.15384615385
4180
4162.5641025641
4145.12820512821
4165.64102564103
4196.41025641026
4194.8717948718
4162.05128205128
4130.76923076923
4141.02564102564
4190.25641025641
4211.28205128205
4183.07692307692
4170.76923076923
4168.20512820513
4151.79487179487
4163.07692307692
4180
4160.51282051282
4157.94871794872
4174.8717948718
4160.51282051282
4157.94871794872
4179.48717948718
4170.76923076923
4160
4169.74358974359
4175.89743589744
4182.05128205128
4181.53846153846
4163.58974358974
4167.69230769231
4196.92307692308
4172.82051282051
4135.89743589744
4174.8717948718
4214.8717948718
4183.07692307692
4165.12820512821
4191.28205128205
4175.38461538462
4148.71794871795
4154.35897435897
4158.97435897436
4169.74358974359
4180.51282051282
4169.74358974359
4156.92307692308
4175.89743589744
4201.53846153846
4199.48717948718
4189.23076923077
4176.92307692308
4154.8717948718
4157.94871794872
4196.92307692308
4202.05128205128
4167.17948717949
4156.41025641026
4177.4358974359
4201.02564102564
4198.97435897436
4177.94871794872
4182.5641025641
4187.69230769231
4170.76923076923
4166.15384615385
4166.66666666667
4169.23076923077
4182.5641025641
4168.71794871795
4148.71794871795
4163.58974358974
4191.28205128205
4204.10256410256
4200
4172.30769230769
4157.94871794872
4171.79487179487
4175.38461538462
4186.15384615385
4206.66666666667
4182.5641025641
4155.89743589744
4189.23076923077
4213.33333333333
4173.84615384615
4157.4358974359
4196.92307692308
4206.66666666667
4174.35897435897
4166.15384615385
4173.84615384615
4168.20512820513
4177.4358974359
4204.10256410256
4201.02564102564
4167.17948717949
4159.48717948718
4179.48717948718
4191.79487179487
4191.28205128205
4172.82051282051
4156.92307692308
4169.74358974359
4176.41025641026
4157.4358974359
4160
4183.58974358974
4163.58974358974
4133.84615384615
4156.41025641026
4203.58974358974
4216.41025641026
4173.84615384615
4143.58974358974
4164.61538461538
4187.69230769231
4179.48717948718
4160.51282051282
4163.07692307692
4177.4358974359
4188.20512820513
4189.74358974359
4186.66666666667
4187.17948717949
4184.61538461538
4188.71794871795
4185.12820512821
4169.74358974359
4170.25641025641
4179.48717948718
4190.25641025641
4191.28205128205
4171.28205128205
4173.33333333333
4203.07692307692
4199.48717948718
4178.46153846154
4182.5641025641
4176.92307692308
4165.12820512821
4181.53846153846
4199.48717948718
4195.38461538462
4170.25641025641
4161.53846153846
4204.61538461538
4232.82051282051
4204.10256410256
4198.46153846154
4225.64102564103
4222.5641025641
4191.28205128205
4167.17948717949
4171.28205128205
4192.30769230769
4210.25641025641
4214.8717948718
4205.12820512821
4200
4216.92307692308
4220.51282051282
4194.8717948718
4203.58974358974
4236.41025641026
4241.02564102564
4239.48717948718
