F3
3946.15384615385
3942.05128205128
3946.66666666667
3954.35897435898
3942.5641025641
3926.15384615385
3927.69230769231
3927.17948717949
3920.51282051282
3933.33333333333
3946.15384615385
3942.05128205128
3938.97435897436
3942.5641025641
3941.02564102564
3941.53846153846
3945.64102564103
3944.61538461539
3944.10256410256
3940
3939.48717948718
3952.82051282051
3959.48717948718
3947.17948717949
3940.51282051282
3946.15384615385
3944.61538461539
3940.51282051282
3943.07692307692
3942.5641025641
3936.92307692308
3936.41025641026
3941.53846153846
3943.07692307692
3949.23076923077
3956.41025641026
3946.15384615385
3929.74358974359
3934.35897435898
3957.94871794872
3961.53846153846
3944.10256410256
3941.53846153846
3958.46153846154
3962.5641025641
3946.15384615385
3941.02564102564
3953.84615384615
3963.07692307692
3959.48717948718
3953.84615384615
3949.74358974359
3951.28205128205
3958.46153846154
3950.76923076923
3939.48717948718
3946.15384615385
3949.74358974359
3935.89743589744
3933.33333333333
3942.5641025641
3941.02564102564
3932.82051282051
3936.92307692308
3943.58974358974
3933.33333333333
3924.61538461539
3933.84615384615
3946.15384615385
3945.12820512821
3940
3943.07692307692
3943.07692307692
3939.48717948718
3940.51282051282
3937.94871794872
3925.64102564103
3925.64102564103
3943.58974358974
3944.61538461539
3926.15384615385
3920
3936.92307692308
3948.20512820513
3934.8717948718
3925.64102564103
3934.35897435898
3942.5641025641
3944.10256410256
3936.41025641026
3925.64102564103
3929.23076923077
3944.10256410256
3944.10256410256
3929.23076923077
3923.58974358974
3930.25641025641
3941.53846153846
3945.12820512821
3941.53846153846
3942.05128205128
3942.5641025641
3940.51282051282
3941.02564102564
3940
3943.58974358974
3957.4358974359
3955.38461538462
3937.94871794872
3937.4358974359
3945.64102564103
3936.92307692308
3926.66666666667
3929.23076923077
3931.79487179487
3928.71794871795
3924.10256410256
3925.12820512821
3928.20512820513
3928.71794871795
3927.69230769231
3918.97435897436
3912.82051282051
3921.02564102564
3931.79487179487
3933.33333333333
3922.05128205128
3910.76923076923
3916.92307692308
3929.74358974359
3931.28205128205
3929.23076923077
3919.48717948718
3908.20512820513
3923.58974358974
3944.10256410256
3942.5641025641
3944.10256410256
3963.07692307692
3978.46153846154
3976.92307692308
3978.46153846154
3991.79487179487
3990.76923076923
3974.35897435898
3971.28205128205
3973.33333333333
3958.46153846154
3941.02564102564
3934.8717948718
3942.05128205128
3943.58974358974
3930.25641025641
3929.74358974359
3944.61538461539
3941.53846153846
3928.71794871795
3925.64102564103
3917.4358974359
3917.94871794872
3933.84615384615
3932.82051282051
3921.53846153846
3926.15384615385
3938.46153846154
3942.5641025641
3943.58974358974
3940.51282051282
3925.12820512821
3907.17948717949
3906.15384615385
3911.79487179487
3906.15384615385
3912.30769230769
3927.17948717949
3918.46153846154
3909.74358974359
3924.10256410256
3925.12820512821
3907.69230769231
3906.15384615385
3910.76923076923
3909.74358974359
3913.84615384615
3914.8717948718
3913.33333333333
3923.07692307692
3928.71794871795
3922.5641025641
3921.53846153846
3927.17948717949
3925.64102564103
3920.51282051282
3920
3923.07692307692
3925.12820512821
3923.07692307692
3923.58974358974
3930.25641025641
3929.23076923077
3924.61538461539
3934.35897435898
3946.66666666667
3944.10256410256
3937.4358974359
3939.48717948718
3937.94871794872
3929.23076923077
3934.35897435898
3941.53846153846
3938.46153846154
3945.64102564103
3957.4358974359
3947.69230769231
3934.8717948718
3939.48717948718
3943.58974358974
3940.51282051282
3942.05128205128
3951.28205128205
3958.46153846154
3958.46153846154
3955.89743589744
3954.8717948718
3959.48717948718
3958.97435897436
3944.61538461539
3935.38461538462
3940
3945.64102564103
3949.74358974359
3953.33333333333
3954.35897435898
3960
3961.02564102564
3955.38461538462
3957.4358974359
3954.8717948718
3944.61538461539
3944.10256410256
3949.23076923077
3950.25641025641
3952.30769230769
3955.89743589744
3956.41025641026
3952.82051282051
3943.07692307692
3937.4358974359
3943.07692307692
3946.66666666667
3946.15384615385
3940
3932.30769230769
3937.94871794872
3945.12820512821
3940
3937.4358974359
3941.53846153846
3941.53846153846
3937.94871794872
3932.82051282051
3926.15384615385
3922.05128205128
3923.58974358974
3928.20512820513
3929.23076923077
3928.20512820513
3932.30769230769
3931.79487179487
3924.61538461539
3930.76923076923
3936.92307692308
3926.15384615385
3923.07692307692
3923.58974358974
3912.82051282051
3912.82051282051
3929.74358974359
3934.35897435898
3929.23076923077
3930.76923076923
3924.10256410256
3910.25641025641
3903.58974358974
3905.12820512821
3907.17948717949
3906.15384615385
3907.69230769231
3910.25641025641
3917.4358974359
3924.61538461539
3920
3910.25641025641
3908.20512820513
3911.28205128205
3911.28205128205
3907.17948717949
3898.46153846154
3890.25641025641
3896.41025641026
3910.25641025641
3914.35897435898
3912.30769230769
3913.33333333333
3912.30769230769
3907.69230769231
3907.69230769231
3906.66666666667
3903.07692307692
3916.41025641026
3931.79487179487
3922.05128205128
3904.61538461539
3907.17948717949
3918.46153846154
3923.07692307692
3932.30769230769
3941.53846153846
3936.92307692308
3920.51282051282
3908.71794871795
3907.69230769231
3906.66666666667
3914.8717948718
3934.35897435898
3932.30769230769
3912.30769230769
3916.41025641026
3929.74358974359
3926.66666666667
3931.79487179487
3940
3935.89743589744
3935.38461538462
3942.05128205128
3941.02564102564
3938.97435897436
3940
3940.51282051282
3944.61538461539
3942.05128205128
3928.71794871795
3921.02564102564
3924.10256410256
3928.71794871795
3927.17948717949
3926.66666666667
3926.15384615385
3918.46153846154
3908.71794871795
3910.25641025641
3910.76923076923
3900
3894.8717948718
3896.92307692308
3898.46153846154
3906.15384615385
3911.28205128205
3908.71794871795
3908.20512820513
3912.82051282051
3917.94871794872
3921.02564102564
3918.46153846154
3907.69230769231
3907.17948717949
3921.02564102564
3917.4358974359
3899.48717948718
3905.64102564103
3915.38461538462
3900
3898.46153846154
3912.30769230769
3901.02564102564
3892.82051282051
3908.71794871795
3917.4358974359
3907.69230769231
3899.48717948718
3904.61538461539
3922.05128205128
3932.30769230769
3925.64102564103
3923.07692307692
3931.28205128205
3937.4358974359
3940.51282051282
3941.53846153846
3934.8717948718
3925.12820512821
3926.15384615385
3932.82051282051
3927.69230769231
3923.07692307692
3935.89743589744
3948.71794871795
3944.61538461539
3939.48717948718
3949.74358974359
3957.94871794872
3959.48717948718
3966.66666666667
3971.28205128205
3956.41025641026
3940.51282051282
3941.53846153846
3941.02564102564
3943.07692307692
3951.79487179487
3948.20512820513
3941.53846153846
3944.10256410256
3942.05128205128
3935.89743589744
3940.51282051282
3944.10256410256
3944.10256410256
3945.12820512821
3943.07692307692
3947.17948717949
3958.46153846154
3962.05128205128
3957.94871794872
3958.46153846154
3962.5641025641
3964.61538461539
3961.02564102564
3957.94871794872
3960
3956.41025641026
3942.05128205128
3937.94871794872
3953.33333333333
3960.51282051282
3950.76923076923
3937.94871794872
3937.4358974359
3943.07692307692
3936.92307692308
3931.28205128205
3937.4358974359
3945.12820512821
3946.66666666667
3937.4358974359
3928.71794871795
3931.28205128205
3935.89743589744
3933.84615384615
3931.28205128205
3934.35897435898
3941.53846153846
3950.76923076923
3953.33333333333
3951.28205128205
3944.61538461539
3938.97435897436
3951.28205128205
3963.07692307692
3960
3958.46153846154
3965.64102564103
3972.82051282051
3968.71794871795
3960
3960
3961.53846153846
3960.51282051282
3966.15384615385
3975.89743589744
3977.4358974359
3972.82051282051
3972.82051282051
3975.89743589744
3977.4358974359
3972.82051282051
3971.79487179487
3972.30769230769
3972.82051282051
3974.35897435898
3971.79487179487
3972.30769230769
3976.92307692308
3974.8717948718
3969.23076923077
3971.28205128205
3972.30769230769
3969.74358974359
3972.30769230769
3977.4358974359
3976.41025641026
3973.84615384615
3978.46153846154
3989.23076923077
3989.74358974359
3977.94871794872
3973.33333333333
3982.5641025641
3989.74358974359
3983.07692307692
3971.79487179487
3970.76923076923
3979.48717948718
3973.33333333333
3957.94871794872
3963.07692307692
3974.8717948718
3970.76923076923
3971.28205128205
3976.92307692308
3965.12820512821
3954.35897435898
3956.41025641026
3957.4358974359
3966.66666666667
3974.8717948718
3966.66666666667
3965.12820512821
3980
3981.02564102564
3964.61538461539
3957.94871794872
3965.64102564103
3972.30769230769
3971.79487179487
3961.02564102564
3954.35897435898
3964.61538461539
3974.35897435898
3969.23076923077
3965.64102564103
3968.71794871795
3970.25641025641
3974.8717948718
3977.94871794872
3969.23076923077
3966.15384615385
3974.8717948718
3978.97435897436
3972.30769230769
3972.30769230769
3980
3972.30769230769
3955.89743589744
3955.38461538462
3963.07692307692
3960
3954.8717948718
3956.41025641026
3955.89743589744
3954.8717948718
3955.38461538462
3957.94871794872
3962.5641025641
3966.15384615385
3958.97435897436
3954.35897435898
3965.64102564103
3968.20512820513
3957.94871794872
3963.07692307692
3980.51282051282
3983.58974358974
3983.58974358974
3987.17948717949
3976.92307692308
3972.82051282051
3981.53846153846
3977.4358974359
3965.12820512821
3966.15384615385
3973.33333333333
3978.97435897436
3978.97435897436
3970.76923076923
3970.76923076923
3975.89743589744
3975.38461538462
3975.89743589744
3980
3973.33333333333
3958.46153846154
3957.4358974359
3972.30769230769
3974.8717948718
3971.79487179487
3984.10256410256
3988.20512820513
3974.8717948718
3967.69230769231
3970.25641025641
3974.8717948718
3970.76923076923
3959.48717948718
3964.10256410256
3985.12820512821
3988.71794871795
3976.41025641026
3970.76923076923
3973.33333333333
3978.97435897436
3980.51282051282
3977.4358974359
3972.30769230769
3967.69230769231
3962.05128205128
3960.51282051282
3969.74358974359
3976.92307692308
3976.92307692308
3974.35897435898
3973.33333333333
3978.46153846154
3973.84615384615
3961.02564102564
3963.58974358974
3976.41025641026
3978.97435897436
3984.61538461539
3989.23076923077
3974.8717948718
3966.66666666667
3977.4358974359
3979.48717948718
3971.28205128205
3971.28205128205
3974.35897435898
3974.35897435898
3977.4358974359
3977.94871794872
3973.33333333333
3974.35897435898
3974.8717948718
3969.23076923077
3975.38461538462
3989.23076923077
3990.25641025641
3985.12820512821
3987.69230769231
3991.28205128205
3991.79487179487
3988.71794871795
3987.69230769231
3990.25641025641
3982.05128205128
3972.30769230769
3977.94871794872
3982.05128205128
3982.05128205128
3987.69230769231
3986.15384615385
3982.05128205128
3989.74358974359
3990.76923076923
3983.07692307692
3981.53846153846
3984.10256410256
3986.66666666667
3990.76923076923
3987.69230769231
3981.53846153846
3984.61538461539
3985.12820512821
3979.48717948718
3985.64102564103
3990.25641025641
3975.89743589744
3972.30769230769
3982.05128205128
3977.4358974359
3980
3990.25641025641
3982.05128205128
3972.30769230769
3971.28205128205
3970.76923076923
3976.92307692308
3980.51282051282
3970.76923076923
3969.23076923077
3974.8717948718
3971.79487179487
3970.25641025641
3976.41025641026
3980
3975.38461538462
3973.84615384615
3981.53846153846
3984.61538461539
3977.94871794872
3971.79487179487
3973.84615384615
3977.4358974359
3974.8717948718
3972.30769230769
3974.35897435898
3975.38461538462
3972.82051282051
3974.8717948718
3977.4358974359
3972.82051282051
3970.25641025641
3977.94871794872
3986.66666666667
3982.5641025641
3973.33333333333
3970.76923076923
3970.76923076923
3968.20512820513
3972.30769230769
3987.17948717949
3991.79487179487
3977.94871794872
3969.23076923077
3974.8717948718
3983.07692307692
3986.66666666667
3985.64102564103
3972.82051282051
3958.46153846154
3956.92307692308
3969.74358974359
3987.17948717949
3986.66666666667
3975.38461538462
3970.76923076923
3962.5641025641
3952.30769230769
3963.07692307692
3978.46153846154
3961.53846153846
3942.05128205128
3946.66666666667
3962.5641025641
3974.8717948718
3970.76923076923
3956.41025641026
3952.82051282051
3964.61538461539
3971.28205128205
3970.76923076923
3973.84615384615
3975.38461538462
3976.41025641026
3984.10256410256
3990.76923076923
3989.74358974359
3988.20512820513
3990.25641025641
3989.23076923077
3989.23076923077
3989.74358974359
3987.17948717949
3986.66666666667
3990.25641025641
3988.20512820513
3988.20512820513
3996.92307692308
3991.79487179487
3971.79487179487
3967.69230769231
3974.35897435898
3971.79487179487
3974.8717948718
3986.66666666667
3982.05128205128
3973.33333333333
3980.51282051282
3992.30769230769
3992.30769230769
3981.02564102564
3971.79487179487
3978.97435897436
3989.23076923077
3980.51282051282
3971.28205128205
3973.33333333333
3973.33333333333
3973.84615384615
3976.92307692308
3974.35897435898
3980
3989.74358974359
3982.05128205128
3973.84615384615
3982.5641025641
3987.69230769231
3982.5641025641
3982.5641025641
3988.20512820513
3991.79487179487
3991.28205128205
3986.66666666667
3985.64102564103
3989.23076923077
3990.25641025641
3987.69230769231
3988.71794871795
3994.8717948718
3989.23076923077
3975.89743589744
3979.48717948718
3990.76923076923
3988.71794871795
3986.15384615385
3993.84615384615
3993.84615384615
3990.25641025641
3994.35897435898
3991.79487179487
3985.12820512821
3986.15384615385
3985.64102564103
3982.05128205128
3986.66666666667
3990.76923076923
3986.15384615385
3984.61538461539
3988.20512820513
3989.23076923077
3990.76923076923
3988.71794871795
3981.02564102564
3980.51282051282
3986.15384615385
3981.02564102564
3975.89743589744
3985.64102564103
3988.20512820513
3975.89743589744
3972.30769230769
3975.89743589744
3974.8717948718
3975.38461538462
3973.33333333333
3970.76923076923
3970.76923076923
3972.30769230769
3975.89743589744
3968.71794871795
3957.4358974359
3966.66666666667
3987.17948717949
3988.20512820513
3977.94871794872
3975.89743589744
3974.35897435898
3974.35897435898
3973.84615384615
3967.17948717949
3968.71794871795
3973.84615384615
3965.12820512821
3957.4358974359
3968.71794871795
3977.94871794872
3971.28205128205
3969.74358974359
3974.35897435898
3964.61538461539
3950.76923076923
3956.41025641026
3967.69230769231
3969.74358974359
3977.4358974359
3990.76923076923
3997.4358974359
4001.53846153846
4009.74358974359
4014.8717948718
4014.8717948718
4020
4030.76923076923
4031.79487179487
4022.05128205128
4015.89743589744
4017.94871794872
4025.64102564103
4029.74358974359
4024.61538461539
4018.97435897436
4015.38461538462
4008.71794871795
4004.10256410256
4001.02564102564
4000
4001.02564102564
4002.05128205128
4001.53846153846
4002.05128205128
3998.46153846154
3989.74358974359
3984.61538461539
3991.28205128205
3992.30769230769
3978.46153846154
3969.23076923077
3973.33333333333
3974.8717948718
3972.30769230769
3977.4358974359
3986.66666666667
3987.69230769231
3982.5641025641
3977.94871794872
3972.82051282051
3967.17948717949
3965.12820512821
3968.20512820513
3974.8717948718
3975.89743589744
3973.33333333333
3982.05128205128
3990.76923076923
3982.05128205128
3970.76923076923
3970.25641025641
3972.30769230769
3978.46153846154
3981.02564102564
3974.35897435898
3971.79487179487
3974.8717948718
3976.92307692308
3984.10256410256
3984.61538461539
3971.28205128205
3968.20512820513
3967.69230769231
3958.97435897436
3967.69230769231
3975.38461538462
3962.5641025641
3961.02564102564
3969.23076923077
3963.07692307692
3963.07692307692
3976.92307692308
3970.76923076923
3955.89743589744
3964.61538461539
3977.4358974359
3968.71794871795
3954.35897435898
3956.92307692308
3965.12820512821
3967.17948717949
3964.10256410256
3961.02564102564
3958.46153846154
3956.41025641026
3962.5641025641
3977.94871794872
3978.46153846154
3964.61538461539
3962.05128205128
3967.69230769231
3962.05128205128
3944.61538461539
3944.61538461539
3963.07692307692
3967.69230769231
3956.92307692308
3955.89743589744
3965.64102564103
3965.12820512821
3961.02564102564
3955.89743589744
3953.84615384615
3962.05128205128
3964.10256410256
3961.02564102564
3967.17948717949
3976.92307692308
3978.46153846154
3979.48717948718
3979.48717948718
3973.33333333333
3969.74358974359
3970.76923076923
3974.35897435898
3975.38461538462
3972.82051282051
3970.25641025641
3961.53846153846
3956.92307692308
3972.30769230769
3979.48717948718
3964.61538461539
3960.51282051282
3971.28205128205
3978.46153846154
3982.5641025641
3980.51282051282
3972.30769230769
3972.82051282051
3970.76923076923
3959.48717948718
3959.48717948718
3972.82051282051
3986.15384615385
3991.28205128205
3983.58974358974
3970.76923076923
3971.28205128205
3980
3977.4358974359
3976.41025641026
3980.51282051282
3978.97435897436
3973.84615384615
3973.33333333333
3976.41025641026
3976.92307692308
3972.30769230769
3970.25641025641
3977.94871794872
3975.38461538462
3958.97435897436
3964.10256410256
3980.51282051282
3980
3972.82051282051
3974.35897435898
3978.46153846154
3982.5641025641
3984.10256410256
3978.97435897436
3972.82051282051
3973.33333333333
3979.48717948718
3981.53846153846
3971.79487179487
3965.12820512821
3970.76923076923
3976.92307692308
3972.30769230769
3960.51282051282
3956.92307692308
3964.61538461539
3970.25641025641
3965.12820512821
3957.4358974359
3958.97435897436
3960
3954.8717948718
3951.79487179487
3947.17948717949
3943.58974358974
3952.30769230769
3960
3957.4358974359
3958.97435897436
3961.02564102564
3956.92307692308
3956.41025641026
3958.46153846154
3957.94871794872
3954.35897435898
3953.84615384615
3958.97435897436
3955.89743589744
3953.33333333333
3953.84615384615
3948.20512820513
3949.74358974359
3962.05128205128
3962.05128205128
3953.84615384615
3955.38461538462
3954.8717948718
3953.33333333333
3958.97435897436
3958.46153846154
3952.30769230769
3954.35897435898
3960
3952.82051282051
3944.61538461539
3947.69230769231
3945.64102564103
3938.97435897436
3952.30769230769
3961.53846153846
3935.89743589744
3918.97435897436
3941.53846153846
3958.46153846154
3954.35897435898
3956.41025641026
3961.53846153846
3964.61538461539
3983.07692307692
4005.12820512821
4000.51282051282
3984.10256410256
3987.17948717949
3991.28205128205
3978.46153846154
3970.76923076923
3972.82051282051
3972.82051282051
3973.84615384615
3969.74358974359
3957.94871794872
3953.84615384615
3958.46153846154
3958.46153846154
3958.97435897436
3960.51282051282
3956.92307692308
3953.84615384615
3957.94871794872
3958.46153846154
3948.71794871795
3945.64102564103
3955.89743589744
3967.17948717949
3967.69230769231
3957.4358974359
3956.92307692308
3966.66666666667
3964.10256410256
3958.46153846154
3967.17948717949
3974.8717948718
3974.35897435898
3972.30769230769
3967.69230769231
3967.17948717949
3973.33333333333
3976.41025641026
3972.30769230769
3971.79487179487
3978.97435897436
3972.82051282051
3955.89743589744
3954.8717948718
3960
3961.02564102564
3969.23076923077
3969.74358974359
3960
3965.12820512821
3968.71794871795
3954.8717948718
3949.23076923077
3955.38461538462
3961.02564102564
3957.4358974359
3946.66666666667
3943.58974358974
3951.79487179487
3953.84615384615
3946.66666666667
3941.02564102564
3942.05128205128
3945.64102564103
3943.58974358974
3942.05128205128
3951.28205128205
3957.94871794872
3956.92307692308
3957.4358974359
3958.97435897436
3961.02564102564
3960.51282051282
3948.71794871795
3938.97435897436
3948.71794871795
3961.02564102564
3960
3952.30769230769
3944.61538461539
3940
3948.20512820513
3958.97435897436
3961.02564102564
3967.17948717949
3971.28205128205
3960
3957.4358974359
3967.69230769231
3963.58974358974
3952.82051282051
3954.35897435898
3947.69230769231
3940
3948.71794871795
3957.4358974359
3948.71794871795
3940.51282051282
3951.28205128205
3961.53846153846
3954.8717948718
3950.25641025641
3955.89743589744
3957.94871794872
3954.8717948718
3955.89743589744
3965.12820512821
3974.35897435898
3967.17948717949
3951.28205128205
3952.30769230769
3957.4358974359
3952.82051282051
3953.33333333333
3956.92307692308
3956.41025641026
3959.48717948718
3958.46153846154
3957.94871794872
3968.20512820513
3973.33333333333
3963.07692307692
3956.41025641026
3958.46153846154
3958.97435897436
3957.94871794872
3955.38461538462
3959.48717948718
3969.74358974359
3967.69230769231
3957.94871794872
3954.8717948718
3961.53846153846
3976.41025641026
3983.58974358974
3966.66666666667
3954.35897435898
3967.69230769231
3971.79487179487
3957.94871794872
3953.84615384615
3957.94871794872
3958.97435897436
3960
3958.46153846154
3953.33333333333
3956.41025641026
3968.71794871795
3972.82051282051
3963.07692307692
3955.38461538462
3958.46153846154
3960.51282051282
3958.97435897436
3957.94871794872
3957.94871794872
3958.97435897436
3958.97435897436
3961.53846153846
3961.53846153846
3956.41025641026
3954.35897435898
3959.48717948718
3967.17948717949
3972.82051282051
3971.79487179487
3967.17948717949
3968.20512820513
3972.30769230769
3973.33333333333
3972.30769230769
3971.79487179487
3967.17948717949
3966.15384615385
3973.84615384615
3974.8717948718
3960.51282051282
3952.82051282051
3961.53846153846
3970.76923076923
3976.92307692308
3978.46153846154
3974.35897435898
3974.35897435898
3980.51282051282
3985.64102564103
3985.12820512821
3981.53846153846
3971.79487179487
3969.74358974359
3978.97435897436
3978.46153846154
3971.79487179487
3972.82051282051
3974.35897435898
3976.92307692308
3988.20512820513
3999.48717948718
4003.07692307692
4005.64102564103
4011.79487179487
4024.10256410256
