
4170.25641025641
4169.23076923077
4169.23076923077
4171.28205128205
4162.05128205128
4144.61538461538
4140
4140
4133.84615384615
4130.76923076923
4132.30769230769
4141.02564102564
4149.23076923077
4142.05128205128
4133.33333333333
4143.07692307692
4156.41025641026
4154.8717948718
4150.76923076923
4148.20512820513
4155.89743589744
4169.23076923077
4173.33333333333
4164.61538461538
4158.46153846154
4163.07692307692
4170.76923076923
4173.33333333333
4167.69230769231
4162.5641025641
4165.12820512821
4172.82051282051
4173.33333333333
4169.23076923077
4168.71794871795
4166.66666666667
4166.15384615385
4164.61538461538
4162.05128205128
4173.84615384615
4186.15384615385
4173.84615384615
4160
4168.20512820513
4172.82051282051
4165.12820512821
4162.5641025641
4173.84615384615
4184.61538461538
4181.53846153846
4174.35897435897
4180
4186.66666666667
4178.97435897436
4170.76923076923
4169.74358974359
4173.84615384615
4171.79487179487
4155.89743589744
4152.30769230769
4167.69230769231
4176.41025641026
4173.33333333333
4181.02564102564
4185.12820512821
4173.33333333333
4170.76923076923
4183.07692307692
4193.84615384615
4185.64102564103
4168.71794871795
4167.69230769231
4166.15384615385
4157.4358974359
4164.10256410256
4168.20512820513
4156.92307692308
4157.94871794872
4161.53846153846
4152.82051282051
4150.25641025641
4152.30769230769
4153.84615384615
4152.30769230769
4142.5641025641
4136.41025641026
4138.46153846154
4144.10256410256
4148.20512820513
4143.07692307692
4132.82051282051
4135.89743589744
4146.15384615385
4150.76923076923
4152.30769230769
4147.17948717949
4137.94871794872
4141.53846153846
4153.84615384615
4151.79487179487
4139.48717948718
4138.46153846154
4136.92307692308
4126.66666666667
4124.61538461538
4128.71794871795
4126.15384615385
4118.97435897436
4109.74358974359
4104.10256410256
4107.17948717949
4108.71794871795
4107.69230769231
4109.74358974359
4109.74358974359
4104.61538461538
4107.69230769231
4121.02564102564
4126.15384615385
4123.07692307692
4124.10256410256
4120
4109.23076923077
4113.84615384615
4131.79487179487
4134.8717948718
4125.12820512821
4122.05128205128
4124.10256410256
4126.15384615385
4131.28205128205
4130.25641025641
4116.41025641026
4113.33333333333
4127.17948717949
4136.41025641026
4141.02564102564
4148.71794871795
4159.48717948718
4175.89743589744
4185.64102564103
4185.64102564103
4194.8717948718
4205.64102564103
4200.51282051282
4203.07692307692
4217.4358974359
4214.8717948718
4204.61538461538
4208.20512820513
4218.97435897436
4228.20512820513
4245.12820512821
4268.20512820513
4280
4277.94871794872
4287.17948717949
4313.84615384615
4326.15384615385
4338.46153846154
4373.33333333333
4387.17948717949
4373.33333333333
4382.05128205128
4407.17948717949
4421.53846153846
4427.69230769231
4429.23076923077
4433.33333333333
4446.15384615385
4457.94871794872
4473.33333333333
4492.30769230769
4503.58974358974
4513.84615384615
4522.5641025641
4525.12820512821
4524.61538461538
4523.58974358974
4517.4358974359
4517.4358974359
4529.23076923077
4540.51282051282
4544.10256410256
4540
4538.97435897436
4549.74358974359
4560
4557.4358974359
4554.35897435897
4558.46153846154
4559.48717948718
4558.46153846154
4558.97435897436
4557.94871794872
4549.23076923077
4530.25641025641
4519.48717948718
4519.48717948718
4513.84615384615
4506.15384615385
4506.15384615385
4509.74358974359
4505.12820512821
4492.30769230769
4480.51282051282
4473.33333333333
4471.79487179487
4475.38461538462
4474.8717948718
4472.82051282051
4484.61538461538
4497.94871794872
4491.79487179487
4470.76923076923
4458.97435897436
4461.02564102564
4461.53846153846
4456.92307692308
4455.38461538462
4452.82051282051
4444.10256410256
4437.94871794872
4436.92307692308
4443.07692307692
4447.69230769231
4437.4358974359
4426.15384615385
4433.33333333333
4442.05128205128
4432.82051282051
4416.41025641026
4410.25641025641
4405.12820512821
4393.33333333333
4382.5641025641
4373.84615384615
4366.66666666667
4366.66666666667
4366.66666666667
4359.48717948718
4356.92307692308
4355.89743589744
4342.5641025641
4331.28205128205
4326.15384615385
4309.23076923077
4291.28205128205
4292.30769230769
4296.92307692308
4285.64102564103
4273.33333333333
4276.41025641026
4282.5641025641
4278.46153846154
4277.4358974359
4281.02564102564
4272.30769230769
4259.48717948718
4267.69230769231
4289.23076923077
4299.48717948718
4297.4358974359
4296.41025641026
4300.51282051282
4300.51282051282
4290.25641025641
4272.30769230769
4251.79487179487
4242.05128205128
4246.66666666667
4251.79487179487
4248.71794871795
4247.17948717949
4247.69230769231
4251.28205128205
4258.97435897436
4263.58974358974
4268.20512820513
4276.92307692308
4291.79487179487
4301.02564102564
4306.15384615385
4314.35897435897
4316.92307692308
4315.38461538462
4324.10256410256
4335.89743589744
4336.92307692308
4338.46153846154
4347.17948717949
4351.79487179487
4350.76923076923
4352.82051282051
4361.02564102564
4364.61538461538
4367.17948717949
4378.46153846154
4385.12820512821
4383.07692307692
4390.25641025641
4402.5641025641
4402.05128205128
4396.41025641026
4402.5641025641
4404.10256410256
4389.23076923077
4376.92307692308
4378.97435897436
4378.46153846154
4365.12820512821
4351.79487179487
4350.76923076923
4351.79487179487
4346.15384615385
4342.05128205128
4344.10256410256
4343.07692307692
4336.92307692308
4320
4297.4358974359
4293.33333333333
4302.05128205128
4296.41025641026
4282.05128205128
4278.46153846154
4277.94871794872
4278.46153846154
4278.97435897436
4270.76923076923
4269.74358974359
4279.48717948718
4274.35897435897
4263.07692307692
4263.58974358974
4255.89743589744
4245.64102564103
4255.38461538462
4254.8717948718
4235.89743589744
4226.66666666667
4226.66666666667
4215.38461538462
4202.5641025641
4201.53846153846
4197.4358974359
4188.71794871795
4197.94871794872
4213.33333333333
4205.64102564103
4195.89743589744
4203.07692307692
4205.12820512821
4198.46153846154
4196.92307692308
4208.20512820513
4218.97435897436
4208.20512820513
4185.12820512821
4180.51282051282
4189.74358974359
4186.66666666667
4174.8717948718
4173.33333333333
4172.30769230769
4158.46153846154
4149.74358974359
4148.20512820513
4141.02564102564
4131.28205128205
4123.58974358974
4122.5641025641
4130.76923076923
4141.53846153846
4148.20512820513
4160
4174.35897435897
4172.30769230769
4161.02564102564
4152.82051282051
4143.58974358974
4135.89743589744
4141.53846153846
4147.69230769231
4142.05128205128
4137.94871794872
4143.07692307692
4153.33333333333
4160
4158.46153846154
4152.82051282051
4146.15384615385
4137.94871794872
4135.89743589744
4146.66666666667
4154.35897435897
4142.05128205128
4131.28205128205
4138.46153846154
4142.5641025641
4140.51282051282
4149.74358974359
4158.46153846154
4157.94871794872
4153.33333333333
4154.35897435897
4155.38461538462
4142.05128205128
4135.89743589744
4147.69230769231
4151.79487179487
4154.35897435897
4168.20512820513
4172.82051282051
4176.41025641026
4192.30769230769
4189.74358974359
4170.25641025641
4172.30769230769
4184.61538461538
4188.20512820513
4193.84615384615
4196.92307692308
4188.71794871795
4184.10256410256
4183.58974358974
4174.8717948718
4171.28205128205
4175.38461538462
4169.74358974359
4156.41025641026
4147.17948717949
4152.30769230769
4166.15384615385
4174.35897435897
4170.25641025641
4157.94871794872
4149.74358974359
4151.28205128205
4151.79487179487
4148.20512820513
4146.15384615385
4142.05128205128
4133.84615384615
4136.92307692308
4150.25641025641
4156.92307692308
4158.97435897436
4166.15384615385
4170.76923076923
4172.82051282051
4186.66666666667
4201.53846153846
4207.17948717949
4213.84615384615
4221.02564102564
4226.15384615385
4233.84615384615
4232.82051282051
4223.07692307692
4222.05128205128
4226.66666666667
4217.4358974359
4201.02564102564
4204.61538461538
4217.4358974359
4216.41025641026
4218.46153846154
4231.28205128205
4238.46153846154
4236.41025641026
4233.84615384615
4235.38461538462
4237.94871794872
4227.17948717949
4220
4234.35897435897
4236.92307692308
4226.66666666667
4231.79487179487
4239.48717948718
4230.25641025641
4218.97435897436
4213.84615384615
4213.33333333333
4221.02564102564
4230.76923076923
4236.92307692308
4242.05128205128
4249.74358974359
4254.35897435897
4250.25641025641
4248.20512820513
4258.46153846154
4268.20512820513
4257.94871794872
4242.5641025641
4245.12820512821
4246.15384615385
4233.84615384615
4228.20512820513
4231.28205128205
4234.8717948718
4239.48717948718
4244.10256410256
4253.33333333333
4263.07692307692
4264.61538461538
4267.69230769231
4265.12820512821
4241.53846153846
4231.28205128205
4245.64102564103
4255.89743589744
4263.58974358974
4279.48717948718
4293.84615384615
4294.8717948718
4286.66666666667
4280
4277.94871794872
4276.41025641026
4278.97435897436
4288.20512820513
4298.46153846154
4303.58974358974
4307.17948717949
4319.48717948718
4337.94871794872
4346.66666666667
4342.5641025641
4330.76923076923
4328.20512820513
4337.4358974359
4344.10256410256
4347.17948717949
4346.66666666667
4335.89743589744
4326.15384615385
4324.61538461538
4332.82051282051
4340
4329.74358974359
4313.33333333333
4305.64102564103
4298.97435897436
4291.79487179487
4284.61538461538
4273.84615384615
4271.79487179487
4282.5641025641
4301.53846153846
4318.97435897436
4327.17948717949
4334.35897435897
4343.07692307692
4349.74358974359
4357.4358974359
4357.94871794872
4350.76923076923
4345.64102564103
4345.12820512821
4346.66666666667
4352.30769230769
4351.79487179487
4343.07692307692
4343.58974358974
4355.38461538462
4358.97435897436
4354.35897435897
4356.41025641026
4359.48717948718
4363.58974358974
4367.69230769231
4365.12820512821
4366.15384615385
4374.35897435897
4374.8717948718
4367.69230769231
4360
4345.12820512821
4330.76923076923
4334.35897435897
4348.20512820513
4355.89743589744
4364.10256410256
4379.48717948718
4387.17948717949
4384.10256410256
4382.5641025641
4382.05128205128
4384.10256410256
4385.12820512821
4380
4383.58974358974
4395.89743589744
4390.76923076923
4377.94871794872
4379.48717948718
4382.5641025641
4378.97435897436
4382.5641025641
4384.61538461538
4377.94871794872
4370.76923076923
4357.94871794872
4345.64102564103
4353.33333333333
4364.61538461538
4363.58974358974
4361.53846153846
4364.61538461538
4368.20512820513
4360
4336.41025641026
4322.05128205128
4335.38461538462
4346.15384615385
4347.69230769231
4351.28205128205
4346.15384615385
4338.46153846154
4342.05128205128
4340.51282051282
4325.12820512821
4315.38461538462
4308.71794871795
4295.38461538462
4288.71794871795
4294.8717948718
4294.8717948718
4284.10256410256
4279.48717948718
4280
4277.4358974359
4274.8717948718
4270.76923076923
4265.64102564103
4263.58974358974
4266.66666666667
4265.64102564103
4254.8717948718
4244.61538461538
4244.61538461538
4249.23076923077
4251.79487179487
4258.97435897436
4271.79487179487
4277.4358974359
4275.38461538462
4277.94871794872
4280
4268.71794871795
4257.94871794872
4262.5641025641
4258.46153846154
4241.02564102564
4238.46153846154
4251.28205128205
4253.84615384615
4241.53846153846
4233.33333333333
4232.30769230769
4229.23076923077
4227.17948717949
4230.76923076923
4231.79487179487
4223.07692307692
4212.82051282051
4213.33333333333
4219.48717948718
4209.23076923077
4187.69230769231
4181.02564102564
4181.02564102564
4176.41025641026
4180
4185.64102564103
4174.8717948718
4163.07692307692
4161.53846153846
4164.10256410256
4173.84615384615
4189.23076923077
4189.74358974359
4173.33333333333
4165.12820512821
4169.23076923077
4168.20512820513
4168.20512820513
4171.79487179487
4171.28205128205
4169.23076923077
4163.07692307692
4153.33333333333
4148.20512820513
4150.25641025641
4158.97435897436
4171.28205128205
4173.33333333333
4166.66666666667
4167.17948717949
4177.94871794872
4183.07692307692
4181.53846153846
4183.07692307692
4181.53846153846
4176.41025641026
4177.94871794872
4186.66666666667
4192.82051282051
4195.89743589744
4198.97435897436
4201.02564102564
4206.15384615385
4215.38461538462
4221.02564102564
4210.76923076923
4198.46153846154
4198.97435897436
4202.05128205128
4209.23076923077
4216.41025641026
4217.4358974359
4216.92307692308
4210.25641025641
4199.48717948718
4201.53846153846
4212.30769230769
4222.5641025641
4231.79487179487
4229.74358974359
4229.74358974359
4232.82051282051
4218.97435897436
4209.74358974359
4233.33333333333
4268.20512820513
4296.92307692308
4330.25641025641
4369.74358974359
4401.02564102564
4421.02564102564
4450.76923076923
4505.12820512821
4560.51282051282
4606.15384615385
4652.82051282051
4701.53846153846
4741.53846153846
4772.30769230769
4795.89743589744
4823.07692307692
4864.61538461539
4900
4911.28205128205
4928.20512820513
4962.05128205128
4971.28205128205
4953.33333333333
4945.64102564103
4949.74358974359
4949.23076923077
4949.23076923077
4958.46153846154
4963.58974358974
4958.97435897436
4961.53846153846
4971.79487179487
4967.17948717949
4946.66666666667
4927.69230769231
4913.84615384615
4907.69230769231
4900.51282051282
4882.5641025641
4862.5641025641
4843.58974358974
4829.74358974359
4823.07692307692
4822.05128205128
4824.10256410256
4826.15384615385
4833.84615384615
4846.66666666667
4860
4871.28205128205
4879.48717948718
4881.53846153846
4882.05128205128
4881.02564102564
4878.97435897436
4877.4358974359
4870.76923076923
4860
4857.4358974359
4863.07692307692
4865.12820512821
4853.84615384615
4830.76923076923
4801.53846153846
4772.82051282051
4750.76923076923
4742.5641025641
4740
4728.71794871795
4711.28205128205
4703.07692307692
4703.58974358974
4690.76923076923
4665.64102564103
4645.64102564103
4628.20512820513
4616.41025641026
4622.5641025641
4633.33333333333
4631.79487179487
4623.07692307692
4611.28205128205
4603.58974358974
4598.97435897436
4592.82051282051
4582.5641025641
4573.84615384615
4577.94871794872
4592.82051282051
4610.76923076923
4619.48717948718
4610.25641025641
4597.94871794872
4600
4602.5641025641
4596.92307692308
4612.82051282051
4634.35897435897
4626.15384615385
4609.74358974359
4627.17948717949
4672.82051282051
4707.69230769231
4720
4726.15384615385
4731.79487179487
4729.74358974359
4718.46153846154
4701.02564102564
4677.4358974359
4657.94871794872
4641.53846153846
4629.23076923077
4628.20512820513
4627.69230769231
4628.71794871795
4647.17948717949
4670.76923076923
4677.4358974359
4681.02564102564
4690.25641025641
4689.74358974359
4676.41025641026
4662.5641025641
4656.41025641026
4656.41025641026
4654.8717948718
4652.30769230769
4644.61538461538
4634.8717948718
4631.79487179487
4632.82051282051
4632.30769230769
4629.74358974359
4630.76923076923
4638.97435897436
4638.97435897436
4623.07692307692
4612.82051282051
4610.76923076923
4602.05128205128
4592.82051282051
4589.74358974359
4580
4566.66666666667
4557.4358974359
4555.89743589744
4557.4358974359
4546.66666666667
4538.46153846154
4537.94871794872
4529.74358974359
4520.51282051282
4517.4358974359
4508.71794871795
4501.53846153846
4502.5641025641
4494.8717948718
4473.84615384615
4456.92307692308
4447.69230769231
4440
4429.74358974359
4417.94871794872
4406.66666666667
4397.94871794872
4396.41025641026
4396.92307692308
4392.82051282051
4382.05128205128
4370.25641025641
4364.61538461538
4359.48717948718
4351.79487179487
4347.69230769231
4349.23076923077
4350.76923076923
4348.71794871795
4338.46153846154
4326.15384615385
4327.17948717949
4330.25641025641
4312.82051282051
4291.79487179487
4293.84615384615
4294.8717948718
4282.5641025641
4278.46153846154
4271.28205128205
4254.35897435897
4245.12820512821
4237.94871794872
4230.25641025641
4230.25641025641
4224.10256410256
4217.4358974359
4227.69230769231
4232.82051282051
4225.64102564103
4227.17948717949
4236.41025641026
4236.92307692308
4231.28205128205
4232.30769230769
4235.38461538462
4222.05128205128
4200.51282051282
4185.64102564103
4172.82051282051
4159.48717948718
4147.69230769231
4142.05128205128
4133.84615384615
4116.92307692308
4111.79487179487
4120
4113.33333333333
4094.8717948718
4090.76923076923
4094.8717948718
4090.76923076923
4089.74358974359
4101.02564102564
4112.30769230769
4108.20512820513
4102.5641025641
4104.61538461538
4106.15384615385
4104.61538461538
4104.10256410256
4099.48717948718
4103.58974358974
4122.5641025641
4134.35897435897
4140
4154.35897435897
4161.53846153846
4147.69230769231
4137.94871794872
4142.05128205128
4134.35897435897
4117.94871794872
4113.33333333333
4119.48717948718
4123.07692307692
4125.64102564103
4124.61538461538
4122.05128205128
4132.30769230769
4139.48717948718
4124.61538461538
4106.66666666667
4098.97435897436
4098.97435897436
4105.64102564103
4109.23076923077
4103.58974358974
4104.10256410256
4110.25641025641
4109.74358974359
4103.58974358974
4101.02564102564
4106.66666666667
4109.74358974359
4103.07692307692
4093.33333333333
4088.20512820513
4088.71794871795
4089.74358974359
4089.23076923077
4090.25641025641
4090.76923076923
4093.33333333333
4089.23076923077
4081.02564102564
4080.51282051282
4077.94871794872
4067.69230769231
4065.12820512821
4062.5641025641
4051.79487179487
4051.79487179487
4063.58974358974
4068.71794871795
4068.20512820513
4067.17948717949
4067.69230769231
4072.82051282051
4075.89743589744
4072.30769230769
4065.12820512821
4061.53846153846
4065.64102564103
4073.84615384615
4074.35897435898
4062.5641025641
4054.8717948718
4051.79487179487
4041.02564102564
4034.35897435898
4037.4358974359
4030.76923076923
4018.46153846154
4008.71794871795
3996.41025641026
3985.12820512821
3985.12820512821
3988.71794871795
3983.07692307692
3972.82051282051
3970.25641025641
3980
3993.84615384615
3995.89743589744
3994.35897435898
4003.58974358974
4012.82051282051
4012.82051282051
4022.05128205128
4044.61538461539
4054.8717948718
4051.28205128205
4061.53846153846
4090.25641025641
4105.12820512821
4108.71794871795
4132.82051282051
4156.92307692308
4164.61538461538
4171.79487179487
4182.05128205128
4192.82051282051
4192.30769230769
4169.74358974359
4164.10256410256
4205.12820512821
4232.82051282051
4233.84615384615
4268.20512820513
4321.53846153846
4347.69230769231
4367.69230769231
4397.4358974359
4406.15384615385
4397.94871794872
4410.25641025641
4435.38461538462
4458.46153846154
4497.94871794872
4551.79487179487
4594.8717948718
4625.12820512821
4640
4635.38461538462
4641.02564102564
4664.61538461539
4667.17948717949
4648.20512820513
4631.79487179487
4613.33333333333
4590.25641025641
4571.79487179487
4556.41025641026
4538.46153846154
4520
4498.46153846154
4475.38461538462
4469.74358974359
4484.10256410256
4489.23076923077
4485.64102564103
4488.71794871795
4484.61538461538
4473.84615384615
4471.28205128205
4464.10256410256
4449.74358974359
4443.07692307692
4439.48717948718
4431.28205128205
4419.48717948718
4397.4358974359
4369.23076923077
4351.79487179487
4347.69230769231
4338.46153846154
4324.10256410256
4313.33333333333
4302.5641025641
4288.71794871795
4267.69230769231
4250.76923076923
4245.12820512821
4239.48717948718
4235.89743589744
4232.82051282051
4224.61538461538
4217.4358974359
4207.17948717949
4187.69230769231
4168.71794871795
4151.28205128205
4136.92307692308
4133.84615384615
4125.12820512821
4105.12820512821
4089.74358974359
4068.20512820513
4041.02564102564
4026.66666666667
4020.51282051282
4010.76923076923
3989.23076923077
3957.4358974359
3938.97435897436
3943.07692307692
3942.5641025641
3929.23076923077
3931.79487179487
3943.58974358974
3934.8717948718
3918.46153846154
3909.74358974359
3896.41025641026
3881.53846153846
3873.84615384615
3863.58974358974
3855.38461538462
3850.76923076923
3831.79487179487
3807.17948717949
3794.8717948718
3787.69230769231
3782.5641025641
3780
3771.79487179487
3761.02564102564
3757.94871794872
3762.05128205128
3768.20512820513
3773.33333333333
3782.05128205128
3785.64102564103
3774.8717948718
3767.69230769231
3763.58974358974
3744.10256410256
3729.74358974359
3737.4358974359
3738.46153846154
3726.15384615385
3718.46153846154
3716.41025641026
3714.35897435898
3712.82051282051
3714.35897435898
3714.35897435898
3709.23076923077
3703.58974358974
3698.97435897436
3696.92307692308
3701.02564102564
3702.5641025641
3700.51282051282
3707.17948717949
3706.66666666667
3689.23076923077
3672.30769230769
3667.17948717949
3664.10256410256
3660.51282051282
3660
3666.15384615385
3680.51282051282
3688.20512820513
3681.53846153846
3674.8717948718
3683.58974358974
3693.33333333333
3685.64102564103
3680
3690.25641025641
3691.28205128205
3679.48717948718
3686.66666666667
3701.02564102564
3696.41025641026
3688.71794871795
3686.15384615385
3681.53846153846
3683.07692307692
3687.69230769231
3680.51282051282
3676.92307692308
3685.12820512821
3685.64102564103
3680
3679.48717948718
3681.53846153846
3683.07692307692
3684.61538461539
3683.07692307692
3691.79487179487
3710.76923076923
3715.89743589744
3713.33333333333
3719.48717948718
3722.05128205128
3713.33333333333
3708.20512820513
3713.84615384615
3719.48717948718
3720
3713.84615384615
3703.07692307692
3707.69230769231
3722.5641025641
3726.15384615385
3720
3722.5641025641
3729.74358974359
3727.17948717949
3720
3711.28205128205
3708.71794871795
3714.8717948718
3716.41025641026
3712.30769230769
3712.82051282051
3714.35897435898
3708.20512820513
3703.58974358974
3703.07692307692
3695.89743589744
3688.20512820513
3691.79487179487
3705.12820512821
3715.89743589744
3714.8717948718
3712.82051282051
3716.92307692308
3721.53846153846
3722.5641025641
3723.07692307692
3727.69230769231
3730.76923076923
3732.82051282051
3737.4358974359
3737.4358974359
3738.46153846154
3740
3732.30769230769
3727.17948717949
3736.92307692308
3751.79487179487
3760.51282051282
3771.79487179487
3787.17948717949
3798.97435897436
