F7
3992.82051282051
3989.23076923077
3989.23076923077
3990.25641025641
3992.30769230769
3980
3972.82051282051
3981.02564102564
3978.46153846154
3974.8717948718
3986.66666666667
3989.23076923077
3972.82051282051
3976.41025641026
3989.23076923077
3986.15384615385
3989.74358974359
3989.74358974359
3973.33333333333
3976.41025641026
3993.84615384615
3977.4358974359
3961.02564102564
3985.64102564103
3993.33333333333
3973.84615384615
3976.41025641026
3985.12820512821
3977.4358974359
3970.76923076923
3972.30769230769
3975.89743589744
3983.58974358974
3991.79487179487
3992.30769230769
3982.05128205128
3975.89743589744
3983.58974358974
3982.05128205128
3967.17948717949
3974.8717948718
3996.41025641026
3989.74358974359
3973.84615384615
3984.10256410256
4004.10256410256
4002.05128205128
3990.76923076923
3995.38461538462
4003.07692307692
3997.4358974359
3987.17948717949
3988.71794871795
3990.76923076923
3988.20512820513
3995.89743589744
3991.79487179487
3974.35897435898
3978.97435897436
3993.84615384615
3987.69230769231
3973.33333333333
3967.69230769231
3973.33333333333
3988.20512820513
3991.79487179487
3983.58974358974
3987.69230769231
3990.25641025641
3975.38461538462
3971.79487179487
3985.64102564103
3983.58974358974
3970.25641025641
3971.79487179487
3975.38461538462
3968.71794871795
3970.76923076923
3976.41025641026
3972.82051282051
3969.74358974359
3973.33333333333
3977.94871794872
3980.51282051282
3985.12820512821
3987.17948717949
3986.66666666667
3985.12820512821
3977.4358974359
3974.8717948718
3986.66666666667
3993.33333333333
3989.74358974359
3994.35897435898
3995.89743589744
3985.12820512821
3986.66666666667
3993.33333333333
3988.20512820513
3986.66666666667
3988.71794871795
3977.94871794872
3968.71794871795
3977.4358974359
3985.64102564103
3982.05128205128
3974.35897435898
3963.58974358974
3954.35897435898
3957.4358974359
3972.30769230769
3975.38461538462
3962.5641025641
3955.89743589744
3956.92307692308
3956.92307692308
3962.5641025641
3968.20512820513
3961.02564102564
3950.25641025641
3956.92307692308
3970.25641025641
3969.23076923077
3963.58974358974
3965.64102564103
3970.25641025641
3970.25641025641
3973.33333333333
3972.30769230769
3962.05128205128
3960
3964.61538461539
3959.48717948718
3954.8717948718
3978.46153846154
4006.15384615385
4003.07692307692
4002.05128205128
4023.58974358974
4036.41025641026
4029.23076923077
4029.74358974359
4039.48717948718
4024.10256410256
4003.07692307692
4005.64102564103
4004.10256410256
3985.12820512821
3985.12820512821
3995.38461538462
3978.97435897436
3966.15384615385
3981.53846153846
3991.79487179487
3991.79487179487
3998.46153846154
3993.84615384615
3972.30769230769
3966.66666666667
3978.97435897436
3976.92307692308
3956.92307692308
3953.84615384615
3970.25641025641
3978.46153846154
3970.25641025641
3964.61538461539
3964.10256410256
3961.02564102564
3961.02564102564
3958.97435897436
3955.89743589744
3954.35897435898
3957.4358974359
3964.10256410256
3961.02564102564
3951.79487179487
3954.35897435898
3964.61538461539
3963.07692307692
3957.94871794872
3956.41025641026
3954.35897435898
3953.84615384615
3960
3969.74358974359
3968.71794871795
3958.97435897436
3962.05128205128
3975.38461538462
3977.4358974359
3973.84615384615
3976.41025641026
3974.8717948718
3965.64102564103
3956.41025641026
3958.97435897436
3973.33333333333
3975.89743589744
3965.64102564103
3972.30769230769
3991.79487179487
3995.89743589744
3987.69230769231
3980
3970.25641025641
3968.71794871795
3973.84615384615
3966.15384615385
3955.38461538462
3965.64102564103
3989.74358974359
3990.76923076923
3974.35897435898
3975.38461538462
3983.07692307692
3980.51282051282
3970.76923076923
3958.97435897436
3964.10256410256
3989.74358974359
3997.4358974359
3986.15384615385
3988.20512820513
3994.35897435898
3989.23076923077
3978.97435897436
3969.74358974359
3974.35897435898
3989.74358974359
3990.76923076923
3980.51282051282
3980.51282051282
3988.71794871795
3989.23076923077
3986.15384615385
3990.76923076923
3989.74358974359
3982.05128205128
3988.20512820513
4000
3996.92307692308
3985.12820512821
3979.48717948718
3979.48717948718
3973.84615384615
3964.61538461539
3969.23076923077
3977.4358974359
3966.66666666667
3960.51282051282
3974.8717948718
3977.4358974359
3961.02564102564
3952.30769230769
3958.97435897436
3965.12820512821
3955.89743589744
3939.48717948718
3937.4358974359
3947.17948717949
3941.53846153846
3927.17948717949
3929.23076923077
3935.89743589744
3927.69230769231
3921.53846153846
3935.89743589744
3948.20512820513
3944.61538461539
3942.05128205128
3944.10256410256
3944.61538461539
3943.58974358974
3934.35897435898
3921.02564102564
3929.23076923077
3946.66666666667
3948.20512820513
3941.53846153846
3940.51282051282
3944.61538461539
3941.02564102564
3928.20512820513
3928.20512820513
3940.51282051282
3946.15384615385
3948.20512820513
3959.48717948718
3971.28205128205
3976.41025641026
3971.28205128205
3961.02564102564
3956.92307692308
3955.89743589744
3955.38461538462
3956.92307692308
3958.97435897436
3956.92307692308
3959.48717948718
3970.76923076923
3974.8717948718
3967.17948717949
3963.07692307692
3957.4358974359
3943.07692307692
3942.5641025641
3950.25641025641
3945.12820512821
3950.25641025641
3966.66666666667
3961.53846153846
3952.30769230769
3957.94871794872
3958.46153846154
3958.46153846154
3963.58974358974
3957.94871794872
3953.33333333333
3957.94871794872
3958.97435897436
3958.46153846154
3957.94871794872
3955.89743589744
3956.41025641026
3954.8717948718
3954.35897435898
3960
3961.02564102564
3961.02564102564
3972.30769230769
3981.53846153846
3969.74358974359
3953.84615384615
3959.48717948718
3974.8717948718
3976.41025641026
3964.61538461539
3961.02564102564
3972.82051282051
3982.05128205128
3974.8717948718
3961.53846153846
3957.94871794872
3966.66666666667
3974.8717948718
3967.69230769231
3957.94871794872
3966.15384615385
3973.84615384615
3958.97435897436
3943.07692307692
3951.79487179487
3960
3948.20512820513
3944.61538461539
3954.8717948718
3959.48717948718
3965.12820512821
3973.84615384615
3976.41025641026
3973.84615384615
3970.76923076923
3970.76923076923
3977.4358974359
3983.07692307692
3981.02564102564
3972.82051282051
3960.51282051282
3955.38461538462
3964.61538461539
3975.89743589744
3977.4358974359
3973.33333333333
3970.25641025641
3972.82051282051
3974.8717948718
3973.84615384615
3971.79487179487
3962.5641025641
3955.38461538462
3972.30769230769
3991.79487179487
3986.15384615385
3982.5641025641
3997.4358974359
4005.64102564103
4001.53846153846
4004.61538461539
4009.23076923077
4001.53846153846
3995.38461538462
3998.46153846154
4002.05128205128
4005.12820512821
4002.05128205128
3994.8717948718
4003.07692307692
4020
4022.05128205128
4016.92307692308
4022.05128205128
4026.66666666667
4018.97435897436
4010.25641025641
4012.30769230769
4007.69230769231
3992.30769230769
3988.71794871795
3999.48717948718
4003.58974358974
4004.61538461539
4005.12820512821
3996.41025641026
3990.76923076923
3998.97435897436
4005.64102564103
4001.53846153846
4003.58974358974
4006.15384615385
3994.8717948718
3998.97435897436
4020.51282051282
4018.97435897436
4004.61538461539
4009.74358974359
4017.94871794872
4022.05128205128
4030.76923076923
4020.51282051282
3998.97435897436
4004.61538461539
4015.89743589744
4007.17948717949
4005.64102564103
4010.76923076923
4007.69230769231
4004.61538461539
3995.89743589744
3988.71794871795
4005.64102564103
4027.17948717949
4018.97435897436
4003.58974358974
4006.15384615385
4012.82051282051
4009.23076923077
4003.58974358974
4007.17948717949
4013.33333333333
4015.38461538462
4011.28205128205
4007.69230769231
4018.97435897436
4029.23076923077
4025.64102564103
4026.15384615385
4037.4358974359
4038.46153846154
4036.41025641026
4038.97435897436
4034.35897435898
4041.53846153846
4056.92307692308
4049.74358974359
4035.38461538462
4044.61538461539
4054.8717948718
4049.74358974359
4051.28205128205
4053.84615384615
4043.58974358974
4045.64102564103
4057.4358974359
4044.10256410256
4028.71794871795
4044.10256410256
4057.4358974359
4050.76923076923
4048.71794871795
4053.84615384615
4053.33333333333
4051.28205128205
4053.33333333333
4063.58974358974
4057.4358974359
4030.25641025641
4031.28205128205
4058.46153846154
4065.12820512821
4053.84615384615
4050.25641025641
4049.74358974359
4049.23076923077
4050.76923076923
4044.10256410256
4043.58974358974
4056.92307692308
4054.8717948718
4034.35897435898
4031.28205128205
4044.10256410256
4045.12820512821
4041.53846153846
4044.61538461539
4044.61538461539
4044.61538461539
4046.66666666667
4042.5641025641
4039.48717948718
4043.07692307692
4043.07692307692
4044.10256410256
4051.28205128205
4046.66666666667
4036.41025641026
4031.79487179487
4024.10256410256
4022.5641025641
4045.12820512821
4067.17948717949
4057.4358974359
4043.07692307692
4046.15384615385
4041.53846153846
4027.17948717949
4031.28205128205
4040
4032.30769230769
4032.82051282051
4045.12820512821
4049.74358974359
4042.5641025641
4034.8717948718
4033.84615384615
4034.35897435898
4036.41025641026
4042.05128205128
4044.10256410256
4046.15384615385
4043.07692307692
4027.17948717949
4022.5641025641
4032.30769230769
4029.23076923077
4025.12820512821
4030.25641025641
4027.69230769231
4027.69230769231
4039.48717948718
4048.20512820513
4043.07692307692
4027.17948717949
4017.94871794872
4020
4021.53846153846
4016.41025641026
4018.46153846154
4026.66666666667
4027.69230769231
4030.25641025641
4044.10256410256
4043.07692307692
4024.61538461539
4024.10256410256
4033.84615384615
4029.23076923077
4031.79487179487
4040.51282051282
4031.28205128205
4018.46153846154
4019.48717948718
4018.97435897436
4013.33333333333
4018.97435897436
4028.20512820513
4030.25641025641
4038.97435897436
4048.20512820513
4046.66666666667
4036.41025641026
4019.48717948718
4017.94871794872
4038.97435897436
4053.33333333333
4049.74358974359
4051.28205128205
4054.35897435898
4045.64102564103
4040.51282051282
4042.05128205128
4035.89743589744
4026.66666666667
4030.25641025641
4037.4358974359
4034.35897435898
4031.79487179487
4037.94871794872
4045.12820512821
4045.12820512821
4038.97435897436
4033.33333333333
4032.30769230769
4035.89743589744
4036.41025641026
4030.76923076923
4030.76923076923
4043.07692307692
4053.84615384615
4051.28205128205
4044.10256410256
4041.53846153846
4034.35897435898
4027.69230769231
4035.38461538462
4041.02564102564
4034.8717948718
4033.84615384615
4047.69230769231
4054.35897435898
4042.05128205128
4031.28205128205
4035.38461538462
4037.94871794872
4032.82051282051
4035.89743589744
4042.5641025641
4038.97435897436
4027.69230769231
4019.48717948718
4028.20512820513
4042.5641025641
4042.5641025641
4032.30769230769
4030.76923076923
4035.38461538462
4035.38461538462
4036.41025641026
4043.58974358974
4047.69230769231
4044.10256410256
4044.61538461539
4048.20512820513
4049.74358974359
4052.30769230769
4044.10256410256
4032.30769230769
4037.4358974359
4046.15384615385
4041.53846153846
4035.89743589744
4034.35897435898
4033.84615384615
4042.05128205128
4043.07692307692
4034.8717948718
4041.02564102564
4051.28205128205
4048.20512820513
4053.33333333333
4063.58974358974
4055.38461538462
4047.17948717949
4054.8717948718
4049.23076923077
4034.8717948718
4039.48717948718
4051.28205128205
4055.89743589744
4057.94871794872
4058.46153846154
4049.74358974359
4044.61538461539
4052.82051282051
4055.89743589744
4052.82051282051
4056.41025641026
4055.89743589744
4040.51282051282
4028.71794871795
4035.89743589744
4054.8717948718
4067.17948717949
4056.92307692308
4047.69230769231
4052.82051282051
4052.82051282051
4047.69230769231
4053.33333333333
4062.05128205128
4061.02564102564
4058.97435897436
4064.10256410256
4063.58974358974
4050.25641025641
4035.89743589744
4024.61538461539
4013.84615384615
4017.4358974359
4031.79487179487
4030.76923076923
4021.02564102564
4018.97435897436
4016.92307692308
4011.79487179487
4010.25641025641
4014.35897435898
4017.94871794872
4022.5641025641
4026.66666666667
4027.17948717949
4022.5641025641
4020
4022.05128205128
4019.48717948718
4021.02564102564
4030.25641025641
4029.74358974359
4024.10256410256
4026.66666666667
4028.71794871795
4030.76923076923
4034.35897435898
4031.28205128205
4028.71794871795
4029.74358974359
4025.64102564103
4018.46153846154
4014.8717948718
4016.92307692308
4022.5641025641
4021.53846153846
4019.48717948718
4022.05128205128
4011.28205128205
4000.51282051282
4007.17948717949
4021.02564102564
4031.28205128205
4038.46153846154
4037.4358974359
4032.82051282051
4035.38461538462
4036.92307692308
4035.38461538462
4044.61538461539
4054.35897435898
4050.25641025641
4047.69230769231
4054.35897435898
4053.84615384615
4050.25641025641
4052.30769230769
4053.33333333333
4044.61538461539
4036.92307692308
4039.48717948718
4034.8717948718
4024.10256410256
4035.38461538462
4050.76923076923
4036.92307692308
4022.5641025641
4035.38461538462
4048.20512820513
4046.15384615385
4042.05128205128
4036.92307692308
4033.33333333333
4038.97435897436
4042.5641025641
4034.35897435898
4027.17948717949
4029.74358974359
4038.97435897436
4044.10256410256
4040
4035.38461538462
4035.38461538462
4033.84615384615
4034.8717948718
4035.89743589744
4029.23076923077
4030.76923076923
4044.61538461539
4048.71794871795
4045.64102564103
4044.10256410256
4042.5641025641
4046.66666666667
4052.82051282051
4045.64102564103
4038.97435897436
4045.12820512821
4046.15384615385
4040
4048.20512820513
4062.5641025641
4060.51282051282
4050.76923076923
4049.23076923077
4053.84615384615
4055.89743589744
4052.82051282051
4047.17948717949
4050.76923076923
4058.97435897436
4061.02564102564
4062.5641025641
4060
4049.23076923077
4045.12820512821
4047.17948717949
4043.07692307692
4043.58974358974
4050.25641025641
4053.33333333333
4061.02564102564
4066.15384615385
4054.8717948718
4051.28205128205
4056.92307692308
4053.33333333333
4054.8717948718
4058.46153846154
4051.79487179487
4049.23076923077
4058.46153846154
4068.20512820513
4072.82051282051
4075.38461538462
4078.97435897436
4073.84615384615
4060.51282051282
4053.84615384615
4058.97435897436
4060
4045.64102564103
4035.38461538462
4044.61538461539
4062.05128205128
4067.69230769231
4069.74358974359
4069.74358974359
4063.07692307692
4059.48717948718
4060.51282051282
4064.10256410256
4059.48717948718
4042.5641025641
4037.94871794872
4044.61538461539
4044.61538461539
4040.51282051282
4044.61538461539
4046.15384615385
4044.10256410256
4049.74358974359
4054.35897435898
4049.23076923077
4050.76923076923
4063.07692307692
4063.58974358974
4056.41025641026
4062.05128205128
4074.8717948718
4084.10256410256
4093.33333333333
4103.07692307692
4105.64102564103
4107.69230769231
4111.79487179487
4104.10256410256
4093.33333333333
4097.94871794872
4103.07692307692
4101.53846153846
4104.61538461538
4102.05128205128
4092.82051282051
4089.23076923077
4081.53846153846
4072.82051282051
4076.92307692308
4079.48717948718
4073.84615384615
4070.25641025641
4066.15384615385
4061.53846153846
4066.15384615385
4070.25641025641
4062.5641025641
4056.92307692308
4059.48717948718
4057.94871794872
4047.69230769231
4046.15384615385
4052.82051282051
4045.12820512821
4035.89743589744
4041.02564102564
4042.05128205128
4041.02564102564
4046.15384615385
4036.92307692308
4023.07692307692
4034.8717948718
4041.02564102564
4029.23076923077
4029.23076923077
4035.89743589744
4040.51282051282
4037.4358974359
4027.17948717949
4030.76923076923
4045.12820512821
4047.17948717949
4044.10256410256
4043.07692307692
4033.84615384615
4034.8717948718
4043.58974358974
4037.94871794872
4030.76923076923
4034.35897435898
4036.41025641026
4033.33333333333
4029.74358974359
4027.17948717949
4028.20512820513
4030.25641025641
4025.64102564103
4016.41025641026
4017.4358974359
4023.07692307692
4017.94871794872
4020.51282051282
4036.92307692308
4033.33333333333
4015.89743589744
4024.10256410256
4037.94871794872
4029.23076923077
4027.17948717949
4033.84615384615
4030.25641025641
4027.17948717949
4031.79487179487
4032.82051282051
4032.82051282051
4036.41025641026
4035.38461538462
4030.76923076923
4028.20512820513
4029.74358974359
4028.71794871795
4024.10256410256
4016.92307692308
4010.76923076923
4017.94871794872
4026.66666666667
4021.02564102564
4015.89743589744
4024.10256410256
4032.30769230769
4028.20512820513
4021.02564102564
4016.41025641026
4013.84615384615
4011.79487179487
4014.35897435898
4018.46153846154
4023.07692307692
4023.58974358974
4026.66666666667
4033.84615384615
4027.69230769231
4015.89743589744
4017.4358974359
4023.07692307692
4020.51282051282
4020
4020.51282051282
4017.4358974359
4020
4024.10256410256
4020
4016.41025641026
4026.15384615385
4028.20512820513
4015.89743589744
4022.5641025641
4034.8717948718
4023.58974358974
4019.48717948718
4036.41025641026
4035.38461538462
4021.53846153846
4028.71794871795
4046.66666666667
4052.82051282051
4048.20512820513
4045.64102564103
4049.23076923077
4056.92307692308
4057.94871794872
4055.38461538462
4055.38461538462
4052.30769230769
4058.46153846154
4069.23076923077
4070.76923076923
4066.15384615385
4066.66666666667
4071.79487179487
4067.17948717949
4058.97435897436
4060.51282051282
4072.30769230769
4076.92307692308
4073.33333333333
4083.07692307692
4093.84615384615
4092.82051282051
4088.20512820513
4088.20512820513
4093.84615384615
4094.35897435898
4089.23076923077
4091.79487179487
4102.05128205128
4105.12820512821
4104.61538461538
4107.17948717949
4106.15384615385
4107.69230769231
4108.71794871795
4099.48717948718
4099.48717948718
4105.64102564103
4099.48717948718
4094.8717948718
4097.94871794872
4097.4358974359
4096.92307692308
4105.64102564103
4109.74358974359
4100.51282051282
4093.33333333333
4094.35897435898
4097.4358974359
4104.61538461538
4110.76923076923
4107.69230769231
4106.66666666667
4112.82051282051
4108.71794871795
4096.41025641026
4094.8717948718
4106.15384615385
4112.30769230769
4106.66666666667
4106.15384615385
4104.61538461538
4089.23076923077
4089.23076923077
4104.61538461538
4102.05128205128
4098.97435897436
4107.69230769231
4104.61538461538
4106.15384615385
4118.46153846154
4114.35897435897
4102.05128205128
4101.53846153846
4109.23076923077
4118.46153846154
4112.30769230769
4090.76923076923
4083.58974358974
4100.51282051282
4109.23076923077
4095.89743589744
4085.64102564103
4095.89743589744
4102.05128205128
4093.84615384615
4098.46153846154
4108.71794871795
4105.64102564103
4107.17948717949
4121.53846153846
4128.71794871795
4123.07692307692
4117.94871794872
4128.71794871795
4139.48717948718
4126.66666666667
4110.25641025641
4110.76923076923
4112.30769230769
4108.20512820513
4107.69230769231
4106.15384615385
4096.92307692308
4091.28205128205
4094.35897435898
4094.35897435898
4093.84615384615
4104.61538461538
4109.23076923077
4097.4358974359
4091.79487179487
4093.84615384615
4088.71794871795
4088.20512820513
4093.33333333333
4092.82051282051
4086.66666666667
4096.92307692308
4106.15384615385
4092.30769230769
4085.12820512821
4093.84615384615
4092.30769230769
4090.25641025641
4101.53846153846
4107.69230769231
4109.23076923077
4105.64102564103
4087.17948717949
4080
4096.41025641026
4100
4074.8717948718
4059.48717948718
4069.74358974359
4080
4078.46153846154
4085.12820512821
4090.25641025641
4076.41025641026
4068.20512820513
4076.41025641026
4077.94871794872
4067.69230769231
4062.5641025641
4063.58974358974
4065.64102564103
4066.66666666667
4064.10256410256
4061.02564102564
4057.4358974359
4050.76923076923
4051.79487179487
4062.05128205128
4064.61538461539
4053.84615384615
4043.58974358974
4044.61538461539
4053.33333333333
4052.82051282051
4041.53846153846
4037.4358974359
4043.07692307692
4047.17948717949
4046.15384615385
4043.07692307692
4044.10256410256
4044.61538461539
4037.94871794872
4033.84615384615
4036.41025641026
4035.89743589744
4035.38461538462
4036.92307692308
4034.35897435898
4039.48717948718
4055.38461538462
4056.41025641026
4043.07692307692
4041.53846153846
4047.17948717949
4036.41025641026
4024.61538461539
4034.8717948718
4042.5641025641
4035.38461538462
4037.94871794872
4047.17948717949
4047.69230769231
4042.05128205128
4037.94871794872
4035.38461538462
4033.84615384615
4035.38461538462
4036.41025641026
4032.30769230769
4033.84615384615
4046.15384615385
4046.66666666667
4033.33333333333
4034.8717948718
4045.12820512821
4043.07692307692
4031.28205128205
4024.10256410256
4039.48717948718
4058.46153846154
4051.79487179487
4033.33333333333
4036.41025641026
4051.79487179487
4051.28205128205
4044.61538461539
4043.07692307692
4043.07692307692
4049.23076923077
4054.35897435898
4045.12820512821
4040
4053.33333333333
4060
4051.28205128205
4045.64102564103
4042.5641025641
4043.58974358974
4054.35897435898
4060.51282051282
4047.69230769231
4028.71794871795
4029.23076923077
4049.23076923077
4054.35897435898
4034.8717948718
4025.64102564103
4029.74358974359
4027.69230769231
4031.28205128205
4048.20512820513
4056.92307692308
4045.12820512821
4033.33333333333
4033.84615384615
4036.41025641026
4033.84615384615
4035.89743589744
4044.10256410256
4045.12820512821
4036.92307692308
4030.76923076923
4037.94871794872
4050.25641025641
4048.20512820513
4036.92307692308
4033.84615384615
4036.92307692308
4036.41025641026
4034.8717948718
4034.8717948718
4037.4358974359
4044.61538461539
4051.28205128205
4045.64102564103
4035.89743589744
4038.46153846154
4042.05128205128
4038.97435897436
4032.82051282051
4021.53846153846
4016.92307692308
4031.79487179487
4039.48717948718
4027.17948717949
4023.58974358974
4028.71794871795
4029.74358974359
4029.23076923077
4030.25641025641
4030.25641025641
4024.61538461539
4018.97435897436
4019.48717948718
4020.51282051282
4021.02564102564
4032.30769230769
4040
4031.28205128205
4032.30769230769
4047.17948717949
4047.69230769231
4043.58974358974
4053.84615384615
4064.10256410256
4069.23076923077
