O2
3979.48717948718
3984.10256410256
3990.76923076923
3986.66666666667
3987.69230769231
3990.25641025641
3978.97435897436
3968.20512820513
3975.38461538462
3990.25641025641
3991.79487179487
3979.48717948718
3970.76923076923
3980
3993.33333333333
3994.8717948718
3982.5641025641
3970.76923076923
3977.4358974359
3993.84615384615
3994.8717948718
3973.84615384615
3964.61538461539
3986.66666666667
3994.35897435898
3974.35897435898
3975.89743589744
3995.38461538462
3988.71794871795
3980.51282051282
3987.17948717949
3986.66666666667
3994.35897435898
4004.61538461539
3992.30769230769
3981.53846153846
3989.23076923077
3993.33333333333
3990.76923076923
3989.23076923077
3985.64102564103
3990.25641025641
4000
4000
3986.66666666667
3981.02564102564
3998.46153846154
4011.28205128205
4001.02564102564
4000
4010.25641025641
3996.41025641026
3983.58974358974
3998.97435897436
4007.69230769231
3993.33333333333
3984.10256410256
3987.69230769231
3994.35897435898
3996.92307692308
3994.35897435898
3988.71794871795
3983.58974358974
3985.64102564103
3994.8717948718
4002.5641025641
4001.53846153846
3998.46153846154
3987.69230769231
3974.8717948718
3978.97435897436
3986.66666666667
3981.53846153846
3975.38461538462
3975.89743589744
3974.35897435898
3971.28205128205
3970.25641025641
3976.41025641026
3987.17948717949
3979.48717948718
3964.10256410256
3977.4358974359
3992.82051282051
3979.48717948718
3970.25641025641
3977.94871794872
3974.35897435898
3970.25641025641
3976.92307692308
3978.97435897436
3978.97435897436
3988.71794871795
3995.89743589744
3993.33333333333
3987.17948717949
3989.23076923077
3999.48717948718
4000.51282051282
3989.23076923077
3987.69230769231
3992.30769230769
3987.17948717949
3988.20512820513
3998.46153846154
3999.48717948718
3986.66666666667
3974.8717948718
3977.94871794872
3979.48717948718
3977.94871794872
3987.17948717949
3990.76923076923
3975.89743589744
3973.33333333333
3989.74358974359
3993.84615384615
3989.23076923077
3978.46153846154
3972.30769230769
3983.58974358974
3988.71794871795
3980.51282051282
3984.10256410256
3991.28205128205
3987.69230769231
3987.17948717949
3988.71794871795
3990.25641025641
3993.84615384615
3983.58974358974
3974.8717948718
3985.12820512821
3993.33333333333
4000.51282051282
4016.92307692308
4025.64102564103
4027.69230769231
4042.5641025641
4054.8717948718
4052.82051282051
4053.84615384615
4052.30769230769
4038.46153846154
4030.76923076923
4037.4358974359
4031.28205128205
4019.48717948718
4024.10256410256
4029.74358974359
4020
4010.25641025641
4002.05128205128
3988.20512820513
3989.74358974359
4007.69230769231
4014.8717948718
4003.07692307692
3991.28205128205
3994.35897435898
4003.58974358974
4000.51282051282
3988.20512820513
3988.71794871795
3992.82051282051
3989.74358974359
3989.74358974359
3990.25641025641
3984.61538461539
3981.53846153846
3984.61538461539
3981.53846153846
3973.33333333333
3976.92307692308
3992.82051282051
3992.82051282051
3975.38461538462
3976.41025641026
3986.66666666667
3980.51282051282
3971.28205128205
3972.30769230769
3975.38461538462
3980
3980.51282051282
3968.20512820513
3969.23076923077
3982.05128205128
3979.48717948718
3970.25641025641
3974.8717948718
3981.02564102564
3977.4358974359
3976.92307692308
3975.38461538462
3967.17948717949
3970.76923076923
3983.58974358974
3978.46153846154
3966.66666666667
3980.51282051282
4002.5641025641
4001.53846153846
3991.79487179487
3984.61538461539
3978.46153846154
3977.4358974359
3977.4358974359
3970.25641025641
3968.20512820513
3974.8717948718
3986.15384615385
3998.97435897436
3999.48717948718
3989.74358974359
3988.20512820513
3994.35897435898
3987.69230769231
3974.35897435898
3980
3990.76923076923
3987.17948717949
3982.05128205128
3987.17948717949
3996.92307692308
4004.10256410256
4000.51282051282
3992.30769230769
3986.15384615385
3984.61538461539
3997.94871794872
4012.30769230769
3996.41025641026
3971.28205128205
3973.84615384615
3987.69230769231
3992.82051282051
3991.79487179487
3987.17948717949
3988.20512820513
3998.46153846154
4000.51282051282
3991.28205128205
3986.15384615385
3983.07692307692
3974.8717948718
3969.23076923077
3974.8717948718
3983.58974358974
3983.07692307692
3982.5641025641
3992.82051282051
4001.02564102564
3995.89743589744
3992.30769230769
3988.71794871795
3984.10256410256
3987.17948717949
3987.17948717949
3986.66666666667
3995.89743589744
3996.92307692308
3986.66666666667
3988.71794871795
3993.33333333333
3984.10256410256
3986.15384615385
3992.30769230769
3984.61538461539
3980.51282051282
3989.74358974359
3994.35897435898
3989.23076923077
3989.74358974359
3990.76923076923
3987.17948717949
3992.30769230769
3996.92307692308
3989.74358974359
3990.25641025641
3999.48717948718
3995.89743589744
3984.10256410256
3988.20512820513
4000
3998.97435897436
3997.4358974359
4001.02564102564
4006.15384615385
4009.74358974359
4007.69230769231
4004.61538461539
4005.12820512821
4002.05128205128
3997.4358974359
4001.02564102564
3996.92307692308
3987.69230769231
3995.89743589744
4011.79487179487
4007.69230769231
3989.74358974359
3989.74358974359
4002.5641025641
3997.94871794872
3984.10256410256
3987.17948717949
3994.35897435898
3986.66666666667
3985.12820512821
3997.94871794872
4008.71794871795
4004.10256410256
3989.74358974359
3987.17948717949
3993.33333333333
3987.69230769231
3982.5641025641
3986.15384615385
3985.12820512821
3985.12820512821
3995.38461538462
3988.20512820513
3974.35897435898
3980.51282051282
3977.94871794872
3965.64102564103
3981.53846153846
4003.07692307692
3991.79487179487
3985.64102564103
4005.12820512821
4001.53846153846
3980
3982.05128205128
3994.35897435898
3990.76923076923
3984.10256410256
3988.71794871795
3993.33333333333
3992.30769230769
3989.23076923077
3982.5641025641
3973.84615384615
3971.28205128205
3975.38461538462
3976.41025641026
3973.84615384615
3974.8717948718
3979.48717948718
3978.97435897436
3971.79487179487
3972.30769230769
3986.15384615385
3990.25641025641
3980
3977.94871794872
3987.69230769231
3989.74358974359
3989.74358974359
3991.28205128205
3981.02564102564
3975.38461538462
3985.64102564103
3986.66666666667
3973.84615384615
3973.33333333333
3972.82051282051
3960
3956.92307692308
3968.71794871795
3974.8717948718
3974.8717948718
3977.4358974359
3974.8717948718
3970.25641025641
3970.76923076923
3973.84615384615
3970.76923076923
3960.51282051282
3951.28205128205
3954.35897435898
3970.25641025641
3970.76923076923
3966.15384615385
3981.02564102564
3994.35897435898
3987.69230769231
3987.69230769231
3994.35897435898
3982.5641025641
3981.53846153846
3995.38461538462
3995.38461538462
3985.12820512821
3984.61538461539
3992.82051282051
3995.38461538462
3999.48717948718
4004.61538461539
4004.10256410256
4004.10256410256
4009.74358974359
3998.97435897436
3983.58974358974
3992.82051282051
3999.48717948718
3987.69230769231
3984.10256410256
3986.15384615385
3979.48717948718
3976.92307692308
3985.12820512821
3989.23076923077
3980
3973.33333333333
3985.12820512821
3992.30769230769
3981.53846153846
3971.28205128205
3971.28205128205
3986.66666666667
4005.64102564103
3998.46153846154
3983.07692307692
3991.79487179487
4006.66666666667
4003.07692307692
3992.82051282051
3987.69230769231
3989.23076923077
3991.79487179487
3983.07692307692
3970.25641025641
3973.84615384615
3982.5641025641
3977.94871794872
3973.33333333333
3972.82051282051
3973.33333333333
3987.17948717949
3993.84615384615
3976.41025641026
3970.25641025641
3985.12820512821
3984.10256410256
3971.28205128205
3973.84615384615
3982.05128205128
3977.4358974359
3971.79487179487
3973.33333333333
3978.97435897436
3992.30769230769
4001.02564102564
3989.23076923077
3983.58974358974
3992.30769230769
3993.33333333333
3993.84615384615
3999.48717948718
3995.38461538462
3989.74358974359
3999.48717948718
4001.53846153846
3990.76923076923
3991.28205128205
4002.5641025641
4006.15384615385
4004.10256410256
4006.66666666667
4004.61538461539
4006.15384615385
4017.94871794872
4015.38461538462
4003.58974358974
4008.71794871795
4016.41025641026
4013.33333333333
4012.30769230769
4009.23076923077
4002.5641025641
4002.5641025641
4006.66666666667
4013.84615384615
4014.8717948718
3998.97435897436
3994.35897435898
4008.71794871795
4013.33333333333
4004.61538461539
3997.4358974359
3998.97435897436
4006.15384615385
4008.71794871795
4002.05128205128
4000.51282051282
4002.05128205128
3993.84615384615
3986.66666666667
3986.15384615385
3993.84615384615
4002.05128205128
4006.15384615385
4008.71794871795
4007.17948717949
4007.17948717949
4004.10256410256
3989.23076923077
3982.05128205128
4001.02564102564
4008.20512820513
3995.38461538462
3997.94871794872
4010.76923076923
4008.71794871795
3991.28205128205
3978.97435897436
3997.94871794872
4024.10256410256
4017.94871794872
4000.51282051282
4002.05128205128
4007.17948717949
4002.05128205128
4000
4010.76923076923
4016.92307692308
4008.71794871795
4001.02564102564
4002.05128205128
4004.61538461539
4002.5641025641
4007.17948717949
4005.12820512821
3996.92307692308
4029.23076923077
4080.51282051282
4075.38461538462
4028.71794871795
4006.66666666667
4005.12820512821
4003.07692307692
4002.05128205128
4005.12820512821
4015.38461538462
4005.64102564103
3988.20512820513
3996.92307692308
4006.66666666667
4004.10256410256
4000.51282051282
3993.33333333333
3992.30769230769
4005.12820512821
4006.15384615385
3997.4358974359
4001.53846153846
4000
3985.64102564103
3983.58974358974
3990.25641025641
3986.15384615385
3984.61538461539
3998.46153846154
4001.53846153846
3997.4358974359
4008.20512820513
4012.82051282051
3997.94871794872
3987.69230769231
3986.66666666667
3985.12820512821
3984.10256410256
3985.64102564103
3988.20512820513
3991.28205128205
3993.84615384615
4003.07692307692
4011.28205128205
4001.02564102564
3988.20512820513
3994.8717948718
4002.5641025641
3994.35897435898
3989.74358974359
4000
4003.07692307692
3993.33333333333
3985.12820512821
3986.66666666667
3988.20512820513
3988.71794871795
3996.92307692308
4006.15384615385
4005.12820512821
4002.05128205128
4002.05128205128
4006.15384615385
4005.64102564103
3993.84615384615
3990.76923076923
4005.64102564103
4008.20512820513
3996.41025641026
3995.38461538462
4007.69230769231
4018.97435897436
4023.07692307692
4017.4358974359
4011.79487179487
4008.20512820513
3996.92307692308
3989.23076923077
4004.10256410256
4021.02564102564
4016.92307692308
4009.23076923077
4012.30769230769
4011.28205128205
4005.64102564103
4007.17948717949
4013.84615384615
4013.84615384615
4004.61538461539
3998.46153846154
4001.53846153846
4010.76923076923
4012.82051282051
4006.15384615385
4006.66666666667
4013.84615384615
4013.84615384615
4012.30769230769
4016.92307692308
4015.38461538462
4009.74358974359
4018.46153846154
4023.58974358974
4011.79487179487
4009.74358974359
4021.53846153846
4016.92307692308
4010.76923076923
4013.33333333333
4007.69230769231
4008.20512820513
4021.53846153846
4024.61538461539
4021.53846153846
4020
4017.94871794872
4021.53846153846
4022.5641025641
4012.82051282051
4014.35897435898
4026.15384615385
4024.10256410256
4016.41025641026
4024.10256410256
4032.30769230769
4024.61538461539
4013.33333333333
4014.35897435898
4018.46153846154
4007.69230769231
3995.89743589744
4008.20512820513
4024.61538461539
4016.92307692308
4003.58974358974
4005.12820512821
4010.25641025641
4013.33333333333
4013.33333333333
4007.69230769231
4003.58974358974
4004.61538461539
4003.58974358974
4002.05128205128
4001.02564102564
4004.61538461539
4011.28205128205
4005.64102564103
4001.53846153846
4012.30769230769
4013.84615384615
4001.02564102564
4005.64102564103
4023.07692307692
4015.38461538462
4003.58974358974
4014.8717948718
4029.74358974359
4025.64102564103
4008.71794871795
4001.53846153846
4011.79487179487
4024.10256410256
4022.05128205128
4019.48717948718
4024.10256410256
4012.30769230769
4000.51282051282
4011.79487179487
4022.5641025641
4013.33333333333
4008.71794871795
4022.05128205128
4028.71794871795
4021.53846153846
4011.79487179487
4005.12820512821
4006.66666666667
4012.82051282051
4016.92307692308
4017.4358974359
4020.51282051282
4021.02564102564
4015.89743589744
4014.8717948718
4018.46153846154
4020
4020
4014.35897435898
4003.58974358974
4006.66666666667
4016.41025641026
4010.25641025641
4004.61538461539
4012.30769230769
4015.89743589744
4010.76923076923
4006.66666666667
4004.10256410256
3996.92307692308
3987.17948717949
3991.28205128205
4012.82051282051
4024.10256410256
4017.94871794872
4017.4358974359
4026.15384615385
4030.25641025641
4032.30769230769
4038.46153846154
4033.84615384615
4023.58974358974
4027.69230769231
4032.82051282051
4025.12820512821
4028.71794871795
4036.92307692308
4028.71794871795
4016.92307692308
4018.97435897436
4025.64102564103
4020
4010.76923076923
4022.05128205128
4036.41025641026
4029.23076923077
4015.38461538462
4016.41025641026
4020.51282051282
4021.02564102564
4020
4018.46153846154
4018.46153846154
4021.53846153846
4025.12820512821
4023.58974358974
4018.46153846154
4017.94871794872
4026.66666666667
4033.33333333333
4035.38461538462
4032.82051282051
4026.66666666667
4019.48717948718
4017.94871794872
4022.05128205128
4026.15384615385
4031.28205128205
4034.35897435898
4036.92307692308
4037.94871794872
4032.82051282051
4034.35897435898
4041.53846153846
4037.4358974359
4028.20512820513
4033.33333333333
4038.97435897436
4033.33333333333
4029.23076923077
4036.41025641026
4044.10256410256
4046.66666666667
4035.89743589744
4023.07692307692
4031.79487179487
4042.5641025641
4033.33333333333
4024.10256410256
4033.33333333333
4037.4358974359
4029.23076923077
4027.17948717949
4029.23076923077
4031.28205128205
4027.17948717949
4018.46153846154
4017.4358974359
4022.5641025641
4018.97435897436
4019.48717948718
4040
4046.66666666667
4028.71794871795
4024.61538461539
4030.25641025641
4026.66666666667
4031.79487179487
4035.89743589744
4021.53846153846
4020.51282051282
4038.46153846154
4045.12820512821
4042.5641025641
4043.58974358974
4045.64102564103
4046.66666666667
4038.97435897436
4028.20512820513
4028.20512820513
4027.69230769231
4017.4358974359
4017.94871794872
4026.66666666667
4031.79487179487
4039.48717948718
4045.12820512821
4038.46153846154
4030.76923076923
4027.17948717949
4022.05128205128
4024.10256410256
4030.76923076923
4018.97435897436
4005.12820512821
4016.92307692308
4028.20512820513
4021.53846153846
4020
4031.79487179487
4031.28205128205
4018.46153846154
4024.10256410256
4036.92307692308
4037.4358974359
4032.82051282051
4033.33333333333
4038.46153846154
4053.33333333333
4069.23076923077
4077.4358974359
4085.12820512821
4088.71794871795
4086.15384615385
4088.20512820513
4094.8717948718
4089.23076923077
4072.30769230769
4070.76923076923
4085.64102564103
4092.82051282051
4092.82051282051
4089.23076923077
4073.84615384615
4062.5641025641
4065.12820512821
4062.5641025641
4047.17948717949
4036.41025641026
4040
4048.20512820513
4044.61538461539
4036.41025641026
4033.33333333333
4035.89743589744
4042.05128205128
4041.02564102564
4027.69230769231
4026.15384615385
4033.84615384615
4031.28205128205
4021.02564102564
4009.74358974359
4007.69230769231
4026.15384615385
4041.53846153846
4034.8717948718
4022.5641025641
4016.41025641026
4013.84615384615
4020
4023.07692307692
4014.8717948718
4012.30769230769
4020
4020.51282051282
4014.35897435898
4020.51282051282
4031.28205128205
4031.28205128205
4027.17948717949
4027.17948717949
4023.07692307692
4011.28205128205
4006.66666666667
4012.82051282051
4014.35897435898
4010.25641025641
4011.79487179487
4013.84615384615
4007.69230769231
4007.69230769231
4009.74358974359
4007.17948717949
4011.79487179487
4012.30769230769
4002.05128205128
4003.58974358974
4007.69230769231
4002.5641025641
4009.74358974359
4019.48717948718
4007.17948717949
4002.5641025641
4015.38461538462
4010.76923076923
3997.94871794872
4005.64102564103
4017.4358974359
4008.20512820513
3996.92307692308
4000.51282051282
4005.64102564103
4004.10256410256
4004.61538461539
4011.79487179487
4011.79487179487
4003.07692307692
4007.69230769231
4018.97435897436
4008.20512820513
3994.8717948718
4002.5641025641
4013.84615384615
4017.94871794872
4011.79487179487
4008.20512820513
4013.33333333333
4009.74358974359
4003.07692307692
4009.74358974359
4012.30769230769
4002.5641025641
4009.23076923077
4017.4358974359
4006.15384615385
4005.64102564103
4022.05128205128
4027.69230769231
4021.02564102564
4010.76923076923
4001.02564102564
4002.05128205128
4013.33333333333
4014.8717948718
4006.15384615385
4003.07692307692
4011.28205128205
4016.92307692308
4010.76923076923
4008.20512820513
4012.82051282051
4012.82051282051
4005.12820512821
4000
4003.58974358974
4008.20512820513
4002.05128205128
4000.51282051282
4015.38461538462
4017.4358974359
4000
4001.53846153846
4016.41025641026
4015.89743589744
4010.25641025641
4011.28205128205
4002.5641025641
3994.35897435898
4002.05128205128
4014.35897435898
4015.38461538462
4007.17948717949
4009.23076923077
4016.41025641026
4009.23076923077
4003.58974358974
4009.23076923077
4007.17948717949
3994.8717948718
3994.8717948718
3998.46153846154
3995.89743589744
3999.48717948718
4006.66666666667
4010.76923076923
4015.38461538462
4015.89743589744
4007.17948717949
4005.12820512821
4007.17948717949
4002.05128205128
4003.58974358974
4014.8717948718
4017.94871794872
4014.8717948718
4012.82051282051
4006.15384615385
4002.05128205128
4007.69230769231
4004.10256410256
3997.94871794872
4005.64102564103
4004.61538461539
3992.30769230769
3993.84615384615
3996.92307692308
3993.33333333333
4000
4005.64102564103
3998.46153846154
3993.33333333333
3994.35897435898
3992.82051282051
3995.38461538462
4004.10256410256
4009.74358974359
4005.12820512821
3997.4358974359
3993.84615384615
3987.69230769231
3985.64102564103
4000.51282051282
4011.28205128205
3997.4358974359
3988.71794871795
4000.51282051282
3997.4358974359
3973.84615384615
3974.8717948718
3991.28205128205
3992.82051282051
3997.4358974359
4009.23076923077
4005.64102564103
4002.5641025641
4011.79487179487
4008.71794871795
3997.4358974359
3995.38461538462
3999.48717948718
4000.51282051282
3993.84615384615
3990.25641025641
3994.8717948718
3999.48717948718
4000.51282051282
3995.89743589744
3987.17948717949
3985.12820512821
3994.8717948718
4006.15384615385
4014.35897435898
4021.02564102564
4026.66666666667
4031.79487179487
4033.84615384615
4043.07692307692
4047.69230769231
4044.10256410256
4055.89743589744
4065.64102564103
4050.25641025641
4035.38461538462
4036.92307692308
4037.4358974359
4025.64102564103
4009.74358974359
4006.66666666667
4013.33333333333
4005.12820512821
3989.23076923077
3991.28205128205
4002.05128205128
4010.25641025641
4013.84615384615
4005.12820512821
4002.05128205128
4011.28205128205
4009.74358974359
3997.94871794872
4006.15384615385
4012.30769230769
4003.07692307692
4011.28205128205
4021.53846153846
4011.28205128205
4010.76923076923
4022.05128205128
4019.48717948718
4020
4029.74358974359
4031.28205128205
4034.35897435898
4028.20512820513
4008.20512820513
4009.23076923077
4030.25641025641
4036.41025641026
4019.48717948718
4004.10256410256
4005.64102564103
4016.41025641026
4021.02564102564
4021.53846153846
4024.10256410256
4018.97435897436
4014.35897435898
4017.94871794872
4021.53846153846
4016.92307692308
4008.20512820513
4008.20512820513
4012.30769230769
4015.38461538462
4013.84615384615
4009.74358974359
4004.10256410256
4003.07692307692
4010.76923076923
4014.35897435898
4012.82051282051
4012.30769230769
4010.76923076923
4012.30769230769
4020.51282051282
4018.97435897436
4005.12820512821
4004.61538461539
4013.84615384615
4009.74358974359
4001.53846153846
4006.66666666667
4014.8717948718
4009.74358974359
3998.46153846154
3994.35897435898
3997.4358974359
4002.05128205128
4005.64102564103
4007.17948717949
4007.17948717949
4015.38461538462
4025.12820512821
4017.94871794872
4001.53846153846
4001.02564102564
4012.30769230769
4013.33333333333
4009.23076923077
4009.23076923077
4006.66666666667
4008.71794871795
4019.48717948718
4023.58974358974
4019.48717948718
4015.89743589744
4013.84615384615
4013.84615384615
4010.76923076923
4005.64102564103
4008.20512820513
4009.23076923077
4001.53846153846
4006.15384615385
4024.10256410256
4022.5641025641
4009.23076923077
4006.15384615385
4004.10256410256
4000
3999.48717948718
4005.12820512821
4014.8717948718
4022.5641025641
4020
4018.97435897436
4022.5641025641
4017.94871794872
4018.97435897436
4021.02564102564
4013.84615384615
4013.84615384615
4022.05128205128
4022.5641025641
4018.46153846154
4021.53846153846
4023.58974358974
4020.51282051282
4017.94871794872
4019.48717948718
4022.5641025641
4022.5641025641
4022.05128205128
4015.89743589744
4003.58974358974
4002.05128205128
4008.20512820513
4005.64102564103
3996.92307692308
4002.5641025641
4005.12820512821
3991.79487179487
3991.79487179487
4008.71794871795
4016.92307692308
4004.61538461539
3990.76923076923
3991.79487179487
4005.12820512821
4010.76923076923
4000
3997.94871794872
4010.25641025641
4013.33333333333
4008.71794871795
4012.30769230769
4015.38461538462
4009.23076923077
4005.64102564103
4004.10256410256
4005.12820512821
4010.25641025641
4005.12820512821
3999.48717948718
4009.23076923077
4015.38461538462
4014.35897435898
4021.02564102564
4024.61538461539
4020
4018.46153846154
4024.10256410256
4020
4002.5641025641
4001.53846153846
4023.58974358974
4029.74358974359
4017.4358974359
4016.92307692308
4019.48717948718
4015.38461538462
4016.41025641026
4020
4020.51282051282
4012.30769230769
4004.10256410256
4009.74358974359
4012.82051282051
4006.15384615385
4013.33333333333
4023.58974358974
4012.30769230769
4011.28205128205
4029.23076923077
4028.71794871795
4021.02564102564
4034.35897435898
4048.20512820513
4053.33333333333
