O1
4279.48717948718
4288.20512820513
4298.97435897436
4291.28205128205
4277.4358974359
4278.97435897436
4282.05128205128
4275.38461538462
4277.4358974359
4285.12820512821
4284.10256410256
4277.4358974359
4274.8717948718
4279.48717948718
4283.58974358974
4282.5641025641
4278.97435897436
4276.41025641026
4278.46153846154
4282.5641025641
4281.02564102564
4276.92307692308
4276.41025641026
4279.48717948718
4283.58974358974
4280
4278.46153846154
4286.66666666667
4285.12820512821
4278.97435897436
4279.48717948718
4279.48717948718
4285.64102564103
4297.4358974359
4289.74358974359
4273.84615384615
4276.92307692308
4284.61538461538
4280
4273.84615384615
4278.97435897436
4289.74358974359
4287.69230769231
4276.41025641026
4277.4358974359
4285.12820512821
4285.12820512821
4285.64102564103
4292.82051282051
4301.02564102564
4293.33333333333
4278.46153846154
4281.53846153846
4288.20512820513
4282.5641025641
4275.89743589744
4277.94871794872
4279.48717948718
4282.05128205128
4282.05128205128
4277.94871794872
4277.94871794872
4279.48717948718
4280.51282051282
4281.53846153846
4285.12820512821
4288.71794871795
4285.64102564103
4277.4358974359
4274.35897435897
4283.07692307692
4284.10256410256
4269.74358974359
4267.69230769231
4281.02564102564
4283.58974358974
4276.92307692308
4275.89743589744
4277.4358974359
4280.51282051282
4282.05128205128
4277.94871794872
4278.97435897436
4282.05128205128
4280
4281.53846153846
4282.05128205128
4275.89743589744
4275.89743589744
4281.53846153846
4278.97435897436
4276.92307692308
4290.76923076923
4298.97435897436
4287.17948717949
4276.92307692308
4287.17948717949
4297.4358974359
4289.23076923077
4283.58974358974
4291.28205128205
4296.41025641026
4286.66666666667
4279.48717948718
4286.66666666667
4290.25641025641
4282.05128205128
4274.35897435897
4275.89743589744
4278.46153846154
4286.15384615385
4286.15384615385
4269.74358974359
4271.79487179487
4289.74358974359
4289.23076923077
4278.46153846154
4278.46153846154
4277.4358974359
4280.51282051282
4292.82051282051
4290.76923076923
4282.5641025641
4282.5641025641
4284.61538461538
4288.20512820513
4290.25641025641
4290.25641025641
4295.38461538462
4290.76923076923
4273.33333333333
4279.48717948718
4295.89743589744
4289.74358974359
4289.74358974359
4306.66666666667
4312.82051282051
4310.25641025641
4319.48717948718
4327.69230769231
4328.20512820513
4327.17948717949
4318.46153846154
4303.58974358974
4304.10256410256
4318.46153846154
4322.5641025641
4314.8717948718
4309.23076923077
4308.71794871795
4305.12820512821
4296.92307692308
4295.89743589744
4300
4300.51282051282
4303.58974358974
4303.58974358974
4287.69230769231
4277.94871794872
4294.8717948718
4307.69230769231
4296.92307692308
4291.28205128205
4293.84615384615
4289.23076923077
4292.30769230769
4295.38461538462
4290.76923076923
4290.76923076923
4286.66666666667
4281.53846153846
4287.69230769231
4285.64102564103
4277.94871794872
4291.79487179487
4303.58974358974
4286.15384615385
4273.33333333333
4285.12820512821
4292.82051282051
4284.10256410256
4276.92307692308
4280.51282051282
4288.71794871795
4287.69230769231
4278.97435897436
4285.12820512821
4293.84615384615
4279.48717948718
4273.33333333333
4292.30769230769
4300
4290.76923076923
4284.61538461538
4282.5641025641
4278.97435897436
4282.05128205128
4293.33333333333
4298.97435897436
4293.33333333333
4290.25641025641
4294.35897435897
4289.74358974359
4279.48717948718
4280
4291.79487179487
4295.38461538462
4284.10256410256
4272.82051282051
4280
4291.79487179487
4291.28205128205
4290.76923076923
4298.97435897436
4298.46153846154
4293.84615384615
4296.41025641026
4287.69230769231
4272.82051282051
4283.58974358974
4302.5641025641
4295.89743589744
4285.12820512821
4293.84615384615
4301.02564102564
4296.92307692308
4291.79487179487
4293.33333333333
4296.41025641026
4294.35897435897
4296.41025641026
4300.51282051282
4288.71794871795
4277.4358974359
4288.20512820513
4298.46153846154
4292.30769230769
4290.76923076923
4295.38461538462
4295.38461538462
4298.46153846154
4297.4358974359
4292.30769230769
4293.84615384615
4288.20512820513
4274.35897435897
4281.02564102564
4296.92307692308
4287.69230769231
4279.48717948718
4292.30769230769
4296.41025641026
4291.28205128205
4296.92307692308
4296.92307692308
4287.17948717949
4293.84615384615
4298.46153846154
4284.61538461538
4284.10256410256
4298.97435897436
4297.4358974359
4292.30769230769
4297.4358974359
4290.76923076923
4282.5641025641
4294.8717948718
4301.53846153846
4284.61538461538
4274.8717948718
4289.74358974359
4296.92307692308
4286.66666666667
4278.97435897436
4278.97435897436
4282.05128205128
4290.76923076923
4291.79487179487
4281.02564102564
4275.89743589744
4281.02564102564
4282.05128205128
4280
4282.5641025641
4286.15384615385
4288.71794871795
4292.82051282051
4294.8717948718
4291.28205128205
4290.25641025641
4297.94871794872
4296.41025641026
4285.64102564103
4287.69230769231
4293.84615384615
4292.82051282051
4288.20512820513
4283.07692307692
4284.61538461538
4298.97435897436
4297.94871794872
4275.89743589744
4280
4298.97435897436
4288.71794871795
4280
4292.82051282051
4290.25641025641
4277.94871794872
4290.25641025641
4301.53846153846
4291.28205128205
4288.20512820513
4293.33333333333
4298.46153846154
4297.94871794872
4287.17948717949
4280.51282051282
4283.58974358974
4287.17948717949
4293.84615384615
4297.4358974359
4284.61538461538
4281.02564102564
4294.35897435897
4293.84615384615
4290.25641025641
4296.92307692308
4296.92307692308
4289.74358974359
4297.94871794872
4308.20512820513
4296.92307692308
4283.07692307692
4288.71794871795
4300
4296.41025641026
4292.82051282051
4299.48717948718
4294.8717948718
4283.58974358974
4285.64102564103
4292.30769230769
4294.8717948718
4293.33333333333
4283.58974358974
4277.94871794872
4288.71794871795
4298.97435897436
4297.94871794872
4289.74358974359
4277.4358974359
4278.97435897436
4296.92307692308
4297.94871794872
4286.66666666667
4295.89743589744
4311.28205128205
4305.64102564103
4296.41025641026
4296.41025641026
4292.82051282051
4289.74358974359
4294.35897435897
4294.35897435897
4289.23076923077
4294.35897435897
4303.58974358974
4290.76923076923
4271.79487179487
4285.12820512821
4304.61538461538
4301.53846153846
4295.89743589744
4288.71794871795
4282.5641025641
4291.28205128205
4301.02564102564
4292.82051282051
4280.51282051282
4278.97435897436
4288.20512820513
4300
4293.84615384615
4286.66666666667
4301.02564102564
4313.84615384615
4308.20512820513
4300.51282051282
4298.97435897436
4300.51282051282
4307.69230769231
4312.82051282051
4302.05128205128
4292.30769230769
4296.92307692308
4308.20512820513
4311.79487179487
4307.69230769231
4309.23076923077
4311.28205128205
4309.74358974359
4310.76923076923
4308.20512820513
4297.94871794872
4297.94871794872
4303.07692307692
4295.89743589744
4292.82051282051
4296.92307692308
4292.30769230769
4289.23076923077
4294.35897435897
4296.92307692308
4294.8717948718
4293.84615384615
4293.33333333333
4292.82051282051
4297.4358974359
4297.94871794872
4293.33333333333
4299.48717948718
4308.71794871795
4302.5641025641
4294.35897435897
4296.41025641026
4303.58974358974
4311.28205128205
4308.71794871795
4295.38461538462
4293.33333333333
4301.02564102564
4294.35897435897
4280.51282051282
4287.69230769231
4304.10256410256
4305.12820512821
4297.94871794872
4290.25641025641
4290.76923076923
4307.69230769231
4311.79487179487
4297.94871794872
4298.97435897436
4306.66666666667
4302.05128205128
4302.05128205128
4310.76923076923
4310.76923076923
4301.53846153846
4297.4358974359
4297.94871794872
4301.53846153846
4307.69230769231
4314.8717948718
4313.84615384615
4307.69230769231
4308.71794871795
4314.8717948718
4319.48717948718
4318.97435897436
4314.35897435897
4309.23076923077
4307.69230769231
4313.33333333333
4315.38461538462
4313.33333333333
4311.28205128205
4313.33333333333
4318.46153846154
4316.92307692308
4312.30769230769
4320.51282051282
4330.76923076923
4321.53846153846
4306.15384615385
4311.28205128205
4327.17948717949
4327.17948717949
4317.94871794872
4315.89743589744
4313.33333333333
4306.15384615385
4312.82051282051
4326.66666666667
4317.4358974359
4304.10256410256
4312.30769230769
4321.02564102564
4313.84615384615
4307.69230769231
4308.71794871795
4311.28205128205
4318.97435897436
4318.97435897436
4309.74358974359
4308.71794871795
4307.69230769231
4301.53846153846
4304.10256410256
4310.25641025641
4306.15384615385
4306.15384615385
4314.35897435897
4313.33333333333
4310.76923076923
4315.89743589744
4308.71794871795
4295.89743589744
4303.58974358974
4315.89743589744
4313.33333333333
4307.17948717949
4307.17948717949
4309.23076923077
4312.82051282051
4304.61538461538
4292.82051282051
4306.15384615385
4325.12820512821
4321.02564102564
4309.74358974359
4312.30769230769
4311.79487179487
4307.69230769231
4313.84615384615
4318.46153846154
4310.25641025641
4307.69230769231
4317.94871794872
4322.05128205128
4312.82051282051
4307.17948717949
4310.76923076923
4313.84615384615
4312.82051282051
4314.35897435897
4320.51282051282
4322.05128205128
4313.84615384615
4306.66666666667
4307.69230769231
4309.74358974359
4311.28205128205
4317.4358974359
4319.48717948718
4307.17948717949
4295.89743589744
4296.41025641026
4303.58974358974
4312.82051282051
4310.25641025641
4299.48717948718
4295.89743589744
4304.10256410256
4310.25641025641
4302.05128205128
4299.48717948718
4308.71794871795
4305.12820512821
4292.30769230769
4296.41025641026
4308.71794871795
4309.74358974359
4309.74358974359
4309.74358974359
4316.41025641026
4322.5641025641
4314.35897435897
4305.64102564103
4300.51282051282
4296.92307692308
4301.02564102564
4304.10256410256
4299.48717948718
4299.48717948718
4306.15384615385
4308.20512820513
4310.25641025641
4311.79487179487
4310.25641025641
4309.74358974359
4310.25641025641
4310.25641025641
4307.69230769231
4308.71794871795
4314.35897435897
4316.41025641026
4310.76923076923
4300.51282051282
4298.97435897436
4306.15384615385
4308.20512820513
4311.28205128205
4320
4320.51282051282
4311.28205128205
4306.66666666667
4310.76923076923
4313.33333333333
4306.15384615385
4302.05128205128
4311.28205128205
4315.38461538462
4310.25641025641
4309.74358974359
4311.79487179487
4316.41025641026
4319.48717948718
4316.41025641026
4316.41025641026
4321.02564102564
4319.48717948718
4309.74358974359
4309.74358974359
4321.02564102564
4321.53846153846
4312.30769230769
4321.02564102564
4330.76923076923
4315.38461538462
4304.61538461538
4318.97435897436
4329.23076923077
4322.5641025641
4312.82051282051
4310.76923076923
4319.48717948718
4327.69230769231
4326.15384615385
4322.5641025641
4322.05128205128
4319.48717948718
4317.94871794872
4324.61538461538
4329.74358974359
4326.15384615385
4323.58974358974
4328.20512820513
4329.23076923077
4321.02564102564
4320
4327.17948717949
4332.30769230769
4323.07692307692
4308.20512820513
4315.89743589744
4332.82051282051
4330.76923076923
4322.5641025641
4323.58974358974
4323.58974358974
4326.15384615385
4329.23076923077
4325.12820512821
4324.61538461538
4327.17948717949
4326.66666666667
4331.28205128205
4337.4358974359
4331.79487179487
4325.64102564103
4324.10256410256
4321.53846153846
4325.12820512821
4328.20512820513
4324.61538461538
4321.02564102564
4320.51282051282
4322.05128205128
4323.58974358974
4327.17948717949
4330.76923076923
4332.82051282051
4325.12820512821
4321.53846153846
4327.17948717949
4322.05128205128
4318.97435897436
4324.61538461538
4327.17948717949
4327.69230769231
4322.5641025641
4308.20512820513
4314.8717948718
4338.46153846154
4332.82051282051
4314.35897435897
4322.05128205128
4333.33333333333
4324.61538461538
4311.79487179487
4316.92307692308
4333.84615384615
4338.97435897436
4328.20512820513
4318.46153846154
4320
4328.20512820513
4327.69230769231
4323.07692307692
4326.15384615385
4326.66666666667
4324.10256410256
4326.15384615385
4324.61538461538
4314.35897435897
4311.79487179487
4319.48717948718
4324.61538461538
4328.71794871795
4325.64102564103
4315.38461538462
4318.97435897436
4330.25641025641
4326.66666666667
4321.53846153846
4326.15384615385
4327.69230769231
4324.10256410256
4323.07692307692
4326.66666666667
4332.82051282051
4332.82051282051
4317.94871794872
4307.17948717949
4315.89743589744
4329.74358974359
4331.28205128205
4328.71794871795
4328.20512820513
4321.02564102564
4315.38461538462
4314.8717948718
4320
4326.15384615385
4314.35897435897
4306.66666666667
4321.53846153846
4331.28205128205
4328.71794871795
4337.4358974359
4336.41025641026
4323.07692307692
4335.38461538462
4352.30769230769
4343.58974358974
4337.4358974359
4348.20512820513
4354.8717948718
4347.17948717949
4342.5641025641
4341.02564102564
4336.41025641026
4333.84615384615
4342.05128205128
4346.15384615385
4332.30769230769
4329.23076923077
4346.66666666667
4354.35897435897
4344.61538461538
4333.84615384615
4328.20512820513
4324.61538461538
4330.25641025641
4344.61538461538
4346.66666666667
4336.92307692308
4340
4343.07692307692
4329.74358974359
4325.64102564103
4335.38461538462
4340.51282051282
4345.12820512821
4345.64102564103
4336.41025641026
4333.33333333333
4333.84615384615
4331.28205128205
4336.41025641026
4342.5641025641
4342.5641025641
4342.05128205128
4344.61538461538
4341.53846153846
4336.92307692308
4345.12820512821
4352.82051282051
4343.58974358974
4341.02564102564
4350.76923076923
4347.69230769231
4335.89743589744
4342.05128205128
4351.79487179487
4350.25641025641
4352.30769230769
4349.23076923077
4333.33333333333
4335.89743589744
4352.30769230769
4346.66666666667
4334.35897435897
4345.64102564103
4356.41025641026
4347.69230769231
4337.94871794872
4336.41025641026
4342.5641025641
4344.10256410256
4341.53846153846
4340.51282051282
4330.25641025641
4325.64102564103
4342.5641025641
4358.46153846154
4351.79487179487
4339.48717948718
4340
4345.64102564103
4343.07692307692
4338.46153846154
4344.10256410256
4350.25641025641
4348.71794871795
4350.25641025641
4354.35897435897
4353.33333333333
4348.71794871795
4351.28205128205
4353.84615384615
4348.71794871795
4340
4340
4345.64102564103
4338.97435897436
4330.76923076923
4337.94871794872
4344.10256410256
4343.58974358974
4349.74358974359
4353.33333333333
4345.64102564103
4342.05128205128
4340.51282051282
4341.53846153846
4345.12820512821
4335.38461538462
4324.61538461538
4333.33333333333
4344.10256410256
4336.92307692308
4335.38461538462
4349.74358974359
4342.5641025641
4326.15384615385
4341.53846153846
4358.46153846154
4345.12820512821
4340
4351.28205128205
4352.30769230769
4357.4358974359
4365.64102564103
4369.23076923077
4373.33333333333
4372.30769230769
4366.15384615385
4372.82051282051
4384.10256410256
4372.82051282051
4356.92307692308
4359.48717948718
4366.15384615385
4373.84615384615
4382.05128205128
4368.71794871795
4350.25641025641
4358.97435897436
4365.64102564103
4351.79487179487
4348.20512820513
4347.17948717949
4338.46153846154
4345.64102564103
4353.33333333333
4344.61538461538
4344.10256410256
4351.79487179487
4344.61538461538
4335.89743589744
4341.02564102564
4345.12820512821
4343.07692307692
4345.12820512821
4342.5641025641
4327.17948717949
4326.66666666667
4349.74358974359
4358.46153846154
4344.61538461538
4335.38461538462
4331.28205128205
4328.20512820513
4327.17948717949
4328.20512820513
4334.35897435897
4338.97435897436
4334.35897435897
4325.64102564103
4329.23076923077
4341.53846153846
4343.58974358974
4333.84615384615
4330.25641025641
4340
4340.51282051282
4325.12820512821
4323.58974358974
4338.46153846154
4334.8717948718
4321.53846153846
4330.25641025641
4340
4331.28205128205
4324.61538461538
4325.12820512821
4326.15384615385
4332.30769230769
4334.35897435897
4325.12820512821
4322.05128205128
4326.15384615385
4330.25641025641
4338.46153846154
4338.46153846154
4325.64102564103
4322.05128205128
4327.69230769231
4326.66666666667
4326.66666666667
4329.23076923077
4325.12820512821
4328.71794871795
4336.41025641026
4324.10256410256
4313.84615384615
4328.20512820513
4335.89743589744
4321.53846153846
4322.05128205128
4337.4358974359
4343.07692307692
4338.46153846154
4326.66666666667
4322.5641025641
4328.20512820513
4329.74358974359
4332.82051282051
4332.82051282051
4325.64102564103
4330.25641025641
4341.53846153846
4333.33333333333
4321.53846153846
4327.17948717949
4334.8717948718
4333.84615384615
4326.66666666667
4323.07692307692
4331.28205128205
4335.38461538462
4332.82051282051
4336.41025641026
4337.4358974359
4326.66666666667
4320.51282051282
4326.66666666667
4329.23076923077
4324.10256410256
4323.07692307692
4329.74358974359
4335.38461538462
4335.89743589744
4332.82051282051
4329.74358974359
4327.17948717949
4321.53846153846
4318.46153846154
4323.07692307692
4328.71794871795
4326.66666666667
4324.10256410256
4326.15384615385
4329.74358974359
4328.20512820513
4322.05128205128
4322.5641025641
4332.30769230769
4336.92307692308
4329.74358974359
4321.53846153846
4322.05128205128
4326.66666666667
4328.20512820513
4325.12820512821
4322.5641025641
4330.25641025641
4340
4330.76923076923
4314.35897435897
4321.53846153846
4335.38461538462
4329.23076923077
4315.89743589744
4310.25641025641
4312.82051282051
4320
4327.17948717949
4333.84615384615
4335.89743589744
4326.66666666667
4322.5641025641
4329.23076923077
4324.10256410256
4315.38461538462
4325.12820512821
4334.8717948718
4331.28205128205
4325.12820512821
4327.17948717949
4333.33333333333
4334.8717948718
4328.71794871795
4319.48717948718
4316.92307692308
4327.17948717949
4334.8717948718
4327.17948717949
4321.02564102564
4328.71794871795
4329.74358974359
4321.02564102564
4324.61538461538
4329.23076923077
4321.02564102564
4313.33333333333
4310.76923076923
4316.41025641026
4332.30769230769
4336.41025641026
4326.15384615385
4322.5641025641
4318.97435897436
4310.25641025641
4318.46153846154
4333.33333333333
4327.17948717949
4309.74358974359
4313.33333333333
4331.28205128205
4326.66666666667
4304.61538461538
4306.15384615385
4319.48717948718
4319.48717948718
4321.53846153846
4330.25641025641
4329.23076923077
4323.07692307692
4330.25641025641
4337.94871794872
4332.30769230769
4324.61538461538
4326.66666666667
4326.15384615385
4320.51282051282
4326.15384615385
4329.23076923077
4317.4358974359
4317.94871794872
4328.20512820513
4321.53846153846
4315.38461538462
4324.10256410256
4329.74358974359
4331.28205128205
4336.92307692308
4341.53846153846
4342.05128205128
4341.53846153846
4345.64102564103
4351.79487179487
4355.38461538462
4364.10256410256
4370.25641025641
4361.02564102564
4347.69230769231
4340.51282051282
4342.05128205128
4348.20512820513
4345.64102564103
4335.38461538462
4331.28205128205
4334.8717948718
4335.38461538462
4329.23076923077
4326.66666666667
4340
4349.74358974359
4342.05128205128
4337.4358974359
4341.02564102564
4340
4343.07692307692
4355.38461538462
4346.66666666667
4323.58974358974
4332.30769230769
4358.46153846154
4360.51282051282
4348.71794871795
4341.53846153846
4344.61538461538
4357.4358974359
4364.10256410256
4357.4358974359
4349.74358974359
4341.02564102564
4335.89743589744
4347.17948717949
4352.82051282051
4343.07692307692
4338.97435897436
4338.97435897436
4334.35897435897
4335.89743589744
4343.58974358974
4344.10256410256
4340.51282051282
4340
4346.66666666667
4351.28205128205
4344.61538461538
4336.92307692308
4334.35897435897
4334.8717948718
4338.46153846154
4339.48717948718
4335.89743589744
4331.79487179487
4324.10256410256
4323.58974358974
4334.8717948718
4337.4358974359
4331.28205128205
4333.84615384615
4334.8717948718
4336.92307692308
4344.61538461538
4341.02564102564
4327.17948717949
4324.61538461538
4329.23076923077
4327.69230769231
4329.74358974359
4335.38461538462
4336.41025641026
4331.28205128205
4324.61538461538
4318.97435897436
4317.4358974359
4324.10256410256
4333.33333333333
4335.89743589744
4332.30769230769
4337.4358974359
4346.15384615385
4338.46153846154
4324.10256410256
4321.02564102564
4326.15384615385
4332.82051282051
4331.79487179487
4323.07692307692
4321.53846153846
4331.28205128205
4339.48717948718
4341.02564102564
4337.4358974359
4336.41025641026
4334.8717948718
4325.12820512821
4324.61538461538
4339.48717948718
4342.05128205128
4328.20512820513
4323.58974358974
4331.28205128205
4335.89743589744
4334.8717948718
4334.35897435897
4330.25641025641
4325.64102564103
4326.66666666667
4324.10256410256
4318.46153846154
4325.12820512821
4342.5641025641
4345.12820512821
4330.76923076923
4324.10256410256
4333.33333333333
4342.5641025641
4337.94871794872
4331.79487179487
4334.8717948718
4341.02564102564
4342.5641025641
4340
4337.94871794872
4341.53846153846
4344.61538461538
4337.94871794872
4332.82051282051
4337.94871794872
4343.07692307692
4344.61538461538
4336.92307692308
4322.05128205128
4325.64102564103
4340.51282051282
4331.79487179487
4312.82051282051
4320.51282051282
4330.25641025641
4321.02564102564
4320
4333.33333333333
4340
4331.28205128205
4320
4324.61538461538
4336.92307692308
4333.84615384615
4318.46153846154
4320
4335.38461538462
4337.4358974359
4327.17948717949
4324.10256410256
4329.74358974359
4326.66666666667
4319.48717948718
4321.02564102564
4326.15384615385
4325.64102564103
4321.53846153846
4325.12820512821
4327.69230769231
4324.10256410256
4327.17948717949
4333.33333333333
4329.74358974359
4323.07692307692
4326.66666666667
4330.76923076923
4326.15384615385
4318.46153846154
4318.46153846154
4326.15384615385
4329.74358974359
4328.20512820513
4323.07692307692
4322.05128205128
4328.20512820513
4330.25641025641
4334.35897435897
4334.8717948718
4318.97435897436
4313.84615384615
4328.20512820513
4330.25641025641
4325.12820512821
4331.28205128205
4334.35897435897
4331.28205128205
4333.33333333333
4336.41025641026
4332.30769230769
4328.20512820513
4334.8717948718
4342.5641025641
4344.10256410256
