4487.69230769231
4489.23076923077
4487.69230769231
4488.20512820513
4487.17948717949
4481.53846153846
4476.41025641026
4470.76923076923
4480.51282051282
4505.12820512821
4502.5641025641
4475.89743589744
4470.76923076923
4478.46153846154
4479.48717948718
4484.10256410256
4487.17948717949
4491.28205128205
4489.23076923077
4477.94871794872
4488.71794871795
4509.23076923077
4517.4358974359
4521.53846153846
4511.28205128205
4478.97435897436
4470.25641025641
4485.64102564103
4483.58974358974
4471.28205128205
4466.15384615385
4468.71794871795
4476.41025641026
4479.48717948718
4474.35897435897
4469.74358974359
4474.35897435897
4478.97435897436
4475.38461538462
4472.30769230769
4477.4358974359
4478.46153846154
4471.79487179487
4474.35897435897
4480.51282051282
4474.35897435897
4480.51282051282
4502.5641025641
4502.05128205128
4480
4473.33333333333
4474.8717948718
4470.25641025641
4474.8717948718
4476.92307692308
4470.25641025641
4487.69230769231
4510.25641025641
4496.92307692308
4475.38461538462
4477.94871794872
4481.53846153846
4477.94871794872
4476.41025641026
4480.51282051282
4487.17948717949
4484.61538461538
4473.33333333333
4469.74358974359
4471.28205128205
4474.8717948718
4474.35897435897
4470.76923076923
4490.76923076923
4519.48717948718
4507.17948717949
4473.33333333333
4468.71794871795
4474.8717948718
4469.23076923077
4470.25641025641
4477.94871794872
4476.41025641026
4471.79487179487
4471.28205128205
4471.79487179487
4471.79487179487
4471.28205128205
4469.74358974359
4476.41025641026
4491.79487179487
4493.84615384615
4483.07692307692
4493.33333333333
4516.41025641026
4504.61538461538
4471.79487179487
4465.64102564103
4476.92307692308
4475.89743589744
4471.79487179487
4476.41025641026
4475.38461538462
4466.66666666667
4465.64102564103
4470.25641025641
4469.74358974359
4471.28205128205
4469.23076923077
4457.94871794872
4468.71794871795
4507.17948717949
4532.30769230769
4530.25641025641
4512.82051282051
4493.33333333333
4487.69230769231
4490.76923076923
4483.58974358974
4471.28205128205
4463.58974358974
4463.58974358974
4471.79487179487
4475.89743589744
4471.28205128205
4471.79487179487
4477.94871794872
4477.4358974359
4472.82051282051
4472.30769230769
4473.33333333333
4473.33333333333
4471.79487179487
4470.76923076923
4478.97435897436
4497.4358974359
4513.33333333333
4509.74358974359
4489.74358974359
4476.92307692308
4475.38461538462
4471.28205128205
4469.74358974359
4477.4358974359
4477.94871794872
4470.76923076923
4469.23076923077
4469.23076923077
4466.15384615385
4467.17948717949
4492.30769230769
4516.92307692308
4502.05128205128
4473.33333333333
4470.76923076923
4475.38461538462
4472.82051282051
4474.35897435897
4475.89743589744
4475.38461538462
4470.76923076923
4464.10256410256
4468.71794871795
4478.46153846154
4471.79487179487
4465.64102564103
4481.53846153846
4489.74358974359
4477.4358974359
4466.66666666667
4471.79487179487
4483.07692307692
4484.61538461538
4473.33333333333
4467.17948717949
4485.64102564103
4502.5641025641
4487.17948717949
4460.51282051282
4455.89743589744
4464.10256410256
4461.02564102564
4456.41025641026
4458.46153846154
4457.94871794872
4458.46153846154
4462.05128205128
4461.53846153846
4462.5641025641
4469.74358974359
4475.38461538462
4472.82051282051
4467.17948717949
4470.76923076923
4475.89743589744
4465.64102564103
4460
4469.23076923077
4471.79487179487
4479.48717948718
4493.84615384615
4484.10256410256
4465.64102564103
4471.28205128205
4477.4358974359
4471.79487179487
4481.53846153846
4491.28205128205
4488.71794871795
4494.35897435897
4500.51282051282
4490.76923076923
4483.07692307692
4490.25641025641
4490.25641025641
4478.46153846154
4472.30769230769
4488.71794871795
4513.84615384615
4510.25641025641
4486.15384615385
4474.8717948718
4475.89743589744
4476.41025641026
4476.41025641026
4475.89743589744
4472.30769230769
4478.46153846154
4487.17948717949
4480
4473.84615384615
4490.25641025641
4498.46153846154
4480.51282051282
4474.8717948718
4494.8717948718
4499.48717948718
4482.5641025641
4472.30769230769
4474.35897435897
4476.41025641026
4475.89743589744
4474.8717948718
4474.8717948718
4473.84615384615
4472.82051282051
4474.35897435897
4479.48717948718
4477.94871794872
4473.84615384615
4491.79487179487
4512.82051282051
4497.4358974359
4472.30769230769
4473.33333333333
4481.53846153846
4482.5641025641
4487.69230769231
4489.74358974359
4488.71794871795
4487.69230769231
4481.02564102564
4475.38461538462
4474.35897435897
4470.25641025641
4487.17948717949
4522.05128205128
4521.02564102564
4490.25641025641
4484.61538461538
4493.33333333333
4492.30769230769
4494.35897435897
4486.66666666667
4475.89743589744
4487.17948717949
4498.97435897436
4491.28205128205
4485.64102564103
4495.89743589744
4497.4358974359
4485.64102564103
4497.4358974359
4522.5641025641
4507.69230769231
4476.92307692308
4483.07692307692
4497.94871794872
4490.76923076923
4486.15384615385
4493.33333333333
4500
4496.92307692308
4488.71794871795
4488.20512820513
4491.28205128205
4488.20512820513
4487.69230769231
4498.46153846154
4508.20512820513
4507.69230769231
4497.94871794872
4486.15384615385
4490.25641025641
4507.17948717949
4504.61538461538
4488.71794871795
4490.76923076923
4496.41025641026
4490.25641025641
4490.25641025641
4494.8717948718
4489.74358974359
4486.66666666667
4489.23076923077
4485.64102564103
4492.30769230769
4519.48717948718
4531.79487179487
4508.20512820513
4481.02564102564
4480
4486.15384615385
4489.23076923077
4487.69230769231
4480
4480
4491.28205128205
4491.28205128205
4476.92307692308
4472.82051282051
4482.05128205128
4485.64102564103
4480.51282051282
4478.97435897436
4496.92307692308
4515.89743589744
4510.25641025641
4494.35897435897
4489.23076923077
4489.74358974359
4486.66666666667
4486.15384615385
4488.71794871795
4488.71794871795
4491.79487179487
4503.07692307692
4503.07692307692
4489.23076923077
4485.64102564103
4490.25641025641
4487.69230769231
4487.69230769231
4493.84615384615
4493.33333333333
4484.61538461538
4477.4358974359
4482.05128205128
4488.71794871795
4497.4358974359
4506.66666666667
4501.02564102564
4484.61538461538
4476.92307692308
4476.92307692308
4475.38461538462
4480.51282051282
4487.69230769231
4489.23076923077
4487.69230769231
4487.69230769231
4486.66666666667
4488.20512820513
4511.79487179487
4528.20512820513
4508.71794871795
4488.20512820513
4491.79487179487
4493.84615384615
4488.71794871795
4488.71794871795
4487.17948717949
4485.64102564103
4488.20512820513
4483.07692307692
4489.74358974359
4520
4531.79487179487
4518.46153846154
4518.46153846154
4526.15384615385
4520.51282051282
4520.51282051282
4528.71794871795
4526.15384615385
4521.53846153846
4525.12820512821
4523.58974358974
4511.79487179487
4505.12820512821
4509.23076923077
4503.58974358974
4493.33333333333
4501.02564102564
4505.12820512821
4495.38461538462
4501.53846153846
4508.71794871795
4494.8717948718
4485.64102564103
4491.79487179487
4491.28205128205
4487.17948717949
4495.38461538462
4504.10256410256
4498.97435897436
4487.69230769231
4489.23076923077
4494.8717948718
4491.28205128205
4490.76923076923
4490.25641025641
4484.61538461538
4478.97435897436
4488.20512820513
4504.61538461538
4500.51282051282
4486.66666666667
4484.61538461538
4483.58974358974
4474.8717948718
4474.8717948718
4484.61538461538
4487.17948717949
4491.79487179487
4496.41025641026
4489.23076923077
4481.02564102564
4482.5641025641
4481.53846153846
4473.33333333333
4483.07692307692
4510.76923076923
4532.30769230769
4525.12820512821
4498.97435897436
4486.66666666667
4490.25641025641
4487.17948717949
4485.64102564103
4496.41025641026
4504.61538461538
4505.12820512821
4501.53846153846
4493.33333333333
4491.79487179487
4502.05128205128
4508.71794871795
4502.5641025641
4493.33333333333
4492.82051282051
4511.79487179487
4529.23076923077
4515.38461538462
4489.74358974359
4484.10256410256
4494.35897435897
4493.33333333333
4476.41025641026
4474.35897435897
4489.23076923077
4487.69230769231
4472.82051282051
4479.48717948718
4493.84615384615
4484.61538461538
4475.38461538462
4488.71794871795
4492.30769230769
4477.94871794872
4490.25641025641
4517.4358974359
4519.48717948718
4503.58974358974
4484.61538461538
4471.28205128205
4472.30769230769
4472.30769230769
4466.66666666667
4471.28205128205
4474.8717948718
4471.79487179487
4472.82051282051
4475.89743589744
4477.94871794872
4470.76923076923
4462.05128205128
4468.20512820513
4476.41025641026
4474.35897435897
4467.17948717949
4464.10256410256
4472.30769230769
4477.94871794872
4466.15384615385
4455.89743589744
4460.51282051282
4467.17948717949
4471.28205128205
4469.74358974359
4462.5641025641
4457.4358974359
4464.61538461538
4490.76923076923
4512.30769230769
4508.20512820513
4506.15384615385
4510.76923076923
4496.92307692308
4476.92307692308
4470.76923076923
4472.82051282051
4470.76923076923
4462.5641025641
4456.41025641026
4462.5641025641
4472.30769230769
4474.35897435897
4474.35897435897
4476.41025641026
4474.8717948718
4473.33333333333
4474.35897435897
4473.33333333333
4473.33333333333
4470.25641025641
4461.02564102564
4468.20512820513
4490.76923076923
4496.92307692308
4487.69230769231
4486.66666666667
4490.25641025641
4489.74358974359
4487.69230769231
4487.17948717949
4493.84615384615
4498.46153846154
4487.17948717949
4491.28205128205
4508.20512820513
4496.41025641026
4472.82051282051
4470.76923076923
4476.41025641026
4478.97435897436
4487.69230769231
4500.51282051282
4513.33333333333
4509.74358974359
4490.25641025641
4485.12820512821
4488.20512820513
4484.61538461538
4495.89743589744
4519.48717948718
4533.84615384615
4537.94871794872
4530.76923076923
4506.66666666667
4489.23076923077
4492.82051282051
4495.89743589744
4491.28205128205
4490.76923076923
4491.28205128205
4488.71794871795
4493.33333333333
4504.61538461538
4507.17948717949
4505.64102564103
4504.61538461538
4498.46153846154
4498.97435897436
4522.5641025641
4549.23076923077
4552.30769230769
4529.23076923077
4503.07692307692
4492.82051282051
4492.82051282051
4494.35897435897
4495.38461538462
4493.84615384615
4493.33333333333
4494.35897435897
4494.35897435897
4491.79487179487
4489.74358974359
4487.69230769231
4487.17948717949
4486.66666666667
4490.25641025641
4493.33333333333
4489.74358974359
4488.20512820513
4488.71794871795
4483.07692307692
4475.89743589744
4476.92307692308
4476.41025641026
4488.20512820513
4521.02564102564
4526.66666666667
4494.35897435897
4477.94871794872
4488.71794871795
4490.25641025641
4485.12820512821
4488.20512820513
4491.79487179487
4491.79487179487
4492.82051282051
4492.30769230769
4486.15384615385
4494.35897435897
4518.97435897436
4522.05128205128
4500
4490.25641025641
4491.79487179487
4491.28205128205
4497.4358974359
4505.64102564103
4517.94871794872
4525.12820512821
4512.82051282051
4501.53846153846
4505.64102564103
4510.25641025641
4511.28205128205
4518.97435897436
4535.38461538462
4557.4358974359
4560
4540
4533.84615384615
4538.97435897436
4536.41025641026
4542.5641025641
4556.41025641026
4549.74358974359
4537.4358974359
4547.69230769231
4556.41025641026
4544.61538461538
4529.74358974359
4535.38461538462
4556.41025641026
4556.41025641026
4532.30769230769
4518.97435897436
4513.84615384615
4504.61538461538
4513.33333333333
4527.17948717949
4514.35897435897
4503.07692307692
4508.71794871795
4509.74358974359
4511.28205128205
4516.41025641026
4509.23076923077
4491.79487179487
4493.84615384615
4522.5641025641
4543.58974358974
4542.05128205128
4536.92307692308
4538.97435897436
4538.97435897436
4534.35897435897
4517.94871794872
4494.35897435897
4484.61538461538
4484.61538461538
4491.79487179487
4499.48717948718
4496.41025641026
4488.71794871795
4489.23076923077
4489.23076923077
4487.17948717949
4490.25641025641
4488.20512820513
4478.46153846154
4471.79487179487
4471.79487179487
4473.84615384615
4470.76923076923
4475.38461538462
4492.82051282051
4496.41025641026
4484.61538461538
4492.82051282051
4515.38461538462
4511.79487179487
4484.61538461538
4471.28205128205
4480.51282051282
4491.28205128205
4492.82051282051
4489.23076923077
4490.25641025641
4486.15384615385
4474.8717948718
4472.82051282051
4477.4358974359
4479.48717948718
4493.33333333333
4516.92307692308
4508.71794871795
4483.58974358974
4482.05128205128
4491.28205128205
4490.76923076923
4486.15384615385
4480.51282051282
4475.38461538462
4476.41025641026
4476.92307692308
4477.94871794872
4474.8717948718
4466.66666666667
4477.94871794872
4510.25641025641
4520
4492.30769230769
4472.30769230769
4474.8717948718
4475.89743589744
4471.28205128205
4473.33333333333
4477.4358974359
4475.38461538462
4471.28205128205
4473.33333333333
4474.8717948718
4463.58974358974
4457.4358974359
4471.79487179487
4477.94871794872
4470.76923076923
4482.05128205128
4504.10256410256
4509.74358974359
4507.69230769231
4510.76923076923
4511.79487179487
4511.79487179487
4513.84615384615
4497.4358974359
4468.71794871795
4463.58974358974
4472.82051282051
4471.79487179487
4470.25641025641
4474.35897435897
4474.8717948718
4473.33333333333
4473.84615384615
4473.84615384615
4476.41025641026
4480
4478.46153846154
4476.92307692308
4482.05128205128
4490.76923076923
4492.82051282051
4486.15384615385
4490.25641025641
4504.10256410256
4500.51282051282
4485.64102564103
4484.10256410256
4488.20512820513
4486.66666666667
4489.74358974359
4493.33333333333
4496.41025641026
4508.71794871795
4515.38461538462
4502.05128205128
4486.15384615385
4484.10256410256
4489.23076923077
4491.79487179487
4492.30769230769
4496.92307692308
4504.61538461538
4505.12820512821
4502.5641025641
4504.61538461538
4502.5641025641
4491.28205128205
4488.71794871795
4503.07692307692
4514.8717948718
4506.66666666667
4491.79487179487
4489.74358974359
4492.82051282051
4489.74358974359
4487.69230769231
4490.25641025641
4491.79487179487
4493.33333333333
4491.28205128205
4487.17948717949
4499.48717948718
4524.10256410256
4526.15384615385
4504.61538461538
4493.33333333333
4494.35897435897
4491.79487179487
4485.64102564103
4484.10256410256
4486.15384615385
4479.48717948718
4472.30769230769
4480
4491.28205128205
4489.74358974359
4488.20512820513
4496.92307692308
4508.20512820513
4509.74358974359
4496.41025641026
4491.79487179487
4502.5641025641
4502.05128205128
4489.74358974359
4492.30769230769
4505.64102564103
4505.64102564103
4494.35897435897
4487.17948717949
4500
4514.35897435897
4503.07692307692
4494.35897435897
4502.05128205128
4501.02564102564
4486.15384615385
4490.25641025641
4516.92307692308
4540.51282051282
4547.69230769231
4531.28205128205
4501.53846153846
4485.64102564103
4490.25641025641
4494.35897435897
4490.76923076923
4489.74358974359
4487.69230769231
4487.17948717949
4488.20512820513
4486.66666666667
4487.69230769231
4489.23076923077
4483.07692307692
4475.89743589744
4475.38461538462
4483.07692307692
4503.58974358974
4527.17948717949
4531.28205128205
4523.07692307692
4521.53846153846
4511.79487179487
4486.15384615385
4471.79487179487
4476.41025641026
4477.94871794872
4472.82051282051
4479.48717948718
4489.74358974359
4484.10256410256
4473.84615384615
4471.28205128205
4475.38461538462
4475.38461538462
4472.82051282051
4472.30769230769
4475.89743589744
4482.05128205128
4488.20512820513
4489.23076923077
4480.51282051282
4477.94871794872
4488.71794871795
4497.4358974359
4488.71794871795
4474.35897435897
4471.28205128205
4470.25641025641
4479.48717948718
4509.23076923077
4522.5641025641
4495.38461538462
4475.38461538462
4482.5641025641
4486.66666666667
4484.10256410256
4484.10256410256
4491.28205128205
4491.28205128205
4480
4477.94871794872
4486.66666666667
4490.76923076923
4487.17948717949
4487.17948717949
4486.66666666667
4487.17948717949
4491.28205128205
4490.25641025641
4490.25641025641
4509.23076923077
4529.74358974359
4516.92307692308
4489.74358974359
4486.15384615385
4491.28205128205
4487.17948717949
4488.20512820513
4492.82051282051
4493.33333333333
4489.74358974359
4488.20512820513
4489.74358974359
4488.20512820513
4494.35897435897
4502.5641025641
4495.89743589744
4491.28205128205
4496.41025641026
4493.33333333333
4498.97435897436
4525.12820512821
4532.30769230769
4507.69230769231
4488.20512820513
4486.66666666667
4490.25641025641
4492.30769230769
4490.76923076923
4488.71794871795
4496.92307692308
4505.12820512821
4503.07692307692
4514.35897435897
4530.76923076923
4515.89743589744
4490.25641025641
4490.76923076923
4495.89743589744
4490.25641025641
4493.33333333333
4496.41025641026
4492.82051282051
4496.41025641026
4504.10256410256
4507.17948717949
4503.58974358974
4495.38461538462
4493.84615384615
4500
4508.71794871795
4514.35897435897
4520.51282051282
4538.46153846154
4557.94871794872
4552.30769230769
4540.51282051282
4542.05128205128
4539.48717948718
4538.46153846154
4541.53846153846
4528.20512820513
4528.20512820513
4554.35897435897
4561.02564102564
4531.79487179487
4506.15384615385
4504.10256410256
4506.15384615385
4502.5641025641
4494.8717948718
4488.20512820513
4495.89743589744
4511.79487179487
4505.64102564103
4487.17948717949
4483.58974358974
4488.71794871795
4487.69230769231
4485.64102564103
4496.92307692308
4509.23076923077
4498.97435897436
4484.10256410256
4488.71794871795
4493.84615384615
4489.23076923077
4483.58974358974
4476.41025641026
4478.97435897436
4486.15384615385
4487.69230769231
4498.97435897436
4518.97435897436
4531.79487179487
4537.4358974359
4535.89743589744
4514.8717948718
4488.71794871795
4482.05128205128
4486.15384615385
4486.66666666667
4485.12820512821
4489.74358974359
4491.28205128205
4486.66666666667
4486.15384615385
4490.25641025641
4492.30769230769
4488.20512820513
4478.46153846154
4477.94871794872
4487.69230769231
4484.10256410256
4478.46153846154
4485.12820512821
4489.23076923077
4500
4513.84615384615
4497.94871794872
4472.30769230769
4474.8717948718
4483.07692307692
4476.92307692308
4474.8717948718
4475.89743589744
4480
4485.64102564103
4481.02564102564
4473.84615384615
4472.30769230769
4477.4358974359
4494.8717948718
4517.94871794872
4530.25641025641
4520.51282051282
4501.53846153846
4486.66666666667
4484.61538461538
4488.20512820513
4484.61538461538
4484.10256410256
4484.10256410256
4477.94871794872
4474.8717948718
4475.89743589744
4477.4358974359
4476.41025641026
4476.41025641026
4476.41025641026
4476.92307692308
4481.53846153846
4487.69230769231
4485.12820512821
4475.89743589744
4471.28205128205
4472.30769230769
4482.05128205128
4504.10256410256
4520.51282051282
4520
4517.94871794872
4515.38461538462
4499.48717948718
4479.48717948718
4474.8717948718
4481.02564102564
4478.97435897436
4472.82051282051
4472.30769230769
4475.89743589744
4478.46153846154
4478.46153846154
4476.92307692308
4474.35897435897
4474.8717948718
4475.38461538462
4475.38461538462
4477.94871794872
4477.4358974359
4474.8717948718
4490.25641025641
4519.48717948718
4528.71794871795
4519.48717948718
4520.51282051282
4522.5641025641
4513.84615384615
4509.74358974359
4506.15384615385
4484.10256410256
4464.10256410256
4467.69230769231
4475.38461538462
4472.82051282051
4470.76923076923
4474.35897435897
4476.41025641026
4474.8717948718
4478.46153846154
4489.23076923077
4495.38461538462
4486.66666666667
4479.48717948718
4486.15384615385
4490.76923076923
4487.69230769231
4488.71794871795
4486.66666666667
4479.48717948718
4483.07692307692
4494.35897435897
4496.41025641026
4489.23076923077
4491.28205128205
4502.5641025641
4501.02564102564
4488.71794871795
4498.46153846154
4528.20512820513
4544.61538461538
4542.5641025641
4527.69230769231
4507.17948717949
4490.76923076923
4488.20512820513
4499.48717948718
4508.20512820513
4505.64102564103
4502.5641025641
4504.10256410256
4503.07692307692
4503.58974358974
4508.20512820513
4502.05128205128
4493.33333333333
4509.74358974359
4525.64102564103
4512.30769230769
4503.07692307692
4509.74358974359
4507.69230769231
4505.12820512821
4504.10256410256
4499.48717948718
4516.92307692308
4544.10256410256
4545.64102564103
4539.48717948718
4541.02564102564
4543.58974358974
4542.5641025641
4525.64102564103
4497.4358974359
4491.79487179487
4504.61538461538
4504.10256410256
4492.30769230769
4490.76923076923
4495.38461538462
4495.38461538462
4494.8717948718
4495.38461538462
4493.33333333333
4492.30769230769
4494.8717948718
4494.35897435897
4489.74358974359
4490.76923076923
4494.35897435897
4489.23076923077
4488.20512820513
4506.15384615385
4513.33333333333
4505.64102564103
4519.48717948718
4540
4540.51282051282
4535.38461538462
4538.97435897436
4540.51282051282
4530.25641025641
4506.15384615385
4485.12820512821
4487.17948717949
4493.33333333333
4490.25641025641
4490.25641025641
4493.84615384615
4495.38461538462
4495.89743589744
4495.89743589744
4490.76923076923
4487.69230769231
4491.79487179487
4490.76923076923
4487.17948717949
4495.38461538462
4504.10256410256
4495.89743589744
4487.17948717949
4495.38461538462
4507.17948717949
4511.28205128205
4503.07692307692
4492.82051282051
4498.97435897436
4500.51282051282
4487.17948717949
4495.38461538462
4507.17948717949
4493.84615384615
4492.30769230769
4504.10256410256
4506.15384615385
4526.66666666667
4551.79487179487
4535.38461538462
4508.20512820513
4499.48717948718
4489.74358974359
4489.23076923077
4501.53846153846
4500
4490.76923076923
4491.79487179487
4491.28205128205
4490.76923076923
4503.58974358974
4505.12820512821
4491.28205128205
4488.71794871795
4493.33333333333
4494.35897435897
4493.33333333333
4490.76923076923
4491.28205128205
4494.8717948718
4493.84615384615
4500
4504.10256410256
4493.33333333333
4485.12820512821
4485.12820512821
4491.28205128205
4517.94871794872
4543.07692307692
4536.41025641026
4514.8717948718
4497.4358974359
4487.17948717949
4486.15384615385
4487.69230769231
4487.69230769231
4488.71794871795
4488.71794871795
4490.25641025641
4494.35897435897
4494.8717948718
4492.30769230769
4491.28205128205
4487.17948717949
