P8
4152.82051282051
4170.76923076923
4157.4358974359
4144.61538461538
4147.17948717949
4136.41025641026
4121.53846153846
4131.28205128205
4151.79487179487
4160.51282051282
4141.53846153846
4113.33333333333
4109.23076923077
4138.46153846154
4159.48717948718
4146.15384615385
4136.41025641026
4146.66666666667
4144.61538461538
4121.53846153846
4109.23076923077
4128.71794871795
4155.38461538462
4157.4358974359
4141.53846153846
4127.69230769231
4112.82051282051
4125.64102564103
4174.8717948718
4191.28205128205
4148.71794871795
4127.17948717949
4146.15384615385
4138.97435897436
4130.76923076923
4165.12820512821
4186.15384615385
4154.8717948718
4127.17948717949
4145.12820512821
4161.02564102564
4145.12820512821
4131.28205128205
4141.53846153846
4157.4358974359
4153.84615384615
4133.84615384615
4131.79487179487
4153.33333333333
4155.38461538462
4142.05128205128
4148.20512820513
4148.20512820513
4136.41025641026
4138.97435897436
4135.38461538462
4118.97435897436
4128.71794871795
4152.82051282051
4158.46153846154
4151.79487179487
4153.84615384615
4153.84615384615
4144.10256410256
4145.64102564103
4155.89743589744
4156.92307692308
4154.8717948718
4156.92307692308
4150.25641025641
4144.61538461538
4137.94871794872
4121.53846153846
4131.28205128205
4154.35897435897
4149.23076923077
4125.64102564103
4120
4135.89743589744
4147.69230769231
4144.10256410256
4138.97435897436
4131.28205128205
4124.61538461538
4133.33333333333
4132.82051282051
4125.12820512821
4141.02564102564
4157.4358974359
4154.8717948718
4149.74358974359
4137.94871794872
4135.89743589744
4157.94871794872
4155.38461538462
4137.4358974359
4145.12820512821
4156.92307692308
4157.94871794872
4154.8717948718
4153.33333333333
4161.53846153846
4167.69230769231
4155.38461538462
4138.46153846154
4134.8717948718
4135.89743589744
4142.5641025641
4154.35897435897
4157.94871794872
4150.25641025641
4150.76923076923
4153.33333333333
4139.48717948718
4134.35897435897
4157.4358974359
4173.33333333333
4170.76923076923
4170.76923076923
4156.41025641026
4137.4358974359
4147.17948717949
4166.15384615385
4157.94871794872
4134.8717948718
4138.97435897436
4168.71794871795
4185.12820512821
4165.64102564103
4153.33333333333
4171.28205128205
4171.28205128205
4137.94871794872
4129.74358974359
4163.58974358974
4181.02564102564
4168.71794871795
4162.5641025641
4171.79487179487
4171.79487179487
4146.66666666667
4138.46153846154
4163.07692307692
4168.20512820513
4150.76923076923
4148.20512820513
4151.79487179487
4155.89743589744
4155.89743589744
4141.53846153846
4150.25641025641
4175.38461538462
4164.61538461538
4142.05128205128
4144.10256410256
4138.97435897436
4133.33333333333
4155.38461538462
4178.97435897436
4175.38461538462
4157.4358974359
4151.79487179487
4154.35897435897
4153.84615384615
4152.82051282051
4151.79487179487
4154.8717948718
4153.33333333333
4150.25641025641
4160
4179.48717948718
4174.35897435897
4154.8717948718
4168.20512820513
4181.02564102564
4146.66666666667
4124.61538461538
4151.79487179487
4160
4133.84615384615
4130.25641025641
4144.10256410256
4147.17948717949
4132.30769230769
4115.38461538462
4132.82051282051
4158.46153846154
4151.79487179487
4151.79487179487
4163.58974358974
4142.05128205128
4137.94871794872
4170.76923076923
4168.71794871795
4136.92307692308
4130.25641025641
4148.20512820513
4155.89743589744
4151.79487179487
4152.30769230769
4156.92307692308
4158.97435897436
4158.97435897436
4159.48717948718
4155.89743589744
4166.15384615385
4182.05128205128
4167.69230769231
4153.84615384615
4164.10256410256
4166.66666666667
4167.69230769231
4187.69230769231
4182.05128205128
4154.35897435897
4155.38461538462
4166.66666666667
4168.71794871795
4173.33333333333
4171.28205128205
4170.25641025641
4168.71794871795
4151.79487179487
4142.5641025641
4153.33333333333
4172.30769230769
4185.64102564103
4182.5641025641
4167.69230769231
4154.35897435897
4162.5641025641
4177.4358974359
4172.30769230769
4173.84615384615
4180.51282051282
4162.5641025641
4153.33333333333
4170.25641025641
4171.28205128205
4163.07692307692
4163.07692307692
4151.28205128205
4156.92307692308
4171.28205128205
4164.10256410256
4160
4164.10256410256
4153.33333333333
4149.23076923077
4168.71794871795
4170.25641025641
4152.30769230769
4155.89743589744
4172.30769230769
4172.82051282051
4162.05128205128
4168.71794871795
4170.25641025641
4145.12820512821
4149.23076923077
4183.58974358974
4179.48717948718
4160
4168.20512820513
4162.05128205128
4151.79487179487
4165.12820512821
4164.61538461538
4156.92307692308
4157.94871794872
4152.82051282051
4156.92307692308
4173.84615384615
4175.38461538462
4163.07692307692
4147.17948717949
4137.94871794872
4153.84615384615
4171.79487179487
4161.02564102564
4151.79487179487
4154.8717948718
4152.82051282051
4155.89743589744
4168.20512820513
4170.76923076923
4168.20512820513
4166.15384615385
4163.58974358974
4187.69230769231
4196.92307692308
4164.61538461538
4170.25641025641
4208.71794871795
4195.38461538462
4161.53846153846
4166.15384615385
4173.33333333333
4182.5641025641
4205.64102564103
4200
4178.46153846154
4180.51282051282
4182.5641025641
4162.5641025641
4146.66666666667
4154.8717948718
4173.84615384615
4188.20512820513
4190.25641025641
4187.17948717949
4185.64102564103
4192.30769230769
4187.17948717949
4166.15384615385
4163.58974358974
4171.28205128205
4167.17948717949
4168.20512820513
4157.4358974359
4133.33333333333
4150.25641025641
4175.89743589744
4169.23076923077
4171.28205128205
4182.5641025641
4169.23076923077
4152.82051282051
4152.82051282051
4150.76923076923
4156.41025641026
4177.94871794872
4184.61538461538
4165.64102564103
4153.84615384615
4153.84615384615
4153.84615384615
4168.20512820513
4183.07692307692
4166.66666666667
4144.61538461538
4155.89743589744
4168.71794871795
4151.28205128205
4147.69230769231
4181.02564102564
4196.92307692308
4169.23076923077
4147.69230769231
4160
4170.76923076923
4164.10256410256
4169.74358974359
4184.10256410256
4165.64102564103
4137.94871794872
4141.53846153846
4160.51282051282
4167.17948717949
4161.02564102564
4149.74358974359
4138.46153846154
4131.28205128205
4142.05128205128
4160.51282051282
4155.38461538462
4151.79487179487
4164.61538461538
4155.89743589744
4149.23076923077
4163.58974358974
4148.20512820513
4121.02564102564
4154.8717948718
4194.8717948718
4164.61538461538
4132.82051282051
4154.35897435897
4183.58974358974
4174.8717948718
4153.33333333333
4155.38461538462
4166.15384615385
4157.94871794872
4145.64102564103
4166.66666666667
4194.35897435897
4200.51282051282
4208.71794871795
4217.94871794872
4222.05128205128
4236.41025641026
4251.79487179487
4243.07692307692
4231.79487179487
4235.38461538462
4230.76923076923
4214.8717948718
4203.07692307692
4192.82051282051
4170.76923076923
4151.79487179487
4159.48717948718
4179.48717948718
4176.41025641026
4150.76923076923
4135.38461538462
4142.5641025641
4153.84615384615
4153.33333333333
4150.76923076923
4151.28205128205
4155.38461538462
4168.20512820513
4167.17948717949
4141.53846153846
4127.69230769231
4129.23076923077
4120.51282051282
4118.97435897436
4139.48717948718
4148.20512820513
4127.17948717949
4116.92307692308
4140
4143.07692307692
4111.28205128205
4097.4358974359
4123.58974358974
4149.74358974359
4150.76923076923
4144.10256410256
4131.79487179487
4124.10256410256
4136.41025641026
4141.02564102564
4125.64102564103
4128.71794871795
4140
4132.82051282051
4125.64102564103
4120.51282051282
4124.61538461538
4141.02564102564
4136.92307692308
4124.61538461538
4133.84615384615
4128.71794871795
4108.20512820513
4123.58974358974
4144.10256410256
4130.76923076923
4117.94871794872
4127.17948717949
4126.66666666667
4121.53846153846
4138.46153846154
4148.71794871795
4144.10256410256
4140.51282051282
4126.66666666667
4121.53846153846
4138.97435897436
4138.97435897436
4118.46153846154
4115.38461538462
4127.17948717949
4124.10256410256
4107.17948717949
4102.05128205128
4120.51282051282
4140.51282051282
4143.07692307692
4132.30769230769
4120
4118.46153846154
4114.8717948718
4107.69230769231
4114.35897435897
4122.05128205128
4123.58974358974
4135.89743589744
4142.05128205128
4131.28205128205
4131.79487179487
4141.02564102564
4138.97435897436
4135.89743589744
4128.20512820513
4111.28205128205
4112.30769230769
4134.8717948718
4145.12820512821
4136.41025641026
4137.94871794872
4139.48717948718
4121.53846153846
4129.74358974359
4157.4358974359
4137.4358974359
4106.15384615385
4118.46153846154
4128.71794871795
4117.4358974359
4125.64102564103
4125.64102564103
4103.58974358974
4113.33333333333
4135.89743589744
4131.28205128205
4127.17948717949
4138.97435897436
4135.89743589744
4124.10256410256
4130.25641025641
4135.38461538462
4125.12820512821
4115.89743589744
4122.5641025641
4138.46153846154
4138.97435897436
4131.79487179487
4130.25641025641
4136.92307692308
4139.48717948718
4123.58974358974
4119.48717948718
4138.46153846154
4140
4135.89743589744
4153.84615384615
4159.48717948718
4138.46153846154
4132.30769230769
4140
4139.48717948718
4134.35897435897
4135.89743589744
4141.53846153846
4130.76923076923
4124.10256410256
4157.4358974359
4177.94871794872
4147.69230769231
4134.35897435897
4154.35897435897
4158.97435897436
4150.25641025641
4154.8717948718
4154.35897435897
4139.48717948718
4131.79487179487
4135.38461538462
4139.48717948718
4134.35897435897
4130.76923076923
4144.10256410256
4156.92307692308
4159.48717948718
4161.02564102564
4156.92307692308
4151.79487179487
4154.8717948718
4151.79487179487
4152.82051282051
4167.17948717949
4159.48717948718
4145.12820512821
4167.69230769231
4175.89743589744
4146.15384615385
4143.07692307692
4156.92307692308
4153.33333333333
4156.92307692308
4164.10256410256
4144.10256410256
4127.17948717949
4144.61538461538
4177.4358974359
4188.71794871795
4174.35897435897
4163.07692307692
4154.35897435897
4144.10256410256
4157.94871794872
4178.46153846154
4175.89743589744
4167.17948717949
4153.33333333333
4137.4358974359
4147.69230769231
4153.33333333333
4132.30769230769
4138.46153846154
4163.58974358974
4156.92307692308
4149.74358974359
4165.64102564103
4156.41025641026
4136.41025641026
4149.74358974359
4160
4143.07692307692
4151.28205128205
4175.89743589744
4161.02564102564
4129.74358974359
4133.33333333333
4141.53846153846
4117.4358974359
4120
4166.15384615385
4190.25641025641
4164.61538461538
4133.84615384615
4137.4358974359
4162.05128205128
4180.51282051282
4181.53846153846
4169.23076923077
4154.35897435897
4150.76923076923
4149.23076923077
4149.23076923077
4170.76923076923
4182.05128205128
4170.76923076923
4172.82051282051
4173.33333333333
4156.92307692308
4157.4358974359
4178.97435897436
4173.84615384615
4146.66666666667
4153.84615384615
4189.23076923077
4195.89743589744
4177.94871794872
4181.02564102564
4195.38461538462
4195.89743589744
4199.48717948718
4213.84615384615
4226.66666666667
4231.79487179487
4245.12820512821
4261.02564102564
4267.17948717949
4274.8717948718
4273.84615384615
4269.74358974359
4281.02564102564
4272.82051282051
4241.02564102564
4248.20512820513
4274.35897435897
4244.10256410256
4201.53846153846
4209.74358974359
4217.4358974359
4197.4358974359
4192.82051282051
4204.61538461538
4201.02564102564
4209.74358974359
4225.12820512821
4194.8717948718
4171.28205128205
4190.25641025641
4197.94871794872
4183.58974358974
4177.4358974359
4164.61538461538
4150.25641025641
4164.61538461538
4176.41025641026
4171.28205128205
4171.28205128205
4163.07692307692
4143.58974358974
4131.79487179487
4133.84615384615
4140.51282051282
4141.02564102564
4137.4358974359
4153.84615384615
4173.33333333333
4164.10256410256
4163.07692307692
4176.92307692308
4156.41025641026
4144.61538461538
4168.71794871795
4170.76923076923
4154.8717948718
4152.82051282051
4132.30769230769
4108.20512820513
4130.76923076923
4153.33333333333
4143.07692307692
4138.97435897436
4149.23076923077
4166.15384615385
4176.92307692308
4154.8717948718
4114.8717948718
4120
4142.5641025641
4130.25641025641
4129.74358974359
4163.07692307692
4174.8717948718
4149.23076923077
4121.02564102564
4110.76923076923
4133.33333333333
4160.51282051282
4141.53846153846
4112.82051282051
4124.61538461538
4138.46153846154
4138.97435897436
4158.46153846154
4172.30769230769
4157.4358974359
4140
4133.84615384615
4132.30769230769
4136.41025641026
4142.5641025641
4139.48717948718
4125.64102564103
4112.30769230769
4117.4358974359
4134.35897435897
4138.97435897436
4138.97435897436
4140
4126.15384615385
4109.23076923077
4109.23076923077
4114.8717948718
4112.82051282051
4124.61538461538
4136.92307692308
4124.10256410256
4117.4358974359
4126.15384615385
4124.61538461538
4121.53846153846
4124.61538461538
4122.05128205128
4125.64102564103
4140
4143.07692307692
4132.30769230769
4126.15384615385
4133.33333333333
4145.12820512821
4136.41025641026
4116.41025641026
4120
4122.5641025641
4112.30769230769
4119.48717948718
4135.89743589744
4121.53846153846
4117.4358974359
4154.35897435897
4164.10256410256
4140.51282051282
4124.61538461538
4118.46153846154
4134.8717948718
4136.41025641026
4103.58974358974
4125.64102564103
4200.51282051282
4210.76923076923
4163.07692307692
4142.5641025641
4137.4358974359
4136.92307692308
4148.20512820513
4159.48717948718
4149.74358974359
4137.4358974359
4175.89743589744
4206.66666666667
4167.17948717949
4129.74358974359
4135.38461538462
4139.48717948718
4137.94871794872
4155.38461538462
4156.41025641026
4133.84615384615
4140
4189.23076923077
4205.12820512821
4156.41025641026
4130.76923076923
4150.76923076923
4158.46153846154
4154.35897435897
4151.28205128205
4143.07692307692
4146.15384615385
4142.05128205128
4120.51282051282
4135.38461538462
4177.94871794872
4176.92307692308
4140.51282051282
4122.05128205128
4122.5641025641
4126.15384615385
4122.5641025641
4106.15384615385
4108.20512820513
4131.28205128205
4145.64102564103
4138.97435897436
4124.10256410256
4114.8717948718
4115.89743589744
4124.10256410256
4127.17948717949
4128.71794871795
4132.82051282051
4134.35897435897
4141.02564102564
4138.97435897436
4131.79487179487
4144.10256410256
4151.79487179487
4140
4138.46153846154
4137.4358974359
4123.58974358974
4130.76923076923
4137.4358974359
4123.07692307692
4130.76923076923
4144.10256410256
4140.51282051282
4154.35897435897
4157.4358974359
4135.89743589744
4142.05128205128
4156.41025641026
4141.53846153846
4129.23076923077
4135.38461538462
4154.8717948718
4174.35897435897
4164.61538461538
4145.12820512821
4151.79487179487
4158.97435897436
4151.28205128205
4156.92307692308
4168.71794871795
4163.07692307692
4150.25641025641
4152.82051282051
4154.35897435897
4140.51282051282
4140
4142.05128205128
4144.61538461538
4162.05128205128
4173.33333333333
4160
4137.4358974359
4141.02564102564
4165.64102564103
4171.28205128205
4146.15384615385
4126.15384615385
4125.64102564103
4140
4153.84615384615
4154.8717948718
4162.5641025641
4172.30769230769
4166.66666666667
4169.23076923077
4171.79487179487
4150.25641025641
4133.84615384615
4135.38461538462
4138.46153846154
4135.89743589744
4135.38461538462
4154.8717948718
4172.82051282051
4157.4358974359
4135.89743589744
4158.46153846154
4184.10256410256
4162.5641025641
4142.05128205128
4151.79487179487
4153.84615384615
4143.58974358974
4151.28205128205
4155.38461538462
4133.84615384615
4132.82051282051
4163.07692307692
4172.82051282051
4161.02564102564
4161.02564102564
4165.12820512821
4148.20512820513
4134.35897435897
4146.66666666667
4156.41025641026
4151.28205128205
4161.53846153846
4171.79487179487
4153.33333333333
4155.89743589744
4167.69230769231
4143.58974358974
4145.12820512821
4171.28205128205
4158.97435897436
4149.23076923077
4175.38461538462
4174.35897435897
4146.66666666667
4145.64102564103
4153.84615384615
4151.79487179487
4165.64102564103
4177.94871794872
4162.5641025641
4147.69230769231
4152.30769230769
4158.46153846154
4165.12820512821
4171.28205128205
4167.17948717949
4170.25641025641
4186.66666666667
4180.51282051282
4158.97435897436
4169.23076923077
4192.30769230769
4173.84615384615
4152.82051282051
4154.35897435897
4151.28205128205
4165.12820512821
4181.53846153846
4175.38461538462
4174.35897435897
4184.10256410256
4177.4358974359
4163.07692307692
4170.76923076923
4186.66666666667
4187.17948717949
4182.05128205128
4181.02564102564
4170.76923076923
4163.07692307692
4181.53846153846
4195.38461538462
4184.61538461538
4183.58974358974
4195.89743589744
4203.07692307692
4196.92307692308
4195.38461538462
4214.35897435897
4228.20512820513
4232.82051282051
4247.69230769231
4265.12820512821
4266.15384615385
4281.53846153846
4311.28205128205
4306.66666666667
4298.97435897436
4319.48717948718
4313.84615384615
4273.84615384615
4256.41025641026
4268.71794871795
4262.5641025641
4243.58974358974
4232.82051282051
4220
4208.71794871795
4212.82051282051
4204.10256410256
4178.97435897436
4184.10256410256
4198.46153846154
4189.23076923077
4178.97435897436
4181.53846153846
4192.82051282051
4194.8717948718
4179.48717948718
4166.15384615385
4167.69230769231
4168.71794871795
4165.64102564103
4167.69230769231
4175.38461538462
4188.20512820513
4189.23076923077
4165.12820512821
4148.71794871795
4165.12820512821
4185.12820512821
4190.25641025641
4181.53846153846
4155.89743589744
4143.07692307692
4169.74358974359
4189.23076923077
4184.10256410256
4174.8717948718
4159.48717948718
4154.8717948718
4166.66666666667
4177.94871794872
4184.10256410256
4179.48717948718
4161.53846153846
4150.76923076923
4166.66666666667
4188.20512820513
4188.71794871795
4170.76923076923
4164.10256410256
4168.71794871795
4169.74358974359
4167.69230769231
4169.74358974359
4177.94871794872
4184.10256410256
4173.84615384615
4143.07692307692
4133.84615384615
4172.30769230769
4199.48717948718
4172.82051282051
4142.5641025641
4138.97435897436
4141.02564102564
4146.66666666667
4153.33333333333
4166.15384615385
4168.71794871795
4150.25641025641
4147.17948717949
4153.84615384615
4137.94871794872
4140
4175.89743589744
4175.38461538462
4149.74358974359
4157.94871794872
4166.15384615385
4156.41025641026
4150.25641025641
4145.64102564103
4157.4358974359
4184.61538461538
4185.12820512821
4160.51282051282
4148.20512820513
4159.48717948718
4173.33333333333
4164.10256410256
4148.71794871795
4150.25641025641
4148.20512820513
4143.58974358974
4153.33333333333
4156.41025641026
4150.76923076923
4153.84615384615
4157.4358974359
4156.92307692308
4152.30769230769
4148.71794871795
4154.35897435897
4154.8717948718
4147.69230769231
4147.17948717949
4152.30769230769
4154.35897435897
4154.35897435897
4150.76923076923
4144.10256410256
4155.38461538462
4181.53846153846
4181.53846153846
4154.8717948718
4147.69230769231
4159.48717948718
4151.79487179487
4142.05128205128
4159.48717948718
4173.84615384615
4167.17948717949
4157.94871794872
4152.30769230769
4148.71794871795
4149.74358974359
4152.82051282051
4158.46153846154
4167.17948717949
4176.41025641026
4171.79487179487
4156.92307692308
4153.33333333333
4150.25641025641
4147.17948717949
4162.5641025641
4181.02564102564
4169.23076923077
4161.02564102564
4183.07692307692
4192.82051282051
4174.8717948718
4163.07692307692
4150.25641025641
4137.94871794872
4155.38461538462
4175.38461538462
4175.89743589744
4188.71794871795
4178.46153846154
4138.97435897436
4154.35897435897
4196.41025641026
4184.10256410256
4166.15384615385
4171.79487179487
4161.53846153846
4154.35897435897
4167.69230769231
4171.28205128205
4168.71794871795
4171.28205128205
4160.51282051282
4139.48717948718
4142.5641025641
4155.89743589744
4154.35897435897
4149.23076923077
4147.69230769231
4143.58974358974
4140
4148.71794871795
4165.12820512821
4174.35897435897
4157.94871794872
4147.69230769231
4176.41025641026
4194.8717948718
4176.41025641026
4157.94871794872
4152.30769230769
4150.25641025641
4165.64102564103
4180.51282051282
4166.66666666667
4147.69230769231
4153.33333333333
4175.89743589744
4181.53846153846
4176.41025641026
4169.23076923077
4151.28205128205
4147.17948717949
4165.12820512821
4175.89743589744
4161.53846153846
4134.35897435897
4137.4358974359
4165.12820512821
4164.61538461538
4145.12820512821
4153.33333333333
4156.92307692308
4149.74358974359
4158.97435897436
4147.69230769231
4136.92307692308
4150.25641025641
4147.17948717949
4143.07692307692
4161.02564102564
4177.94871794872
4171.28205128205
4145.12820512821
4127.69230769231
4151.28205128205
4183.58974358974
4179.48717948718
4158.97435897436
4138.46153846154
4128.20512820513
4138.46153846154
4161.02564102564
4177.4358974359
4167.17948717949
4147.17948717949
4156.41025641026
4176.41025641026
4162.5641025641
4146.66666666667
4160.51282051282
4164.10256410256
4149.23076923077
4152.30769230769
4168.20512820513
4171.28205128205
4155.89743589744
4135.89743589744
4144.61538461538
4173.84615384615
4176.92307692308
4166.15384615385
4174.8717948718
4171.79487179487
4157.4358974359
4163.07692307692
4170.76923076923
4153.33333333333
4131.28205128205
4141.53846153846
4163.07692307692
4171.28205128205
4176.41025641026
4163.58974358974
4138.46153846154
4151.28205128205
4180
4155.89743589744
4133.84615384615
4154.35897435897
4157.4358974359
4143.58974358974
4150.25641025641
4170.25641025641
4188.20512820513
4190.76923076923
4162.05128205128
4142.05128205128
4162.5641025641
4178.97435897436
4162.5641025641
4150.25641025641
4157.4358974359
4152.82051282051
4152.82051282051
4162.5641025641
4163.07692307692
4157.94871794872
4162.5641025641
4160
4138.97435897436
4140.51282051282
4166.15384615385
4174.8717948718
4154.8717948718
4121.02564102564
4108.20512820513
4146.66666666667
4201.53846153846
4189.23076923077
4135.38461538462
4127.69230769231
4162.5641025641
4178.97435897436
4167.69230769231
4166.15384615385
4173.84615384615
4168.20512820513
4167.69230769231
