F3
3963.58974358974
3954.35897435898
3938.97435897436
3947.69230769231
3964.61538461539
3959.48717948718
3942.5641025641
3936.92307692308
3946.66666666667
3955.89743589744
3949.74358974359
3938.97435897436
3943.58974358974
3955.38461538462
3961.53846153846
3955.38461538462
3945.12820512821
3949.74358974359
3961.02564102564
3958.46153846154
3949.23076923077
3952.30769230769
3959.48717948718
3950.25641025641
3940
3949.23076923077
3963.58974358974
3957.94871794872
3944.10256410256
3939.48717948718
3941.53846153846
3944.10256410256
3944.10256410256
3947.17948717949
3951.28205128205
3951.79487179487
3954.8717948718
3962.05128205128
3955.89743589744
3942.05128205128
3948.20512820513
3960
3958.46153846154
3953.33333333333
3954.35897435898
3958.46153846154
3957.94871794872
3946.66666666667
3943.07692307692
3955.89743589744
3958.97435897436
3953.33333333333
3956.92307692308
3960.51282051282
3957.94871794872
3953.84615384615
3945.64102564103
3941.53846153846
3948.20512820513
3958.46153846154
3961.02564102564
3957.4358974359
3961.53846153846
3972.82051282051
3977.94871794872
3970.76923076923
3958.46153846154
3955.38461538462
3960.51282051282
3961.53846153846
3957.4358974359
3956.92307692308
3958.46153846154
3963.07692307692
3964.61538461539
3960.51282051282
3955.89743589744
3945.64102564103
3937.94871794872
3942.5641025641
3948.20512820513
3944.10256410256
3942.5641025641
3949.23076923077
3960.51282051282
3959.48717948718
3943.07692307692
3941.53846153846
3956.41025641026
3959.48717948718
3957.4358974359
3963.58974358974
3959.48717948718
3953.33333333333
3963.07692307692
3965.64102564103
3956.92307692308
3961.02564102564
3971.79487179487
3967.17948717949
3957.94871794872
3961.53846153846
3957.4358974359
3942.5641025641
3946.66666666667
3965.12820512821
3966.15384615385
3954.35897435898
3944.61538461539
3943.07692307692
3950.25641025641
3953.84615384615
3953.84615384615
3959.48717948718
3964.61538461539
3966.66666666667
3973.33333333333
3982.5641025641
3983.07692307692
3973.84615384615
3967.17948717949
3969.23076923077
3975.38461538462
3981.02564102564
3977.94871794872
3971.28205128205
3975.38461538462
3973.84615384615
3958.46153846154
3962.5641025641
3976.41025641026
3964.61538461539
3952.82051282051
3960.51282051282
3962.05128205128
3963.07692307692
3970.25641025641
3966.66666666667
3960
3960
3961.53846153846
3971.28205128205
3976.92307692308
3965.12820512821
3957.4358974359
3960
3962.05128205128
3965.12820512821
3968.20512820513
3969.74358974359
3969.74358974359
3961.02564102564
3953.84615384615
3965.64102564103
3973.33333333333
3967.69230769231
3970.76923076923
3977.4358974359
3976.41025641026
3973.84615384615
3976.92307692308
3977.94871794872
3968.20512820513
3958.46153846154
3957.4358974359
3960
3964.61538461539
3972.82051282051
3974.35897435898
3971.28205128205
3970.25641025641
3967.17948717949
3971.79487179487
3977.94871794872
3967.17948717949
3955.89743589744
3955.89743589744
3951.28205128205
3941.02564102564
3936.92307692308
3938.97435897436
3943.07692307692
3943.07692307692
3945.64102564103
3955.38461538462
3953.84615384615
3947.69230769231
3954.8717948718
3960.51282051282
3955.89743589744
3955.38461538462
3955.38461538462
3954.8717948718
3958.46153846154
3956.41025641026
3953.84615384615
3957.94871794872
3962.5641025641
3961.02564102564
3955.89743589744
3960
3968.71794871795
3960.51282051282
3954.35897435898
3970.25641025641
3980
3970.76923076923
3968.71794871795
3975.38461538462
3974.35897435898
3972.30769230769
3974.35897435898
3975.89743589744
3974.35897435898
3974.8717948718
3975.89743589744
3971.28205128205
3969.74358974359
3972.82051282051
3967.17948717949
3956.92307692308
3953.33333333333
3954.35897435898
3955.38461538462
3952.82051282051
3948.20512820513
3951.28205128205
3960.51282051282
3967.17948717949
3966.15384615385
3960.51282051282
3960
3959.48717948718
3953.33333333333
3950.25641025641
3954.35897435898
3958.97435897436
3963.58974358974
3958.46153846154
3944.61538461539
3946.15384615385
3954.8717948718
3955.38461538462
3951.79487179487
3945.64102564103
3945.12820512821
3954.8717948718
3961.53846153846
3958.97435897436
3955.38461538462
3947.17948717949
3939.48717948718
3943.58974358974
3949.23076923077
3949.23076923077
3936.41025641026
3926.66666666667
3936.41025641026
3945.64102564103
3941.53846153846
3940.51282051282
3941.02564102564
3936.41025641026
3937.94871794872
3945.12820512821
3945.12820512821
3944.61538461539
3944.61538461539
3945.12820512821
3945.64102564103
3941.53846153846
3938.46153846154
3943.58974358974
3945.12820512821
3942.5641025641
3942.05128205128
3942.5641025641
3945.64102564103
3949.23076923077
3948.71794871795
3943.07692307692
3943.58974358974
3953.33333333333
3961.02564102564
3957.4358974359
3954.35897435898
3962.05128205128
3973.33333333333
3973.33333333333
3964.61538461539
3964.10256410256
3967.17948717949
3967.69230769231
3968.71794871795
3965.64102564103
3956.92307692308
3955.38461538462
3960.51282051282
3964.10256410256
3971.79487179487
3974.8717948718
3975.38461538462
3972.82051282051
3961.53846153846
3950.76923076923
3955.38461538462
3966.66666666667
3966.15384615385
3962.05128205128
3966.66666666667
3974.35897435898
3978.97435897436
3975.89743589744
3964.61538461539
3955.38461538462
3955.38461538462
3962.05128205128
3966.66666666667
3962.5641025641
3958.46153846154
3958.46153846154
3957.4358974359
3957.4358974359
3966.66666666667
3972.82051282051
3970.25641025641
3971.28205128205
3975.38461538462
3969.74358974359
3955.89743589744
3956.41025641026
3966.66666666667
3962.5641025641
3953.33333333333
3955.89743589744
3963.07692307692
3967.69230769231
3972.82051282051
3972.82051282051
3968.71794871795
3972.30769230769
3975.89743589744
3973.33333333333
3970.76923076923
3973.84615384615
3976.92307692308
3974.35897435898
3974.35897435898
3971.28205128205
3960
3961.02564102564
3975.89743589744
3976.92307692308
3969.74358974359
3973.84615384615
3971.79487179487
3959.48717948718
3956.92307692308
3961.02564102564
3959.48717948718
3955.38461538462
3961.53846153846
3968.71794871795
3964.61538461539
3955.38461538462
3957.4358974359
3967.69230769231
3970.76923076923
3965.64102564103
3965.64102564103
3973.33333333333
3973.84615384615
3966.15384615385
3965.12820512821
3969.74358974359
3968.20512820513
3966.15384615385
3974.8717948718
3974.8717948718
3962.05128205128
3963.07692307692
3974.8717948718
3974.8717948718
3967.69230769231
3968.71794871795
3980.51282051282
3996.92307692308
4005.64102564103
4006.15384615385
4016.41025641026
4024.10256410256
4014.35897435898
4006.15384615385
4006.66666666667
4006.66666666667
4012.82051282051
4021.02564102564
4016.41025641026
4003.58974358974
3991.79487179487
3980.51282051282
3980.51282051282
3987.69230769231
3990.25641025641
3988.20512820513
3980.51282051282
3971.28205128205
3968.20512820513
3973.33333333333
3979.48717948718
3973.33333333333
3965.12820512821
3979.48717948718
3994.8717948718
3983.58974358974
3969.74358974359
3972.30769230769
3972.30769230769
3962.05128205128
3963.07692307692
3968.20512820513
3961.02564102564
3962.5641025641
3972.30769230769
3966.66666666667
3956.41025641026
3960.51282051282
3961.53846153846
3960
3960
3957.4358974359
3965.64102564103
3972.30769230769
3964.61538461539
3960.51282051282
3963.58974358974
3968.20512820513
3971.79487179487
3966.15384615385
3950.76923076923
3950.25641025641
3967.69230769231
3975.89743589744
3971.79487179487
3969.74358974359
3971.28205128205
3972.82051282051
3978.46153846154
3980
3972.30769230769
3971.79487179487
3975.89743589744
3973.33333333333
3972.30769230769
3974.35897435898
3966.15384615385
3957.94871794872
3961.02564102564
3967.69230769231
3969.74358974359
3970.76923076923
3966.15384615385
3950.76923076923
3946.66666666667
3954.8717948718
3956.41025641026
3954.8717948718
3957.94871794872
3961.02564102564
3959.48717948718
3950.76923076923
3942.05128205128
3948.20512820513
3958.46153846154
3957.4358974359
3956.92307692308
3958.46153846154
3957.94871794872
3961.02564102564
3957.94871794872
3950.25641025641
3954.35897435898
3959.48717948718
3958.46153846154
3960
3955.38461538462
3948.20512820513
3955.38461538462
3961.53846153846
3956.92307692308
3959.48717948718
3966.66666666667
3959.48717948718
3950.25641025641
3953.84615384615
3958.46153846154
3957.4358974359
3957.94871794872
3960
3960.51282051282
3959.48717948718
3957.94871794872
3956.92307692308
3951.28205128205
3943.58974358974
3941.02564102564
3943.58974358974
3950.25641025641
3955.38461538462
3955.89743589744
3956.41025641026
3956.92307692308
3947.17948717949
3938.97435897436
3946.66666666667
3957.94871794872
3962.05128205128
3958.97435897436
3956.92307692308
3963.07692307692
3968.20512820513
3963.58974358974
3956.92307692308
3957.4358974359
3957.4358974359
3954.8717948718
3955.89743589744
3959.48717948718
3958.97435897436
3959.48717948718
3957.94871794872
3948.71794871795
3945.12820512821
3956.41025641026
3963.07692307692
3952.82051282051
3947.69230769231
3955.38461538462
3963.07692307692
3971.28205128205
3983.58974358974
3993.84615384615
3993.84615384615
3983.07692307692
3975.38461538462
3983.58974358974
3992.30769230769
3988.71794871795
3988.20512820513
3993.33333333333
3989.23076923077
3978.97435897436
3974.8717948718
3975.89743589744
3973.84615384615
3975.38461538462
3981.02564102564
3977.4358974359
3971.28205128205
3978.46153846154
3982.5641025641
3974.35897435898
3970.76923076923
3976.92307692308
3977.94871794872
3971.79487179487
3975.89743589744
3987.17948717949
3995.38461538462
3997.94871794872
3997.94871794872
4000.51282051282
4005.64102564103
4003.58974358974
3993.33333333333
3989.74358974359
3990.76923076923
3991.79487179487
4000
4010.25641025641
4012.82051282051
4013.33333333333
4013.84615384615
4008.71794871795
4012.82051282051
4021.02564102564
4012.82051282051
4002.05128205128
4003.58974358974
4007.17948717949
4006.15384615385
4004.10256410256
4002.5641025641
4001.02564102564
3997.4358974359
3997.4358974359
4004.61538461539
4006.15384615385
3996.92307692308
3987.17948717949
3988.20512820513
3995.38461538462
3997.94871794872
3992.82051282051
3989.23076923077
3994.8717948718
3997.4358974359
3983.58974358974
3973.33333333333
3981.02564102564
3988.20512820513
3985.12820512821
3986.66666666667
3990.25641025641
3988.20512820513
3986.15384615385
3987.69230769231
3989.74358974359
3988.20512820513
3984.10256410256
3985.12820512821
3990.25641025641
3993.33333333333
3996.92307692308
3998.46153846154
3992.82051282051
3986.15384615385
3986.15384615385
3992.30769230769
3990.25641025641
3976.92307692308
3977.94871794872
3991.28205128205
3983.58974358974
3969.74358974359
3975.89743589744
3983.58974358974
3985.12820512821
3986.15384615385
3986.66666666667
3994.35897435898
3997.94871794872
3989.23076923077
3989.74358974359
4003.58974358974
4010.25641025641
4014.8717948718
4020.51282051282
4016.92307692308
4012.82051282051
4014.8717948718
4009.74358974359
3996.92307692308
3993.84615384615
4000.51282051282
4000
3989.74358974359
3981.53846153846
3988.71794871795
3998.97435897436
3995.38461538462
3986.15384615385
3983.07692307692
3985.64102564103
3990.25641025641
3988.20512820513
3976.92307692308
3975.38461538462
3984.10256410256
3988.71794871795
3986.15384615385
3978.97435897436
3974.35897435898
3975.38461538462
3976.92307692308
3978.97435897436
3975.89743589744
3963.07692307692
3963.07692307692
3969.23076923077
3960
3958.46153846154
3972.30769230769
3969.23076923077
3951.28205128205
3947.69230769231
3960
3966.66666666667
3959.48717948718
3958.97435897436
3968.20512820513
3963.07692307692
3952.82051282051
3955.38461538462
3957.94871794872
3950.76923076923
3940.51282051282
3941.02564102564
3947.69230769231
3946.15384615385
3945.64102564103
3954.8717948718
3962.5641025641
3961.53846153846
3953.84615384615
3952.30769230769
3953.33333333333
3947.69230769231
3946.66666666667
3954.8717948718
3964.61538461539
3973.84615384615
3971.79487179487
3958.97435897436
3955.38461538462
3958.46153846154
3956.92307692308
3958.46153846154
3956.92307692308
3952.82051282051
3954.8717948718
3955.89743589744
3958.97435897436
3969.23076923077
3976.92307692308
3972.82051282051
3963.07692307692
3956.92307692308
3954.35897435898
3956.41025641026
3955.89743589744
3950.76923076923
3945.64102564103
3938.97435897436
3936.92307692308
3947.69230769231
3952.30769230769
3945.64102564103
3946.66666666667
3961.53846153846
3973.84615384615
3967.69230769231
3955.38461538462
3953.33333333333
3950.76923076923
3942.5641025641
3942.5641025641
3944.61538461539
3942.05128205128
3952.30769230769
3962.05128205128
3960
3958.46153846154
3958.46153846154
3950.25641025641
3949.74358974359
3964.10256410256
3964.61538461539
3955.38461538462
3956.41025641026
3952.30769230769
3945.64102564103
3946.15384615385
3941.53846153846
3941.53846153846
3956.92307692308
3962.05128205128
3954.8717948718
3958.46153846154
3960
3951.79487179487
3950.25641025641
3954.8717948718
3955.38461538462
3953.84615384615
3957.4358974359
3949.23076923077
3928.71794871795
3937.94871794872
3961.02564102564
3950.76923076923
3931.79487179487
3946.15384615385
3958.97435897436
3947.69230769231
3946.66666666667
3959.48717948718
3966.66666666667
3965.12820512821
3956.92307692308
3946.15384615385
3944.10256410256
3947.69230769231
3952.82051282051
3959.48717948718
3960.51282051282
3958.97435897436
3955.89743589744
3957.4358974359
3971.79487179487
3975.89743589744
3960.51282051282
3961.02564102564
3975.89743589744
3969.74358974359
3963.58974358974
3972.30769230769
3965.12820512821
3953.33333333333
3953.33333333333
3952.82051282051
3953.84615384615
3960.51282051282
3961.02564102564
3957.4358974359
3960.51282051282
3956.41025641026
3945.12820512821
3940.51282051282
3943.58974358974
3945.64102564103
3943.58974358974
3943.07692307692
3942.5641025641
3943.07692307692
3950.25641025641
3951.79487179487
3944.61538461539
3945.12820512821
3947.17948717949
3940.51282051282
3944.10256410256
3953.84615384615
3952.82051282051
3952.82051282051
3957.94871794872
3961.02564102564
3961.02564102564
3958.46153846154
3956.92307692308
3961.02564102564
3956.92307692308
3946.66666666667
3952.30769230769
3968.71794871795
3971.28205128205
3960.51282051282
3958.97435897436
3963.07692307692
3961.53846153846
3962.5641025641
3967.17948717949
3970.25641025641
3973.33333333333
3969.23076923077
3965.12820512821
3972.82051282051
3973.84615384615
3961.02564102564
3955.89743589744
3959.48717948718
3956.41025641026
3952.82051282051
3960
3967.69230769231
3964.10256410256
3955.38461538462
3958.97435897436
3971.28205128205
3968.20512820513
3959.48717948718
3952.82051282051
3944.61538461539
3945.64102564103
3955.38461538462
3956.41025641026
3951.28205128205
3957.94871794872
3967.17948717949
3966.66666666667
3954.8717948718
3940.51282051282
3940
3951.28205128205
3957.4358974359
3947.17948717949
3938.46153846154
3948.20512820513
3965.64102564103
3968.71794871795
3950.76923076923
3940
3954.35897435898
3966.15384615385
3956.92307692308
3952.30769230769
3965.12820512821
3975.38461538462
3969.23076923077
3957.94871794872
3955.89743589744
3957.94871794872
3959.48717948718
3957.4358974359
3946.15384615385
3942.5641025641
3952.82051282051
3956.41025641026
3953.33333333333
3955.38461538462
3960
3963.58974358974
3971.28205128205
3972.82051282051
3962.5641025641
3966.15384615385
3975.38461538462
3965.64102564103
3960.51282051282
3973.84615384615
3979.48717948718
3973.84615384615
3973.84615384615
3972.30769230769
3971.28205128205
3971.28205128205
3961.02564102564
3956.41025641026
3967.17948717949
3977.4358974359
3972.82051282051
3960
3960.51282051282
3971.79487179487
3976.92307692308
3974.8717948718
3971.79487179487
3967.69230769231
3969.74358974359
3972.82051282051
3969.74358974359
3971.79487179487
3973.33333333333
3969.23076923077
3971.79487179487
3975.89743589744
3974.35897435898
3974.35897435898
3974.35897435898
3974.35897435898
3984.10256410256
3992.30769230769
3982.05128205128
3970.76923076923
3976.41025641026
3980.51282051282
3973.33333333333
3968.71794871795
3975.38461538462
3982.5641025641
3981.53846153846
3977.4358974359
3976.41025641026
3977.94871794872
3972.82051282051
3964.61538461539
3965.12820512821
3974.8717948718
3980.51282051282
3975.89743589744
3975.38461538462
3974.35897435898
3965.64102564103
3964.61538461539
3973.33333333333
3977.4358974359
3973.33333333333
3974.35897435898
3975.89743589744
3973.84615384615
3975.89743589744
3985.12820512821
3997.4358974359
4006.15384615385
4016.92307692308
4025.12820512821
4016.92307692308
4011.28205128205
4020.51282051282
4023.58974358974
4011.28205128205
4003.07692307692
4007.69230769231
4003.07692307692
3982.05128205128
3968.71794871795
3969.74358974359
3976.41025641026
3984.10256410256
3979.48717948718
3970.25641025641
3981.02564102564
3992.30769230769
3980.51282051282
3969.23076923077
3972.82051282051
3975.89743589744
3970.76923076923
3969.74358974359
3974.35897435898
3968.71794871795
3957.94871794872
3958.97435897436
3968.71794871795
3976.41025641026
3976.92307692308
3964.61538461539
3955.38461538462
3960.51282051282
3962.05128205128
3963.07692307692
3972.82051282051
3974.8717948718
3970.25641025641
3972.30769230769
3973.33333333333
3972.82051282051
3967.69230769231
3956.41025641026
3960.51282051282
3973.33333333333
3970.76923076923
3969.74358974359
3973.84615384615
3964.10256410256
3956.41025641026
3967.69230769231
3976.92307692308
3969.74358974359
3954.8717948718
3955.38461538462
3970.25641025641
3968.20512820513
3954.8717948718
3954.35897435898
3955.38461538462
3956.41025641026
3962.05128205128
3960
3953.33333333333
3958.97435897436
3960.51282051282
3957.4358974359
3955.38461538462
3948.20512820513
3947.69230769231
3957.94871794872
3960
3957.4358974359
3962.05128205128
3961.53846153846
3954.35897435898
3957.4358974359
3960.51282051282
3957.4358974359
3963.58974358974
3971.79487179487
3965.64102564103
3956.41025641026
3959.48717948718
3966.15384615385
3971.79487179487
3973.84615384615
3961.53846153846
3955.38461538462
3965.12820512821
3966.66666666667
3964.61538461539
3971.79487179487
3977.4358974359
3975.38461538462
3973.84615384615
3973.33333333333
3970.76923076923
3962.05128205128
3956.41025641026
3963.58974358974
3965.64102564103
3955.38461538462
3952.82051282051
3964.10256410256
3971.79487179487
3969.23076923077
3970.25641025641
3973.33333333333
3967.17948717949
3964.61538461539
3975.38461538462
3974.8717948718
3962.5641025641
3957.94871794872
3960.51282051282
3967.17948717949
3971.28205128205
3963.58974358974
3954.35897435898
3954.35897435898
3958.46153846154
3955.38461538462
3958.46153846154
3970.76923076923
3968.71794871795
3956.41025641026
3961.53846153846
3976.41025641026
3971.28205128205
3957.4358974359
3955.89743589744
3958.46153846154
3961.53846153846
3956.92307692308
3943.58974358974
3943.58974358974
3956.41025641026
3957.4358974359
3951.79487179487
3957.94871794872
3968.20512820513
3969.23076923077
3966.15384615385
3970.25641025641
3978.46153846154
3972.82051282051
3966.66666666667
3972.82051282051
3974.8717948718
3973.33333333333
3974.8717948718
3972.30769230769
3977.4358974359
3990.25641025641
3984.10256410256
3970.25641025641
3970.25641025641
3970.76923076923
3969.23076923077
3975.38461538462
3977.94871794872
3971.28205128205
3967.69230769231
3970.76923076923
3975.38461538462
3975.89743589744
3975.38461538462
3974.35897435898
3965.64102564103
3962.5641025641
3975.38461538462
3984.10256410256
3975.38461538462
3974.35897435898
3982.05128205128
3978.46153846154
3972.82051282051
3976.41025641026
3982.05128205128
3990.25641025641
3997.94871794872
3993.84615384615
3986.15384615385
3990.25641025641
3996.92307692308
3997.94871794872
3997.94871794872
3991.79487179487
3976.92307692308
3976.41025641026
3987.17948717949
3989.23076923077
3988.20512820513
3991.28205128205
3991.28205128205
3987.69230769231
3991.79487179487
3997.94871794872
3997.4358974359
3986.15384615385
3975.38461538462
3973.33333333333
3973.33333333333
3974.35897435898
3974.8717948718
3972.30769230769
3969.23076923077
3969.23076923077
3971.28205128205
3973.33333333333
3972.82051282051
3970.76923076923
3971.79487179487
3973.84615384615
3977.94871794872
3981.53846153846
3981.02564102564
3985.12820512821
3991.28205128205
3981.53846153846
3974.35897435898
3983.07692307692
3984.61538461539
3977.94871794872
3977.4358974359
3976.92307692308
3974.35897435898
3973.33333333333
3973.84615384615
3972.30769230769
3970.76923076923
3980.51282051282
3989.74358974359
3979.48717948718
3970.25641025641
3976.41025641026
3977.4358974359
3968.71794871795
3965.64102564103
3967.69230769231
3970.76923076923
3975.38461538462
3974.8717948718
3973.33333333333
3984.10256410256
3990.76923076923
3978.46153846154
3970.25641025641
3977.94871794872
3978.97435897436
3972.30769230769
3974.35897435898
3977.94871794872
3973.33333333333
3969.74358974359
3978.97435897436
3990.76923076923
3988.71794871795
3979.48717948718
3972.82051282051
3972.30769230769
3974.35897435898
3974.8717948718
3974.8717948718
3976.41025641026
3973.33333333333
3968.71794871795
3973.33333333333
3984.10256410256
3989.23076923077
3988.20512820513
3984.10256410256
3982.05128205128
3974.35897435898
3959.48717948718
3961.53846153846
3972.30769230769
3965.12820512821
3953.33333333333
3958.97435897436
3969.23076923077
3972.30769230769
3974.35897435898
3972.82051282051
3965.12820512821
3957.4358974359
3956.41025641026
3961.02564102564
3961.53846153846
3951.79487179487
3940
3946.15384615385
3960
3960
3957.4358974359
3958.46153846154
3956.92307692308
3955.38461538462
3959.48717948718
3967.69230769231
3969.74358974359
3968.20512820513
3971.79487179487
3967.69230769231
3952.82051282051
