F7
4061.02564102564
4066.66666666667
4071.79487179487
4072.30769230769
4068.20512820513
4065.12820512821
4058.46153846154
4049.74358974359
4049.74358974359
4060
4063.58974358974
4053.33333333333
4048.20512820513
4055.89743589744
4056.41025641026
4047.69230769231
4050.76923076923
4061.02564102564
4060.51282051282
4058.46153846154
4061.02564102564
4056.92307692308
4046.66666666667
4047.17948717949
4050.25641025641
4044.61538461539
4045.12820512821
4053.33333333333
4053.84615384615
4051.28205128205
4050.25641025641
4052.82051282051
4063.07692307692
4065.64102564103
4056.41025641026
4055.89743589744
4064.61538461539
4059.48717948718
4048.71794871795
4053.84615384615
4064.61538461539
4060.51282051282
4054.8717948718
4060
4060.51282051282
4055.38461538462
4052.30769230769
4046.15384615385
4047.69230769231
4059.48717948718
4060
4048.71794871795
4047.69230769231
4049.74358974359
4040
4036.92307692308
4040.51282051282
4035.38461538462
4033.84615384615
4042.05128205128
4046.15384615385
4049.23076923077
4052.82051282051
4051.79487179487
4050.25641025641
4042.05128205128
4033.33333333333
4042.5641025641
4052.82051282051
4043.58974358974
4038.46153846154
4043.07692307692
4036.92307692308
4033.33333333333
4041.53846153846
4041.53846153846
4029.74358974359
4022.05128205128
4021.02564102564
4018.97435897436
4012.82051282051
4015.89743589744
4029.23076923077
4030.76923076923
4021.53846153846
4017.94871794872
4018.97435897436
4019.48717948718
4020.51282051282
4026.15384615385
4029.23076923077
4020.51282051282
4015.89743589744
4027.17948717949
4033.33333333333
4025.64102564103
4018.97435897436
4013.33333333333
4013.33333333333
4022.5641025641
4028.20512820513
4025.64102564103
4020.51282051282
4012.82051282051
4013.33333333333
4025.12820512821
4026.66666666667
4013.33333333333
4009.74358974359
4016.41025641026
4010.25641025641
4004.10256410256
4014.8717948718
4022.05128205128
4013.84615384615
4017.4358974359
4041.02564102564
4042.5641025641
4017.94871794872
4011.79487179487
4031.79487179487
4039.48717948718
4032.82051282051
4033.84615384615
4030.25641025641
4018.97435897436
4016.92307692308
4024.10256410256
4032.82051282051
4032.82051282051
4024.61538461539
4019.48717948718
4019.48717948718
4017.4358974359
4018.46153846154
4023.58974358974
4023.58974358974
4020
4024.10256410256
4030.76923076923
4022.05128205128
4014.35897435898
4016.41025641026
4009.74358974359
4007.69230769231
4022.05128205128
4022.05128205128
4010.76923076923
4016.41025641026
4026.66666666667
4028.71794871795
4030.25641025641
4024.10256410256
4018.97435897436
4024.10256410256
4024.61538461539
4021.02564102564
4024.10256410256
4031.79487179487
4035.89743589744
4030.25641025641
4018.97435897436
4019.48717948718
4022.5641025641
4018.97435897436
4023.58974358974
4026.66666666667
4013.33333333333
4012.82051282051
4028.20512820513
4027.69230769231
4020
4021.53846153846
4014.35897435898
4005.12820512821
4011.79487179487
4014.35897435898
4005.64102564103
3997.94871794872
3992.82051282051
3998.97435897436
4013.84615384615
4016.92307692308
4008.20512820513
4002.5641025641
4007.17948717949
4016.41025641026
4016.41025641026
4010.76923076923
4015.38461538462
4025.12820512821
4029.74358974359
4027.17948717949
4020.51282051282
4019.48717948718
4021.02564102564
4015.89743589744
4020.51282051282
4030.25641025641
4023.58974358974
4020
4035.89743589744
4038.97435897436
4030.76923076923
4036.92307692308
4040
4036.41025641026
4045.12820512821
4054.8717948718
4048.20512820513
4036.41025641026
4037.4358974359
4053.84615384615
4067.69230769231
4064.61538461539
4047.69230769231
4035.89743589744
4044.10256410256
4055.38461538462
4053.33333333333
4047.17948717949
4042.05128205128
4037.94871794872
4042.05128205128
4046.15384615385
4042.05128205128
4045.64102564103
4050.25641025641
4045.64102564103
4040.51282051282
4049.23076923077
4053.84615384615
4044.10256410256
4045.64102564103
4049.74358974359
4041.53846153846
4044.10256410256
4057.4358974359
4054.35897435898
4041.53846153846
4034.8717948718
4034.8717948718
4040.51282051282
4044.61538461539
4042.5641025641
4044.10256410256
4050.76923076923
4055.38461538462
4052.30769230769
4045.64102564103
4037.94871794872
4035.89743589744
4042.5641025641
4046.66666666667
4042.5641025641
4041.02564102564
4045.64102564103
4043.58974358974
4031.28205128205
4028.20512820513
4039.48717948718
4039.48717948718
4029.23076923077
4033.84615384615
4041.02564102564
4037.4358974359
4039.48717948718
4047.69230769231
4053.84615384615
4052.82051282051
4039.48717948718
4024.61538461539
4032.30769230769
4043.58974358974
4041.53846153846
4032.82051282051
4029.74358974359
4037.4358974359
4045.64102564103
4044.61538461539
4036.92307692308
4029.74358974359
4029.23076923077
4042.5641025641
4053.84615384615
4050.76923076923
4049.74358974359
4053.84615384615
4056.92307692308
4057.4358974359
4061.53846153846
4068.20512820513
4066.15384615385
4058.46153846154
4054.8717948718
4057.94871794872
4062.5641025641
4060.51282051282
4061.02564102564
4073.33333333333
4081.02564102564
4076.92307692308
4072.30769230769
4060.51282051282
4051.79487179487
4058.97435897436
4053.84615384615
4044.61538461539
4063.58974358974
4077.94871794872
4065.64102564103
4057.94871794872
4062.5641025641
4062.05128205128
4053.33333333333
4046.66666666667
4049.23076923077
4052.82051282051
4052.82051282051
4052.30769230769
4043.58974358974
4034.35897435898
4039.48717948718
4049.74358974359
4049.74358974359
4051.79487179487
4058.97435897436
4057.94871794872
4049.23076923077
4048.20512820513
4054.35897435898
4056.41025641026
4052.82051282051
4044.10256410256
4043.07692307692
4052.30769230769
4052.82051282051
4049.74358974359
4057.4358974359
4063.58974358974
4058.97435897436
4055.38461538462
4051.28205128205
4047.69230769231
4051.28205128205
4056.41025641026
4053.84615384615
4047.69230769231
4050.25641025641
4048.71794871795
4037.4358974359
4039.48717948718
4051.79487179487
4048.71794871795
4043.07692307692
4049.23076923077
4055.89743589744
4057.94871794872
4055.38461538462
4050.25641025641
4049.23076923077
4047.17948717949
4045.12820512821
4050.76923076923
4046.15384615385
4041.53846153846
4060
4072.82051282051
4064.10256410256
4052.82051282051
4056.41025641026
4068.71794871795
4063.07692307692
4043.58974358974
4046.66666666667
4061.02564102564
4051.79487179487
4040.51282051282
4055.38461538462
4066.15384615385
4061.53846153846
4060.51282051282
4062.05128205128
4057.94871794872
4058.97435897436
4070.76923076923
4076.92307692308
4078.97435897436
4088.20512820513
4097.94871794872
4092.30769230769
4082.05128205128
4086.15384615385
4087.69230769231
4081.53846153846
4086.15384615385
4094.8717948718
4088.20512820513
4073.84615384615
4060
4048.20512820513
4049.74358974359
4057.94871794872
4052.30769230769
4037.4358974359
4036.92307692308
4042.5641025641
4044.10256410256
4049.23076923077
4051.28205128205
4039.48717948718
4029.23076923077
4043.07692307692
4060
4057.4358974359
4050.76923076923
4051.28205128205
4045.12820512821
4037.94871794872
4038.46153846154
4035.38461538462
4037.4358974359
4042.5641025641
4037.94871794872
4037.94871794872
4049.23076923077
4048.71794871795
4041.02564102564
4043.07692307692
4042.5641025641
4038.46153846154
4038.97435897436
4034.8717948718
4033.84615384615
4049.23076923077
4061.02564102564
4050.76923076923
4038.46153846154
4040.51282051282
4043.07692307692
4044.10256410256
4044.61538461539
4037.94871794872
4035.38461538462
4045.12820512821
4054.35897435898
4052.30769230769
4046.15384615385
4044.10256410256
4054.35897435898
4062.05128205128
4053.33333333333
4049.74358974359
4044.61538461539
4026.66666666667
4026.66666666667
4049.23076923077
4060
4055.89743589744
4053.33333333333
4049.74358974359
4047.69230769231
4048.20512820513
4045.12820512821
4034.8717948718
4034.35897435898
4044.10256410256
4042.05128205128
4031.28205128205
4032.30769230769
4036.41025641026
4034.8717948718
4036.41025641026
4036.41025641026
4037.94871794872
4044.61538461539
4043.07692307692
4034.8717948718
4034.8717948718
4037.4358974359
4032.82051282051
4032.30769230769
4034.8717948718
4034.35897435898
4035.89743589744
4034.8717948718
4029.74358974359
4032.82051282051
4042.05128205128
4040.51282051282
4029.23076923077
4026.15384615385
4039.48717948718
4043.58974358974
4030.25641025641
4026.66666666667
4035.89743589744
4037.94871794872
4035.89743589744
4036.41025641026
4035.89743589744
4033.33333333333
4030.25641025641
4022.5641025641
4008.71794871795
4007.17948717949
4020.51282051282
4030.25641025641
4030.25641025641
4029.74358974359
4025.12820512821
4014.35897435898
4017.4358974359
4032.82051282051
4038.46153846154
4039.48717948718
4044.61538461539
4037.4358974359
4020.51282051282
4028.71794871795
4042.05128205128
4027.69230769231
4015.89743589744
4022.05128205128
4025.12820512821
4027.69230769231
4037.4358974359
4040
4032.82051282051
4035.89743589744
4042.05128205128
4038.46153846154
4038.97435897436
4046.15384615385
4044.61538461539
4042.05128205128
4048.71794871795
4055.89743589744
4070.25641025641
4089.74358974359
4097.94871794872
4096.41025641026
4088.71794871795
4074.35897435898
4069.23076923077
4077.94871794872
4085.12820512821
4083.58974358974
4078.97435897436
4082.05128205128
4081.02564102564
4068.20512820513
4065.12820512821
4074.8717948718
4069.74358974359
4056.41025641026
4062.5641025641
4073.33333333333
4073.84615384615
4074.35897435898
4077.4358974359
4077.94871794872
4074.8717948718
4070.25641025641
4065.64102564103
4066.66666666667
4070.76923076923
4074.8717948718
4076.92307692308
4073.33333333333
4068.71794871795
4074.35897435898
4084.10256410256
4078.97435897436
4062.5641025641
4056.92307692308
4061.53846153846
4067.69230769231
4072.30769230769
4078.97435897436
4084.10256410256
4075.89743589744
4064.10256410256
4074.35897435898
4088.20512820513
4081.53846153846
4073.84615384615
4077.94871794872
4077.4358974359
4071.28205128205
4065.64102564103
4062.5641025641
4061.53846153846
4061.02564102564
4063.07692307692
4065.64102564103
4063.58974358974
4055.38461538462
4043.58974358974
4034.35897435898
4033.33333333333
4035.38461538462
4030.25641025641
4027.17948717949
4029.74358974359
4030.25641025641
4025.64102564103
4020
4011.28205128205
4008.71794871795
4018.97435897436
4022.5641025641
4019.48717948718
4028.20512820513
4034.8717948718
4027.69230769231
4025.64102564103
4029.23076923077
4029.74358974359
4032.82051282051
4034.8717948718
4039.48717948718
4046.15384615385
4038.97435897436
4030.25641025641
4031.28205128205
4027.69230769231
4027.69230769231
4041.02564102564
4046.15384615385
4044.61538461539
4050.76923076923
4053.33333333333
4048.71794871795
4051.28205128205
4057.4358974359
4061.02564102564
4067.69230769231
4073.33333333333
4081.02564102564
4092.30769230769
4095.89743589744
4089.74358974359
4095.89743589744
4113.84615384615
4121.02564102564
4124.10256410256
4134.35897435897
4136.41025641026
4126.15384615385
4122.05128205128
4122.5641025641
4118.97435897436
4121.53846153846
4122.05128205128
4109.74358974359
4102.5641025641
4105.64102564103
4106.66666666667
4097.94871794872
4090.25641025641
4088.71794871795
4089.23076923077
4096.41025641026
4105.64102564103
4106.15384615385
4106.66666666667
4107.69230769231
4095.38461538462
4087.69230769231
4100
4110.25641025641
4104.61538461538
4091.79487179487
4086.15384615385
4090.76923076923
4093.84615384615
4087.17948717949
4082.05128205128
4087.17948717949
4090.25641025641
4082.05128205128
4079.48717948718
4086.66666666667
4077.4358974359
4062.5641025641
4074.8717948718
4095.89743589744
4090.25641025641
4076.41025641026
4075.89743589744
4074.8717948718
4071.28205128205
4074.35897435898
4074.35897435898
4065.12820512821
4061.02564102564
4057.4358974359
4050.76923076923
4052.82051282051
4058.97435897436
4060.51282051282
4063.58974358974
4059.48717948718
4048.71794871795
4054.35897435898
4058.46153846154
4043.07692307692
4036.41025641026
4042.5641025641
4046.15384615385
4049.23076923077
4046.15384615385
4041.02564102564
4046.15384615385
4042.5641025641
4033.33333333333
4041.53846153846
4048.20512820513
4041.02564102564
4033.33333333333
4027.17948717949
4031.79487179487
4050.76923076923
4062.05128205128
4056.41025641026
4049.74358974359
4046.15384615385
4043.58974358974
4046.15384615385
4047.69230769231
4044.10256410256
4038.46153846154
4034.8717948718
4032.30769230769
4038.97435897436
4048.71794871795
4039.48717948718
4037.4358974359
4055.89743589744
4057.4358974359
4047.17948717949
4058.46153846154
4064.10256410256
4041.02564102564
4033.33333333333
4045.64102564103
4042.5641025641
4034.8717948718
4044.61538461539
4053.84615384615
4051.28205128205
4051.79487179487
4046.66666666667
4041.53846153846
4055.38461538462
4066.15384615385
4053.84615384615
4044.61538461539
4055.89743589744
4061.02564102564
4050.76923076923
4051.28205128205
4061.02564102564
4063.07692307692
4057.4358974359
4054.35897435898
4050.76923076923
4049.74358974359
4050.76923076923
4050.76923076923
4053.33333333333
4057.94871794872
4060.51282051282
4053.84615384615
4044.61538461539
4049.23076923077
4058.97435897436
4062.05128205128
4060.51282051282
4059.48717948718
4064.10256410256
4067.17948717949
4064.10256410256
4064.10256410256
4061.53846153846
4056.92307692308
4062.5641025641
4070.76923076923
4071.79487179487
4071.79487179487
4068.20512820513
4062.05128205128
4064.61538461539
4062.05128205128
4056.41025641026
4058.46153846154
4058.46153846154
4061.53846153846
4067.17948717949
4064.10256410256
4059.48717948718
4063.07692307692
4061.53846153846
4052.82051282051
4051.79487179487
4052.82051282051
4042.5641025641
4031.79487179487
4036.41025641026
4041.02564102564
4038.46153846154
4041.02564102564
4044.10256410256
4045.64102564103
4053.33333333333
4053.33333333333
4043.07692307692
4041.02564102564
4041.02564102564
4030.25641025641
4020.51282051282
4017.94871794872
4025.64102564103
4040.51282051282
4041.53846153846
4030.25641025641
4029.74358974359
4037.4358974359
4035.89743589744
4034.35897435898
4035.38461538462
4040.51282051282
4053.84615384615
4056.92307692308
4046.66666666667
4047.17948717949
4057.4358974359
4061.53846153846
4059.48717948718
4049.74358974359
4040.51282051282
4045.12820512821
4056.41025641026
4056.92307692308
4051.28205128205
4055.89743589744
4060
4051.28205128205
4040
4043.07692307692
4056.92307692308
4061.02564102564
4042.05128205128
4025.64102564103
4039.48717948718
4052.82051282051
4045.64102564103
4041.53846153846
4044.61538461539
4045.12820512821
4043.07692307692
4045.64102564103
4052.82051282051
4048.20512820513
4035.89743589744
4038.46153846154
4052.30769230769
4044.10256410256
4027.69230769231
4034.35897435898
4038.97435897436
4028.20512820513
4023.07692307692
4028.71794871795
4030.25641025641
4026.15384615385
4028.71794871795
4039.48717948718
4047.17948717949
4036.41025641026
4021.53846153846
4017.94871794872
4017.4358974359
4022.5641025641
4027.17948717949
4023.07692307692
4027.17948717949
4037.94871794872
4034.8717948718
4024.61538461539
4028.71794871795
4031.79487179487
4023.58974358974
4019.48717948718
4021.53846153846
4025.64102564103
4031.28205128205
4034.8717948718
4035.38461538462
4035.89743589744
4034.8717948718
4030.76923076923
4034.35897435898
4035.89743589744
4025.12820512821
4022.05128205128
4031.79487179487
4035.38461538462
4042.5641025641
4052.30769230769
4048.20512820513
4043.58974358974
4047.69230769231
4052.82051282051
4062.5641025641
4061.02564102564
4041.02564102564
4037.94871794872
4057.4358974359
4061.53846153846
4054.35897435898
4060
4062.5641025641
4051.28205128205
4050.76923076923
4063.07692307692
4066.15384615385
4055.89743589744
4050.25641025641
4056.92307692308
4067.17948717949
4066.66666666667
4058.46153846154
4055.89743589744
4061.02564102564
4063.07692307692
4062.05128205128
4068.20512820513
4076.92307692308
4073.33333333333
4065.12820512821
4064.10256410256
4061.53846153846
4063.07692307692
4071.28205128205
4076.41025641026
4079.48717948718
4077.4358974359
4068.20512820513
4065.12820512821
4071.28205128205
4076.92307692308
4073.33333333333
4063.58974358974
4053.33333333333
4047.17948717949
4054.35897435898
4062.5641025641
4052.82051282051
4050.76923076923
4071.28205128205
4074.8717948718
4052.30769230769
4043.58974358974
4054.35897435898
4059.48717948718
4057.4358974359
4055.38461538462
4057.94871794872
4060.51282051282
4054.8717948718
4052.30769230769
4062.5641025641
4068.71794871795
4067.69230769231
4075.89743589744
4082.5641025641
4077.4358974359
4072.82051282051
4075.89743589744
4085.64102564103
4096.41025641026
4101.02564102564
4107.17948717949
4105.12820512821
4091.79487179487
4089.74358974359
4098.46153846154
4097.4358974359
4089.74358974359
4089.23076923077
4094.8717948718
4090.76923076923
4078.97435897436
4079.48717948718
4089.74358974359
4082.05128205128
4060
4057.94871794872
4072.30769230769
4078.97435897436
4078.46153846154
4071.28205128205
4061.02564102564
4067.17948717949
4081.02564102564
4071.28205128205
4059.48717948718
4070.76923076923
4073.84615384615
4061.53846153846
4066.15384615385
4083.07692307692
4075.38461538462
4056.41025641026
4061.02564102564
4070.76923076923
4064.61538461539
4062.5641025641
4067.17948717949
4066.66666666667
4069.23076923077
4073.33333333333
4073.33333333333
4072.82051282051
4068.20512820513
4058.46153846154
4058.46153846154
4060.51282051282
4054.35897435898
4057.94871794872
4066.15384615385
4068.20512820513
4065.12820512821
4058.46153846154
4059.48717948718
4068.71794871795
4062.5641025641
4042.5641025641
4044.10256410256
4056.92307692308
4051.79487179487
4038.46153846154
4033.33333333333
4038.97435897436
4045.12820512821
4045.12820512821
4044.61538461539
4046.15384615385
4040.51282051282
4033.33333333333
4037.94871794872
4046.15384615385
4043.58974358974
4033.84615384615
4035.38461538462
4044.10256410256
4041.02564102564
4033.33333333333
4034.35897435898
4035.38461538462
4035.38461538462
4043.58974358974
4052.82051282051
4051.79487179487
4049.74358974359
4053.84615384615
4051.28205128205
4042.05128205128
4045.64102564103
4055.38461538462
4046.15384615385
4031.79487179487
4036.41025641026
4044.61538461539
4045.64102564103
4051.28205128205
4058.97435897436
4059.48717948718
4051.28205128205
4044.10256410256
4053.33333333333
4062.05128205128
4046.66666666667
4028.71794871795
4031.28205128205
4042.05128205128
4047.17948717949
4040
4035.89743589744
4047.69230769231
4058.46153846154
4050.25641025641
4041.53846153846
4050.76923076923
4056.41025641026
4041.02564102564
4033.33333333333
4044.10256410256
4048.71794871795
4043.07692307692
4044.10256410256
4050.25641025641
4052.30769230769
4050.25641025641
4046.66666666667
4045.12820512821
4049.74358974359
4055.38461538462
4047.17948717949
4040
4055.38461538462
4065.12820512821
4054.8717948718
4049.23076923077
4049.74358974359
4041.02564102564
4033.84615384615
4037.4358974359
4037.4358974359
4031.28205128205
4037.4358974359
4053.84615384615
4051.79487179487
4037.4358974359
4038.97435897436
4042.5641025641
4043.07692307692
4055.38461538462
4061.53846153846
4050.76923076923
4049.74358974359
4063.07692307692
4062.5641025641
4051.28205128205
4049.23076923077
4051.28205128205
4052.30769230769
4056.92307692308
4062.5641025641
4062.5641025641
4055.89743589744
4046.15384615385
4043.07692307692
4050.76923076923
4054.35897435898
4050.25641025641
4048.71794871795
4057.4358974359
4061.53846153846
4051.79487179487
4052.30769230769
4060
4051.79487179487
4048.20512820513
4067.69230769231
4087.17948717949
4087.17948717949
4081.02564102564
4080
4080.51282051282
4076.41025641026
4069.23076923077
4064.10256410256
4065.64102564103
4074.35897435898
4071.28205128205
4063.07692307692
4067.69230769231
4080.51282051282
4086.15384615385
4079.48717948718
4067.69230769231
4057.4358974359
4058.46153846154
4067.17948717949
4066.15384615385
4061.02564102564
4071.28205128205
4081.53846153846
4075.89743589744
4075.38461538462
4075.89743589744
4064.61538461539
4063.58974358974
4067.69230769231
4065.64102564103
4064.10256410256
4058.46153846154
4052.82051282051
4057.94871794872
4058.46153846154
4051.28205128205
4049.74358974359
4051.79487179487
4052.82051282051
4055.89743589744
4051.28205128205
4047.69230769231
4053.84615384615
4061.02564102564
4058.46153846154
4057.94871794872
4068.20512820513
4068.71794871795
4055.89743589744
4049.23076923077
4045.12820512821
4043.07692307692
4050.76923076923
4054.35897435898
4046.15384615385
4043.07692307692
4043.58974358974
4040
4042.05128205128
4044.61538461539
4044.61538461539
4047.69230769231
4044.61538461539
4035.38461538462
4032.82051282051
4035.38461538462
4036.41025641026
4035.89743589744
4035.89743589744
4035.89743589744
4033.33333333333
4027.17948717949
4027.69230769231
4036.41025641026
4039.48717948718
4033.33333333333
4034.35897435898
4043.58974358974
4041.02564102564
4030.25641025641
4032.82051282051
4037.4358974359
4033.33333333333
4033.84615384615
4045.12820512821
4045.64102564103
4040
4048.20512820513
4052.30769230769
4043.58974358974
4042.05128205128
4043.58974358974
4040.51282051282
4043.07692307692
4042.5641025641
4035.89743589744
4035.89743589744
4035.89743589744
4034.8717948718
4043.58974358974
4051.79487179487
4048.20512820513
4037.4358974359
4028.71794871795
4029.74358974359
4038.46153846154
4045.64102564103
4040.51282051282
4030.76923076923
4038.97435897436
4056.41025641026
4056.92307692308
4044.10256410256
4036.92307692308
4028.20512820513
4018.46153846154
4016.92307692308
4012.30769230769
4005.12820512821
4013.84615384615
4021.53846153846
4012.30769230769
4000
3996.41025641026
4005.64102564103
4014.35897435898
4006.15384615385
3998.97435897436
4016.92307692308
4038.46153846154
4035.89743589744
4023.07692307692
4018.46153846154
4023.07692307692
