O2
3987.69230769231
3986.66666666667
3986.15384615385
3987.69230769231
3992.30769230769
3990.25641025641
3980
3973.33333333333
3974.35897435898
3977.4358974359
3976.41025641026
3974.8717948718
3974.35897435898
3974.35897435898
3973.33333333333
3969.74358974359
3975.89743589744
3989.74358974359
3991.28205128205
3985.12820512821
3985.64102564103
3982.5641025641
3977.94871794872
3981.53846153846
3980
3971.79487179487
3976.41025641026
3984.10256410256
3984.61538461539
3984.10256410256
3979.48717948718
3981.02564102564
3989.23076923077
3990.76923076923
3987.17948717949
3989.74358974359
3993.84615384615
3984.61538461539
3974.8717948718
3980
3992.30769230769
3990.76923076923
3984.61538461539
3982.5641025641
3975.38461538462
3976.92307692308
3988.71794871795
3985.64102564103
3980
3993.33333333333
4002.05128205128
3992.82051282051
3987.69230769231
3990.76923076923
3990.76923076923
3983.58974358974
3977.94871794872
3978.97435897436
3985.64102564103
3991.28205128205
3989.23076923077
3991.28205128205
4001.53846153846
4002.5641025641
3990.76923076923
3984.10256410256
3985.64102564103
3987.17948717949
3986.66666666667
3985.64102564103
3986.66666666667
3990.25641025641
3987.69230769231
3982.05128205128
3984.61538461539
3988.20512820513
3980
3970.76923076923
3972.82051282051
3974.8717948718
3973.84615384615
3974.35897435898
3972.82051282051
3969.74358974359
3973.33333333333
3977.4358974359
3974.8717948718
3970.25641025641
3977.94871794872
3988.71794871795
3984.61538461539
3972.30769230769
3973.84615384615
3984.10256410256
3989.74358974359
3990.25641025641
3982.5641025641
3973.84615384615
3979.48717948718
3991.79487179487
3989.74358974359
3985.12820512821
3986.66666666667
3980
3976.41025641026
3983.58974358974
3985.12820512821
3979.48717948718
3978.46153846154
3984.10256410256
3981.53846153846
3974.8717948718
3975.38461538462
3983.58974358974
3983.58974358974
3980.51282051282
3989.23076923077
3994.35897435898
3989.23076923077
3987.17948717949
3991.28205128205
3990.25641025641
3989.23076923077
3990.25641025641
3978.97435897436
3971.79487179487
3984.61538461539
3994.8717948718
3998.46153846154
4003.07692307692
3994.8717948718
3984.61538461539
3987.17948717949
3983.58974358974
3981.02564102564
3989.74358974359
3989.74358974359
3981.02564102564
3985.64102564103
3991.28205128205
3979.48717948718
3974.8717948718
3983.07692307692
3980.51282051282
3973.84615384615
3982.05128205128
3987.17948717949
3974.35897435898
3971.79487179487
3984.61538461539
3990.25641025641
3986.15384615385
3985.64102564103
3987.17948717949
3983.07692307692
3983.07692307692
3987.17948717949
3989.74358974359
3994.8717948718
3996.41025641026
3987.17948717949
3981.53846153846
3987.17948717949
3988.20512820513
3980.51282051282
3979.48717948718
3984.10256410256
3983.07692307692
3980.51282051282
3987.69230769231
4000
4004.61538461539
4005.12820512821
3999.48717948718
3990.25641025641
3988.71794871795
3990.76923076923
3984.10256410256
3974.35897435898
3970.25641025641
3972.30769230769
3977.94871794872
3985.64102564103
3986.66666666667
3978.97435897436
3979.48717948718
3989.74358974359
3991.79487179487
3986.66666666667
3986.66666666667
3991.79487179487
3992.30769230769
3990.76923076923
3989.74358974359
3989.74358974359
3988.20512820513
3986.66666666667
3988.71794871795
3990.25641025641
3988.71794871795
3988.71794871795
3995.89743589744
3999.48717948718
4000
4004.10256410256
4006.15384615385
4004.10256410256
4004.10256410256
4006.15384615385
4005.64102564103
4003.07692307692
4005.12820512821
4011.28205128205
4014.8717948718
4012.30769230769
4004.10256410256
3996.92307692308
4001.53846153846
4006.66666666667
3997.94871794872
3989.74358974359
3988.71794871795
3989.74358974359
3993.84615384615
3995.89743589744
3994.8717948718
3995.38461538462
3996.92307692308
4000
4004.61538461539
4007.17948717949
4004.61538461539
4005.64102564103
4004.61538461539
3993.33333333333
3990.25641025641
4002.05128205128
4009.23076923077
4002.05128205128
3996.41025641026
3997.94871794872
3996.92307692308
3994.8717948718
3994.35897435898
4000
4005.12820512821
4006.15384615385
4004.61538461539
4000.51282051282
4003.58974358974
4004.10256410256
3995.38461538462
3990.25641025641
3996.92307692308
4002.5641025641
3997.4358974359
3991.28205128205
3989.74358974359
3989.23076923077
3988.20512820513
3990.25641025641
3991.28205128205
3991.79487179487
3996.92307692308
3994.8717948718
3990.25641025641
3995.89743589744
3998.97435897436
3993.33333333333
3990.76923076923
3990.25641025641
3989.74358974359
3990.76923076923
3988.20512820513
3987.17948717949
3991.28205128205
3991.79487179487
3986.66666666667
3987.69230769231
3992.82051282051
3988.20512820513
3981.53846153846
3986.66666666667
3992.82051282051
3993.33333333333
3995.38461538462
3997.4358974359
3990.76923076923
3987.69230769231
4002.5641025641
4016.41025641026
4009.74358974359
4001.53846153846
4009.74358974359
4006.66666666667
3992.82051282051
3996.41025641026
4007.17948717949
4010.76923076923
4016.41025641026
4022.05128205128
4016.41025641026
4006.15384615385
4003.07692307692
4007.17948717949
4004.61538461539
3991.28205128205
3992.82051282051
4008.20512820513
4008.71794871795
4000.51282051282
4004.61538461539
4010.76923076923
4005.64102564103
4002.05128205128
4001.53846153846
3997.94871794872
3992.82051282051
3991.79487179487
3988.20512820513
3981.53846153846
3986.15384615385
3996.92307692308
3999.48717948718
3998.46153846154
4004.10256410256
4008.71794871795
4000.51282051282
3992.30769230769
3988.71794871795
3987.17948717949
3992.30769230769
4000.51282051282
4000
3992.82051282051
3989.74358974359
3991.28205128205
3996.92307692308
3997.94871794872
3993.33333333333
3995.89743589744
3999.48717948718
3992.30769230769
3984.61538461539
3983.58974358974
3990.25641025641
3999.48717948718
3994.35897435898
3985.12820512821
3988.71794871795
3991.28205128205
3991.79487179487
3996.92307692308
3995.38461538462
3990.76923076923
3991.79487179487
3991.79487179487
3989.74358974359
3990.76923076923
3990.25641025641
3987.17948717949
3984.61538461539
3985.64102564103
3988.71794871795
3987.17948717949
3989.74358974359
3997.4358974359
3997.94871794872
3992.30769230769
3988.71794871795
3990.25641025641
3988.71794871795
3981.53846153846
3982.5641025641
3990.76923076923
3991.28205128205
3988.20512820513
3989.23076923077
3992.82051282051
4001.02564102564
4006.66666666667
4003.07692307692
4004.61538461539
4006.15384615385
4005.12820512821
4018.46153846154
4032.30769230769
4031.79487179487
4033.33333333333
4039.48717948718
4037.4358974359
4034.35897435898
4040
4044.10256410256
4041.53846153846
4039.48717948718
4036.92307692308
4030.76923076923
4028.20512820513
4021.02564102564
4003.07692307692
3997.4358974359
4005.12820512821
4005.64102564103
4002.5641025641
3998.46153846154
3989.74358974359
3987.69230769231
3997.94871794872
4000
3989.74358974359
3991.28205128205
4004.10256410256
4006.66666666667
4003.07692307692
4002.05128205128
3989.74358974359
3975.38461538462
3981.53846153846
3991.28205128205
3991.28205128205
3989.23076923077
3988.20512820513
3986.66666666667
3989.23076923077
3987.69230769231
3976.92307692308
3977.94871794872
3993.84615384615
4000
3992.82051282051
3993.33333333333
3989.23076923077
3974.8717948718
3977.4358974359
3990.25641025641
3992.82051282051
3986.15384615385
3978.97435897436
3977.4358974359
3986.15384615385
3990.76923076923
3986.66666666667
3989.23076923077
3992.30769230769
3988.20512820513
3981.02564102564
3971.28205128205
3969.74358974359
3983.58974358974
3992.82051282051
3986.66666666667
3987.17948717949
3990.25641025641
3975.89743589744
3971.28205128205
3987.17948717949
3988.71794871795
3984.10256410256
3991.28205128205
3993.84615384615
3990.25641025641
3983.58974358974
3971.28205128205
3968.20512820513
3973.33333333333
3976.41025641026
3970.76923076923
3961.53846153846
3965.64102564103
3977.4358974359
3972.82051282051
3966.66666666667
3975.89743589744
3978.46153846154
3973.84615384615
3979.48717948718
3985.12820512821
3980
3970.76923076923
3973.33333333333
3981.53846153846
3977.4358974359
3975.38461538462
3986.15384615385
3985.12820512821
3975.89743589744
3978.97435897436
3986.66666666667
3988.20512820513
3988.71794871795
3987.69230769231
3988.20512820513
3993.33333333333
3987.17948717949
3974.8717948718
3977.4358974359
3989.74358974359
3994.8717948718
3988.71794871795
3978.97435897436
3972.82051282051
3974.8717948718
3976.41025641026
3971.28205128205
3970.25641025641
3970.76923076923
3972.82051282051
3978.97435897436
3980
3974.35897435898
3970.76923076923
3973.33333333333
3975.89743589744
3974.35897435898
3974.35897435898
3977.94871794872
3976.92307692308
3971.79487179487
3973.84615384615
3976.41025641026
3974.35897435898
3975.38461538462
3977.94871794872
3971.79487179487
3965.12820512821
3967.17948717949
3971.79487179487
3973.33333333333
3972.82051282051
3974.35897435898
3975.38461538462
3973.84615384615
3973.84615384615
3975.38461538462
3973.84615384615
3972.30769230769
3973.33333333333
3973.84615384615
3972.30769230769
3971.79487179487
3972.30769230769
3975.38461538462
3974.35897435898
3972.82051282051
3977.94871794872
3982.05128205128
3983.07692307692
3990.25641025641
3991.79487179487
3977.94871794872
3970.76923076923
3974.35897435898
3966.15384615385
3954.35897435898
3965.12820512821
3980
3976.41025641026
3970.25641025641
3977.94871794872
3985.12820512821
3980
3973.84615384615
3973.84615384615
3973.84615384615
3974.35897435898
3980
3986.66666666667
3988.71794871795
3989.74358974359
3990.25641025641
3988.20512820513
3979.48717948718
3973.33333333333
3975.89743589744
3973.84615384615
3968.20512820513
3975.89743589744
3989.74358974359
3991.28205128205
3987.69230769231
3988.71794871795
3990.25641025641
3989.23076923077
3988.20512820513
3986.66666666667
3986.66666666667
3990.25641025641
3989.74358974359
3983.58974358974
3983.58974358974
3992.30769230769
3989.74358974359
3976.41025641026
3984.10256410256
4004.10256410256
4009.23076923077
4006.15384615385
4006.15384615385
4004.10256410256
4002.05128205128
4007.17948717949
4005.12820512821
3997.94871794872
4002.05128205128
4004.10256410256
3993.33333333333
3988.20512820513
3984.61538461539
3976.92307692308
3982.5641025641
3994.8717948718
3991.79487179487
3987.69230769231
3991.28205128205
3992.82051282051
3992.30769230769
3990.76923076923
3993.33333333333
3998.46153846154
3996.41025641026
4000
4008.20512820513
4000
3990.76923076923
3995.89743589744
3997.94871794872
3998.97435897436
4006.66666666667
4004.61538461539
3996.41025641026
4003.07692307692
4014.8717948718
4013.33333333333
4004.61538461539
4005.64102564103
4015.89743589744
4018.97435897436
4017.94871794872
4027.17948717949
4036.92307692308
4035.89743589744
4038.46153846154
4049.23076923077
4053.33333333333
4052.30769230769
4062.5641025641
4074.8717948718
4077.94871794872
4076.92307692308
4071.79487179487
4068.20512820513
4068.71794871795
4062.05128205128
4059.48717948718
4067.69230769231
4064.10256410256
4048.20512820513
4044.61538461539
4044.61538461539
4036.92307692308
4030.76923076923
4035.38461538462
4045.12820512821
4040.51282051282
4032.30769230769
4041.53846153846
4044.61538461539
4032.30769230769
4029.23076923077
4036.92307692308
4040
4036.41025641026
4028.71794871795
4027.69230769231
4030.25641025641
4023.58974358974
4018.46153846154
4021.53846153846
4021.53846153846
4018.97435897436
4014.8717948718
4014.35897435898
4014.8717948718
4008.71794871795
4003.58974358974
4014.35897435898
4027.69230769231
4028.71794871795
4032.30769230769
4036.92307692308
4027.17948717949
4021.53846153846
4028.71794871795
4021.53846153846
4004.61538461539
4010.76923076923
4017.94871794872
4007.17948717949
4005.64102564103
4012.82051282051
4017.4358974359
4024.10256410256
4016.92307692308
4003.58974358974
4008.71794871795
4010.76923076923
4000.51282051282
4004.61538461539
4010.76923076923
4004.61538461539
4006.15384615385
4013.84615384615
4012.82051282051
4010.25641025641
4002.5641025641
3995.89743589744
4001.02564102564
4004.61538461539
4002.05128205128
4001.02564102564
3994.35897435898
3994.8717948718
4019.48717948718
4037.94871794872
4024.61538461539
4006.66666666667
3999.48717948718
4000.51282051282
4006.15384615385
4005.64102564103
4001.02564102564
3997.4358974359
3988.20512820513
3985.12820512821
3998.97435897436
4005.64102564103
3999.48717948718
4004.61538461539
4013.33333333333
4001.53846153846
3984.61538461539
3985.64102564103
3989.74358974359
3982.5641025641
3978.97435897436
3985.12820512821
3988.20512820513
3989.23076923077
3986.15384615385
3980
3987.69230769231
3990.76923076923
3975.38461538462
3973.33333333333
3991.79487179487
4009.74358974359
4001.02564102564
3978.97435897436
3981.53846153846
4000.51282051282
4002.05128205128
3994.35897435898
3994.8717948718
3990.25641025641
3986.66666666667
3991.79487179487
3987.69230769231
3976.92307692308
3981.53846153846
3997.94871794872
3996.92307692308
3983.07692307692
3984.61538461539
3989.23076923077
3980
3968.20512820513
3966.66666666667
3981.53846153846
3993.33333333333
3990.76923076923
3985.64102564103
3987.69230769231
3990.25641025641
3983.58974358974
3973.84615384615
3974.8717948718
3989.74358974359
4000
4000
3995.89743589744
3992.30769230769
3985.12820512821
3974.35897435898
3975.38461538462
3988.20512820513
3991.28205128205
3984.10256410256
3982.05128205128
3988.71794871795
3999.48717948718
3999.48717948718
3991.28205128205
3991.79487179487
3991.79487179487
3988.20512820513
3989.23076923077
3983.58974358974
3977.4358974359
3980.51282051282
3978.97435897436
3975.89743589744
3980
3984.10256410256
3988.20512820513
3991.79487179487
3989.74358974359
3987.17948717949
3978.97435897436
3971.28205128205
3975.38461538462
3968.71794871795
3957.94871794872
3967.17948717949
3978.97435897436
3975.38461538462
3972.30769230769
3980
3991.79487179487
3988.71794871795
3972.30769230769
3977.4358974359
3997.94871794872
3997.4358974359
3986.15384615385
3989.23076923077
3996.92307692308
3994.35897435898
3987.69230769231
3986.15384615385
3984.10256410256
3981.53846153846
3985.64102564103
3988.71794871795
3989.23076923077
3988.20512820513
3978.97435897436
3976.92307692308
3987.69230769231
3992.82051282051
3987.69230769231
3986.66666666667
3986.15384615385
3978.97435897436
3977.94871794872
3988.20512820513
3995.38461538462
3991.28205128205
3986.66666666667
3987.17948717949
3989.74358974359
3987.69230769231
3985.64102564103
3996.92307692308
4003.58974358974
3994.8717948718
3989.23076923077
3992.30769230769
3990.76923076923
3985.64102564103
3989.23076923077
3990.25641025641
3978.97435897436
3971.79487179487
3981.53846153846
3989.74358974359
3989.23076923077
3991.28205128205
3991.79487179487
3990.25641025641
3987.17948717949
3978.46153846154
3970.76923076923
3971.79487179487
3975.38461538462
3971.79487179487
3976.41025641026
3983.58974358974
3983.58974358974
3985.12820512821
3984.61538461539
3975.38461538462
3970.76923076923
3974.35897435898
3974.8717948718
3974.8717948718
3972.82051282051
3971.79487179487
3983.07692307692
3992.30769230769
3987.17948717949
3984.10256410256
3989.74358974359
3986.15384615385
3973.33333333333
3970.76923076923
3979.48717948718
3982.5641025641
3985.12820512821
3987.69230769231
3978.97435897436
3976.92307692308
3988.71794871795
3991.79487179487
3987.69230769231
3993.33333333333
3995.38461538462
3987.69230769231
3984.61538461539
3988.20512820513
3989.74358974359
3986.66666666667
3988.71794871795
3993.33333333333
3990.25641025641
3986.66666666667
3989.23076923077
3988.71794871795
3989.23076923077
3988.71794871795
3982.5641025641
3986.15384615385
3998.97435897436
3992.30769230769
3974.35897435898
3975.89743589744
3983.07692307692
3982.5641025641
3990.76923076923
4002.05128205128
3995.89743589744
3984.61538461539
3991.28205128205
3998.97435897436
3991.79487179487
3985.12820512821
3992.82051282051
4002.5641025641
4004.61538461539
4006.15384615385
4005.64102564103
4000.51282051282
3998.97435897436
4001.02564102564
3997.94871794872
3991.79487179487
3989.74358974359
3988.71794871795
3990.25641025641
4001.02564102564
4007.17948717949
3998.46153846154
3989.23076923077
3989.23076923077
3992.30769230769
3995.89743589744
3998.46153846154
4001.02564102564
4003.58974358974
4001.53846153846
3991.79487179487
3984.10256410256
3987.69230769231
3997.4358974359
4001.53846153846
4004.61538461539
4010.76923076923
4010.25641025641
4010.25641025641
4025.12820512821
4032.30769230769
4027.69230769231
4035.89743589744
4049.74358974359
4050.25641025641
4044.10256410256
4044.10256410256
4047.17948717949
4049.23076923077
4047.69230769231
4046.15384615385
4047.69230769231
4041.02564102564
4033.33333333333
4035.89743589744
4030.76923076923
4016.92307692308
4013.33333333333
4011.79487179487
4005.12820512821
4003.07692307692
4005.64102564103
4008.20512820513
4009.74358974359
4004.10256410256
3995.89743589744
4001.02564102564
4007.69230769231
4006.15384615385
4004.61538461539
4003.58974358974
3999.48717948718
3999.48717948718
4005.12820512821
4006.15384615385
4004.10256410256
4005.64102564103
4004.10256410256
3995.89743589744
3994.8717948718
4002.05128205128
4005.64102564103
4005.64102564103
4002.5641025641
4000
4002.5641025641
4002.05128205128
3994.8717948718
3995.89743589744
4004.10256410256
4002.5641025641
3993.84615384615
3992.82051282051
4004.61538461539
4010.25641025641
4000
3995.89743589744
4000.51282051282
3998.46153846154
3991.28205128205
3990.25641025641
3998.97435897436
4003.58974358974
3996.41025641026
3990.25641025641
3991.28205128205
3990.76923076923
3995.38461538462
4004.10256410256
3997.4358974359
3990.25641025641
3987.69230769231
3982.05128205128
3990.76923076923
3997.4358974359
3980
3970.25641025641
3980.51282051282
3985.12820512821
3986.15384615385
3986.15384615385
3976.41025641026
3973.84615384615
3985.64102564103
3992.30769230769
3985.64102564103
3983.58974358974
3991.79487179487
3993.33333333333
3988.20512820513
3986.66666666667
3987.17948717949
3988.20512820513
3992.30769230769
3989.23076923077
3981.53846153846
3982.5641025641
3990.25641025641
3995.38461538462
4001.53846153846
4005.64102564103
3997.94871794872
3990.25641025641
3993.84615384615
3987.69230769231
3975.89743589744
3981.02564102564
3989.74358974359
3987.69230769231
3985.64102564103
3990.25641025641
3994.8717948718
3994.8717948718
3990.25641025641
3988.71794871795
3992.30769230769
3987.69230769231
3975.89743589744
3971.79487179487
3975.38461538462
3975.38461538462
3976.41025641026
3981.53846153846
3984.10256410256
3987.17948717949
3988.71794871795
3986.15384615385
3985.64102564103
3989.23076923077
3988.20512820513
3984.10256410256
3980.51282051282
3982.05128205128
3985.64102564103
3984.10256410256
3983.07692307692
3988.20512820513
3990.76923076923
3981.53846153846
3968.20512820513
3968.71794871795
3981.53846153846
3989.23076923077
3989.23076923077
3987.17948717949
3981.53846153846
3973.84615384615
3971.79487179487
3980
3989.74358974359
3990.76923076923
3987.69230769231
3987.69230769231
3988.71794871795
3988.71794871795
3992.82051282051
3991.28205128205
3980
3976.41025641026
3990.76923076923
4004.61538461539
4000
3988.20512820513
3983.07692307692
3989.23076923077
3997.4358974359
3997.4358974359
3993.33333333333
3990.25641025641
3988.20512820513
3986.15384615385
3989.74358974359
3995.89743589744
3995.89743589744
3989.74358974359
3986.15384615385
3990.25641025641
3992.30769230769
3980.51282051282
3971.79487179487
3973.84615384615
3976.41025641026
3974.8717948718
3970.76923076923
3967.17948717949
3968.71794871795
3976.92307692308
3977.94871794872
3972.82051282051
3977.94871794872
3990.25641025641
3989.74358974359
3976.41025641026
3970.76923076923
3972.30769230769
3973.33333333333
3974.8717948718
3974.8717948718
3973.33333333333
3974.35897435898
3975.38461538462
3976.41025641026
3985.64102564103
3990.25641025641
3982.5641025641
3974.35897435898
3972.30769230769
3974.35897435898
3976.41025641026
3973.33333333333
3969.23076923077
3971.79487179487
3972.30769230769
3970.25641025641
3972.30769230769
3970.76923076923
3969.23076923077
3973.33333333333
3972.30769230769
3968.20512820513
3972.82051282051
3971.79487179487
3961.53846153846
3966.15384615385
3982.5641025641
3982.5641025641
3974.35897435898
3974.35897435898
3974.35897435898
3971.28205128205
3973.33333333333
3978.97435897436
3973.84615384615
3962.5641025641
3964.10256410256
3975.38461538462
3981.53846153846
3977.94871794872
3972.30769230769
3978.97435897436
3986.66666666667
3976.41025641026
3965.64102564103
3971.28205128205
3966.66666666667
3956.92307692308
3967.69230769231
3977.4358974359
3967.69230769231
3962.05128205128
3970.76923076923
3975.38461538462
3974.35897435898
3973.84615384615
3971.28205128205
3974.35897435898
3981.53846153846
3979.48717948718
3969.23076923077
3967.17948717949
3973.33333333333
3972.30769230769
3971.28205128205
3976.92307692308
3980
3985.12820512821
3982.05128205128
3972.30769230769
3980
3991.79487179487
3980.51282051282
3972.30769230769
3975.89743589744
3972.30769230769
3978.46153846154
3991.79487179487
3986.15384615385
3978.97435897436
3989.74358974359
3991.79487179487
3976.41025641026
3974.35897435898
3985.12820512821
3989.74358974359
3987.69230769231
3980.51282051282
3970.76923076923
3976.41025641026
3987.69230769231
3989.74358974359
3994.8717948718
4005.64102564103
4007.69230769231
4004.61538461539
4005.64102564103
4009.23076923077
4006.66666666667
3998.97435897436
3989.74358974359
3985.12820512821
3992.82051282051
4001.02564102564
3996.41025641026
3991.28205128205
3992.30769230769
3994.35897435898
3994.8717948718
3998.46153846154
4007.69230769231
4013.33333333333
4009.23076923077
4001.53846153846
