
4371.28205128205
4367.17948717949
4365.64102564103
4368.20512820513
4367.17948717949
4366.66666666667
4362.05128205128
4353.84615384615
4357.94871794872
4370.25641025641
4369.23076923077
4357.4358974359
4358.46153846154
4368.71794871795
4365.12820512821
4359.48717948718
4365.64102564103
4372.30769230769
4372.82051282051
4374.35897435897
4371.28205128205
4364.10256410256
4364.10256410256
4367.69230769231
4367.69230769231
4366.15384615385
4365.12820512821
4358.46153846154
4349.23076923077
4348.20512820513
4352.82051282051
4356.92307692308
4356.92307692308
4354.8717948718
4361.02564102564
4366.15384615385
4362.5641025641
4361.53846153846
4361.53846153846
4358.46153846154
4356.41025641026
4357.94871794872
4360
4362.5641025641
4366.15384615385
4365.64102564103
4355.89743589744
4345.64102564103
4355.89743589744
4369.23076923077
4358.46153846154
4346.66666666667
4350.76923076923
4351.28205128205
4345.12820512821
4349.23076923077
4353.84615384615
4345.12820512821
4339.48717948718
4350.76923076923
4356.41025641026
4344.61538461538
4343.07692307692
4362.5641025641
4372.30769230769
4356.92307692308
4342.05128205128
4345.64102564103
4357.4358974359
4360
4351.28205128205
4347.69230769231
4350.25641025641
4349.74358974359
4347.17948717949
4348.71794871795
4350.25641025641
4345.12820512821
4335.38461538462
4329.74358974359
4337.4358974359
4349.23076923077
4350.25641025641
4343.58974358974
4342.05128205128
4344.10256410256
4344.10256410256
4338.46153846154
4334.35897435897
4346.66666666667
4356.41025641026
4346.66666666667
4341.02564102564
4349.74358974359
4357.4358974359
4354.35897435897
4344.61538461538
4342.5641025641
4350.76923076923
4352.82051282051
4348.71794871795
4349.74358974359
4344.10256410256
4335.38461538462
4340.51282051282
4352.30769230769
4350.76923076923
4342.05128205128
4341.53846153846
4338.97435897436
4325.12820512821
4323.07692307692
4338.46153846154
4344.10256410256
4342.05128205128
4352.30769230769
4369.74358974359
4369.23076923077
4351.79487179487
4346.15384615385
4357.94871794872
4362.5641025641
4354.35897435897
4348.71794871795
4348.71794871795
4353.84615384615
4353.33333333333
4345.64102564103
4345.12820512821
4348.71794871795
4350.25641025641
4349.23076923077
4343.58974358974
4338.97435897436
4339.48717948718
4343.58974358974
4349.23076923077
4351.79487179487
4352.30769230769
4351.79487179487
4337.94871794872
4330.76923076923
4342.05128205128
4343.58974358974
4338.97435897436
4346.15384615385
4346.66666666667
4340.51282051282
4344.61538461538
4352.30769230769
4352.82051282051
4344.61538461538
4338.46153846154
4346.15384615385
4353.33333333333
4349.74358974359
4349.23076923077
4354.35897435897
4356.92307692308
4359.48717948718
4357.4358974359
4346.66666666667
4337.94871794872
4344.10256410256
4351.28205128205
4349.23076923077
4350.25641025641
4350.76923076923
4346.15384615385
4347.69230769231
4352.30769230769
4353.84615384615
4355.89743589744
4353.84615384615
4350.25641025641
4351.28205128205
4342.05128205128
4330.25641025641
4330.76923076923
4333.33333333333
4337.4358974359
4342.05128205128
4342.05128205128
4342.5641025641
4335.89743589744
4329.74358974359
4340
4346.66666666667
4340
4340.51282051282
4342.5641025641
4344.10256410256
4349.23076923077
4345.64102564103
4339.48717948718
4344.10256410256
4347.17948717949
4350.25641025641
4353.84615384615
4345.64102564103
4343.58974358974
4350.76923076923
4346.66666666667
4343.07692307692
4349.23076923077
4353.33333333333
4358.97435897436
4369.74358974359
4366.66666666667
4356.92307692308
4355.38461538462
4356.41025641026
4363.07692307692
4375.38461538462
4374.8717948718
4360
4358.46153846154
4369.23076923077
4366.15384615385
4358.97435897436
4358.46153846154
4349.23076923077
4341.53846153846
4350.76923076923
4354.35897435897
4344.61538461538
4349.23076923077
4364.10256410256
4358.97435897436
4351.79487179487
4363.07692307692
4366.15384615385
4355.38461538462
4356.92307692308
4357.94871794872
4348.20512820513
4354.35897435897
4368.71794871795
4365.12820512821
4349.74358974359
4343.58974358974
4351.79487179487
4356.92307692308
4350.25641025641
4349.74358974359
4357.94871794872
4359.48717948718
4356.92307692308
4356.92307692308
4355.89743589744
4358.46153846154
4355.38461538462
4343.58974358974
4341.53846153846
4354.35897435897
4360
4353.33333333333
4347.69230769231
4349.23076923077
4356.92307692308
4361.53846153846
4354.35897435897
4346.15384615385
4350.25641025641
4351.79487179487
4349.23076923077
4360
4361.02564102564
4346.66666666667
4346.15384615385
4349.23076923077
4342.05128205128
4346.66666666667
4351.79487179487
4343.58974358974
4341.02564102564
4342.5641025641
4343.58974358974
4348.71794871795
4346.66666666667
4337.4358974359
4335.38461538462
4344.10256410256
4349.74358974359
4348.71794871795
4357.4358974359
4367.69230769231
4361.02564102564
4358.97435897436
4369.23076923077
4370.25641025641
4365.12820512821
4365.64102564103
4365.64102564103
4366.66666666667
4368.20512820513
4365.64102564103
4363.07692307692
4366.66666666667
4375.38461538462
4382.05128205128
4385.64102564103
4378.97435897436
4361.02564102564
4357.4358974359
4362.5641025641
4352.82051282051
4355.38461538462
4378.97435897436
4378.97435897436
4365.64102564103
4370.76923076923
4377.94871794872
4368.20512820513
4358.46153846154
4356.92307692308
4359.48717948718
4358.97435897436
4355.38461538462
4359.48717948718
4361.53846153846
4355.89743589744
4357.4358974359
4365.64102564103
4368.71794871795
4370.76923076923
4375.89743589744
4368.71794871795
4354.35897435897
4353.84615384615
4366.66666666667
4373.33333333333
4363.07692307692
4352.30769230769
4358.97435897436
4365.12820512821
4356.41025641026
4355.89743589744
4366.15384615385
4366.15384615385
4364.10256410256
4369.23076923077
4362.5641025641
4356.92307692308
4364.61538461538
4366.66666666667
4363.58974358974
4366.15384615385
4362.5641025641
4353.33333333333
4358.97435897436
4370.25641025641
4366.66666666667
4361.53846153846
4362.05128205128
4362.05128205128
4363.58974358974
4368.20512820513
4368.20512820513
4364.61538461538
4365.12820512821
4364.10256410256
4365.64102564103
4365.12820512821
4356.92307692308
4355.89743589744
4367.69230769231
4374.35897435897
4367.69230769231
4359.48717948718
4364.61538461538
4371.28205128205
4357.94871794872
4347.69230769231
4363.07692307692
4364.61538461538
4351.79487179487
4358.97435897436
4370.25641025641
4366.15384615385
4366.15384615385
4368.71794871795
4365.64102564103
4366.15384615385
4365.64102564103
4368.71794871795
4373.84615384615
4373.33333333333
4375.89743589744
4384.10256410256
4380
4366.66666666667
4364.61538461538
4366.66666666667
4370.25641025641
4380
4384.10256410256
4376.92307692308
4364.10256410256
4348.71794871795
4344.61538461538
4353.84615384615
4359.48717948718
4356.41025641026
4352.82051282051
4351.28205128205
4349.23076923077
4352.82051282051
4363.07692307692
4368.71794871795
4357.94871794872
4351.79487179487
4363.07692307692
4368.71794871795
4365.12820512821
4365.64102564103
4368.20512820513
4361.53846153846
4351.28205128205
4347.69230769231
4349.23076923077
4352.82051282051
4354.8717948718
4354.8717948718
4356.41025641026
4358.97435897436
4358.97435897436
4355.89743589744
4355.89743589744
4355.89743589744
4353.33333333333
4350.25641025641
4347.69230769231
4355.38461538462
4364.10256410256
4363.58974358974
4358.46153846154
4353.84615384615
4353.33333333333
4355.38461538462
4357.4358974359
4357.4358974359
4355.38461538462
4355.89743589744
4361.53846153846
4365.64102564103
4358.97435897436
4355.38461538462
4362.05128205128
4367.17948717949
4368.20512820513
4363.07692307692
4363.07692307692
4359.48717948718
4344.10256410256
4344.61538461538
4364.61538461538
4374.35897435897
4366.15384615385
4357.4358974359
4353.33333333333
4350.25641025641
4349.74358974359
4348.71794871795
4345.12820512821
4344.10256410256
4353.84615384615
4353.84615384615
4343.58974358974
4345.64102564103
4353.84615384615
4350.25641025641
4342.5641025641
4343.58974358974
4353.33333333333
4362.5641025641
4355.38461538462
4345.64102564103
4349.23076923077
4351.28205128205
4347.17948717949
4350.25641025641
4356.41025641026
4352.30769230769
4349.23076923077
4348.71794871795
4347.17948717949
4348.20512820513
4343.58974358974
4340.51282051282
4348.20512820513
4350.25641025641
4342.05128205128
4339.48717948718
4343.07692307692
4341.53846153846
4336.92307692308
4341.53846153846
4354.35897435897
4354.8717948718
4342.5641025641
4338.46153846154
4344.10256410256
4343.58974358974
4328.71794871795
4322.05128205128
4337.94871794872
4345.64102564103
4335.38461538462
4338.97435897436
4346.66666666667
4335.89743589744
4333.33333333333
4342.5641025641
4343.07692307692
4343.07692307692
4345.12820512821
4334.8717948718
4332.82051282051
4349.74358974359
4354.8717948718
4343.07692307692
4334.8717948718
4328.20512820513
4323.58974358974
4332.82051282051
4344.61538461538
4343.07692307692
4339.48717948718
4340.51282051282
4340
4334.35897435897
4335.89743589744
4343.58974358974
4345.64102564103
4342.05128205128
4342.05128205128
4345.12820512821
4353.84615384615
4369.74358974359
4378.46153846154
4372.82051282051
4365.12820512821
4364.61538461538
4363.07692307692
4363.58974358974
4375.38461538462
4383.58974358974
4372.82051282051
4365.64102564103
4369.23076923077
4363.07692307692
4357.4358974359
4363.58974358974
4361.02564102564
4352.82051282051
4357.94871794872
4368.20512820513
4365.64102564103
4363.58974358974
4372.30769230769
4373.84615384615
4364.10256410256
4368.20512820513
4378.46153846154
4368.71794871795
4355.89743589744
4361.53846153846
4370.25641025641
4367.17948717949
4362.05128205128
4366.66666666667
4370.25641025641
4362.05128205128
4353.84615384615
4354.8717948718
4357.4358974359
4364.10256410256
4372.30769230769
4375.89743589744
4377.4358974359
4380.51282051282
4380.51282051282
4374.8717948718
4374.8717948718
4381.53846153846
4386.15384615385
4382.05128205128
4378.46153846154
4381.02564102564
4378.97435897436
4369.23076923077
4364.61538461538
4367.17948717949
4367.17948717949
4370.25641025641
4373.84615384615
4367.17948717949
4360
4355.89743589744
4349.74358974359
4352.30769230769
4357.4358974359
4353.33333333333
4352.30769230769
4355.38461538462
4349.74358974359
4342.5641025641
4339.48717948718
4341.02564102564
4348.71794871795
4350.76923076923
4351.79487179487
4357.94871794872
4354.8717948718
4348.20512820513
4349.74358974359
4350.25641025641
4350.25641025641
4352.30769230769
4353.84615384615
4358.46153846154
4363.07692307692
4357.4358974359
4352.30769230769
4349.23076923077
4344.61538461538
4352.30769230769
4363.07692307692
4359.48717948718
4355.38461538462
4358.97435897436
4358.46153846154
4355.38461538462
4361.02564102564
4365.12820512821
4367.17948717949
4372.30769230769
4375.89743589744
4376.41025641026
4382.05128205128
4386.66666666667
4377.94871794872
4371.28205128205
4377.94871794872
4383.07692307692
4382.05128205128
4382.5641025641
4381.53846153846
4381.02564102564
4381.53846153846
4371.28205128205
4365.64102564103
4369.74358974359
4368.20512820513
4363.07692307692
4364.61538461538
4367.17948717949
4364.10256410256
4358.46153846154
4356.92307692308
4358.97435897436
4355.38461538462
4357.4358974359
4368.71794871795
4371.28205128205
4366.15384615385
4361.53846153846
4358.97435897436
4363.07692307692
4369.74358974359
4368.20512820513
4366.66666666667
4365.64102564103
4358.46153846154
4356.41025641026
4357.4358974359
4351.79487179487
4347.69230769231
4351.79487179487
4351.79487179487
4346.15384615385
4348.71794871795
4355.38461538462
4346.15384615385
4330.76923076923
4338.46153846154
4357.4358974359
4357.94871794872
4346.66666666667
4342.5641025641
4345.64102564103
4346.66666666667
4343.58974358974
4343.07692307692
4341.53846153846
4335.38461538462
4331.79487179487
4335.38461538462
4341.53846153846
4349.23076923077
4351.28205128205
4350.25641025641
4349.23076923077
4345.64102564103
4343.07692307692
4343.07692307692
4342.05128205128
4340
4339.48717948718
4346.15384615385
4353.33333333333
4348.71794871795
4347.69230769231
4354.35897435897
4348.20512820513
4338.97435897436
4342.5641025641
4343.07692307692
4338.46153846154
4341.02564102564
4343.07692307692
4344.61538461538
4350.76923076923
4351.79487179487
4346.66666666667
4342.5641025641
4334.8717948718
4331.28205128205
4334.35897435897
4330.25641025641
4322.05128205128
4323.07692307692
4325.12820512821
4326.66666666667
4330.76923076923
4327.69230769231
4324.61538461538
4334.8717948718
4344.61538461538
4342.5641025641
4341.02564102564
4343.58974358974
4339.48717948718
4328.71794871795
4325.64102564103
4325.64102564103
4322.5641025641
4329.23076923077
4342.05128205128
4342.5641025641
4340.51282051282
4348.71794871795
4343.58974358974
4333.84615384615
4346.15384615385
4354.35897435897
4342.5641025641
4333.84615384615
4338.46153846154
4342.05128205128
4341.02564102564
4342.05128205128
4348.20512820513
4351.28205128205
4346.15384615385
4348.71794871795
4350.76923076923
4343.58974358974
4344.10256410256
4348.71794871795
4345.12820512821
4344.10256410256
4353.33333333333
4350.76923076923
4340.51282051282
4343.07692307692
4346.66666666667
4341.02564102564
4342.05128205128
4354.35897435897
4360.51282051282
4355.89743589744
4352.82051282051
4353.33333333333
4349.23076923077
4351.28205128205
4365.12820512821
4366.66666666667
4354.35897435897
4354.35897435897
4363.07692307692
4356.92307692308
4347.17948717949
4351.79487179487
4357.4358974359
4356.41025641026
4355.89743589744
4355.89743589744
4357.94871794872
4365.64102564103
4368.71794871795
4366.66666666667
4368.20512820513
4365.12820512821
4356.92307692308
4349.74358974359
4340
4342.05128205128
4355.89743589744
4353.84615384615
4341.02564102564
4341.53846153846
4353.33333333333
4359.48717948718
4355.38461538462
4350.76923076923
4349.23076923077
4346.15384615385
4345.12820512821
4341.02564102564
4328.20512820513
4323.07692307692
4339.48717948718
4352.82051282051
4348.20512820513
4336.92307692308
4332.82051282051
4345.12820512821
4353.33333333333
4343.58974358974
4341.02564102564
4352.30769230769
4351.79487179487
4340
4341.02564102564
4350.76923076923
4356.41025641026
4353.84615384615
4345.64102564103
4339.48717948718
4338.46153846154
4345.12820512821
4351.28205128205
4350.25641025641
4350.76923076923
4358.46153846154
4353.33333333333
4344.10256410256
4347.69230769231
4351.28205128205
4352.82051282051
4361.02564102564
4357.4358974359
4345.64102564103
4348.20512820513
4353.84615384615
4350.25641025641
4353.33333333333
4360.51282051282
4354.35897435897
4343.58974358974
4347.17948717949
4359.48717948718
4360.51282051282
4354.35897435897
4354.8717948718
4356.92307692308
4354.35897435897
4354.8717948718
4354.8717948718
4346.15384615385
4342.05128205128
4346.66666666667
4350.76923076923
4352.30769230769
4351.28205128205
4348.71794871795
4355.38461538462
4365.12820512821
4357.94871794872
4347.69230769231
4343.58974358974
4335.38461538462
4334.8717948718
4348.71794871795
4355.38461538462
4349.23076923077
4349.23076923077
4357.94871794872
4355.89743589744
4353.84615384615
4356.92307692308
4354.35897435897
4348.71794871795
4351.28205128205
4352.30769230769
4350.76923076923
4361.02564102564
4370.76923076923
4364.61538461538
4349.74358974359
4344.10256410256
4357.94871794872
4366.66666666667
4354.35897435897
4344.10256410256
4350.25641025641
4355.38461538462
4356.41025641026
4357.94871794872
4359.48717948718
4360
4357.94871794872
4362.5641025641
4373.33333333333
4369.23076923077
4355.89743589744
4353.84615384615
4358.97435897436
4357.94871794872
4356.92307692308
4364.61538461538
4366.15384615385
4353.84615384615
4352.30769230769
4369.23076923077
4374.35897435897
4366.15384615385
4364.10256410256
4368.20512820513
4371.28205128205
4371.28205128205
4366.15384615385
4364.10256410256
4368.20512820513
4365.12820512821
4365.64102564103
4380
4376.41025641026
4356.92307692308
4363.58974358974
4377.4358974359
4360.51282051282
4354.8717948718
4375.38461538462
4383.58974358974
4380
4378.46153846154
4373.33333333333
4371.28205128205
4379.48717948718
4382.5641025641
4373.84615384615
4365.12820512821
4363.58974358974
4366.15384615385
4369.74358974359
4370.76923076923
4363.58974358974
4365.12820512821
4383.58974358974
4378.46153846154
4356.41025641026
4360
4371.79487179487
4368.20512820513
4366.66666666667
4368.20512820513
4367.17948717949
4373.33333333333
4373.33333333333
4363.07692307692
4365.12820512821
4378.46153846154
4383.58974358974
4379.48717948718
4381.02564102564
4383.07692307692
4373.84615384615
4363.58974358974
4373.84615384615
4386.66666666667
4384.10256410256
4386.66666666667
4399.48717948718
4400
4384.61538461538
4381.53846153846
4396.92307692308
4401.02564102564
4386.15384615385
4383.58974358974
4393.84615384615
4389.23076923077
4385.12820512821
4386.15384615385
4377.4358974359
4373.84615384615
4383.58974358974
4385.12820512821
4381.02564102564
4384.10256410256
4380.51282051282
4373.84615384615
4377.4358974359
4384.10256410256
4382.5641025641
4378.46153846154
4383.58974358974
4384.61538461538
4372.82051282051
4376.92307692308
4390.25641025641
4382.05128205128
4373.33333333333
4381.53846153846
4378.46153846154
4368.20512820513
4374.8717948718
4379.48717948718
4374.8717948718
4378.46153846154
4386.15384615385
4388.20512820513
4383.58974358974
4383.58974358974
4383.58974358974
4375.89743589744
4371.28205128205
4375.89743589744
4386.66666666667
4390.25641025641
4381.02564102564
4374.35897435897
4377.94871794872
4383.58974358974
4384.10256410256
4378.97435897436
4367.17948717949
4364.10256410256
4375.38461538462
4374.35897435897
4361.02564102564
4360
4368.71794871795
4369.23076923077
4364.10256410256
4368.20512820513
4368.71794871795
4354.35897435897
4349.23076923077
4368.71794871795
4378.46153846154
4358.97435897436
4348.20512820513
4357.94871794872
4360
4356.92307692308
4358.46153846154
4354.8717948718
4350.25641025641
4355.89743589744
4357.94871794872
4358.46153846154
4364.10256410256
4368.20512820513
4371.28205128205
4370.25641025641
4367.69230769231
4370.25641025641
4369.74358974359
4364.61538461538
4365.12820512821
4367.17948717949
4363.58974358974
4362.5641025641
4365.64102564103
4371.79487179487
4372.30769230769
4365.12820512821
4360.51282051282
4367.17948717949
4374.35897435897
4367.69230769231
4354.35897435897
4349.23076923077
4356.41025641026
4364.61538461538
4365.12820512821
4367.69230769231
4374.35897435897
4372.82051282051
4363.58974358974
4364.10256410256
4369.74358974359
4367.69230769231
4362.05128205128
4360
4366.15384615385
4370.25641025641
4364.10256410256
4361.02564102564
4367.17948717949
4366.15384615385
4360
4360
4360.51282051282
4362.5641025641
4366.66666666667
4364.61538461538
4363.07692307692
4367.69230769231
4368.71794871795
4366.15384615385
4362.5641025641
4355.38461538462
4353.84615384615
4357.4358974359
4356.41025641026
4350.76923076923
4348.71794871795
4357.94871794872
4366.66666666667
4362.05128205128
4357.4358974359
4357.4358974359
4357.4358974359
4362.05128205128
4368.20512820513
4367.17948717949
4365.12820512821
4367.17948717949
4371.28205128205
4370.25641025641
4364.10256410256
4363.07692307692
4368.20512820513
4370.76923076923
4372.30769230769
4371.79487179487
4361.53846153846
4351.79487179487
4348.71794871795
4352.30769230769
4358.97435897436
4357.4358974359
4354.8717948718
4363.07692307692
4370.25641025641
4365.64102564103
4365.12820512821
4374.35897435897
4369.74358974359
4357.4358974359
4360.51282051282
4373.84615384615
4381.53846153846
4380
4380
4383.58974358974
4381.02564102564
4375.89743589744
4377.94871794872
4372.30769230769
4363.58974358974
4375.38461538462
4388.20512820513
4375.89743589744
4368.71794871795
4384.61538461538
4396.41025641026
4391.79487179487
4381.02564102564
4371.79487179487
4377.94871794872
4385.64102564103
4372.30769230769
4365.12820512821
4381.02564102564
4389.23076923077
4381.53846153846
4375.89743589744
4372.82051282051
4372.30769230769
4374.35897435897
4371.28205128205
4369.23076923077
4373.33333333333
4371.79487179487
4365.12820512821
4362.5641025641
4365.12820512821
4363.58974358974
4363.07692307692
4364.61538461538
4365.12820512821
4357.4358974359
4348.20512820513
4352.82051282051
4363.07692307692
4366.15384615385
4367.69230769231
4367.69230769231
4364.10256410256
4364.10256410256
4366.15384615385
4366.66666666667
4364.10256410256
4356.92307692308
4359.48717948718
4368.71794871795
4358.46153846154
4348.20512820513
4364.10256410256
4368.71794871795
4351.28205128205
4346.15384615385
4352.30769230769
4355.38461538462
4358.97435897436
4358.46153846154
4350.25641025641
4348.20512820513
4349.23076923077
4345.12820512821
4345.64102564103
4349.74358974359
4347.69230769231
4345.12820512821
4349.74358974359
4353.84615384615
4354.8717948718
4353.33333333333
4349.23076923077
4353.84615384615
4359.48717948718
4356.41025641026
4355.38461538462
4350.25641025641
4344.10256410256
4352.82051282051
4368.20512820513
4364.61538461538
4355.89743589744
4358.97435897436
4360
4356.41025641026
4356.41025641026
4358.97435897436
4357.4358974359
4353.33333333333
4348.71794871795
4342.5641025641
4342.5641025641
4349.74358974359
4351.28205128205
4352.30769230769
4363.07692307692
4363.07692307692
4344.10256410256
4339.48717948718
4353.33333333333
4356.92307692308
4348.20512820513
4346.15384615385
4348.71794871795
4352.30769230769
4362.05128205128
4369.23076923077
4359.48717948718
4345.64102564103
4341.02564102564
4334.8717948718
4327.17948717949
4330.25641025641
4335.89743589744
4333.84615384615
4336.41025641026
4337.4358974359
4326.15384615385
4328.20512820513
4340
4336.41025641026
4328.71794871795
4335.38461538462
4343.58974358974
4344.61538461538
4344.61538461538
4340.51282051282
4339.48717948718
4339.48717948718
