O1
4306.66666666667
4301.53846153846
4296.41025641026
4297.94871794872
4303.58974358974
4302.5641025641
4293.33333333333
4289.74358974359
4292.30769230769
4295.38461538462
4296.92307692308
4291.28205128205
4284.10256410256
4288.20512820513
4295.89743589744
4294.35897435897
4292.82051282051
4296.92307692308
4298.46153846154
4297.4358974359
4295.38461538462
4286.66666666667
4285.12820512821
4296.92307692308
4295.38461538462
4278.97435897436
4283.58974358974
4297.94871794872
4295.89743589744
4291.79487179487
4295.38461538462
4294.35897435897
4292.82051282051
4298.46153846154
4304.61538461538
4307.17948717949
4303.58974358974
4299.48717948718
4296.92307692308
4293.84615384615
4301.02564102564
4303.07692307692
4284.61538461538
4278.46153846154
4294.8717948718
4300.51282051282
4293.84615384615
4293.33333333333
4295.89743589744
4302.05128205128
4305.12820512821
4297.94871794872
4295.38461538462
4297.94871794872
4295.38461538462
4294.35897435897
4295.89743589744
4295.89743589744
4291.79487179487
4290.25641025641
4294.35897435897
4298.97435897436
4297.94871794872
4298.46153846154
4296.92307692308
4286.15384615385
4282.05128205128
4291.28205128205
4295.38461538462
4289.74358974359
4286.66666666667
4290.25641025641
4289.74358974359
4291.28205128205
4294.35897435897
4288.20512820513
4277.4358974359
4280
4282.05128205128
4277.4358974359
4283.58974358974
4288.71794871795
4283.58974358974
4280
4278.97435897436
4278.97435897436
4279.48717948718
4283.58974358974
4286.66666666667
4286.66666666667
4286.66666666667
4285.12820512821
4276.92307692308
4281.02564102564
4295.89743589744
4292.30769230769
4275.38461538462
4276.92307692308
4290.25641025641
4291.28205128205
4277.94871794872
4274.8717948718
4282.5641025641
4283.58974358974
4280.51282051282
4278.97435897436
4276.92307692308
4280.51282051282
4280
4275.38461538462
4282.5641025641
4288.71794871795
4281.53846153846
4277.4358974359
4282.5641025641
4292.30769230769
4296.92307692308
4288.20512820513
4282.5641025641
4288.20512820513
4290.25641025641
4288.71794871795
4295.89743589744
4297.94871794872
4284.61538461538
4276.92307692308
4286.66666666667
4295.38461538462
4296.92307692308
4296.41025641026
4287.17948717949
4278.46153846154
4281.53846153846
4281.53846153846
4276.92307692308
4281.02564102564
4282.5641025641
4276.92307692308
4282.5641025641
4291.28205128205
4283.07692307692
4277.4358974359
4285.64102564103
4285.12820512821
4277.4358974359
4276.41025641026
4278.97435897436
4284.10256410256
4287.69230769231
4285.64102564103
4283.58974358974
4284.10256410256
4282.05128205128
4281.02564102564
4283.07692307692
4282.5641025641
4280
4283.58974358974
4296.41025641026
4298.97435897436
4290.25641025641
4287.69230769231
4288.71794871795
4287.17948717949
4286.15384615385
4285.12820512821
4289.23076923077
4294.35897435897
4294.35897435897
4295.89743589744
4296.92307692308
4298.97435897436
4308.71794871795
4312.82051282051
4301.02564102564
4292.82051282051
4295.89743589744
4293.84615384615
4284.61538461538
4284.10256410256
4293.84615384615
4298.46153846154
4296.41025641026
4291.28205128205
4287.17948717949
4291.28205128205
4297.4358974359
4297.94871794872
4304.10256410256
4303.58974358974
4295.38461538462
4302.5641025641
4309.23076923077
4296.92307692308
4293.33333333333
4306.66666666667
4308.20512820513
4297.4358974359
4295.89743589744
4302.05128205128
4309.23076923077
4313.33333333333
4309.74358974359
4304.61538461538
4308.71794871795
4314.8717948718
4312.82051282051
4308.20512820513
4310.76923076923
4314.35897435897
4313.84615384615
4310.76923076923
4312.82051282051
4316.41025641026
4308.20512820513
4293.84615384615
4295.89743589744
4311.79487179487
4311.79487179487
4299.48717948718
4293.84615384615
4287.69230769231
4283.07692307692
4293.84615384615
4301.02564102564
4293.84615384615
4294.8717948718
4306.15384615385
4301.02564102564
4291.28205128205
4298.97435897436
4313.33333333333
4308.71794871795
4295.89743589744
4291.28205128205
4293.33333333333
4298.46153846154
4302.5641025641
4296.92307692308
4291.79487179487
4297.94871794872
4298.46153846154
4291.79487179487
4293.33333333333
4297.94871794872
4296.92307692308
4300.51282051282
4308.20512820513
4304.10256410256
4297.4358974359
4298.97435897436
4294.35897435897
4289.23076923077
4303.07692307692
4312.82051282051
4300.51282051282
4290.25641025641
4294.8717948718
4295.38461538462
4291.79487179487
4293.33333333333
4296.41025641026
4294.8717948718
4292.82051282051
4294.8717948718
4296.92307692308
4295.89743589744
4295.89743589744
4295.89743589744
4295.38461538462
4294.35897435897
4294.8717948718
4300
4303.58974358974
4293.33333333333
4280
4285.64102564103
4297.94871794872
4296.92307692308
4296.92307692308
4302.05128205128
4295.89743589744
4292.30769230769
4302.5641025641
4301.53846153846
4294.8717948718
4309.23076923077
4316.92307692308
4297.4358974359
4293.33333333333
4313.33333333333
4317.94871794872
4309.74358974359
4313.33333333333
4309.74358974359
4296.92307692308
4302.5641025641
4313.33333333333
4315.89743589744
4317.4358974359
4315.38461538462
4308.71794871795
4310.25641025641
4311.28205128205
4310.76923076923
4311.79487179487
4300.51282051282
4298.97435897436
4311.28205128205
4309.74358974359
4302.5641025641
4312.30769230769
4316.92307692308
4305.64102564103
4300
4306.66666666667
4310.76923076923
4302.5641025641
4296.41025641026
4295.38461538462
4294.35897435897
4303.07692307692
4312.82051282051
4306.66666666667
4306.15384615385
4316.41025641026
4307.69230769231
4296.92307692308
4303.58974358974
4302.5641025641
4294.35897435897
4302.5641025641
4313.33333333333
4310.76923076923
4308.71794871795
4310.76923076923
4309.74358974359
4303.58974358974
4300
4305.12820512821
4312.82051282051
4312.30769230769
4298.46153846154
4286.15384615385
4294.35897435897
4312.30769230769
4313.84615384615
4300
4292.82051282051
4300.51282051282
4313.33333333333
4316.41025641026
4311.79487179487
4302.5641025641
4292.30769230769
4290.76923076923
4299.48717948718
4303.58974358974
4298.97435897436
4296.92307692308
4298.46153846154
4293.84615384615
4294.35897435897
4308.71794871795
4310.76923076923
4296.41025641026
4297.4358974359
4311.79487179487
4310.76923076923
4302.05128205128
4309.23076923077
4314.35897435897
4301.53846153846
4297.94871794872
4309.74358974359
4310.76923076923
4302.05128205128
4305.12820512821
4310.76923076923
4309.23076923077
4308.20512820513
4307.17948717949
4303.58974358974
4303.58974358974
4306.66666666667
4317.4358974359
4327.69230769231
4322.5641025641
4313.33333333333
4317.94871794872
4324.10256410256
4323.07692307692
4324.61538461538
4324.61538461538
4318.46153846154
4320
4326.66666666667
4325.64102564103
4319.48717948718
4315.89743589744
4305.12820512821
4296.41025641026
4305.64102564103
4312.30769230769
4308.71794871795
4309.74358974359
4304.10256410256
4294.35897435897
4305.12820512821
4311.79487179487
4295.89743589744
4288.20512820513
4300
4305.64102564103
4301.02564102564
4298.97435897436
4298.46153846154
4289.23076923077
4281.53846153846
4289.23076923077
4296.92307692308
4293.84615384615
4288.20512820513
4286.66666666667
4289.23076923077
4288.20512820513
4281.53846153846
4284.61538461538
4300
4305.12820512821
4298.46153846154
4294.8717948718
4294.8717948718
4294.35897435897
4293.84615384615
4296.92307692308
4298.46153846154
4290.25641025641
4280
4281.02564102564
4291.79487179487
4297.4358974359
4294.35897435897
4294.35897435897
4297.94871794872
4293.84615384615
4291.28205128205
4294.8717948718
4292.30769230769
4289.74358974359
4294.35897435897
4295.38461538462
4295.89743589744
4292.30769230769
4281.02564102564
4283.07692307692
4297.4358974359
4297.94871794872
4294.35897435897
4302.05128205128
4304.61538461538
4302.5641025641
4295.38461538462
4283.58974358974
4284.10256410256
4287.69230769231
4282.05128205128
4279.48717948718
4283.58974358974
4278.46153846154
4278.97435897436
4289.23076923077
4291.28205128205
4290.76923076923
4291.28205128205
4293.33333333333
4294.8717948718
4295.89743589744
4293.33333333333
4291.79487179487
4293.84615384615
4292.30769230769
4289.23076923077
4292.82051282051
4298.46153846154
4295.89743589744
4292.30769230769
4293.84615384615
4301.02564102564
4304.10256410256
4296.41025641026
4294.8717948718
4305.12820512821
4305.12820512821
4296.92307692308
4297.4358974359
4298.46153846154
4299.48717948718
4309.23076923077
4308.71794871795
4297.94871794872
4294.8717948718
4296.92307692308
4293.84615384615
4292.82051282051
4294.8717948718
4292.30769230769
4293.33333333333
4298.46153846154
4300.51282051282
4296.92307692308
4291.79487179487
4295.38461538462
4299.48717948718
4293.84615384615
4291.79487179487
4298.97435897436
4299.48717948718
4291.79487179487
4291.28205128205
4293.84615384615
4292.82051282051
4293.33333333333
4296.92307692308
4296.92307692308
4286.15384615385
4282.05128205128
4291.79487179487
4297.4358974359
4296.92307692308
4289.74358974359
4281.02564102564
4286.66666666667
4299.48717948718
4296.41025641026
4290.25641025641
4291.79487179487
4287.17948717949
4282.05128205128
4280
4280
4288.20512820513
4299.48717948718
4294.35897435897
4282.05128205128
4285.12820512821
4295.89743589744
4295.38461538462
4294.35897435897
4297.4358974359
4291.28205128205
4279.48717948718
4277.4358974359
4277.94871794872
4274.8717948718
4277.94871794872
4281.53846153846
4275.89743589744
4279.48717948718
4292.82051282051
4291.28205128205
4275.89743589744
4272.82051282051
4288.71794871795
4296.92307692308
4284.10256410256
4278.46153846154
4286.66666666667
4284.10256410256
4280.51282051282
4286.66666666667
4283.07692307692
4276.41025641026
4283.58974358974
4286.66666666667
4276.92307692308
4277.4358974359
4288.20512820513
4288.20512820513
4280
4284.61538461538
4296.92307692308
4297.4358974359
4291.79487179487
4291.79487179487
4296.41025641026
4293.84615384615
4285.12820512821
4277.4358974359
4277.4358974359
4287.17948717949
4295.38461538462
4291.28205128205
4289.23076923077
4296.92307692308
4299.48717948718
4297.4358974359
4299.48717948718
4295.38461538462
4289.23076923077
4291.79487179487
4297.94871794872
4295.38461538462
4291.79487179487
4297.94871794872
4296.92307692308
4284.61538461538
4284.61538461538
4293.84615384615
4294.35897435897
4291.79487179487
4292.30769230769
4292.30769230769
4293.33333333333
4295.89743589744
4297.4358974359
4296.92307692308
4293.33333333333
4294.8717948718
4299.48717948718
4297.4358974359
4300
4305.64102564103
4302.5641025641
4297.94871794872
4294.35897435897
4288.20512820513
4295.89743589744
4310.25641025641
4306.15384615385
4298.46153846154
4303.58974358974
4297.94871794872
4289.23076923077
4304.61538461538
4317.4358974359
4304.61538461538
4297.94871794872
4306.66666666667
4315.89743589744
4316.41025641026
4312.82051282051
4314.35897435897
4324.10256410256
4327.69230769231
4322.5641025641
4329.23076923077
4339.48717948718
4333.84615384615
4328.20512820513
4328.71794871795
4330.25641025641
4330.25641025641
4321.53846153846
4316.41025641026
4328.20512820513
4329.74358974359
4307.69230769231
4304.10256410256
4318.46153846154
4313.33333333333
4305.64102564103
4312.30769230769
4314.8717948718
4309.23076923077
4310.25641025641
4321.53846153846
4328.71794871795
4319.48717948718
4305.64102564103
4307.69230769231
4318.97435897436
4317.94871794872
4306.15384615385
4303.07692307692
4310.25641025641
4315.89743589744
4311.79487179487
4302.05128205128
4301.53846153846
4308.20512820513
4307.17948717949
4309.23076923077
4314.8717948718
4301.53846153846
4290.76923076923
4305.64102564103
4315.38461538462
4314.35897435897
4322.5641025641
4322.5641025641
4311.79487179487
4313.33333333333
4308.20512820513
4296.41025641026
4304.10256410256
4317.94871794872
4308.71794871795
4293.33333333333
4298.46153846154
4311.28205128205
4313.33333333333
4304.10256410256
4299.48717948718
4307.17948717949
4313.84615384615
4306.66666666667
4298.97435897436
4305.64102564103
4312.30769230769
4312.82051282051
4309.23076923077
4305.12820512821
4310.25641025641
4316.41025641026
4303.07692307692
4293.33333333333
4305.64102564103
4312.82051282051
4301.53846153846
4293.33333333333
4297.94871794872
4307.17948717949
4317.94871794872
4321.02564102564
4312.82051282051
4310.76923076923
4311.79487179487
4303.07692307692
4296.92307692308
4300.51282051282
4304.10256410256
4303.07692307692
4294.35897435897
4289.74358974359
4305.12820512821
4314.8717948718
4301.02564102564
4298.97435897436
4307.17948717949
4298.97435897436
4294.8717948718
4302.05128205128
4297.94871794872
4289.74358974359
4300
4309.74358974359
4298.97435897436
4296.41025641026
4311.79487179487
4313.84615384615
4306.15384615385
4312.82051282051
4313.33333333333
4305.12820512821
4316.92307692308
4332.82051282051
4321.53846153846
4306.15384615385
4313.33333333333
4329.23076923077
4332.30769230769
4323.07692307692
4315.89743589744
4314.35897435897
4317.94871794872
4317.94871794872
4311.28205128205
4312.82051282051
4323.58974358974
4325.12820512821
4315.38461538462
4315.38461538462
4324.61538461538
4316.92307692308
4300
4300
4307.69230769231
4315.38461538462
4323.07692307692
4321.53846153846
4313.33333333333
4313.33333333333
4313.84615384615
4309.23076923077
4315.38461538462
4323.07692307692
4325.12820512821
4324.61538461538
4327.69230769231
4328.20512820513
4317.94871794872
4311.28205128205
4317.4358974359
4325.64102564103
4322.05128205128
4313.84615384615
4313.84615384615
4321.53846153846
4325.12820512821
4321.53846153846
4324.10256410256
4329.74358974359
4324.61538461538
4311.28205128205
4312.82051282051
4322.5641025641
4316.92307692308
4309.74358974359
4313.33333333333
4313.84615384615
4310.76923076923
4314.8717948718
4318.97435897436
4318.97435897436
4318.97435897436
4316.41025641026
4310.25641025641
4305.64102564103
4309.23076923077
4312.82051282051
4304.61538461538
4301.53846153846
4319.48717948718
4326.66666666667
4312.30769230769
4305.64102564103
4314.35897435897
4326.15384615385
4322.5641025641
4308.20512820513
4316.41025641026
4335.89743589744
4326.66666666667
4315.38461538462
4327.17948717949
4330.76923076923
4323.58974358974
4324.10256410256
4318.97435897436
4306.15384615385
4307.69230769231
4324.10256410256
4328.71794871795
4317.4358974359
4314.35897435897
4321.02564102564
4320
4318.97435897436
4327.17948717949
4327.17948717949
4318.97435897436
4316.92307692308
4312.82051282051
4308.20512820513
4314.35897435897
4325.12820512821
4322.05128205128
4311.28205128205
4310.76923076923
4314.8717948718
4313.33333333333
4312.82051282051
4323.07692307692
4329.74358974359
4321.02564102564
4313.33333333333
4315.89743589744
4314.35897435897
4312.82051282051
4321.53846153846
4323.58974358974
4314.8717948718
4310.76923076923
4311.28205128205
4310.76923076923
4310.76923076923
4313.33333333333
4320.51282051282
4319.48717948718
4305.64102564103
4300
4308.71794871795
4310.76923076923
4304.10256410256
4302.5641025641
4305.12820512821
4300.51282051282
4306.66666666667
4319.48717948718
4311.28205128205
4297.94871794872
4303.58974358974
4307.17948717949
4300.51282051282
4301.02564102564
4306.66666666667
4310.25641025641
4314.35897435897
4313.84615384615
4310.76923076923
4309.74358974359
4313.33333333333
4314.35897435897
4304.10256410256
4296.41025641026
4303.07692307692
4307.69230769231
4307.17948717949
4308.71794871795
4303.07692307692
4295.38461538462
4306.15384615385
4315.89743589744
4311.79487179487
4316.92307692308
4322.05128205128
4312.30769230769
4305.64102564103
4310.76923076923
4314.8717948718
4314.8717948718
4314.8717948718
4313.33333333333
4312.30769230769
4310.76923076923
4311.79487179487
4315.89743589744
4314.35897435897
4310.25641025641
4311.79487179487
4316.41025641026
4320.51282051282
4317.94871794872
4308.71794871795
4305.64102564103
4310.76923076923
4314.8717948718
4320
4318.46153846154
4310.25641025641
4313.84615384615
4321.53846153846
4314.8717948718
4309.23076923077
4312.30769230769
4316.92307692308
4320
4322.5641025641
4325.12820512821
4321.53846153846
4312.82051282051
4311.79487179487
4316.41025641026
4313.84615384615
4310.25641025641
4309.23076923077
4307.69230769231
4307.17948717949
4311.28205128205
4320.51282051282
4321.53846153846
4311.28205128205
4307.69230769231
4315.38461538462
4318.97435897436
4318.46153846154
4319.48717948718
4320.51282051282
4319.48717948718
4314.8717948718
4309.74358974359
4309.23076923077
4314.35897435897
4320.51282051282
4326.66666666667
4328.20512820513
4324.61538461538
4323.07692307692
4327.69230769231
4328.20512820513
4324.61538461538
4332.82051282051
4345.12820512821
4344.10256410256
4337.4358974359
4337.94871794872
4336.41025641026
4331.79487179487
4338.46153846154
4342.05128205128
4332.30769230769
4327.69230769231
4334.8717948718
4341.02564102564
4329.74358974359
4311.79487179487
4310.76923076923
4322.5641025641
4324.10256410256
4316.41025641026
4316.41025641026
4325.12820512821
4324.10256410256
4306.15384615385
4296.41025641026
4310.25641025641
4322.5641025641
4319.48717948718
4313.33333333333
4309.74358974359
4310.25641025641
4310.25641025641
4310.25641025641
4315.38461538462
4314.8717948718
4310.76923076923
4311.28205128205
4311.79487179487
4308.71794871795
4306.66666666667
4312.82051282051
4316.41025641026
4313.33333333333
4313.33333333333
4316.92307692308
4314.35897435897
4307.17948717949
4307.17948717949
4315.38461538462
4312.30769230769
4298.97435897436
4301.53846153846
4315.38461538462
4314.35897435897
4305.12820512821
4306.66666666667
4310.76923076923
4313.33333333333
4309.23076923077
4302.5641025641
4304.61538461538
4308.20512820513
4306.15384615385
4309.23076923077
4310.76923076923
4301.53846153846
4298.97435897436
4311.28205128205
4314.8717948718
4305.12820512821
4300.51282051282
4303.07692307692
4309.23076923077
4312.82051282051
4303.58974358974
4297.4358974359
4305.12820512821
4306.66666666667
4294.35897435897
4293.84615384615
4307.17948717949
4309.74358974359
4303.07692307692
4306.15384615385
4310.76923076923
4304.10256410256
4304.10256410256
4310.25641025641
4309.23076923077
4309.74358974359
4306.66666666667
4298.97435897436
4304.10256410256
4313.33333333333
4306.15384615385
4301.02564102564
4311.28205128205
4316.92307692308
4311.79487179487
4310.25641025641
4311.79487179487
4311.79487179487
4312.82051282051
4305.12820512821
4292.82051282051
4297.4358974359
4307.69230769231
4306.15384615385
4303.07692307692
4306.66666666667
4310.76923076923
4312.30769230769
4310.25641025641
4308.20512820513
4312.30769230769
4309.74358974359
4297.4358974359
4293.33333333333
4297.94871794872
4296.92307692308
4293.33333333333
4296.92307692308
4298.46153846154
4294.8717948718
4294.8717948718
4302.05128205128
4305.64102564103
4298.97435897436
4296.92307692308
4303.58974358974
4302.05128205128
4295.89743589744
4296.92307692308
4303.58974358974
4311.28205128205
4307.69230769231
4295.89743589744
4291.79487179487
4296.41025641026
4296.41025641026
4295.38461538462
4301.53846153846
4304.61538461538
4298.97435897436
4295.38461538462
4298.46153846154
4295.89743589744
4293.33333333333
4304.61538461538
4313.33333333333
4306.66666666667
4295.89743589744
4296.92307692308
4306.66666666667
4312.30769230769
4309.74358974359
4304.61538461538
4303.58974358974
4304.10256410256
4304.61538461538
4305.12820512821
4300.51282051282
4300.51282051282
4306.15384615385
4306.15384615385
4304.61538461538
4312.30769230769
4314.35897435897
4300.51282051282
4294.8717948718
4303.07692307692
4312.30769230769
4309.74358974359
4301.53846153846
4300.51282051282
4305.64102564103
4310.25641025641
4303.07692307692
4293.84615384615
4297.4358974359
4301.02564102564
4298.46153846154
4292.30769230769
4288.20512820513
4289.74358974359
4300.51282051282
4302.05128205128
4292.82051282051
4302.05128205128
4314.35897435897
4306.66666666667
4296.92307692308
4293.33333333333
4287.17948717949
4288.71794871795
4304.10256410256
4306.15384615385
4297.4358974359
4297.94871794872
4295.89743589744
4296.92307692308
4306.15384615385
4308.20512820513
4300.51282051282
4278.97435897436
4234.8717948718
4198.46153846154
4196.41025641026
4200.51282051282
4196.92307692308
4202.5641025641
4202.5641025641
4189.23076923077
4188.20512820513
4202.05128205128
4206.66666666667
4202.5641025641
4203.07692307692
4198.97435897436
4196.41025641026
4207.69230769231
4210.76923076923
4197.94871794872
4202.5641025641
4219.48717948718
4222.05128205128
4215.38461538462
4209.74358974359
4208.71794871795
4215.38461538462
4221.02564102564
4219.48717948718
4217.4358974359
4212.82051282051
4214.35897435897
4223.58974358974
4221.02564102564
4221.53846153846
4232.82051282051
4226.66666666667
4212.30769230769
4223.58974358974
4238.46153846154
4223.07692307692
4210.25641025641
4222.05128205128
4237.4358974359
4231.79487179487
4216.41025641026
4218.97435897436
4239.48717948718
4250.76923076923
4236.41025641026
4224.10256410256
4238.46153846154
4254.35897435897
4244.61538461538
4230.25641025641
4241.53846153846
4248.20512820513
4233.33333333333
4233.84615384615
4250.25641025641
4253.33333333333
4254.35897435897
4263.58974358974
4264.10256410256
4260.51282051282
4265.12820512821
4270.25641025641
4270.25641025641
4270.76923076923
4276.92307692308
4284.10256410256
4282.05128205128
4283.07692307692
4292.82051282051
4297.94871794872
4300
4292.82051282051
4285.12820512821
4292.30769230769
4300
4297.94871794872
4294.8717948718
4292.30769230769
4293.84615384615
4302.5641025641
4307.69230769231
4306.15384615385
4310.25641025641
4313.84615384615
4311.79487179487
4315.38461538462
4316.92307692308
4309.74358974359
4308.71794871795
4314.35897435897
4310.76923076923
4308.71794871795
4314.8717948718
4316.41025641026
4313.84615384615
4312.30769230769
4308.71794871795
4310.25641025641
4315.89743589744
4316.41025641026
4322.05128205128
4328.71794871795
4320
