4454.35897435897
4453.33333333333
4446.66666666667
4442.05128205128
4441.02564102564
4444.10256410256
4451.79487179487
4454.8717948718
4444.61538461538
4437.94871794872
4450.76923076923
4455.38461538462
4442.5641025641
4445.12820512821
4455.89743589744
4450.25641025641
4440
4442.05128205128
4448.71794871795
4456.41025641026
4460
4448.71794871795
4438.97435897436
4451.28205128205
4458.46153846154
4445.12820512821
4445.12820512821
4462.5641025641
4464.10256410256
4457.4358974359
4460
4459.48717948718
4456.41025641026
4456.92307692308
4449.74358974359
4444.61538461538
4454.8717948718
4466.15384615385
4459.48717948718
4446.66666666667
4445.64102564103
4443.58974358974
4440.51282051282
4453.33333333333
4460.51282051282
4447.69230769231
4437.94871794872
4443.07692307692
4447.17948717949
4447.17948717949
4444.10256410256
4440.51282051282
4441.02564102564
4441.53846153846
4442.05128205128
4443.07692307692
4448.20512820513
4453.33333333333
4448.20512820513
4442.5641025641
4446.66666666667
4443.07692307692
4433.84615384615
4442.05128205128
4453.84615384615
4449.23076923077
4441.53846153846
4441.02564102564
4441.53846153846
4443.07692307692
4443.58974358974
4441.53846153846
4441.53846153846
4443.07692307692
4443.58974358974
4445.12820512821
4446.66666666667
4444.61538461538
4442.05128205128
4443.07692307692
4445.12820512821
4444.61538461538
4441.02564102564
4440
4443.07692307692
4449.23076923077
4447.69230769231
4443.07692307692
4445.12820512821
4443.58974358974
4436.41025641026
4436.41025641026
4442.5641025641
4443.07692307692
4438.97435897436
4435.89743589744
4433.33333333333
4429.23076923077
4426.15384615385
4432.30769230769
4441.53846153846
4442.05128205128
4439.48717948718
4441.02564102564
4444.10256410256
4442.5641025641
4440.51282051282
4442.5641025641
4449.23076923077
4452.82051282051
4453.33333333333
4455.38461538462
4453.33333333333
4446.15384615385
4445.12820512821
4447.69230769231
4446.15384615385
4442.5641025641
4442.05128205128
4447.69230769231
4456.92307692308
4460
4457.94871794872
4457.94871794872
4459.48717948718
4459.48717948718
4460
4455.89743589744
4451.79487179487
4456.92307692308
4463.58974358974
4464.10256410256
4462.05128205128
4461.53846153846
4460
4461.02564102564
4460.51282051282
4457.94871794872
4459.48717948718
4458.97435897436
4458.46153846154
4461.53846153846
4453.33333333333
4445.64102564103
4453.84615384615
4462.5641025641
4460.51282051282
4457.4358974359
4457.94871794872
4459.48717948718
4456.41025641026
4456.41025641026
4465.64102564103
4461.53846153846
4455.38461538462
4467.69230769231
4472.30769230769
4460.51282051282
4458.46153846154
4468.20512820513
4474.8717948718
4475.89743589744
4472.30769230769
4471.79487179487
4474.8717948718
4475.38461538462
4478.46153846154
4475.38461538462
4463.58974358974
4457.94871794872
4460.51282051282
4461.02564102564
4458.46153846154
4456.41025641026
4454.35897435897
4453.84615384615
4456.41025641026
4456.92307692308
4462.05128205128
4471.28205128205
4474.8717948718
4472.30769230769
4470.25641025641
4461.53846153846
4457.94871794872
4473.33333333333
4482.05128205128
4471.28205128205
4471.28205128205
4478.97435897436
4475.38461538462
4479.48717948718
4488.71794871795
4480
4468.71794871795
4474.35897435897
4485.12820512821
4489.74358974359
4487.69230769231
4478.97435897436
4475.38461538462
4475.89743589744
4475.38461538462
4476.92307692308
4477.94871794872
4477.94871794872
4473.33333333333
4472.30769230769
4476.41025641026
4470.76923076923
4464.10256410256
4471.79487179487
4478.46153846154
4470.25641025641
4464.10256410256
4465.64102564103
4464.61538461538
4462.05128205128
4459.48717948718
4464.10256410256
4475.38461538462
4474.35897435897
4462.05128205128
4456.92307692308
4458.97435897436
4456.41025641026
4456.41025641026
4465.12820512821
4469.74358974359
4464.61538461538
4460
4461.53846153846
4460
4455.38461538462
4461.53846153846
4473.84615384615
4475.38461538462
4465.64102564103
4459.48717948718
4458.97435897436
4458.46153846154
4462.05128205128
4466.66666666667
4463.58974358974
4463.07692307692
4470.76923076923
4475.89743589744
4471.28205128205
4465.64102564103
4470.25641025641
4476.41025641026
4474.35897435897
4471.28205128205
4472.82051282051
4473.33333333333
4474.35897435897
4475.89743589744
4474.35897435897
4471.79487179487
4471.79487179487
4473.33333333333
4475.89743589744
4475.89743589744
4474.8717948718
4483.07692307692
4489.74358974359
4482.05128205128
4473.84615384615
4476.92307692308
4481.02564102564
4483.58974358974
4488.71794871795
4490.25641025641
4490.25641025641
4487.69230769231
4477.4358974359
4469.74358974359
4470.25641025641
4469.74358974359
4470.25641025641
4475.38461538462
4476.92307692308
4474.8717948718
4475.89743589744
4477.4358974359
4477.4358974359
4474.8717948718
4473.84615384615
4484.10256410256
4491.28205128205
4481.02564102564
4472.82051282051
4482.5641025641
4484.61538461538
4478.97435897436
4486.66666666667
4494.8717948718
4490.76923076923
4489.74358974359
4493.33333333333
4490.25641025641
4487.17948717949
4483.58974358974
4475.89743589744
4480
4491.28205128205
4490.76923076923
4491.79487179487
4502.5641025641
4510.76923076923
4514.35897435897
4518.46153846154
4527.17948717949
4538.46153846154
4544.10256410256
4544.10256410256
4533.33333333333
4522.05128205128
4528.71794871795
4537.94871794872
4523.58974358974
4505.12820512821
4502.5641025641
4504.61538461538
4507.17948717949
4507.17948717949
4502.5641025641
4496.41025641026
4490.76923076923
4489.23076923077
4491.79487179487
4489.74358974359
4488.71794871795
4497.94871794872
4502.05128205128
4490.76923076923
4484.10256410256
4488.20512820513
4490.76923076923
4491.79487179487
4495.38461538462
4492.82051282051
4482.5641025641
4474.35897435897
4476.41025641026
4478.46153846154
4477.94871794872
4474.8717948718
4474.35897435897
4484.10256410256
4485.64102564103
4473.84615384615
4477.4358974359
4492.30769230769
4491.79487179487
4487.69230769231
4487.17948717949
4482.05128205128
4476.92307692308
4475.89743589744
4483.58974358974
4490.76923076923
4479.48717948718
4468.20512820513
4481.02564102564
4484.61538461538
4475.89743589744
4485.12820512821
4496.92307692308
4493.84615384615
4488.20512820513
4491.28205128205
4498.46153846154
4505.64102564103
4509.23076923077
4503.58974358974
4494.35897435897
4496.92307692308
4501.02564102564
4491.79487179487
4485.64102564103
4490.76923076923
4488.71794871795
4486.15384615385
4492.82051282051
4495.38461538462
4495.38461538462
4496.41025641026
4493.33333333333
4488.71794871795
4488.71794871795
4488.20512820513
4486.66666666667
4488.20512820513
4489.23076923077
4487.17948717949
4490.25641025641
4491.79487179487
4488.71794871795
4486.66666666667
4482.5641025641
4478.46153846154
4475.89743589744
4477.4358974359
4483.07692307692
4490.76923076923
4492.30769230769
4480.51282051282
4474.35897435897
4483.07692307692
4484.10256410256
4473.33333333333
4471.28205128205
4476.41025641026
4480
4487.17948717949
4489.74358974359
4489.74358974359
4492.30769230769
4490.76923076923
4489.74358974359
4488.71794871795
4480.51282051282
4476.92307692308
4479.48717948718
4476.41025641026
4473.84615384615
4474.8717948718
4472.82051282051
4475.38461538462
4478.97435897436
4474.8717948718
4472.82051282051
4468.71794871795
4459.48717948718
4460.51282051282
4465.64102564103
4462.05128205128
4457.4358974359
4464.10256410256
4470.76923076923
4465.64102564103
4460.51282051282
4462.05128205128
4461.53846153846
4462.5641025641
4472.30769230769
4475.38461538462
4472.82051282051
4474.8717948718
4473.84615384615
4472.82051282051
4472.30769230769
4464.10256410256
4458.46153846154
4461.53846153846
4461.02564102564
4462.5641025641
4474.8717948718
4476.41025641026
4463.07692307692
4464.61538461538
4473.33333333333
4466.15384615385
4459.48717948718
4462.05128205128
4459.48717948718
4459.48717948718
4461.02564102564
4453.84615384615
4451.28205128205
4458.46153846154
4463.58974358974
4461.53846153846
4457.94871794872
4458.97435897436
4457.94871794872
4452.82051282051
4453.33333333333
4460.51282051282
4459.48717948718
4456.92307692308
4461.02564102564
4460.51282051282
4460.51282051282
4467.69230769231
4469.23076923077
4461.02564102564
4457.4358974359
4463.58974358974
4469.23076923077
4474.8717948718
4472.82051282051
4462.5641025641
4463.58974358974
4472.30769230769
4473.33333333333
4470.76923076923
4471.28205128205
4471.79487179487
4470.76923076923
4472.30769230769
4473.84615384615
4476.92307692308
4477.4358974359
4474.8717948718
4474.35897435897
4475.38461538462
4473.84615384615
4471.28205128205
4470.76923076923
4472.82051282051
4474.8717948718
4471.79487179487
4470.76923076923
4473.33333333333
4468.20512820513
4462.05128205128
4463.07692307692
4465.12820512821
4468.71794871795
4473.33333333333
4473.84615384615
4475.38461538462
4480
4477.94871794872
4477.94871794872
4488.20512820513
4492.30769230769
4486.15384615385
4476.41025641026
4471.79487179487
4473.33333333333
4473.33333333333
4477.4358974359
4488.20512820513
4489.23076923077
4478.46153846154
4471.28205128205
4471.28205128205
4478.46153846154
4487.69230769231
4490.25641025641
4488.71794871795
4489.23076923077
4488.20512820513
4488.20512820513
4490.25641025641
4488.20512820513
4487.69230769231
4488.71794871795
4488.71794871795
4491.28205128205
4487.69230769231
4477.94871794872
4474.8717948718
4475.89743589744
4466.15384615385
4455.89743589744
4455.38461538462
4458.97435897436
4466.15384615385
4472.82051282051
4475.38461538462
4475.89743589744
4476.41025641026
4477.4358974359
4476.92307692308
4474.35897435897
4474.35897435897
4476.41025641026
4481.53846153846
4488.71794871795
4490.76923076923
4495.89743589744
4507.69230769231
4504.61538461538
4496.41025641026
4503.58974358974
4509.74358974359
4504.61538461538
4504.10256410256
4505.64102564103
4496.92307692308
4490.25641025641
4492.82051282051
4493.84615384615
4491.79487179487
4493.33333333333
4491.79487179487
4488.20512820513
4495.89743589744
4506.66666666667
4507.69230769231
4504.61538461538
4504.10256410256
4503.58974358974
4505.12820512821
4505.12820512821
4496.92307692308
4489.74358974359
4487.69230769231
4488.71794871795
4491.79487179487
4492.30769230769
4489.74358974359
4491.79487179487
4494.8717948718
4493.84615384615
4497.4358974359
4505.64102564103
4508.20512820513
4501.02564102564
4492.82051282051
4491.79487179487
4493.84615384615
4490.25641025641
4488.20512820513
4501.02564102564
4507.17948717949
4495.89743589744
4489.74358974359
4492.30769230769
4487.69230769231
4487.69230769231
4490.76923076923
4480.51282051282
4478.97435897436
4492.30769230769
4494.35897435897
4489.23076923077
4491.28205128205
4491.28205128205
4487.69230769231
4491.28205128205
4492.82051282051
4490.76923076923
4497.4358974359
4505.64102564103
4506.15384615385
4507.17948717949
4508.71794871795
4503.58974358974
4502.05128205128
4507.69230769231
4503.58974358974
4490.76923076923
4488.20512820513
4501.53846153846
4507.69230769231
4496.92307692308
4488.20512820513
4488.71794871795
4490.25641025641
4491.28205128205
4490.76923076923
4486.15384615385
4486.66666666667
4489.23076923077
4480
4472.82051282051
4475.38461538462
4478.46153846154
4478.46153846154
4479.48717948718
4477.94871794872
4472.30769230769
4467.17948717949
4461.02564102564
4457.4358974359
4463.58974358974
4473.84615384615
4477.4358974359
4479.48717948718
4487.69230769231
4493.84615384615
4493.33333333333
4492.82051282051
4491.79487179487
4484.61538461538
4478.46153846154
4476.92307692308
4476.41025641026
4474.35897435897
4474.8717948718
4480
4476.41025641026
4475.38461538462
4486.66666666667
4492.30769230769
4488.20512820513
4491.28205128205
4496.92307692308
4491.79487179487
4486.66666666667
4488.20512820513
4490.76923076923
4491.28205128205
4493.84615384615
4493.33333333333
4487.17948717949
4492.30769230769
4509.23076923077
4510.76923076923
4493.33333333333
4487.69230769231
4490.76923076923
4481.53846153846
4475.89743589744
4487.17948717949
4495.89743589744
4493.84615384615
4494.8717948718
4490.25641025641
4477.4358974359
4478.97435897436
4489.74358974359
4487.17948717949
4476.92307692308
4466.66666666667
4462.05128205128
4467.69230769231
4474.35897435897
4472.82051282051
4466.66666666667
4457.4358974359
4455.89743589744
4469.23076923077
4475.38461538462
4472.30769230769
4473.84615384615
4469.74358974359
4460
4457.94871794872
4466.15384615385
4471.79487179487
4473.84615384615
4475.89743589744
4475.38461538462
4473.33333333333
4472.30769230769
4473.84615384615
4472.82051282051
4470.25641025641
4477.4358974359
4484.10256410256
4476.41025641026
4475.89743589744
4487.69230769231
4483.07692307692
4472.30769230769
4486.15384615385
4498.97435897436
4492.82051282051
4489.23076923077
4482.05128205128
4475.89743589744
4494.35897435897
4509.74358974359
4496.41025641026
4492.82051282051
4504.10256410256
4500
4488.20512820513
4488.71794871795
4492.82051282051
4492.30769230769
4496.41025641026
4501.53846153846
4498.46153846154
4487.17948717949
4486.15384615385
4496.92307692308
4498.97435897436
4490.76923076923
4487.17948717949
4494.35897435897
4498.46153846154
4492.30769230769
4488.20512820513
4489.23076923077
4489.23076923077
4489.23076923077
4491.79487179487
4491.28205128205
4486.66666666667
4488.20512820513
4494.8717948718
4495.38461538462
4491.79487179487
4492.82051282051
4489.23076923077
4485.64102564103
4497.94871794872
4503.58974358974
4490.76923076923
4492.30769230769
4508.71794871795
4508.20512820513
4495.38461538462
4490.25641025641
4494.8717948718
4503.58974358974
4505.64102564103
4501.53846153846
4505.64102564103
4510.76923076923
4508.20512820513
4513.33333333333
4520.51282051282
4514.35897435897
4504.61538461538
4509.23076923077
4517.94871794872
4520
4523.07692307692
4520
4510.25641025641
4509.23076923077
4511.79487179487
4507.69230769231
4509.23076923077
4522.5641025641
4523.58974358974
4512.30769230769
4508.71794871795
4507.69230769231
4504.61538461538
4508.71794871795
4519.48717948718
4524.61538461538
4517.4358974359
4509.23076923077
4506.15384615385
4506.66666666667
4507.17948717949
4507.17948717949
4508.20512820513
4507.69230769231
4505.12820512821
4508.20512820513
4514.35897435897
4506.66666666667
4499.48717948718
4515.38461538462
4526.66666666667
4513.33333333333
4506.15384615385
4512.82051282051
4511.79487179487
4506.66666666667
4506.66666666667
4508.20512820513
4510.25641025641
4510.25641025641
4506.66666666667
4503.07692307692
4504.61538461538
4503.58974358974
4494.8717948718
4489.23076923077
4489.74358974359
4491.28205128205
4492.82051282051
4491.79487179487
4490.76923076923
4493.84615384615
4493.33333333333
4497.4358974359
4504.61538461538
4496.92307692308
4492.82051282051
4504.10256410256
4508.20512820513
4502.5641025641
4505.12820512821
4508.71794871795
4500.51282051282
4490.25641025641
4487.17948717949
4492.30769230769
4498.46153846154
4508.71794871795
4519.48717948718
4524.61538461538
4530.76923076923
4543.58974358974
4554.8717948718
4555.38461538462
4553.33333333333
4550.25641025641
4544.61538461538
4537.4358974359
4527.17948717949
4520
4518.46153846154
4514.35897435897
4505.64102564103
4504.61538461538
4505.64102564103
4504.10256410256
4506.66666666667
4506.15384615385
4500.51282051282
4499.48717948718
4504.61538461538
4506.66666666667
4499.48717948718
4489.74358974359
4489.23076923077
4490.76923076923
4494.35897435897
4503.58974358974
4504.10256410256
4492.30769230769
4488.20512820513
4492.82051282051
4490.25641025641
4485.12820512821
4489.23076923077
4494.35897435897
4492.30769230769
4488.20512820513
4491.28205128205
4492.30769230769
4487.69230769231
4486.66666666667
4488.20512820513
4491.79487179487
4493.33333333333
4481.02564102564
4472.30769230769
4484.61538461538
4496.92307692308
4488.20512820513
4477.4358974359
4475.38461538462
4476.92307692308
4475.89743589744
4474.8717948718
4475.89743589744
4475.89743589744
4476.92307692308
4477.94871794872
4475.89743589744
4480
4489.23076923077
4490.76923076923
4484.61538461538
4480.51282051282
4474.8717948718
4473.84615384615
4485.64102564103
4488.71794871795
4478.97435897436
4473.84615384615
4480
4481.53846153846
4475.38461538462
4475.89743589744
4474.8717948718
4463.58974358974
4456.41025641026
4458.97435897436
4458.97435897436
4463.07692307692
4474.35897435897
4473.84615384615
4467.69230769231
4473.33333333333
4477.94871794872
4472.82051282051
4472.82051282051
4474.8717948718
4463.58974358974
4460.51282051282
4473.33333333333
4474.8717948718
4469.74358974359
4475.38461538462
4476.41025641026
4470.25641025641
4463.58974358974
4452.82051282051
4450.25641025641
4458.46153846154
4457.4358974359
4451.79487179487
4456.41025641026
4463.58974358974
4460
4454.8717948718
4457.94871794872
4459.48717948718
4448.71794871795
4443.07692307692
4447.17948717949
4444.61538461538
4442.5641025641
4445.64102564103
4445.12820512821
4449.23076923077
4454.8717948718
4448.71794871795
4443.58974358974
4448.71794871795
4450.76923076923
4447.17948717949
4449.23076923077
4454.8717948718
4457.4358974359
4456.92307692308
4458.46153846154
4462.5641025641
4462.5641025641
4461.02564102564
4462.05128205128
4463.58974358974
4464.10256410256
4462.5641025641
4461.02564102564
4462.05128205128
4461.53846153846
4462.5641025641
4458.46153846154
4445.12820512821
4442.5641025641
4455.89743589744
4464.61538461538
4460
4460
4471.28205128205
4471.28205128205
4461.02564102564
4456.41025641026
4456.92307692308
4446.15384615385
4440
4451.28205128205
4457.94871794872
4451.28205128205
4445.12820512821
4447.69230769231
4446.66666666667
4435.89743589744
4422.5641025641
4411.79487179487
4405.64102564103
4406.66666666667
4409.74358974359
4405.12820512821
4402.05128205128
4405.64102564103
4401.53846153846
4399.48717948718
4407.69230769231
4409.23076923077
4403.58974358974
4402.5641025641
4399.48717948718
4393.84615384615
4400
4410.25641025641
4407.69230769231
4398.97435897436
4400.51282051282
4407.69230769231
4406.15384615385
4399.48717948718
4394.8717948718
4395.38461538462
4401.02564102564
4398.46153846154
4389.74358974359
4391.28205128205
4397.4358974359
4396.41025641026
4395.89743589744
4398.46153846154
4397.4358974359
4396.41025641026
4400.51282051282
4396.41025641026
4387.69230769231
4389.23076923077
4392.30769230769
4387.69230769231
4384.10256410256
4385.64102564103
4390.25641025641
4396.92307692308
4399.48717948718
4399.48717948718
4396.41025641026
4392.82051282051
4395.89743589744
4401.02564102564
4397.94871794872
4395.89743589744
4398.46153846154
4403.07692307692
4407.69230769231
4413.33333333333
4420.51282051282
4427.69230769231
4436.92307692308
4445.64102564103
4448.71794871795
4445.12820512821
4442.5641025641
4439.48717948718
4425.12820512821
4412.82051282051
4411.79487179487
4411.28205128205
4399.48717948718
4393.84615384615
4403.07692307692
4409.74358974359
4406.15384615385
4393.33333333333
4382.5641025641
4382.05128205128
4383.07692307692
4375.89743589744
4366.66666666667
4366.66666666667
4369.23076923077
4370.25641025641
4372.82051282051
4372.30769230769
4365.64102564103
4364.10256410256
4369.23076923077
4370.76923076923
4373.33333333333
4373.84615384615
4367.69230769231
4368.20512820513
4370.76923076923
4366.66666666667
4364.61538461538
4366.15384615385
4365.12820512821
4365.12820512821
4367.69230769231
4368.20512820513
4366.66666666667
4360.51282051282
4357.4358974359
4356.92307692308
4355.89743589744
4357.94871794872
4353.84615384615
4341.02564102564
4338.97435897436
4347.17948717949
4343.58974358974
4342.05128205128
4349.23076923077
4348.71794871795
4336.92307692308
4332.30769230769
4335.38461538462
4329.74358974359
4324.10256410256
4325.64102564103
4323.58974358974
4315.38461538462
4310.76923076923
4304.10256410256
4295.89743589744
4296.41025641026
4297.94871794872
4293.84615384615
4297.94871794872
4306.66666666667
4301.53846153846
4295.89743589744
4299.48717948718
4306.15384615385
4303.58974358974
4299.48717948718
4301.02564102564
4304.10256410256
4304.61538461538
4303.07692307692
4297.4358974359
4295.89743589744
4306.15384615385
4311.28205128205
4298.97435897436
4290.76923076923
4293.84615384615
4292.30769230769
4288.20512820513
4292.82051282051
4292.30769230769
4283.58974358974
4280.51282051282
4282.5641025641
4280.51282051282
4278.46153846154
4284.10256410256
4292.82051282051
4294.35897435897
4289.74358974359
4290.76923076923
4296.41025641026
4298.46153846154
4295.89743589744
4293.84615384615
4297.4358974359
4300.51282051282
4298.46153846154
4294.35897435897
4292.82051282051
4295.38461538462
4297.4358974359
4296.92307692308
4297.4358974359
4297.94871794872
4295.89743589744
4300.51282051282
4305.64102564103
4301.53846153846
4296.92307692308
4296.92307692308
4298.46153846154
4297.94871794872
4307.69230769231
4318.46153846154
4313.33333333333
4307.17948717949
4309.74358974359
4311.28205128205
4311.79487179487
4317.94871794872
4320.51282051282
4311.79487179487
4301.02564102564
4300.51282051282
4308.20512820513
4311.79487179487
4312.30769230769
4309.74358974359
4309.23076923077
4315.89743589744
4318.46153846154
4310.25641025641
4305.64102564103
4310.25641025641
4317.4358974359
4320
4317.4358974359
4316.41025641026
4322.5641025641
4326.15384615385
4326.15384615385
4325.64102564103
4326.15384615385
4325.12820512821
4326.15384615385
4329.23076923077
4326.15384615385
4325.64102564103
4333.33333333333
4336.92307692308
4333.33333333333
4336.92307692308
4343.58974358974
4343.58974358974
4348.20512820513
4353.33333333333
4351.79487179487
4346.66666666667
4345.12820512821
4346.15384615385
4348.20512820513
4356.41025641026
4363.58974358974
4370.25641025641
4384.10256410256
4396.92307692308
4402.05128205128
4404.61538461538
4405.64102564103
4407.69230769231
4412.30769230769
4409.74358974359
4403.07692307692
4400
4395.38461538462
4393.84615384615
4393.33333333333
4387.69230769231
4385.12820512821
4386.15384615385
4387.69230769231
4387.17948717949
4385.64102564103
4387.17948717949
4386.15384615385
4383.58974358974
