P8
4163.07692307692
4175.89743589744
4188.71794871795
4180.51282051282
4183.07692307692
4188.20512820513
4167.69230769231
4162.5641025641
4191.79487179487
4188.71794871795
4145.64102564103
4149.74358974359
4209.23076923077
4230.25641025641
4192.82051282051
4163.58974358974
4165.64102564103
4179.48717948718
4188.71794871795
4178.97435897436
4186.15384615385
4213.84615384615
4206.15384615385
4170.25641025641
4158.97435897436
4176.41025641026
4205.64102564103
4222.5641025641
4204.10256410256
4190.25641025641
4213.33333333333
4218.46153846154
4179.48717948718
4161.53846153846
4198.46153846154
4212.30769230769
4182.05128205128
4183.58974358974
4202.05128205128
4192.30769230769
4176.92307692308
4172.82051282051
4174.35897435897
4196.41025641026
4212.82051282051
4192.30769230769
4178.97435897436
4189.74358974359
4189.23076923077
4182.5641025641
4178.97435897436
4177.4358974359
4181.53846153846
4182.05128205128
4180.51282051282
4192.82051282051
4193.33333333333
4188.20512820513
4201.53846153846
4198.97435897436
4175.38461538462
4182.05128205128
4189.23076923077
4167.69230769231
4174.8717948718
4203.58974358974
4207.69230769231
4199.48717948718
4194.8717948718
4187.69230769231
4185.12820512821
4184.61538461538
4177.4358974359
4188.20512820513
4200.51282051282
4191.28205128205
4180.51282051282
4183.58974358974
4192.82051282051
4197.94871794872
4195.38461538462
4176.92307692308
4154.8717948718
4151.79487179487
4173.33333333333
4186.15384615385
4181.53846153846
4185.64102564103
4178.46153846154
4169.23076923077
4175.89743589744
4161.53846153846
4153.84615384615
4188.20512820513
4195.89743589744
4166.15384615385
4164.61538461538
4161.02564102564
4146.66666666667
4170.25641025641
4188.20512820513
4175.38461538462
4163.07692307692
4156.92307692308
4157.4358974359
4172.30769230769
4171.28205128205
4156.41025641026
4167.69230769231
4185.64102564103
4187.69230769231
4185.64102564103
4171.28205128205
4154.35897435897
4158.46153846154
4173.84615384615
4169.74358974359
4162.5641025641
4171.79487179487
4185.64102564103
4189.74358974359
4182.5641025641
4177.94871794872
4189.74358974359
4202.05128205128
4192.82051282051
4168.20512820513
4165.12820512821
4176.41025641026
4172.82051282051
4187.69230769231
4211.28205128205
4187.69230769231
4168.20512820513
4199.48717948718
4210.76923076923
4186.66666666667
4177.94871794872
4157.94871794872
4148.20512820513
4191.79487179487
4208.20512820513
4174.8717948718
4157.94871794872
4168.20512820513
4181.53846153846
4189.23076923077
4187.69230769231
4179.48717948718
4174.35897435897
4166.66666666667
4167.17948717949
4184.10256410256
4193.33333333333
4171.79487179487
4166.66666666667
4214.8717948718
4211.79487179487
4156.41025641026
4169.74358974359
4206.66666666667
4188.20512820513
4174.35897435897
4193.84615384615
4187.17948717949
4165.12820512821
4173.84615384615
4189.74358974359
4170.25641025641
4144.10256410256
4153.84615384615
4162.05128205128
4151.79487179487
4145.12820512821
4142.05128205128
4145.12820512821
4162.05128205128
4171.28205128205
4158.46153846154
4145.64102564103
4159.48717948718
4177.94871794872
4162.5641025641
4150.76923076923
4169.74358974359
4178.46153846154
4160
4145.12820512821
4153.84615384615
4168.20512820513
4178.46153846154
4179.48717948718
4183.07692307692
4186.66666666667
4164.61538461538
4146.66666666667
4167.17948717949
4196.41025641026
4187.69230769231
4167.69230769231
4176.41025641026
4177.94871794872
4170.25641025641
4184.10256410256
4188.71794871795
4157.4358974359
4153.33333333333
4185.64102564103
4184.10256410256
4158.97435897436
4153.33333333333
4161.53846153846
4175.89743589744
4188.20512820513
4189.74358974359
4182.5641025641
4164.61538461538
4153.33333333333
4160
4163.58974358974
4166.15384615385
4172.82051282051
4153.84615384615
4119.48717948718
4132.30769230769
4168.20512820513
4173.84615384615
4167.69230769231
4160
4142.5641025641
4133.84615384615
4155.38461538462
4177.4358974359
4163.07692307692
4145.64102564103
4174.8717948718
4216.92307692308
4197.4358974359
4145.64102564103
4148.20512820513
4170.76923076923
4154.8717948718
4149.23076923077
4177.4358974359
4174.35897435897
4150.25641025641
4163.07692307692
4179.48717948718
4173.33333333333
4167.69230769231
4161.02564102564
4151.28205128205
4156.92307692308
4172.30769230769
4174.35897435897
4166.15384615385
4167.17948717949
4177.94871794872
4170.76923076923
4164.10256410256
4173.33333333333
4171.79487179487
4167.17948717949
4168.20512820513
4154.35897435897
4151.79487179487
4180.51282051282
4175.89743589744
4157.94871794872
4174.8717948718
4154.8717948718
4129.74358974359
4185.12820512821
4216.92307692308
4157.4358974359
4136.41025641026
4158.97435897436
4132.30769230769
4123.58974358974
4167.69230769231
4172.30769230769
4138.46153846154
4143.58974358974
4160.51282051282
4143.58974358974
4142.5641025641
4157.94871794872
4143.58974358974
4140.51282051282
4174.8717948718
4170.25641025641
4137.94871794872
4165.12820512821
4191.28205128205
4163.07692307692
4158.97435897436
4197.4358974359
4212.30769230769
4195.38461538462
4180.51282051282
4171.79487179487
4173.33333333333
4165.64102564103
4149.74358974359
4162.5641025641
4190.76923076923
4203.07692307692
4200.51282051282
4206.15384615385
4237.4358974359
4271.28205128205
4269.74358974359
4253.84615384615
4272.30769230769
4306.66666666667
4313.84615384615
4291.28205128205
4261.53846153846
4264.10256410256
4286.66666666667
4274.35897435897
4230.76923076923
4207.69230769231
4225.12820512821
4233.33333333333
4212.82051282051
4209.23076923077
4215.89743589744
4188.71794871795
4169.23076923077
4191.28205128205
4197.94871794872
4181.02564102564
4181.53846153846
4183.58974358974
4179.48717948718
4195.38461538462
4208.71794871795
4181.53846153846
4155.89743589744
4184.10256410256
4208.20512820513
4182.05128205128
4167.17948717949
4171.79487179487
4168.20512820513
4178.97435897436
4188.71794871795
4163.07692307692
4155.89743589744
4186.66666666667
4186.66666666667
4172.82051282051
4187.69230769231
4206.15384615385
4209.23076923077
4189.23076923077
4163.58974358974
4174.35897435897
4187.69230769231
4176.41025641026
4178.97435897436
4181.02564102564
4158.97435897436
4147.17948717949
4156.41025641026
4161.02564102564
4153.84615384615
4149.74358974359
4165.12820512821
4185.64102564103
4187.69230769231
4181.02564102564
4175.89743589744
4186.66666666667
4208.20512820513
4193.84615384615
4164.61538461538
4165.12820512821
4174.35897435897
4166.66666666667
4155.89743589744
4152.82051282051
4153.33333333333
4157.4358974359
4160
4166.15384615385
4170.76923076923
4162.05128205128
4146.66666666667
4150.25641025641
4176.92307692308
4181.53846153846
4150.76923076923
4140
4173.33333333333
4189.74358974359
4170.76923076923
4165.64102564103
4171.28205128205
4167.69230769231
4167.17948717949
4173.33333333333
4171.79487179487
4163.58974358974
4168.20512820513
4186.15384615385
4189.23076923077
4175.38461538462
4166.66666666667
4158.46153846154
4154.35897435897
4166.66666666667
4172.30769230769
4171.79487179487
4187.17948717949
4179.48717948718
4145.64102564103
4155.89743589744
4193.33333333333
4191.28205128205
4162.5641025641
4155.38461538462
4162.05128205128
4152.82051282051
4166.15384615385
4189.74358974359
4167.17948717949
4159.48717948718
4197.94871794872
4200.51282051282
4182.5641025641
4213.33333333333
4216.41025641026
4171.28205128205
4150.76923076923
4141.02564102564
4133.33333333333
4169.74358974359
4211.28205128205
4189.23076923077
4148.71794871795
4148.71794871795
4155.38461538462
4147.69230769231
4158.97435897436
4175.89743589744
4169.74358974359
4169.23076923077
4174.8717948718
4169.74358974359
4170.25641025641
4169.74358974359
4159.48717948718
4146.15384615385
4139.48717948718
4156.92307692308
4174.35897435897
4165.12820512821
4154.8717948718
4156.41025641026
4150.76923076923
4150.76923076923
4149.23076923077
4146.15384615385
4176.41025641026
4185.12820512821
4151.28205128205
4149.74358974359
4168.20512820513
4150.76923076923
4148.71794871795
4176.92307692308
4160.51282051282
4136.92307692308
4151.79487179487
4152.82051282051
4142.05128205128
4162.5641025641
4180
4164.10256410256
4154.8717948718
4150.25641025641
4152.30769230769
4168.20512820513
4164.61538461538
4146.66666666667
4148.71794871795
4163.58974358974
4169.74358974359
4177.4358974359
4159.48717948718
4124.61538461538
4133.84615384615
4149.23076923077
4133.33333333333
4128.71794871795
4146.66666666667
4142.5641025641
4126.66666666667
4124.61538461538
4123.07692307692
4118.46153846154
4112.30769230769
4120.51282051282
4127.17948717949
4111.28205128205
4106.66666666667
4105.64102564103
4078.46153846154
4076.92307692308
4093.33333333333
4073.33333333333
4067.69230769231
4088.20512820513
4092.30769230769
4086.66666666667
4069.74358974359
4044.61538461539
4057.94871794872
4076.92307692308
4051.28205128205
4043.07692307692
4067.69230769231
4067.69230769231
4049.74358974359
4048.71794871795
4053.33333333333
4048.71794871795
4040.51282051282
4032.82051282051
4029.74358974359
4024.10256410256
4014.35897435898
4031.79487179487
4063.58974358974
4062.5641025641
4044.61538461539
4022.5641025641
4002.5641025641
4022.05128205128
4049.23076923077
4031.79487179487
3998.97435897436
3997.4358974359
4015.38461538462
4028.20512820513
4011.79487179487
3977.4358974359
3977.4358974359
4006.15384615385
4034.35897435898
4040
4007.69230769231
3988.20512820513
4000.51282051282
3994.35897435898
3971.28205128205
3975.38461538462
3981.53846153846
3973.84615384615
3980
3977.94871794872
3957.94871794872
3955.89743589744
3967.69230769231
3967.17948717949
3956.41025641026
3956.41025641026
3964.10256410256
3960.51282051282
3960
3960.51282051282
3956.41025641026
3964.61538461539
3972.30769230769
3968.71794871795
3969.23076923077
3985.64102564103
4005.12820512821
4006.15384615385
3978.97435897436
3962.05128205128
3976.92307692308
3981.53846153846
3961.53846153846
3947.17948717949
3965.64102564103
3990.76923076923
3982.05128205128
3964.61538461539
3974.8717948718
3976.92307692308
3960
3974.35897435898
3983.58974358974
3966.66666666667
3965.64102564103
3963.07692307692
3940.51282051282
3935.38461538462
3957.4358974359
3979.48717948718
3990.76923076923
3978.46153846154
3952.30769230769
3954.35897435898
3973.33333333333
3974.8717948718
3962.5641025641
3957.94871794872
3963.58974358974
3958.46153846154
3952.82051282051
3962.05128205128
3953.33333333333
3933.84615384615
3950.25641025641
3978.97435897436
3966.66666666667
3943.07692307692
3960.51282051282
3984.10256410256
3963.07692307692
3923.07692307692
3923.58974358974
3956.92307692308
3967.69230769231
3948.71794871795
3941.53846153846
3948.71794871795
3943.58974358974
3936.41025641026
3936.92307692308
3945.12820512821
3957.4358974359
3965.12820512821
3972.82051282051
3990.25641025641
3993.84615384615
3957.4358974359
3934.8717948718
3979.48717948718
4025.64102564103
4006.15384615385
3963.07692307692
3969.23076923077
4004.10256410256
4010.25641025641
3987.69230769231
3962.05128205128
3969.23076923077
3996.41025641026
3990.25641025641
3972.30769230769
3993.33333333333
4023.58974358974
4015.38461538462
3996.41025641026
3993.84615384615
4003.58974358974
4005.12820512821
3985.64102564103
3974.8717948718
3981.53846153846
3990.76923076923
3998.46153846154
3986.66666666667
3963.07692307692
3965.12820512821
3989.23076923077
4003.07692307692
3998.46153846154
3996.41025641026
4014.8717948718
4026.15384615385
4009.23076923077
3996.41025641026
3998.46153846154
4007.69230769231
4021.53846153846
4014.8717948718
3994.35897435898
3998.46153846154
4009.23076923077
4003.58974358974
4012.30769230769
4031.28205128205
4031.79487179487
4020.51282051282
4010.76923076923
4014.35897435898
4022.05128205128
4013.84615384615
4012.30769230769
4034.8717948718
4055.38461538462
4047.69230769231
4022.5641025641
4017.4358974359
4045.12820512821
4067.69230769231
4062.05128205128
4053.33333333333
4053.33333333333
4048.71794871795
4034.35897435898
4022.5641025641
4031.79487179487
4036.92307692308
4030.25641025641
4040
4045.12820512821
4034.8717948718
4046.15384615385
4067.69230769231
4052.30769230769
4044.10256410256
4055.38461538462
4049.23076923077
4050.25641025641
4066.15384615385
4065.64102564103
4052.82051282051
4048.71794871795
4035.38461538462
4029.23076923077
4061.02564102564
4081.02564102564
4060
4040
4043.07692307692
4044.61538461539
4046.66666666667
4051.79487179487
4050.76923076923
4053.84615384615
4056.41025641026
4066.66666666667
4083.07692307692
4085.12820512821
4068.71794871795
4045.12820512821
4049.23076923077
4093.84615384615
4097.4358974359
4048.71794871795
4062.05128205128
4111.28205128205
4098.97435897436
4075.89743589744
4076.92307692308
4077.4358974359
4087.17948717949
4094.35897435898
4091.79487179487
4101.02564102564
4106.66666666667
4091.79487179487
4068.20512820513
4065.12820512821
4097.94871794872
4119.48717948718
4094.35897435898
4083.07692307692
4095.89743589744
4081.53846153846
4077.4358974359
4105.12820512821
4109.23076923077
4081.02564102564
4070.25641025641
4085.12820512821
4080.51282051282
4077.4358974359
4101.02564102564
4111.79487179487
4094.35897435898
4084.10256410256
4085.12820512821
4088.71794871795
4103.07692307692
4101.02564102564
4076.41025641026
4073.84615384615
4086.15384615385
4094.35897435898
4096.41025641026
4073.84615384615
4045.64102564103
4071.28205128205
4107.17948717949
4100
4083.07692307692
4081.53846153846
4087.69230769231
4094.35897435898
4091.28205128205
4094.35897435898
4116.92307692308
4101.53846153846
4056.41025641026
4074.8717948718
4116.92307692308
4101.02564102564
4074.35897435898
4085.64102564103
4101.02564102564
4106.15384615385
4110.25641025641
4102.05128205128
4092.82051282051
4105.12820512821
4125.64102564103
4115.89743589744
4087.17948717949
4101.53846153846
4126.66666666667
4113.33333333333
4105.12820512821
4116.92307692308
4112.82051282051
4102.5641025641
4104.10256410256
4104.10256410256
4091.28205128205
4073.84615384615
4080.51282051282
4110.76923076923
4122.05128205128
4107.69230769231
4093.84615384615
4094.8717948718
4105.64102564103
4110.25641025641
4106.15384615385
4106.15384615385
4100
4085.12820512821
4094.8717948718
4129.23076923077
4142.05128205128
4097.4358974359
4053.33333333333
4096.41025641026
4154.35897435897
4118.46153846154
4078.97435897436
4116.41025641026
4135.89743589744
4103.58974358974
4097.94871794872
4119.48717948718
4128.20512820513
4119.48717948718
4113.84615384615
4121.53846153846
4113.84615384615
4094.8717948718
4102.5641025641
4109.23076923077
4103.07692307692
4115.38461538462
4122.5641025641
4101.53846153846
4105.12820512821
4131.79487179487
4129.74358974359
4111.28205128205
4112.30769230769
4127.17948717949
4127.69230769231
4125.12820512821
4137.94871794872
4144.10256410256
4140.51282051282
4133.84615384615
4128.71794871795
4131.79487179487
4136.92307692308
4138.97435897436
4147.69230769231
4162.5641025641
4174.8717948718
4188.71794871795
4207.69230769231
4235.89743589744
4256.92307692308
4248.71794871795
4249.74358974359
4270.25641025641
4265.64102564103
4226.15384615385
4193.84615384615
4184.10256410256
4175.38461538462
4165.12820512821
4168.20512820513
4172.82051282051
4154.8717948718
4140
4152.82051282051
4157.94871794872
4142.05128205128
4144.10256410256
4155.89743589744
4141.02564102564
4132.30769230769
4144.61538461538
4143.58974358974
4131.28205128205
4119.48717948718
4115.89743589744
4133.84615384615
4143.58974358974
4126.66666666667
4117.4358974359
4124.10256410256
4121.53846153846
4118.97435897436
4122.05128205128
4124.10256410256
4118.97435897436
4113.84615384615
4118.46153846154
4122.5641025641
4130.25641025641
4135.89743589744
4125.12820512821
4115.89743589744
4121.53846153846
4127.17948717949
4135.89743589744
4146.66666666667
4136.41025641026
4126.66666666667
4124.61538461538
4115.38461538462
4117.94871794872
4124.61538461538
4113.84615384615
4122.05128205128
4143.07692307692
4123.07692307692
4103.07692307692
4134.35897435897
4156.41025641026
4129.23076923077
4118.97435897436
4137.94871794872
4130.76923076923
4100.51282051282
4100
4136.41025641026
4143.07692307692
4111.28205128205
4102.05128205128
4122.5641025641
4128.20512820513
4116.41025641026
4118.97435897436
4127.69230769231
4126.15384615385
4128.20512820513
4135.89743589744
4120.51282051282
4096.41025641026
4111.79487179487
4140.51282051282
4144.61538461538
4133.33333333333
4120.51282051282
4123.07692307692
4149.23076923077
4156.41025641026
4134.8717948718
4142.05128205128
4154.8717948718
4139.48717948718
4138.46153846154
4140
4124.61538461538
4140
4165.12820512821
4153.33333333333
4143.58974358974
4140
4134.35897435897
4158.97435897436
4164.61538461538
4131.79487179487
4138.46153846154
4163.07692307692
4143.58974358974
4130.76923076923
4153.33333333333
4155.89743589744
4138.46153846154
4141.53846153846
4155.38461538462
4157.94871794872
4147.17948717949
4132.82051282051
4139.48717948718
4162.5641025641
4175.38461538462
4171.79487179487
4155.89743589744
4148.71794871795
4171.28205128205
4169.74358974359
4140.51282051282
4156.41025641026
4182.05128205128
4166.66666666667
4166.15384615385
4187.17948717949
4181.53846153846
4169.23076923077
4168.20512820513
4169.23076923077
4173.84615384615
4177.94871794872
4169.74358974359
4149.23076923077
4144.10256410256
4163.07692307692
4169.74358974359
4144.61538461538
4124.61538461538
4131.28205128205
4140
4145.12820512821
4149.23076923077
4154.8717948718
4155.89743589744
4138.46153846154
4115.89743589744
4127.17948717949
4155.89743589744
4154.35897435897
4138.97435897436
4125.64102564103
4106.66666666667
4093.84615384615
4093.84615384615
4091.79487179487
4087.17948717949
4079.48717948718
4069.23076923077
4077.94871794872
4093.84615384615
4073.84615384615
4037.4358974359
4046.15384615385
4086.66666666667
4094.35897435898
4073.84615384615
4070.76923076923
4065.12820512821
4051.28205128205
4062.5641025641
4078.97435897436
4074.35897435898
4077.4358974359
4091.28205128205
4089.74358974359
4081.53846153846
4076.92307692308
4068.71794871795
4064.10256410256
4076.41025641026
4088.20512820513
4075.38461538462
4069.74358974359
4081.02564102564
4085.12820512821
4095.38461538462
4101.53846153846
4077.94871794872
4060
4077.94871794872
4094.35897435898
4085.12820512821
4076.41025641026
4089.74358974359
4098.97435897436
4082.05128205128
4072.30769230769
4084.10256410256
4092.30769230769
4098.97435897436
4109.23076923077
4102.5641025641
4084.10256410256
4080
4097.94871794872
4111.28205128205
4100.51282051282
4089.74358974359
4103.58974358974
4120
4121.02564102564
4135.89743589744
4157.94871794872
4164.61538461538
4193.33333333333
4228.71794871795
4220
4201.53846153846
4206.66666666667
4191.28205128205
4145.64102564103
4133.33333333333
4158.97435897436
4157.4358974359
4134.35897435897
4140.51282051282
4164.61538461538
4165.12820512821
4140
4118.46153846154
4122.5641025641
4131.79487179487
4110.25641025641
4086.15384615385
4097.94871794872
4112.30769230769
4104.61538461538
4103.58974358974
4109.74358974359
4097.4358974359
4091.79487179487
4120
4127.69230769231
4104.10256410256
4093.84615384615
4090.76923076923
4094.35897435898
4109.74358974359
4089.74358974359
4067.69230769231
4096.92307692308
4104.61538461538
4082.05128205128
4098.97435897436
4119.48717948718
4096.92307692308
4074.35897435898
4075.89743589744
4090.25641025641
4101.02564102564
4094.8717948718
4082.05128205128
4065.12820512821
4068.20512820513
4088.20512820513
4082.05128205128
4068.71794871795
4087.69230769231
4101.02564102564
4083.07692307692
4084.10256410256
4096.92307692308
4091.28205128205
4082.5641025641
4087.69230769231
4101.53846153846
4111.28205128205
4103.07692307692
4102.05128205128
4134.35897435897
4153.84615384615
4141.02564102564
4129.23076923077
4134.35897435897
4167.69230769231
4191.28205128205
4164.10256410256
4156.92307692308
4202.5641025641
4204.10256410256
4173.84615384615
4195.89743589744
4226.15384615385
4214.8717948718
4204.61538461538
4201.02564102564
4193.84615384615
4223.58974358974
4262.5641025641
4240
4195.38461538462
4198.97435897436
4220
4226.15384615385
4228.20512820513
4225.12820512821
4216.41025641026
4210.25641025641
4228.20512820513
4238.46153846154
4211.28205128205
4195.38461538462
4215.89743589744
4223.58974358974
4211.79487179487
4214.35897435897
4217.94871794872
4224.10256410256
4232.30769230769
4225.64102564103
4213.33333333333
4199.48717948718
4203.07692307692
4218.97435897436
4210.76923076923
4201.53846153846
4214.8717948718
4212.30769230769
4198.97435897436
4206.66666666667
4193.84615384615
4176.92307692308
4211.79487179487
4241.02564102564
4206.15384615385
4172.30769230769
4193.33333333333
4222.05128205128
4225.12820512821
4208.20512820513
4186.66666666667
4189.23076923077
4207.17948717949
4205.64102564103
4185.12820512821
4176.92307692308
4192.30769230769
4202.5641025641
4189.23076923077
4178.97435897436
4185.64102564103
4186.66666666667
4188.71794871795
4191.28205128205
4167.69230769231
4158.46153846154
4195.89743589744
4214.35897435897
4181.53846153846
4158.97435897436
4162.05128205128
4170.76923076923
4187.69230769231
4198.97435897436
4187.69230769231
4175.89743589744
4184.61538461538
4187.69230769231
4182.5641025641
4190.25641025641
4192.30769230769
4185.64102564103
4182.05128205128
4174.8717948718
4162.05128205128
4162.5641025641
4175.38461538462
4189.23076923077
4201.53846153846
4195.89743589744
4196.41025641026
4209.23076923077
4195.89743589744
4182.05128205128
4193.33333333333
4194.35897435897
4184.10256410256
4200
4223.58974358974
4237.4358974359
4268.20512820513
4291.28205128205
4282.5641025641
4280.51282051282
4288.71794871795
4285.12820512821
4275.89743589744
4273.84615384615
4267.17948717949
4251.28205128205
4234.8717948718
4222.5641025641
4209.74358974359
4201.53846153846
4200.51282051282
4184.10256410256
4165.12820512821
4184.61538461538
4210.76923076923
4199.48717948718
4175.89743589744
4164.10256410256
