
4167.69230769231
4167.17948717949
4169.74358974359
4169.23076923077
4158.97435897436
4150.76923076923
4158.97435897436
4162.5641025641
4147.17948717949
4146.66666666667
4169.23076923077
4171.79487179487
4155.38461538462
4156.92307692308
4172.82051282051
4173.84615384615
4162.05128205128
4152.82051282051
4149.74358974359
4154.35897435897
4156.92307692308
4150.76923076923
4149.74358974359
4156.41025641026
4158.97435897436
4153.33333333333
4148.71794871795
4154.8717948718
4164.61538461538
4161.02564102564
4152.30769230769
4158.46153846154
4170.76923076923
4171.79487179487
4163.07692307692
4160
4165.12820512821
4169.74358974359
4169.74358974359
4169.74358974359
4170.76923076923
4170.76923076923
4168.71794871795
4172.82051282051
4182.5641025641
4186.66666666667
4185.12820512821
4184.10256410256
4176.92307692308
4168.71794871795
4170.25641025641
4174.8717948718
4172.82051282051
4167.17948717949
4166.15384615385
4168.71794871795
4168.20512820513
4167.69230769231
4168.71794871795
4167.17948717949
4166.15384615385
4166.66666666667
4166.15384615385
4169.23076923077
4173.33333333333
4171.79487179487
4165.64102564103
4168.71794871795
4180
4176.92307692308
4167.17948717949
4175.38461538462
4186.15384615385
4183.07692307692
4182.05128205128
4181.53846153846
4175.89743589744
4183.07692307692
4187.17948717949
4174.35897435897
4166.66666666667
4169.74358974359
4167.69230769231
4165.12820512821
4166.66666666667
4169.74358974359
4172.82051282051
4171.79487179487
4170.76923076923
4171.28205128205
4170.25641025641
4175.38461538462
4185.64102564103
4187.69230769231
4186.66666666667
4189.23076923077
4187.69230769231
4182.5641025641
4181.53846153846
4183.58974358974
4184.61538461538
4183.58974358974
4184.61538461538
4187.17948717949
4179.48717948718
4169.23076923077
4174.35897435897
4193.84615384615
4200
4189.23076923077
4180.51282051282
4184.10256410256
4188.20512820513
4177.94871794872
4167.69230769231
4167.69230769231
4172.30769230769
4174.8717948718
4172.82051282051
4171.28205128205
4172.82051282051
4173.33333333333
4168.71794871795
4169.23076923077
4171.28205128205
4167.69230769231
4168.20512820513
4172.82051282051
4172.30769230769
4173.33333333333
4169.23076923077
4168.71794871795
4177.94871794872
4176.41025641026
4170.25641025641
4180.51282051282
4187.69230769231
4181.02564102564
4182.05128205128
4183.58974358974
4172.30769230769
4166.66666666667
4167.17948717949
4167.17948717949
4168.20512820513
4172.30769230769
4173.33333333333
4169.74358974359
4170.25641025641
4166.66666666667
4162.5641025641
4167.17948717949
4166.15384615385
4152.30769230769
4148.71794871795
4156.41025641026
4151.28205128205
4146.66666666667
4159.48717948718
4168.71794871795
4166.66666666667
4171.79487179487
4174.35897435897
4155.89743589744
4147.69230769231
4161.53846153846
4164.10256410256
4153.33333333333
4151.28205128205
4153.84615384615
4152.30769230769
4150.76923076923
4151.79487179487
4148.71794871795
4144.61538461538
4148.71794871795
4158.46153846154
4160.51282051282
4153.84615384615
4156.92307692308
4165.12820512821
4163.58974358974
4156.41025641026
4155.38461538462
4160
4166.66666666667
4167.17948717949
4157.4358974359
4149.74358974359
4155.89743589744
4167.17948717949
4170.76923076923
4167.17948717949
4168.71794871795
4168.20512820513
4170.25641025641
4184.10256410256
4185.12820512821
4170.76923076923
4171.79487179487
4184.10256410256
4186.15384615385
4184.61538461538
4186.15384615385
4185.64102564103
4184.61538461538
4185.12820512821
4181.53846153846
4173.84615384615
4168.71794871795
4175.89743589744
4187.69230769231
4183.07692307692
4169.23076923077
4164.61538461538
4168.20512820513
4169.23076923077
4169.23076923077
4171.28205128205
4176.41025641026
4182.5641025641
4183.58974358974
4178.97435897436
4182.5641025641
4186.66666666667
4175.89743589744
4170.25641025641
4181.02564102564
4188.20512820513
4192.30769230769
4201.53846153846
4199.48717948718
4181.53846153846
4173.84615384615
4179.48717948718
4186.66666666667
4184.61538461538
4175.89743589744
4175.38461538462
4167.69230769231
4156.92307692308
4163.58974358974
4168.20512820513
4153.84615384615
4147.69230769231
4163.07692307692
4171.79487179487
4170.76923076923
4170.25641025641
4170.25641025641
4171.79487179487
4177.94871794872
4185.12820512821
4185.64102564103
4184.61538461538
4186.66666666667
4186.15384615385
4182.05128205128
4180.51282051282
4183.58974358974
4187.17948717949
4180.51282051282
4166.66666666667
4169.74358974359
4182.5641025641
4184.10256410256
4182.05128205128
4180.51282051282
4171.79487179487
4167.69230769231
4173.33333333333
4173.84615384615
4169.23076923077
4171.79487179487
4173.84615384615
4170.25641025641
4171.28205128205
4184.10256410256
4191.28205128205
4185.64102564103
4181.53846153846
4188.71794871795
4187.69230769231
4172.82051282051
4172.82051282051
4184.10256410256
4182.05128205128
4179.48717948718
4189.23076923077
4188.20512820513
4180.51282051282
4184.61538461538
4182.5641025641
4170.25641025641
4172.82051282051
4185.64102564103
4181.53846153846
4169.23076923077
4175.89743589744
4186.15384615385
4186.15384615385
4181.53846153846
4183.58974358974
4194.8717948718
4201.02564102564
4203.58974358974
4212.82051282051
4217.94871794872
4217.4358974359
4224.10256410256
4226.66666666667
4221.53846153846
4228.20512820513
4239.48717948718
4236.92307692308
4224.10256410256
4214.8717948718
4216.41025641026
4218.46153846154
4208.71794871795
4196.92307692308
4189.74358974359
4190.76923076923
4196.92307692308
4202.05128205128
4198.97435897436
4192.30769230769
4191.79487179487
4189.23076923077
4186.66666666667
4188.20512820513
4187.17948717949
4182.5641025641
4186.15384615385
4189.74358974359
4184.10256410256
4183.58974358974
4187.17948717949
4185.12820512821
4185.64102564103
4186.66666666667
4177.4358974359
4169.23076923077
4171.28205128205
4172.30769230769
4169.74358974359
4169.23076923077
4168.20512820513
4169.23076923077
4172.82051282051
4173.33333333333
4170.25641025641
4163.07692307692
4155.38461538462
4155.38461538462
4154.8717948718
4150.76923076923
4159.48717948718
4168.20512820513
4157.4358974359
4147.17948717949
4149.23076923077
4148.20512820513
4146.15384615385
4152.82051282051
4148.71794871795
4141.02564102564
4150.25641025641
4159.48717948718
4154.8717948718
4150.25641025641
4151.79487179487
4152.82051282051
4153.84615384615
4154.35897435897
4151.28205128205
4150.76923076923
4153.33333333333
4152.30769230769
4149.23076923077
4152.30769230769
4152.30769230769
4146.15384615385
4149.74358974359
4153.84615384615
4144.10256410256
4143.07692307692
4155.38461538462
4157.4358974359
4150.76923076923
4148.71794871795
4143.58974358974
4135.89743589744
4141.53846153846
4151.28205128205
4152.82051282051
4153.84615384615
4151.28205128205
4144.10256410256
4148.20512820513
4162.5641025641
4162.05128205128
4148.71794871795
4144.10256410256
4152.30769230769
4158.46153846154
4153.33333333333
4154.35897435897
4165.12820512821
4172.82051282051
4169.23076923077
4157.4358974359
4156.41025641026
4168.20512820513
4171.79487179487
4165.12820512821
4164.61538461538
4172.30769230769
4172.30769230769
4158.97435897436
4151.79487179487
4153.84615384615
4144.61538461538
4137.4358974359
4148.71794871795
4155.38461538462
4151.79487179487
4152.30769230769
4154.35897435897
4153.84615384615
4148.20512820513
4139.48717948718
4136.41025641026
4137.94871794872
4132.82051282051
4129.23076923077
4134.35897435897
4136.41025641026
4135.38461538462
4140
4134.8717948718
4126.15384615385
4131.79487179487
4131.79487179487
4120
4116.41025641026
4121.02564102564
4128.20512820513
4137.94871794872
4142.05128205128
4141.02564102564
4141.02564102564
4140
4139.48717948718
4140
4140
4138.97435897436
4134.35897435897
4141.02564102564
4153.84615384615
4149.74358974359
4143.07692307692
4149.23076923077
4153.84615384615
4150.76923076923
4152.82051282051
4155.38461538462
4152.82051282051
4153.33333333333
4153.33333333333
4158.97435897436
4167.17948717949
4169.74358974359
4176.41025641026
4183.58974358974
4173.84615384615
4162.05128205128
4167.69230769231
4174.35897435897
4168.20512820513
4164.10256410256
4164.10256410256
4169.74358974359
4171.28205128205
4160.51282051282
4152.30769230769
4154.8717948718
4158.97435897436
4152.82051282051
4142.05128205128
4134.8717948718
4138.46153846154
4149.74358974359
4153.84615384615
4151.79487179487
4151.79487179487
4154.35897435897
4149.23076923077
4141.53846153846
4142.05128205128
4143.07692307692
4138.46153846154
4140
4149.74358974359
4153.33333333333
4152.30769230769
4154.8717948718
4157.94871794872
4157.94871794872
4157.94871794872
4157.4358974359
4149.74358974359
4141.53846153846
4143.58974358974
4150.76923076923
4152.30769230769
4150.25641025641
4153.33333333333
4157.4358974359
4155.89743589744
4151.79487179487
4154.35897435897
4155.89743589744
4153.33333333333
4156.41025641026
4159.48717948718
4154.8717948718
4154.35897435897
4157.4358974359
4153.33333333333
4151.79487179487
4153.33333333333
4148.20512820513
4151.79487179487
4170.25641025641
4175.89743589744
4166.15384615385
4163.58974358974
4168.71794871795
4171.79487179487
4170.25641025641
4167.69230769231
4175.38461538462
4184.61538461538
4187.69230769231
4190.76923076923
4191.79487179487
4191.28205128205
4195.89743589744
4201.53846153846
4201.53846153846
4203.07692307692
4203.07692307692
4200.51282051282
4201.53846153846
4200.51282051282
4198.46153846154
4200.51282051282
4203.07692307692
4202.05128205128
4204.10256410256
4206.66666666667
4202.5641025641
4199.48717948718
4201.02564102564
4202.05128205128
4198.97435897436
4198.46153846154
4197.94871794872
4189.74358974359
4182.5641025641
4184.61538461538
4184.61538461538
4181.53846153846
4190.76923076923
4204.61538461538
4205.12820512821
4200
4202.5641025641
4198.97435897436
4186.15384615385
4192.30769230769
4203.07692307692
4192.82051282051
4187.17948717949
4199.48717948718
4209.23076923077
4213.33333333333
4217.4358974359
4216.41025641026
4214.8717948718
4215.89743589744
4218.46153846154
4223.58974358974
4217.4358974359
4203.07692307692
4205.12820512821
4213.84615384615
4210.25641025641
4202.5641025641
4203.07692307692
4209.23076923077
4216.41025641026
4218.46153846154
4216.92307692308
4217.4358974359
4217.94871794872
4217.4358974359
4217.4358974359
4216.41025641026
4216.41025641026
4216.41025641026
4215.89743589744
4209.23076923077
4200
4200
4208.71794871795
4219.48717948718
4219.48717948718
4208.20512820513
4201.02564102564
4202.05128205128
4196.41025641026
4191.79487179487
4198.97435897436
4204.10256410256
4197.4358974359
4199.48717948718
4210.25641025641
4208.71794871795
4199.48717948718
4196.92307692308
4198.97435897436
4201.02564102564
4201.02564102564
4199.48717948718
4199.48717948718
4202.05128205128
4208.20512820513
4216.92307692308
4215.38461538462
4209.23076923077
4205.64102564103
4202.5641025641
4203.07692307692
4200
4186.66666666667
4180.51282051282
4185.64102564103
4188.71794871795
4190.76923076923
4188.71794871795
4183.58974358974
4190.76923076923
4201.02564102564
4194.35897435897
4180
4182.5641025641
4198.97435897436
4206.15384615385
4194.8717948718
4184.10256410256
4193.84615384615
4204.61538461538
4197.94871794872
4187.69230769231
4182.05128205128
4182.5641025641
4184.10256410256
4175.89743589744
4164.61538461538
4172.82051282051
4185.64102564103
4183.58974358974
4183.58974358974
4185.12820512821
4175.38461538462
4168.20512820513
4171.79487179487
4172.82051282051
4170.76923076923
4172.82051282051
4176.92307692308
4181.02564102564
4186.66666666667
4189.23076923077
4187.17948717949
4185.12820512821
4184.61538461538
4183.07692307692
4184.10256410256
4185.64102564103
4183.07692307692
4185.12820512821
4187.17948717949
4176.92307692308
4174.8717948718
4186.66666666667
4188.20512820513
4184.61538461538
4189.74358974359
4188.20512820513
4182.05128205128
4184.61538461538
4185.12820512821
4181.53846153846
4185.64102564103
4185.12820512821
4170.76923076923
4167.69230769231
4180.51282051282
4187.17948717949
4181.02564102564
4173.84615384615
4171.28205128205
4171.28205128205
4178.46153846154
4181.02564102564
4172.30769230769
4168.20512820513
4173.33333333333
4172.30769230769
4163.07692307692
4167.69230769231
4171.79487179487
4166.66666666667
4176.41025641026
4187.69230769231
4176.92307692308
4166.15384615385
4171.79487179487
4171.28205128205
4168.20512820513
4172.30769230769
4172.30769230769
4175.38461538462
4186.66666666667
4188.71794871795
4172.30769230769
4157.4358974359
4153.33333333333
4151.79487179487
4156.92307692308
4166.66666666667
4163.58974358974
4153.84615384615
4160.51282051282
4166.66666666667
4153.33333333333
4146.15384615385
4159.48717948718
4171.28205128205
4168.71794871795
4166.66666666667
4169.74358974359
4170.76923076923
4169.74358974359
4169.23076923077
4169.23076923077
4166.66666666667
4159.48717948718
4152.30769230769
4150.76923076923
4154.8717948718
4150.76923076923
4144.10256410256
4148.20512820513
4156.41025641026
4153.33333333333
4144.61538461538
4140
4139.48717948718
4142.05128205128
4143.58974358974
4141.02564102564
4138.46153846154
4140
4142.05128205128
4139.48717948718
4136.41025641026
4135.89743589744
4135.38461538462
4136.41025641026
4135.89743589744
4133.33333333333
4130.76923076923
4126.66666666667
4120.51282051282
4118.46153846154
4123.58974358974
4126.66666666667
4120.51282051282
4109.23076923077
4107.69230769231
4110.25641025641
4101.53846153846
4093.33333333333
4103.58974358974
4114.8717948718
4104.10256410256
4091.79487179487
4101.02564102564
4109.23076923077
4103.58974358974
4110.25641025641
4123.07692307692
4114.8717948718
4103.07692307692
4107.69230769231
4117.4358974359
4122.5641025641
4120
4114.35897435897
4116.92307692308
4122.5641025641
4121.02564102564
4115.38461538462
4105.64102564103
4097.4358974359
4100
4104.61538461538
4103.07692307692
4103.07692307692
4105.12820512821
4098.97435897436
4092.82051282051
4099.48717948718
4105.64102564103
4104.10256410256
4103.07692307692
4110.76923076923
4121.02564102564
4121.02564102564
4110.76923076923
4105.64102564103
4107.17948717949
4109.74358974359
4116.41025641026
4122.05128205128
4118.46153846154
4111.79487179487
4106.15384615385
4104.61538461538
4116.41025641026
4123.58974358974
4111.28205128205
4107.69230769231
4120.51282051282
4118.46153846154
4111.28205128205
4121.53846153846
4128.71794871795
4121.02564102564
4115.89743589744
4119.48717948718
4121.53846153846
4119.48717948718
4118.97435897436
4123.58974358974
4121.53846153846
4115.38461538462
4116.92307692308
4122.05128205128
4121.02564102564
4118.97435897436
4120.51282051282
4120
4119.48717948718
4119.48717948718
4118.97435897436
4120.51282051282
4117.4358974359
4106.15384615385
4104.61538461538
4116.92307692308
4117.4358974359
4106.66666666667
4105.64102564103
4107.69230769231
4107.69230769231
4113.33333333333
4123.07692307692
4134.35897435897
4148.71794871795
4154.8717948718
4155.38461538462
4156.41025641026
4155.89743589744
4158.46153846154
4161.02564102564
4150.76923076923
4138.97435897436
4141.53846153846
4140
4130.76923076923
4127.69230769231
4126.66666666667
4121.53846153846
4118.97435897436
4120.51282051282
4120.51282051282
4120.51282051282
4121.53846153846
4122.05128205128
4123.07692307692
4127.17948717949
4130.25641025641
4126.66666666667
4124.61538461538
4121.53846153846
4113.84615384615
4115.38461538462
4119.48717948718
4107.17948717949
4099.48717948718
4113.84615384615
4124.10256410256
4113.84615384615
4108.71794871795
4118.46153846154
4117.4358974359
4108.20512820513
4113.33333333333
4115.38461538462
4106.15384615385
4103.58974358974
4104.10256410256
4106.15384615385
4116.41025641026
4123.07692307692
4119.48717948718
4114.35897435897
4115.38461538462
4119.48717948718
4121.02564102564
4120
4121.02564102564
4122.5641025641
4121.53846153846
4125.12820512821
4130.76923076923
4128.20512820513
4121.53846153846
4120.51282051282
4123.58974358974
4121.53846153846
4120.51282051282
4119.48717948718
4114.8717948718
4109.74358974359
4104.10256410256
4107.17948717949
4118.97435897436
4117.4358974359
4108.20512820513
4111.28205128205
4111.79487179487
4099.48717948718
4090.76923076923
4090.25641025641
4092.30769230769
4092.82051282051
4085.12820512821
4081.53846153846
4087.69230769231
4092.82051282051
4089.74358974359
4082.5641025641
4082.05128205128
4088.20512820513
4095.89743589744
4096.92307692308
4093.33333333333
4088.71794871795
4089.23076923077
4100.51282051282
4107.69230769231
4103.58974358974
4101.53846153846
4109.23076923077
4111.79487179487
4108.20512820513
4112.30769230769
4113.84615384615
4106.15384615385
4100
4111.28205128205
4119.48717948718
4113.33333333333
4114.35897435897
4122.5641025641
4121.02564102564
4116.41025641026
4121.02564102564
4122.5641025641
4118.97435897436
4120.51282051282
4124.10256410256
4125.64102564103
4123.07692307692
4120
4122.05128205128
4126.15384615385
4123.07692307692
4117.94871794872
4119.48717948718
4123.07692307692
4123.07692307692
4123.07692307692
4124.10256410256
4127.69230769231
4126.15384615385
4120.51282051282
4126.66666666667
4137.94871794872
4137.4358974359
4134.35897435897
4136.92307692308
4136.41025641026
4133.84615384615
4135.89743589744
4140.51282051282
4141.02564102564
4137.4358974359
4139.48717948718
4143.58974358974
4138.46153846154
4132.82051282051
4138.46153846154
4150.76923076923
4158.46153846154
4155.38461538462
4153.84615384615
4162.05128205128
4162.05128205128
4152.82051282051
4152.30769230769
4156.41025641026
4155.89743589744
4155.89743589744
4157.4358974359
4157.94871794872
4160.51282051282
4154.8717948718
4140
4129.23076923077
4125.12820512821
4121.53846153846
4122.05128205128
4123.58974358974
4121.53846153846
4120.51282051282
4122.5641025641
4129.23076923077
4136.92307692308
4137.4358974359
4135.38461538462
4137.4358974359
4138.46153846154
4145.12820512821
4149.74358974359
4145.64102564103
4151.79487179487
4157.94871794872
4148.20512820513
4144.10256410256
4153.33333333333
4154.35897435897
4149.74358974359
4149.74358974359
4151.79487179487
4152.82051282051
4152.82051282051
4152.30769230769
4153.84615384615
4153.84615384615
4153.33333333333
4154.35897435897
4154.8717948718
4154.8717948718
4157.4358974359
4151.79487179487
4140.51282051282
4145.12820512821
4156.92307692308
4145.64102564103
4136.41025641026
4149.74358974359
4157.94871794872
4153.33333333333
4155.38461538462
4163.58974358974
4166.15384615385
4166.66666666667
4169.23076923077
4165.12820512821
4153.84615384615
4151.28205128205
4161.53846153846
4169.74358974359
4175.38461538462
4183.07692307692
4190.76923076923
4202.05128205128
4217.94871794872
4226.66666666667
4212.30769230769
4197.94871794872
4208.20512820513
4218.46153846154
4205.12820512821
4193.84615384615
4202.05128205128
4203.58974358974
4190.76923076923
4183.58974358974
4187.17948717949
4194.8717948718
4202.05128205128
4199.48717948718
4187.17948717949
4182.5641025641
4186.15384615385
4183.58974358974
4184.10256410256
4187.69230769231
4185.12820512821
4181.02564102564
4183.58974358974
4185.64102564103
4183.58974358974
4182.05128205128
4180.51282051282
4181.53846153846
4183.07692307692
4184.10256410256
4191.28205128205
4200
4202.05128205128
4198.97435897436
4198.46153846154
4204.10256410256
4214.8717948718
4229.23076923077
4247.69230769231
4269.74358974359
4294.35897435897
4332.30769230769
4380.51282051282
4426.66666666667
4470.25641025641
4514.35897435897
4553.33333333333
4580
4600
4618.46153846154
4636.41025641026
4649.74358974359
4669.74358974359
4696.92307692308
4715.89743589744
4739.48717948718
4780.51282051282
4826.15384615385
4870.76923076923
4926.66666666667
4990.25641025641
5038.46153846154
5071.28205128205
5112.82051282051
5161.02564102564
5194.35897435897
5224.10256410256
5270.25641025641
5320
5361.53846153846
5394.8717948718
5422.05128205128
5449.23076923077
5463.07692307692
5453.84615384615
5455.89743589744
5481.53846153846
5496.92307692308
5506.15384615385
5537.4358974359
5570.25641025641
5583.07692307692
5593.84615384615
5612.82051282051
5632.30769230769
5647.69230769231
5651.79487179487
5656.92307692308
5673.33333333333
5688.71794871795
5695.38461538462
5700
5702.5641025641
5698.97435897436
5698.97435897436
5705.12820512821
5709.74358974359
5708.20512820513
5703.07692307692
5703.07692307692
5704.61538461539
5701.53846153846
5699.48717948718
5696.41025641026
5690.76923076923
5682.05128205128
5673.84615384615
5668.20512820513
5666.15384615385
5659.48717948718
5647.17948717949
5640.51282051282
5637.4358974359
5632.30769230769
5626.66666666667
5621.53846153846
5621.02564102564
5620
5605.12820512821
5585.64102564103
5587.17948717949
5594.35897435898
5586.15384615385
5582.05128205128
5588.71794871795
5587.69230769231
5575.38461538462
5568.20512820513
5566.15384615385
5557.4358974359
5544.10256410256
5533.33333333333
5528.20512820513
5517.4358974359
5506.66666666667
5499.48717948718
5493.84615384615
5487.17948717949
5474.35897435898
5454.35897435898
5444.61538461539
5437.4358974359
5417.94871794872
5397.4358974359
5385.12820512821
5374.35897435897
5360
5342.5641025641
5323.58974358974
5307.69230769231
5295.38461538462
5283.07692307692
5268.20512820513
5243.58974358974
5224.10256410256
5213.84615384615
5198.46153846154
5174.35897435897
5156.92307692308
5151.28205128205
5140.51282051282
5123.07692307692
5106.15384615385
5087.69230769231
5066.66666666667
5049.23076923077
5038.46153846154
5027.69230769231
5016.92307692308
5008.20512820513
5002.05128205128
4998.46153846154
4994.8717948718
4993.33333333333
4990.25641025641
4990.25641025641
4986.15384615385
4976.92307692308
4968.71794871795
4962.5641025641
4955.89743589744
4941.53846153846
4928.71794871795
4923.07692307692
4912.30769230769
4893.84615384615
4880
4872.30769230769
4857.94871794872
4841.53846153846
4828.71794871795
4818.97435897436
4805.12820512821
4792.82051282051
4793.33333333333
4789.23076923077
4767.69230769231
4748.71794871795
