4312.82051282051
4312.82051282051
4311.79487179487
4314.8717948718
4320
4322.05128205128
4321.02564102564
4321.02564102564
4322.05128205128
4321.53846153846
4320.51282051282
4322.05128205128
4320.51282051282
4314.35897435897
4311.79487179487
4313.33333333333
4313.84615384615
4314.35897435897
4313.84615384615
4311.79487179487
4313.33333333333
4314.35897435897
4312.82051282051
4314.8717948718
4318.46153846154
4320.51282051282
4319.48717948718
4315.38461538462
4312.82051282051
4312.82051282051
4313.84615384615
4314.35897435897
4314.35897435897
4312.30769230769
4312.82051282051
4314.8717948718
4311.79487179487
4310.25641025641
4313.33333333333
4314.35897435897
4312.82051282051
4312.82051282051
4314.35897435897
4313.84615384615
4313.33333333333
4313.84615384615
4313.84615384615
4313.84615384615
4313.84615384615
4313.33333333333
4314.35897435897
4314.35897435897
4311.28205128205
4311.79487179487
4314.8717948718
4310.25641025641
4305.12820512821
4308.20512820513
4313.33333333333
4313.33333333333
4313.33333333333
4312.82051282051
4312.30769230769
4309.23076923077
4306.15384615385
4309.23076923077
4311.79487179487
4308.71794871795
4307.17948717949
4308.71794871795
4308.20512820513
4307.17948717949
4311.28205128205
4313.33333333333
4312.82051282051
4311.79487179487
4311.79487179487
4312.82051282051
4311.79487179487
4308.20512820513
4308.71794871795
4312.82051282051
4314.35897435897
4312.30769230769
4312.30769230769
4316.41025641026
4320
4319.48717948718
4318.46153846154
4318.97435897436
4318.46153846154
4317.94871794872
4317.94871794872
4317.94871794872
4317.94871794872
4317.94871794872
4317.94871794872
4317.94871794872
4317.94871794872
4317.94871794872
4317.94871794872
4317.94871794872
4317.94871794872
4317.94871794872
4317.94871794872
4317.94871794872
4317.94871794872
4317.94871794872
4317.94871794872
4317.94871794872
4317.94871794872
4317.94871794872
4317.94871794872
4317.94871794872
4317.94871794872
4317.94871794872
4317.94871794872
4318.46153846154
4318.97435897436
4319.48717948718
4319.48717948718
4318.46153846154
4319.48717948718
4318.97435897436
4313.84615384615
4308.71794871795
4309.23076923077
4314.8717948718
4319.48717948718
4316.41025641026
4312.30769230769
4316.41025641026
4320.51282051282
4318.97435897436
4318.97435897436
4318.97435897436
4315.38461538462
4315.89743589744
4318.97435897436
4317.94871794872
4317.94871794872
4319.48717948718
4318.46153846154
4317.4358974359
4318.46153846154
4317.94871794872
4317.94871794872
4317.94871794872
4317.94871794872
4317.94871794872
4317.94871794872
4317.94871794872
4317.94871794872
4317.94871794872
4317.94871794872
4317.94871794872
4317.94871794872
4317.94871794872
4317.94871794872
4317.94871794872
4317.94871794872
4317.94871794872
4317.94871794872
4317.94871794872
4317.94871794872
4317.94871794872
4317.94871794872
4318.46153846154
4318.46153846154
4317.94871794872
4317.94871794872
4318.46153846154
4315.38461538462
4310.25641025641
4312.30769230769
4317.94871794872
4318.46153846154
4317.4358974359
4319.48717948718
4319.48717948718
4317.94871794872
4317.94871794872
4318.46153846154
4317.94871794872
4317.94871794872
4317.94871794872
4317.94871794872
4317.94871794872
4317.94871794872
4317.94871794872
4317.94871794872
4317.94871794872
4318.46153846154
4318.46153846154
4317.4358974359
4319.48717948718
4317.4358974359
4311.79487179487
4310.76923076923
4313.33333333333
4314.35897435897
4313.33333333333
4313.33333333333
4312.82051282051
4313.84615384615
4314.35897435897
4313.33333333333
4313.84615384615
4313.84615384615
4313.84615384615
4313.84615384615
4313.84615384615
4313.84615384615
4313.84615384615
4313.84615384615
4313.84615384615
4313.84615384615
4313.84615384615
4313.84615384615
4313.84615384615
4313.84615384615
4313.84615384615
4313.84615384615
4313.84615384615
4313.84615384615
4313.84615384615
4313.33333333333
4313.33333333333
4313.84615384615
4313.84615384615
4313.33333333333
4316.41025641026
4322.05128205128
4319.48717948718
4312.82051282051
4312.30769230769
4313.84615384615
4313.84615384615
4314.35897435897
4313.33333333333
4312.30769230769
4313.84615384615
4314.35897435897
4313.33333333333
4313.84615384615
4313.84615384615
4313.84615384615
4313.84615384615
4313.84615384615
4313.33333333333
4311.28205128205
4312.30769230769
4315.89743589744
4314.8717948718
4312.30769230769
4314.35897435897
4314.35897435897
4312.30769230769
4313.33333333333
4314.35897435897
4313.33333333333
4313.84615384615
4313.33333333333
4312.30769230769
4312.82051282051
4313.84615384615
4313.84615384615
4313.84615384615
4313.84615384615
4313.84615384615
4313.84615384615
4313.84615384615
4313.84615384615
4313.84615384615
4313.84615384615
4313.84615384615
4313.33333333333
4312.30769230769
4311.79487179487
4312.30769230769
4312.30769230769
4313.33333333333
4313.33333333333
4312.82051282051
4315.38461538462
4318.46153846154
4318.97435897436
4317.94871794872
4317.4358974359
4317.4358974359
4318.46153846154
4319.48717948718
4317.94871794872
4317.94871794872
4318.46153846154
4317.94871794872
4317.94871794872
4317.94871794872
4317.94871794872
4317.94871794872
4317.94871794872
4317.94871794872
4317.94871794872
4317.94871794872
4317.94871794872
4318.46153846154
4317.94871794872
4317.94871794872
4318.97435897436
4316.41025641026
4312.82051282051
4312.82051282051
4313.84615384615
4313.33333333333
4313.33333333333
4313.84615384615
4313.84615384615
4313.33333333333
4313.33333333333
4317.94871794872
4320
4318.97435897436
4318.97435897436
4320
4318.97435897436
4318.46153846154
4318.97435897436
4318.46153846154
4318.46153846154
4319.48717948718
4318.46153846154
4316.92307692308
4317.94871794872
4318.97435897436
4317.94871794872
4317.94871794872
4318.46153846154
4317.94871794872
4317.94871794872
4317.94871794872
4317.94871794872
4317.94871794872
4317.94871794872
4317.94871794872
4317.94871794872
4317.94871794872
4317.94871794872
4317.94871794872
4317.94871794872
4317.94871794872
4317.94871794872
4317.94871794872
4317.94871794872
4317.94871794872
4317.94871794872
4317.94871794872
4317.94871794872
4317.94871794872
4317.94871794872
4317.94871794872
4317.94871794872
4317.94871794872
4317.94871794872
4317.94871794872
4317.94871794872
4317.94871794872
4317.94871794872
4317.94871794872
4318.46153846154
4318.46153846154
4317.94871794872
4318.46153846154
4318.46153846154
4315.38461538462
4310.76923076923
4310.25641025641
4312.30769230769
4312.30769230769
4312.82051282051
4314.8717948718
4314.35897435897
4312.30769230769
4312.82051282051
4314.35897435897
4313.84615384615
4313.84615384615
4313.84615384615
4313.84615384615
4313.84615384615
4313.84615384615
4313.84615384615
4313.84615384615
4313.84615384615
4313.84615384615
4313.84615384615
4313.84615384615
4313.84615384615
4313.84615384615
4313.84615384615
4313.84615384615
4313.84615384615
4313.84615384615
4313.84615384615
4313.84615384615
4313.84615384615
4313.84615384615
4313.84615384615
4313.84615384615
4313.84615384615
4313.84615384615
4313.84615384615
4313.84615384615
4313.84615384615
4313.84615384615
4313.84615384615
4313.84615384615
4313.84615384615
4313.84615384615
4313.84615384615
4313.84615384615
4313.84615384615
4313.84615384615
4313.84615384615
4313.84615384615
4313.84615384615
4313.84615384615
4313.84615384615
4313.84615384615
4313.84615384615
4313.84615384615
4313.84615384615
4313.84615384615
4313.84615384615
4313.84615384615
4313.84615384615
4313.84615384615
4313.84615384615
4313.84615384615
4313.84615384615
4313.84615384615
4313.84615384615
4313.84615384615
4313.84615384615
4313.84615384615
4313.84615384615
4313.84615384615
4313.84615384615
4313.84615384615
4313.84615384615
4313.84615384615
4313.84615384615
4313.84615384615
4313.84615384615
4313.84615384615
4313.84615384615
4313.84615384615
4313.84615384615
4313.84615384615
4313.84615384615
4313.33333333333
4313.84615384615
4313.84615384615
4312.82051282051
4315.38461538462
4319.48717948718
4319.48717948718
4318.97435897436
4320
4318.46153846154
4316.92307692308
4318.46153846154
4318.97435897436
4317.94871794872
4317.94871794872
4318.46153846154
4317.94871794872
4317.94871794872
4317.94871794872
4317.94871794872
4317.94871794872
4317.94871794872
4317.94871794872
4318.97435897436
4318.97435897436
4318.97435897436
4318.97435897436
4318.97435897436
4318.97435897436
4318.97435897436
4318.97435897436
4318.97435897436
4318.97435897436
4318.97435897436
4318.97435897436
4318.97435897436
4318.97435897436
4318.97435897436
4318.97435897436
4318.97435897436
4318.97435897436
4318.97435897436
4318.97435897436
4318.97435897436
4318.97435897436
4318.97435897436
4318.97435897436
4318.97435897436
4318.97435897436
4318.97435897436
4318.97435897436
4319.48717948718
4318.97435897436
4318.97435897436
4320
4317.4358974359
4312.30769230769
4311.79487179487
4313.33333333333
4312.30769230769
4314.8717948718
4318.46153846154
4318.97435897436
4318.46153846154
4315.38461538462
4313.33333333333
4313.33333333333
4312.82051282051
4313.33333333333
4317.4358974359
4318.46153846154
4317.94871794872
4318.97435897436
4318.97435897436
4318.46153846154
4318.97435897436
4318.97435897436
4318.97435897436
4318.97435897436
4318.97435897436
4318.97435897436
4318.97435897436
4318.97435897436
4318.97435897436
4318.97435897436
4318.97435897436
4318.97435897436
4318.97435897436
4318.97435897436
4318.97435897436
4318.97435897436
4318.97435897436
4318.97435897436
4318.97435897436
4318.97435897436
4318.97435897436
4318.97435897436
4318.97435897436
4318.97435897436
4318.97435897436
4318.97435897436
4318.97435897436
4318.97435897436
4318.97435897436
4318.97435897436
4318.97435897436
4318.97435897436
4318.97435897436
4318.97435897436
4318.97435897436
4318.97435897436
4318.97435897436
4318.97435897436
4318.97435897436
4318.97435897436
4318.97435897436
4318.97435897436
4318.97435897436
4318.97435897436
4318.97435897436
4318.97435897436
4318.97435897436
4318.97435897436
4318.97435897436
4319.48717948718
4318.97435897436
4318.46153846154
4320
4318.46153846154
4313.84615384615
4311.28205128205
4312.82051282051
4313.33333333333
4312.30769230769
4314.8717948718
4318.46153846154
4318.97435897436
4317.94871794872
4317.4358974359
4317.4358974359
4318.46153846154
4319.48717948718
4317.94871794872
4317.94871794872
4318.46153846154
4317.94871794872
4317.94871794872
4317.94871794872
4317.94871794872
4317.94871794872
4317.94871794872
4317.94871794872
4317.94871794872
4317.94871794872
4317.94871794872
4317.94871794872
4317.94871794872
4317.94871794872
4317.94871794872
4317.94871794872
4317.94871794872
4317.94871794872
4317.94871794872
4317.94871794872
4317.94871794872
4317.94871794872
4317.94871794872
4317.94871794872
4317.94871794872
4317.94871794872
4317.94871794872
4317.94871794872
4317.94871794872
4317.94871794872
4317.94871794872
4317.94871794872
4317.94871794872
4317.94871794872
4317.94871794872
4317.94871794872
4317.94871794872
4317.94871794872
4317.94871794872
4317.94871794872
4317.94871794872
4317.94871794872
4317.94871794872
4317.94871794872
4317.94871794872
4317.94871794872
4317.94871794872
4317.94871794872
4317.94871794872
4317.94871794872
4317.94871794872
4317.94871794872
4317.94871794872
4317.94871794872
4318.46153846154
4318.46153846154
4317.4358974359
4318.97435897436
4317.94871794872
4313.33333333333
4312.30769230769
4313.84615384615
4313.33333333333
4312.82051282051
4313.33333333333
4312.82051282051
4312.82051282051
4312.82051282051
4312.82051282051
4312.82051282051
4312.30769230769
4313.33333333333
4312.30769230769
4312.82051282051
4316.92307692308
4318.97435897436
4318.46153846154
4317.94871794872
4312.82051282051
4306.66666666667
4308.71794871795
4313.33333333333
4312.30769230769
4311.79487179487
4315.89743589744
4319.48717948718
4319.48717948718
4317.4358974359
4313.33333333333
4311.28205128205
4315.89743589744
4319.48717948718
4316.92307692308
4316.92307692308
4319.48717948718
4319.48717948718
4317.94871794872
4317.94871794872
4318.46153846154
4317.94871794872
4317.94871794872
4317.94871794872
4317.94871794872
4317.94871794872
4317.94871794872
4317.94871794872
4317.94871794872
4318.46153846154
4318.97435897436
4318.97435897436
4318.97435897436
4318.97435897436
4318.97435897436
4318.97435897436
4318.97435897436
4318.97435897436
4318.97435897436
4318.97435897436
4318.97435897436
4318.97435897436
4318.97435897436
4318.97435897436
4318.97435897436
4318.97435897436
4318.97435897436
4318.97435897436
4318.97435897436
4318.97435897436
4318.97435897436
4318.97435897436
4318.97435897436
4318.97435897436
4318.97435897436
4318.97435897436
4318.97435897436
4318.97435897436
4318.97435897436
4318.97435897436
4318.97435897436
4318.97435897436
4318.97435897436
4318.97435897436
4318.97435897436
4318.97435897436
4318.97435897436
4318.97435897436
4318.97435897436
4318.97435897436
4318.97435897436
4318.97435897436
4318.97435897436
4318.97435897436
4318.97435897436
4318.97435897436
4318.97435897436
4318.97435897436
4318.97435897436
4318.97435897436
4318.97435897436
4318.97435897436
4318.97435897436
4318.97435897436
4318.97435897436
4318.97435897436
4318.97435897436
4318.97435897436
4318.97435897436
4318.97435897436
4318.97435897436
4318.97435897436
4318.97435897436
4318.97435897436
4318.97435897436
4318.97435897436
4318.97435897436
4318.97435897436
4318.97435897436
4318.97435897436
4318.97435897436
4318.97435897436
4318.97435897436
4318.97435897436
4318.97435897436
4318.97435897436
4318.97435897436
4318.97435897436
4318.97435897436
4318.97435897436
4318.97435897436
4318.97435897436
4318.97435897436
4318.97435897436
4318.97435897436
4318.97435897436
4318.97435897436
4318.97435897436
4318.97435897436
4318.97435897436
4319.48717948718
4318.97435897436
4318.46153846154
4320
4318.97435897436
4313.84615384615
4311.28205128205
4312.30769230769
4312.82051282051
4313.33333333333
4312.82051282051
4312.30769230769
4315.89743589744
4318.97435897436
4318.46153846154
4317.94871794872
4317.4358974359
4317.4358974359
4318.97435897436
4318.97435897436
4317.94871794872
4317.94871794872
4318.46153846154
4317.94871794872
4317.94871794872
4317.94871794872
4317.94871794872
4317.94871794872
4317.94871794872
4317.94871794872
4317.94871794872
4317.94871794872
4317.94871794872
4317.94871794872
4317.94871794872
4317.94871794872
4317.94871794872
4317.94871794872
4317.94871794872
4317.94871794872
4317.94871794872
4317.94871794872
4317.94871794872
4317.94871794872
4317.94871794872
4317.94871794872
4317.94871794872
4317.94871794872
4317.94871794872
4317.94871794872
4317.94871794872
4317.94871794872
4317.94871794872
4317.94871794872
4317.94871794872
4317.94871794872
4317.94871794872
4317.94871794872
4317.94871794872
4317.94871794872
4317.94871794872
4317.94871794872
4317.94871794872
4317.94871794872
4317.94871794872
4317.94871794872
4317.94871794872
4317.94871794872
4317.94871794872
4317.94871794872
4317.94871794872
4317.94871794872
4317.94871794872
4317.94871794872
4317.94871794872
4317.94871794872
4317.94871794872
4317.94871794872
4317.94871794872
4318.46153846154
4318.46153846154
4317.94871794872
4318.46153846154
4317.94871794872
4313.33333333333
4310.76923076923
4312.82051282051
4314.35897435897
4313.33333333333
4313.84615384615
4313.84615384615
4313.84615384615
4313.84615384615
4313.84615384615
4314.35897435897
4313.84615384615
4312.30769230769
4312.82051282051
4313.84615384615
4313.84615384615
4313.84615384615
4313.84615384615
4313.84615384615
4313.84615384615
4313.84615384615
4313.84615384615
4313.84615384615
4313.84615384615
4313.84615384615
4313.84615384615
4313.84615384615
4313.84615384615
4313.84615384615
4313.84615384615
4313.84615384615
4313.84615384615
4313.84615384615
4313.84615384615
4313.84615384615
4313.84615384615
4313.84615384615
4313.84615384615
4313.84615384615
4313.84615384615
4313.84615384615
4313.84615384615
4313.84615384615
4313.84615384615
4313.84615384615
4313.84615384615
4313.84615384615
4313.84615384615
4313.84615384615
4313.84615384615
4313.84615384615
4313.84615384615
4313.84615384615
4313.84615384615
4313.84615384615
4313.84615384615
4313.84615384615
4313.84615384615
4313.84615384615
4313.84615384615
4313.84615384615
4313.84615384615
4313.84615384615
4313.84615384615
4313.84615384615
4313.84615384615
4313.84615384615
4313.84615384615
4313.84615384615
4313.84615384615
4313.84615384615
4313.84615384615
4313.84615384615
4313.84615384615
4313.84615384615
4313.84615384615
4313.84615384615
4313.84615384615
4313.84615384615
4313.84615384615
4313.84615384615
4313.84615384615
4313.84615384615
4313.84615384615
4313.84615384615
4313.84615384615
4313.84615384615
4313.84615384615
4313.84615384615
4313.84615384615
4313.33333333333
4313.84615384615
4314.35897435897
4310.76923076923
4308.20512820513
4313.84615384615
4318.97435897436
4317.94871794872
4317.4358974359
4318.46153846154
4318.46153846154
4317.94871794872
4318.46153846154
4317.4358974359
4317.94871794872
4318.97435897436
4315.89743589744
4311.79487179487
4313.33333333333
4314.35897435897
4311.79487179487
4311.79487179487
4313.33333333333
4313.33333333333
4313.84615384615
4313.84615384615
4313.84615384615
4313.33333333333
4313.84615384615
4313.84615384615
4313.33333333333
4313.84615384615
4318.46153846154
4321.53846153846
4318.97435897436
4316.41025641026
4316.92307692308
4318.97435897436
4318.97435897436
4317.94871794872
4317.94871794872
4318.46153846154
4317.94871794872
4317.94871794872
4317.94871794872
4318.46153846154
4317.94871794872
4317.94871794872
4318.46153846154
4317.4358974359
4311.28205128205
4310.25641025641
4317.4358974359
4318.97435897436
4312.82051282051
4310.76923076923
4313.84615384615
4312.82051282051
4312.82051282051
4316.92307692308
4318.97435897436
4318.46153846154
4317.94871794872
4317.4358974359
4317.4358974359
4318.97435897436
4318.97435897436
4317.4358974359
4317.94871794872
4318.46153846154
4317.94871794872
4317.94871794872
4317.94871794872
4317.94871794872
4317.94871794872
4317.94871794872
4317.94871794872
4317.94871794872
4317.94871794872
4317.94871794872
4317.94871794872
4318.46153846154
4317.94871794872
4317.94871794872
4318.97435897436
4315.89743589744
4311.28205128205
4311.79487179487
4314.8717948718
4314.8717948718
4314.35897435897
4315.38461538462
4314.8717948718
4314.8717948718
4318.46153846154
4320.51282051282
4316.41025641026
4312.30769230769
4312.82051282051
4313.33333333333
4313.84615384615
4314.35897435897
4313.33333333333
4312.30769230769
4313.84615384615
4313.84615384615
4313.33333333333
4313.84615384615
4313.84615384615
4313.84615384615
4313.84615384615
4313.84615384615
4313.84615384615
4313.84615384615
4313.84615384615
4313.84615384615
4313.84615384615
4313.84615384615
4313.84615384615
4313.84615384615
4313.84615384615
4313.84615384615
4313.33333333333
4313.33333333333
4314.35897435897
4313.84615384615
4312.82051282051
4317.94871794872
4321.02564102564
4315.38461538462
4311.79487179487
4313.33333333333
4313.84615384615
4314.35897435897
4313.84615384615
4312.30769230769
4312.82051282051
4314.35897435897
4313.84615384615
4313.84615384615
4313.84615384615
4313.84615384615
4313.84615384615
4313.84615384615
4313.84615384615
4313.84615384615
4313.84615384615
4313.84615384615
4313.84615384615
4313.84615384615
4313.84615384615
4313.84615384615
4313.84615384615
4313.84615384615
4313.84615384615
4313.84615384615
4313.84615384615
4312.82051282051
4311.79487179487
4311.28205128205
4311.28205128205
4312.82051282051
4313.84615384615
4313.84615384615
4313.84615384615
4313.84615384615
4313.84615384615
4313.84615384615
4313.84615384615
4313.84615384615
4313.84615384615
4313.84615384615
4313.84615384615
4313.84615384615
4313.84615384615
4313.84615384615
4313.84615384615
4313.84615384615
4313.84615384615
4313.84615384615
4313.84615384615
4313.84615384615
4313.84615384615
4313.84615384615
4313.84615384615
4313.84615384615
4313.84615384615
4313.84615384615
4313.84615384615
4313.84615384615
4313.84615384615
4310.76923076923
4306.66666666667
4306.66666666667
4309.74358974359
4312.82051282051
4313.84615384615
4313.84615384615
4313.84615384615
4313.84615384615
4313.84615384615
4313.84615384615
4313.84615384615
4313.84615384615
4313.84615384615
4313.84615384615
4313.84615384615
4313.84615384615
4313.84615384615
4313.84615384615
4313.84615384615
4313.84615384615
4313.84615384615
4313.84615384615
4313.84615384615
4313.84615384615
4313.84615384615
4313.84615384615
4313.84615384615
4313.84615384615
4313.33333333333
4313.84615384615
4313.84615384615
4313.33333333333
4314.35897435897
4317.94871794872
4320.51282051282
4316.92307692308
4311.79487179487
4311.79487179487
4313.33333333333
4313.33333333333
4312.30769230769
4312.82051282051
4313.33333333333
4312.82051282051
4312.30769230769
4315.89743589744
4320.51282051282
4321.53846153846
4321.02564102564
4321.02564102564
4321.53846153846
4321.02564102564
4321.02564102564
4321.02564102564
4321.02564102564
4321.02564102564
4321.53846153846
4321.02564102564
4321.02564102564
4322.05128205128
4320
4316.41025641026
4317.4358974359
4318.97435897436
4317.94871794872
4317.4358974359
4318.46153846154
4317.94871794872
4317.94871794872
4317.94871794872
4317.94871794872
4317.94871794872
4317.94871794872
4317.94871794872
4317.94871794872
4317.94871794872
4317.94871794872
4317.94871794872
4317.94871794872
4317.94871794872
4317.94871794872
4317.94871794872
4317.94871794872
4317.94871794872
4317.94871794872
4317.94871794872
4317.94871794872
4317.94871794872
4317.94871794872
4317.94871794872
4317.94871794872
4317.94871794872
4317.94871794872
4317.94871794872
4317.94871794872
4317.94871794872
4317.94871794872
4317.94871794872
4317.94871794872
4317.94871794872
4317.94871794872
4317.94871794872
4317.94871794872
4317.94871794872
4317.94871794872
4317.94871794872
4317.94871794872
4317.94871794872
4317.94871794872
4317.94871794872
4317.94871794872
4317.94871794872
4317.94871794872
4317.94871794872
4317.94871794872
4317.94871794872
4317.94871794872
4317.94871794872
4317.94871794872
4317.94871794872
4317.94871794872
4317.94871794872
4317.94871794872
4317.94871794872
4317.94871794872
4317.94871794872
4317.94871794872
4317.94871794872
4317.94871794872
4318.46153846154
4318.97435897436
4318.97435897436
4318.97435897436
4318.97435897436
4318.97435897436
4318.97435897436
4318.97435897436
