P7
6530.25641025641
6529.23076923077
6520
6526.66666666667
6539.48717948718
6536.41025641026
6514.35897435898
6509.74358974359
6538.97435897436
6577.94871794872
6607.17948717949
6646.66666666667
6722.5641025641
6928.20512820513
7334.35897435898
7715.38461538462
7825.64102564103
7786.66666666667
7791.28205128205
7800
7775.38461538462
7767.69230769231
7769.23076923077
7767.17948717949
7767.69230769231
7768.71794871795
7768.71794871795
7768.71794871795
7768.71794871795
7768.71794871795
7768.71794871795
7768.71794871795
7768.71794871795
7768.71794871795
7768.71794871795
7768.71794871795
7768.71794871795
7768.71794871795
7768.71794871795
7768.71794871795
7768.71794871795
7768.71794871795
7768.71794871795
7768.71794871795
7768.71794871795
7768.71794871795
7768.71794871795
7768.71794871795
7768.71794871795
7768.71794871795
7768.71794871795
7768.71794871795
7768.71794871795
7768.71794871795
7768.71794871795
7768.71794871795
7768.71794871795
7768.71794871795
7768.71794871795
7768.71794871795
7768.71794871795
7768.71794871795
7768.71794871795
7768.71794871795
7768.71794871795
7768.71794871795
7768.71794871795
7768.71794871795
7768.71794871795
7768.71794871795
7768.71794871795
7768.71794871795
7768.71794871795
7768.71794871795
7768.71794871795
7768.71794871795
7768.71794871795
7768.71794871795
7768.71794871795
7768.71794871795
7768.71794871795
7768.71794871795
7768.71794871795
7768.71794871795
7768.71794871795
7768.71794871795
7768.71794871795
7768.71794871795
7769.23076923077
7768.71794871795
7768.20512820513
7769.74358974359
7767.69230769231
7763.58974358975
7762.5641025641
7763.58974358975
7762.5641025641
7762.5641025641
7763.07692307692
7763.07692307692
7768.20512820513
7773.33333333333
7767.17948717949
7760
7759.48717948718
7745.12820512821
7726.15384615385
7727.17948717949
7730.25641025641
7717.4358974359
7707.69230769231
7705.12820512821
7700
7685.64102564103
7663.58974358975
7659.48717948718
7667.69230769231
7649.74358974359
7622.05128205128
7614.8717948718
7606.15384615385
7585.64102564103
7570.76923076923
7560.51282051282
7535.38461538462
7503.07692307692
7497.94871794872
7509.23076923077
7493.84615384616
7454.35897435898
7431.28205128205
7416.41025641026
7390.25641025641
7362.5641025641
7334.35897435898
7312.30769230769
7298.46153846154
7272.30769230769
7247.69230769231
7240
7210.76923076923
7162.5641025641
7154.8717948718
7160
7140
7118.97435897436
7092.82051282051
7061.53846153846
7044.10256410257
7032.30769230769
7013.84615384616
6995.89743589744
6986.15384615385
6976.41025641026
6954.35897435898
6932.82051282051
6919.48717948718
6892.82051282051
6868.20512820513
6853.33333333333
6829.23076923077
6814.8717948718
6796.92307692308
6760.51282051282
6747.17948717949
6760.51282051282
6762.05128205128
6756.92307692308
6745.64102564103
6714.35897435898
6688.71794871795
6681.53846153846
6663.58974358974
6635.38461538462
6631.28205128205
6632.82051282051
6597.94871794872
6564.61538461539
6581.02564102564
6596.41025641026
6572.82051282051
6546.15384615385
6532.30769230769
6521.02564102564
6513.33333333333
6507.69230769231
6491.28205128205
6469.74358974359
6456.92307692308
6442.5641025641
6426.66666666667
6411.28205128205
6396.41025641026
6381.53846153846
6364.10256410257
6358.46153846154
6354.35897435898
6324.10256410257
6301.02564102564
6312.30769230769
6307.69230769231
6282.05128205128
6266.15384615385
6240.51282051282
6223.58974358974
6232.30769230769
6230.25641025641
6226.15384615385
6235.89743589744
6223.07692307692
6194.8717948718
6187.17948717949
6184.61538461539
6163.07692307692
6148.20512820513
6147.69230769231
6141.53846153846
6135.38461538462
6125.12820512821
6095.38461538462
6081.02564102564
6087.69230769231
6066.15384615385
6046.15384615385
6057.4358974359
6049.74358974359
6022.5641025641
6009.74358974359
6000.51282051282
5988.20512820513
5977.94871794872
5968.20512820513
5957.4358974359
5936.92307692308
5915.89743589744
5918.46153846154
5930.25641025641
5916.41025641026
5891.28205128205
5885.12820512821
5892.30769230769
5890.76923076923
5868.20512820513
5843.58974358974
5839.48717948718
5834.35897435898
5820
5825.12820512821
5832.30769230769
5807.17948717949
5795.38461538462
5810.25641025641
5797.4358974359
5771.79487179487
5763.07692307692
5742.05128205128
5725.64102564103
5743.07692307692
5743.07692307692
5715.89743589744
5711.79487179487
5719.48717948718
5706.66666666667
5686.66666666667
5673.33333333333
5652.30769230769
5632.30769230769
5635.89743589744
5654.8717948718
5656.41025641026
5634.8717948718
5623.07692307692
5623.07692307692
5613.84615384615
5607.69230769231
5612.30769230769
5602.5641025641
5583.07692307692
5572.82051282051
5567.17948717949
5575.89743589744
5592.30769230769
5591.28205128205
5576.92307692308
5558.46153846154
5540.51282051282
5536.92307692308
5541.53846153846
5530.76923076923
5511.28205128205
5498.97435897436
5485.64102564103
5483.07692307692
5501.02564102564
5513.33333333333
5502.05128205128
5488.20512820513
5474.35897435898
5452.30769230769
5439.48717948718
5441.53846153846
5449.74358974359
5451.79487179487
5439.48717948718
5418.97435897436
5404.10256410256
5404.61538461539
5405.64102564103
5390.25641025641
5373.33333333333
5372.82051282051
5378.97435897436
5380.51282051282
5381.53846153846
5384.10256410256
5372.30769230769
5344.10256410256
5332.30769230769
5341.53846153846
5344.61538461539
5344.10256410256
5345.12820512821
5348.20512820513
5354.35897435897
5347.69230769231
5324.61538461539
5307.17948717949
5307.17948717949
5307.69230769231
5296.41025641026
5283.07692307692
5284.61538461539
5289.74358974359
5282.5641025641
5258.97435897436
5231.28205128205
5227.17948717949
5242.5641025641
5240
5215.38461538462
5209.23076923077
5227.69230769231
5225.12820512821
5203.58974358974
5205.12820512821
5214.8717948718
5200.51282051282
5184.61538461539
5174.8717948718
5167.17948717949
5163.07692307692
5151.28205128205
5146.66666666667
5165.12820512821
5181.02564102564
5176.92307692308
5169.23076923077
5158.46153846154
5141.53846153846
5132.30769230769
5137.4358974359
5135.38461538462
5113.33333333333
5100
5106.15384615385
5117.94871794872
5124.10256410256
5123.07692307692
5114.8717948718
5094.8717948718
5071.79487179487
5055.89743589744
5053.84615384615
5061.53846153846
5070.76923076923
5067.69230769231
5050.25641025641
5039.48717948718
5037.4358974359
5042.5641025641
5046.66666666667
5028.71794871795
5014.8717948718
5036.41025641026
5051.28205128205
5033.84615384615
5025.64102564103
5021.53846153846
4999.48717948718
4996.41025641026
5013.84615384615
5016.41025641026
5003.07692307692
4991.79487179487
4977.4358974359
4968.20512820513
4982.5641025641
4988.20512820513
4963.58974358974
4950.25641025641
4954.35897435897
4927.17948717949
4902.05128205128
4920
4928.20512820513
4908.20512820513
4896.92307692308
4895.38461538462
4887.17948717949
4885.64102564103
4889.23076923077
4891.79487179487
4898.46153846154
4901.02564102564
4895.89743589744
4888.71794871795
4889.23076923077
4894.8717948718
4893.84615384615
4892.30769230769
4889.74358974359
4878.46153846154
4872.30769230769
4888.71794871795
4897.4358974359
4882.5641025641
4875.38461538462
4882.5641025641
4874.8717948718
4855.89743589744
4844.61538461539
4841.53846153846
4849.74358974359
4863.58974358974
4858.46153846154
4846.15384615385
4846.66666666667
4833.84615384615
4809.23076923077
4803.58974358974
4819.48717948718
4835.38461538462
4823.58974358974
4805.12820512821
4826.15384615385
4854.8717948718
4816.92307692308
4756.92307692308
4780
4828.71794871795
4802.05128205128
4774.8717948718
4813.33333333333
4832.30769230769
4802.5641025641
4797.94871794872
4804.61538461539
4787.69230769231
4778.46153846154
4783.58974358974
4787.69230769231
4780.51282051282
4781.53846153846
4800.51282051282
4806.15384615385
4782.5641025641
4763.07692307692
4748.20512820513
4718.46153846154
4720.51282051282
4762.5641025641
4772.82051282051
4732.30769230769
4701.53846153846
4712.82051282051
4717.94871794872
4684.10256410256
4668.71794871795
4703.58974358974
4706.66666666667
4674.8717948718
4680.51282051282
4698.97435897436
4696.92307692308
4702.5641025641
4716.41025641026
4715.38461538462
4710.76923076923
4705.64102564103
4704.61538461539
4695.89743589744
4662.5641025641
4667.69230769231
4703.58974358974
4693.33333333333
4679.48717948718
4711.28205128205
4699.48717948718
4648.71794871795
4674.8717948718
4727.69230769231
4711.28205128205
4680
4680.51282051282
4691.79487179487
4702.05128205128
4686.66666666667
4655.89743589744
4660
4676.41025641026
4668.20512820513
4655.38461538462
4664.10256410256
4697.4358974359
4707.17948717949
4664.61538461539
4660
4713.84615384615
4726.15384615385
4704.61538461539
4707.17948717949
4706.66666666667
4694.35897435897
4696.92307692308
4703.58974358974
4702.5641025641
4694.8717948718
4690.25641025641
4704.61538461539
4722.05128205128
4714.35897435897
4691.28205128205
4676.41025641026
4676.41025641026
4681.02564102564
4672.82051282051
4668.20512820513
4692.30769230769
4708.20512820513
4689.74358974359
4671.79487179487
4653.84615384615
4632.30769230769
4654.8717948718
4690.25641025641
4679.48717948718
4670.76923076923
4673.33333333333
4654.8717948718
4646.15384615385
4636.41025641026
4617.4358974359
4643.07692307692
4682.5641025641
4664.10256410256
4630.76923076923
4643.07692307692
4657.4358974359
4634.35897435897
4622.05128205128
4656.41025641026
4670.25641025641
4633.84615384615
4623.07692307692
4653.33333333333
4665.12820512821
4662.5641025641
4667.17948717949
4657.4358974359
4643.58974358974
4644.10256410256
4640.51282051282
4636.41025641026
4649.23076923077
4653.84615384615
4631.79487179487
4615.89743589744
4616.41025641026
4606.66666666667
4594.8717948718
4603.58974358974
4606.15384615385
4600
4596.41025641026
4575.38461538462
4566.66666666667
4600
4619.48717948718
4598.97435897436
4578.46153846154
4577.94871794872
4588.71794871795
4593.33333333333
4590.25641025641
4601.53846153846
4602.5641025641
4567.69230769231
4551.28205128205
4579.48717948718
4588.71794871795
4565.64102564103
4564.61538461538
4594.35897435897
4596.92307692308
4576.92307692308
4581.02564102564
4594.35897435897
4585.12820512821
4576.41025641026
4580
4565.12820512821
4547.17948717949
4557.94871794872
4570.76923076923
4567.69230769231
4551.79487179487
4542.05128205128
4548.71794871795
4557.4358974359
4555.38461538462
4553.84615384615
4552.30769230769
4540
4533.84615384615
4538.97435897436
4546.15384615385
4560
4565.64102564103
4549.74358974359
4550.76923076923
4564.61538461538
4540.51282051282
4531.79487179487
4565.12820512821
4565.12820512821
4545.12820512821
4565.64102564103
4578.46153846154
4556.41025641026
4553.33333333333
4564.10256410256
4564.10256410256
4567.17948717949
4556.92307692308
4535.38461538462
4542.5641025641
4557.94871794872
4548.71794871795
4547.69230769231
4554.8717948718
4549.23076923077
4547.17948717949
4553.33333333333
4555.38461538462
4554.8717948718
4553.84615384615
4558.97435897436
4572.82051282051
4575.38461538462
4563.07692307692
4552.82051282051
4556.92307692308
4560.51282051282
4563.07692307692
4571.28205128205
4563.58974358974
4556.41025641026
4576.41025641026
4582.05128205128
4558.97435897436
4566.66666666667
4591.79487179487
4575.38461538462
4547.17948717949
4556.92307692308
4594.35897435897
4607.69230769231
4588.20512820513
4580
4600
4608.71794871795
4590.76923076923
4585.64102564103
4594.8717948718
4599.48717948718
4595.89743589744
4586.66666666667
4590.76923076923
4614.8717948718
4617.94871794872
4584.61538461538
4580
4618.97435897436
4634.8717948718
4604.61538461538
4582.05128205128
4593.33333333333
4612.30769230769
4623.58974358974
4620
4602.05128205128
4596.92307692308
4598.46153846154
4600
4613.33333333333
4608.71794871795
4571.79487179487
4570.76923076923
4609.74358974359
4619.48717948718
4610.76923076923
4610.25641025641
4602.5641025641
4604.10256410256
4606.66666666667
4595.89743589744
4597.94871794872
4605.64102564103
4598.97435897436
4609.74358974359
4633.33333333333
4621.53846153846
4614.35897435897
4635.38461538462
4632.82051282051
4616.41025641026
4622.5641025641
4624.10256410256
4610.25641025641
4614.8717948718
4620.51282051282
4603.07692307692
4586.66666666667
4580
4585.12820512821
4602.5641025641
4612.82051282051
4606.66666666667
4612.82051282051
4631.79487179487
4630.25641025641
4617.4358974359
4615.89743589744
4626.15384615385
4640.51282051282
4639.48717948718
4627.17948717949
4623.07692307692
4625.12820512821
4628.20512820513
4626.15384615385
4616.92307692308
4618.97435897436
4618.97435897436
4598.46153846154
4596.41025641026
4626.15384615385
4644.10256410256
4636.92307692308
4632.30769230769
4633.33333333333
4624.10256410256
4614.35897435897
4622.05128205128
4622.5641025641
4611.79487179487
4624.61538461538
4646.66666666667
4652.30769230769
4646.66666666667
4638.97435897436
4642.05128205128
4646.15384615385
4628.71794871795
4620.51282051282
4636.41025641026
4638.97435897436
4631.79487179487
4630.25641025641
4632.82051282051
4644.10256410256
4658.97435897436
4658.97435897436
4638.97435897436
4628.71794871795
4638.97435897436
4647.69230769231
4641.02564102564
4634.8717948718
4635.89743589744
4631.28205128205
4627.69230769231
4632.30769230769
4645.64102564103
4649.23076923077
4624.10256410256
4609.74358974359
4629.74358974359
4652.30769230769
4651.28205128205
4645.12820512821
4650.25641025641
4653.33333333333
4642.5641025641
4635.38461538462
4636.92307692308
4631.79487179487
4625.64102564103
4631.79487179487
4634.35897435897
4632.82051282051
4647.17948717949
4661.02564102564
4653.33333333333
4633.33333333333
4631.79487179487
4647.69230769231
4647.17948717949
4636.92307692308
4642.5641025641
4640.51282051282
4625.64102564103
4627.17948717949
4628.71794871795
4614.8717948718
4612.82051282051
4628.71794871795
4638.97435897436
4643.07692307692
4639.48717948718
4624.10256410256
4625.64102564103
4636.92307692308
4634.35897435897
4633.33333333333
4642.05128205128
4634.8717948718
4619.48717948718
4625.12820512821
4643.58974358974
4648.20512820513
4638.97435897436
4632.82051282051
4631.79487179487
4638.46153846154
4653.84615384615
4660.51282051282
4649.74358974359
4632.30769230769
4624.61538461538
4627.69230769231
4631.28205128205
4638.46153846154
4644.61538461538
4627.17948717949
4610.76923076923
4631.28205128205
4647.69230769231
4633.33333333333
4623.07692307692
4628.20512820513
4632.30769230769
4631.28205128205
4632.82051282051
4631.28205128205
4623.07692307692
4613.33333333333
4603.07692307692
4590.76923076923
4603.58974358974
4639.48717948718
4647.17948717949
4631.79487179487
4628.20512820513
4624.10256410256
4616.41025641026
4628.71794871795
4645.12820512821
4640.51282051282
4623.07692307692
4609.74358974359
4619.48717948718
4634.8717948718
4632.30769230769
4634.8717948718
4652.30769230769
4657.94871794872
4641.02564102564
4628.20512820513
4630.76923076923
4633.84615384615
4634.8717948718
4643.07692307692
4650.76923076923
4651.28205128205
4646.66666666667
4641.53846153846
4643.58974358974
4648.20512820513
4635.89743589744
4620.51282051282
4618.46153846154
4611.28205128205
4600.51282051282
4608.20512820513
4623.07692307692
4624.61538461538
4624.61538461538
4625.64102564103
4616.92307692308
4619.48717948718
4629.23076923077
4624.10256410256
4611.79487179487
4606.15384615385
4612.82051282051
4615.89743589744
4608.20512820513
4606.66666666667
4605.12820512821
4595.89743589744
4594.35897435897
4601.02564102564
4609.23076923077
4620.51282051282
4611.79487179487
4592.30769230769
4615.89743589744
4660
4664.61538461539
4640
4631.79487179487
4636.41025641026
4628.71794871795
4626.66666666667
4634.35897435897
4623.58974358974
4604.61538461538
4613.33333333333
4638.97435897436
4647.17948717949
4635.38461538462
4630.25641025641
4631.79487179487
4624.10256410256
4612.30769230769
4617.94871794872
4631.28205128205
4627.17948717949
4616.41025641026
4614.8717948718
4608.71794871795
4588.71794871795
4586.15384615385
4601.02564102564
4594.8717948718
4583.07692307692
4577.4358974359
4573.84615384615
4582.5641025641
4594.35897435897
4592.82051282051
4585.12820512821
4574.35897435897
4563.58974358974
4568.71794871795
4572.30769230769
4566.15384615385
4564.61538461538
4569.74358974359
4582.5641025641
4588.71794871795
4572.30769230769
4561.53846153846
4572.82051282051
4592.30769230769
4605.12820512821
4594.8717948718
4583.07692307692
4597.94871794872
4617.94871794872
4612.82051282051
4595.89743589744
4592.82051282051
4601.53846153846
4605.12820512821
4601.02564102564
4602.05128205128
4613.33333333333
4620
4609.23076923077
4592.82051282051
4598.46153846154
4618.46153846154
4613.33333333333
4596.92307692308
4606.66666666667
4622.05128205128
4610.25641025641
4592.30769230769
4596.41025641026
4603.07692307692
4611.28205128205
4625.64102564103
4618.46153846154
4604.61538461538
4610.76923076923
4612.30769230769
4592.82051282051
4587.17948717949
4605.12820512821
4614.35897435897
4610.25641025641
4598.97435897436
4596.41025641026
4605.12820512821
4603.07692307692
4601.02564102564
4602.5641025641
4591.28205128205
4579.48717948718
4584.61538461538
4583.07692307692
4578.46153846154
4597.94871794872
4608.71794871795
4591.79487179487
4592.30769230769
4608.71794871795
4594.8717948718
4581.53846153846
4606.15384615385
4621.53846153846
4604.61538461538
4594.35897435897
4603.07692307692
4610.76923076923
4612.82051282051
4613.84615384615
4620
4604.61538461538
4582.05128205128
4595.38461538462
4609.23076923077
4599.48717948718
4609.23076923077
4626.15384615385
4608.20512820513
4596.41025641026
4615.38461538462
4624.61538461538
4616.92307692308
4609.74358974359
4611.28205128205
4603.07692307692
4588.20512820513
4596.92307692308
4617.94871794872
4614.35897435897
4599.48717948718
4603.58974358974
4605.64102564103
4590.76923076923
4581.53846153846
4586.15384615385
4593.84615384615
4600
4600.51282051282
4592.30769230769
4584.10256410256
4583.07692307692
4582.5641025641
4588.20512820513
4595.38461538462
4591.79487179487
4588.20512820513
4601.02564102564
4616.41025641026
4617.4358974359
4617.4358974359
4630.25641025641
4634.8717948718
4625.12820512821
4624.61538461538
4640
4654.35897435897
4663.58974358974
4678.97435897436
4686.15384615385
4672.82051282051
4668.20512820513
4681.53846153846
4692.82051282051
4697.4358974359
4702.5641025641
4707.69230769231
4713.84615384615
4715.38461538462
4708.20512820513
4709.23076923077
4717.4358974359
4717.94871794872
4713.33333333333
4704.61538461539
4697.4358974359
4690.25641025641
4681.02564102564
4687.69230769231
4698.46153846154
4692.30769230769
4690.76923076923
4707.17948717949
4711.79487179487
4700
4692.82051282051
4683.58974358974
4676.41025641026
4687.69230769231
4696.41025641026
4692.82051282051
4690.76923076923
4689.74358974359
4684.61538461539
4686.66666666667
4689.74358974359
4683.58974358974
4684.10256410256
4691.79487179487
4700
4714.35897435897
4721.02564102564
4713.84615384615
4716.41025641026
4723.07692307692
4711.79487179487
4708.71794871795
4724.61538461539
4727.17948717949
4717.4358974359
4715.89743589744
4710.76923076923
4697.94871794872
4694.35897435897
4693.84615384615
4688.71794871795
4703.58974358974
4727.69230769231
4725.12820512821
4711.79487179487
4704.10256410256
4697.94871794872
4700
4709.23076923077
4711.79487179487
4707.69230769231
4696.92307692308
4682.05128205128
4684.61538461539
4698.97435897436
4694.35897435897
4676.92307692308
4677.4358974359
4686.66666666667
4679.48717948718
4674.8717948718
4687.17948717949
4688.71794871795
4675.38461538462
4671.28205128205
4677.94871794872
4683.07692307692
4681.53846153846
4674.35897435897
4668.71794871795
4674.35897435897
4677.4358974359
4657.4358974359
4644.10256410256
4667.17948717949
4689.23076923077
4684.10256410256
4674.35897435897
4679.48717948718
4690.76923076923
4688.71794871795
4673.84615384615
4681.53846153846
4712.82051282051
4717.4358974359
4696.41025641026
4696.92307692308
4710.76923076923
4709.23076923077
4701.02564102564
4700
4696.41025641026
4677.94871794872
4670.76923076923
4699.48717948718
4717.4358974359
4703.58974358974
4707.17948717949
4712.82051282051
4688.71794871795
4688.20512820513
4714.35897435897
4710.25641025641
4694.8717948718
4689.23076923077
4687.17948717949
4702.05128205128
4721.02564102564
4718.46153846154
4713.84615384615
4718.97435897436
4722.5641025641
4721.02564102564
4713.84615384615
4709.23076923077
4704.10256410256
4691.28205128205
4695.38461538462
4716.41025641026
4721.02564102564
4720.51282051282
4736.41025641026
4743.07692307692
4738.46153846154
4734.8717948718
4731.28205128205
4736.92307692308
4746.15384615385
4750.76923076923
4756.92307692308
4766.66666666667
4775.38461538462
4772.30769230769
4755.38461538462
4750.76923076923
4769.74358974359
4782.5641025641
4784.61538461539
4781.53846153846
4768.71794871795
4757.4358974359
4754.35897435897
4763.07692307692
4778.97435897436
4776.92307692308
4763.07692307692
4772.30769230769
4783.07692307692
4772.82051282051
4770.76923076923
4778.97435897436
4770.76923076923
4761.02564102564
4772.82051282051
4775.89743589744
4758.97435897436
4752.82051282051
4764.10256410256
4771.28205128205
4765.64102564103
4763.07692307692
4767.17948717949
4768.20512820513
4765.12820512821
4763.07692307692
4765.12820512821
4765.12820512821
4758.97435897436
4756.41025641026
4760
4763.07692307692
4768.71794871795
4771.28205128205
4757.4358974359
4748.71794871795
4767.17948717949
4782.5641025641
4774.35897435897
4762.05128205128
4764.10256410256
4770.76923076923
4765.12820512821
4755.38461538462
4764.10256410256
4781.53846153846
4787.17948717949
4783.58974358974
4778.46153846154
4772.30769230769
4768.20512820513
4761.02564102564
4758.46153846154
4775.38461538462
4778.97435897436
4753.33333333333
4747.69230769231
4768.20512820513
4770.25641025641
4764.61538461539
4770.25641025641
