4318.97435897436
4318.97435897436
4318.97435897436
4318.97435897436
4318.97435897436
4318.97435897436
4318.97435897436
4318.97435897436
4318.97435897436
4318.97435897436
4318.97435897436
4318.97435897436
4318.97435897436
4318.97435897436
4318.97435897436
4318.97435897436
4318.97435897436
4318.97435897436
4318.97435897436
4318.97435897436
4318.97435897436
4318.97435897436
4318.97435897436
4318.97435897436
4318.97435897436
4318.97435897436
4318.97435897436
4318.97435897436
4318.97435897436
4318.97435897436
4318.97435897436
4318.97435897436
4318.97435897436
4318.97435897436
4318.97435897436
4318.97435897436
4318.97435897436
4318.97435897436
4318.97435897436
4318.97435897436
4318.97435897436
4318.97435897436
4318.97435897436
4318.97435897436
4318.97435897436
4318.97435897436
4318.97435897436
4318.97435897436
4318.97435897436
4318.97435897436
4318.97435897436
4318.97435897436
4318.97435897436
4318.97435897436
4318.97435897436
4318.97435897436
4318.97435897436
4318.97435897436
4318.97435897436
4318.97435897436
4318.97435897436
4318.97435897436
4318.97435897436
4318.97435897436
4318.97435897436
4318.97435897436
4318.97435897436
4318.97435897436
4318.97435897436
4318.97435897436
4318.97435897436
4318.97435897436
4318.97435897436
4318.97435897436
4318.97435897436
4318.97435897436
4318.97435897436
4318.97435897436
4318.97435897436
4318.97435897436
4318.97435897436
4318.97435897436
4318.97435897436
4318.97435897436
4318.97435897436
4318.97435897436
4318.97435897436
4318.97435897436
4318.97435897436
4318.97435897436
4318.97435897436
4318.97435897436
4318.97435897436
4318.97435897436
4318.97435897436
4318.97435897436
4318.97435897436
4318.97435897436
4318.97435897436
4318.97435897436
4318.97435897436
4318.97435897436
4318.97435897436
4318.97435897436
4318.97435897436
4318.97435897436
4318.97435897436
4318.97435897436
4318.97435897436
4318.97435897436
4318.97435897436
4318.97435897436
4318.97435897436
4318.97435897436
4318.97435897436
4318.97435897436
4318.97435897436
4318.97435897436
4318.97435897436
4318.97435897436
4318.97435897436
4318.97435897436
4318.97435897436
4318.97435897436
4318.97435897436
4318.97435897436
4318.97435897436
4318.97435897436
4318.97435897436
4318.97435897436
4318.97435897436
4318.97435897436
4318.97435897436
4318.97435897436
4318.97435897436
4318.97435897436
4318.97435897436
4318.97435897436
4318.97435897436
4318.97435897436
4318.97435897436
4318.97435897436
4318.97435897436
4318.46153846154
4318.46153846154
4318.97435897436
4318.97435897436
4317.94871794872
4320
4324.61538461538
4324.61538461538
4323.58974358974
4327.17948717949
4329.23076923077
4329.23076923077
4331.79487179487
4334.35897435897
4333.33333333333
4334.35897435897
4335.38461538462
4331.28205128205
4327.17948717949
4328.20512820513
4328.20512820513
4326.66666666667
4330.25641025641
4330.76923076923
4323.58974358974
4320.51282051282
4322.05128205128
4322.05128205128
4321.53846153846
4320.51282051282
4318.46153846154
4318.46153846154
4320
4319.48717948718
4319.48717948718
4320
4320
4319.48717948718
4319.48717948718
4319.48717948718
4319.48717948718
4319.48717948718
4319.48717948718
4320
4320
4319.48717948718
4320
4320
4319.48717948718
4317.94871794872
4317.94871794872
4317.94871794872
4317.94871794872
4317.94871794872
4317.94871794872
4318.46153846154
4319.48717948718
4320.51282051282
4321.02564102564
4321.02564102564
4318.97435897436
4315.38461538462
4312.30769230769
4310.25641025641
4308.20512820513
4305.12820512821
4302.5641025641
4301.53846153846
4302.05128205128
4303.58974358974
4302.5641025641
4298.97435897436
4296.92307692308
4296.92307692308
4301.02564102564
4303.58974358974
4302.05128205128
4299.48717948718
4300
4300
4298.97435897436
4300
4298.97435897436
4299.48717948718
4306.15384615385
4310.76923076923
4311.28205128205
4314.8717948718
4318.97435897436
4318.97435897436
4318.46153846154
4319.48717948718
4319.48717948718
4320
4320
4320
4320
4320
4320
4320
4318.46153846154
4317.94871794872
4317.94871794872
4316.92307692308
4316.41025641026
4318.97435897436
4320.51282051282
4320
4320
4320.51282051282
4320
4320
4319.48717948718
4319.48717948718
4320.51282051282
4318.97435897436
4319.48717948718
4326.66666666667
4334.35897435897
4334.35897435897
4333.33333333333
4335.89743589744
4336.92307692308
4336.41025641026
4336.41025641026
4336.41025641026
4334.8717948718
4334.35897435897
4334.8717948718
4334.8717948718
4334.35897435897
4333.84615384615
4333.33333333333
4329.74358974359
4326.15384615385
4324.10256410256
4320.51282051282
4318.46153846154
4321.02564102564
4319.48717948718
4312.30769230769
4307.69230769231
4307.69230769231
4306.66666666667
4302.5641025641
4300.51282051282
4296.41025641026
4284.61538461538
4284.10256410256
4301.02564102564
4308.20512820513
4302.05128205128
4302.05128205128
4304.10256410256
4301.53846153846
4302.5641025641
4303.07692307692
4303.07692307692
4307.69230769231
4312.30769230769
4312.82051282051
4312.82051282051
4312.82051282051
4310.25641025641
4310.76923076923
4312.30769230769
4313.33333333333
4315.89743589744
4318.97435897436
4319.48717948718
4319.48717948718
4319.48717948718
4318.97435897436
4318.46153846154
4318.97435897436
4318.46153846154
4318.97435897436
4319.48717948718
4320
4319.48717948718
4319.48717948718
4319.48717948718
4319.48717948718
4319.48717948718
4320
4320
4319.48717948718
4320
4320
4315.89743589744
4311.79487179487
4311.79487179487
4312.82051282051
4312.82051282051
4313.33333333333
4313.33333333333
4311.79487179487
4313.84615384615
4320
4321.53846153846
4318.46153846154
4318.46153846154
4320.51282051282
4320
4317.94871794872
4317.94871794872
4318.46153846154
4315.89743589744
4312.30769230769
4311.79487179487
4312.82051282051
4316.41025641026
4321.02564102564
4321.53846153846
4321.02564102564
4321.53846153846
4321.53846153846
4321.02564102564
4321.53846153846
4320.51282051282
4318.97435897436
4318.97435897436
4318.97435897436
4317.94871794872
4317.94871794872
4317.94871794872
4317.94871794872
4317.94871794872
4317.94871794872
4317.94871794872
4317.94871794872
4318.46153846154
4318.97435897436
4318.97435897436
4318.97435897436
4319.48717948718
4320.51282051282
4318.97435897436
4317.4358974359
4317.94871794872
4318.97435897436
4317.94871794872
4317.94871794872
4317.94871794872
4318.46153846154
4319.48717948718
4318.97435897436
4318.46153846154
4318.97435897436
4318.97435897436
4318.46153846154
4318.97435897436
4318.97435897436
4318.97435897436
4318.97435897436
4318.46153846154
4318.97435897436
4318.46153846154
4316.92307692308
4317.94871794872
4319.48717948718
4318.46153846154
4317.4358974359
4317.94871794872
4318.46153846154
4317.94871794872
4317.94871794872
4317.94871794872
4317.94871794872
4317.94871794872
4317.94871794872
4317.94871794872
4317.94871794872
4317.94871794872
4317.94871794872
4317.94871794872
4317.94871794872
4317.94871794872
4317.94871794872
4318.46153846154
4319.48717948718
4320
4319.48717948718
4320
4320
4318.97435897436
4317.94871794872
4317.94871794872
4317.94871794872
4317.94871794872
4317.94871794872
4317.94871794872
4317.94871794872
4317.94871794872
4317.94871794872
4317.94871794872
4317.94871794872
4317.94871794872
4317.94871794872
4317.94871794872
4317.94871794872
4317.94871794872
4317.94871794872
4317.94871794872
4317.94871794872
4317.94871794872
4317.94871794872
4317.94871794872
4317.94871794872
4317.94871794872
4317.94871794872
4317.94871794872
4317.94871794872
4317.94871794872
4317.94871794872
4317.94871794872
4317.94871794872
4317.94871794872
4317.94871794872
4317.94871794872
4317.94871794872
4317.94871794872
4317.94871794872
4317.94871794872
4317.94871794872
4317.94871794872
4317.94871794872
4317.94871794872
4317.94871794872
4317.94871794872
4317.94871794872
4317.94871794872
4317.94871794872
4318.46153846154
4318.97435897436
4318.97435897436
4318.97435897436
4318.97435897436
4318.97435897436
4318.97435897436
4318.97435897436
4318.97435897436
4318.97435897436
4318.97435897436
4318.97435897436
4318.97435897436
4318.46153846154
4317.94871794872
4317.94871794872
4317.94871794872
4317.94871794872
4317.94871794872
4317.94871794872
4317.94871794872
4317.94871794872
4317.94871794872
4318.46153846154
4317.94871794872
4317.4358974359
4318.97435897436
4316.92307692308
4311.79487179487
4313.33333333333
4318.46153846154
4318.97435897436
4317.94871794872
4318.97435897436
4319.48717948718
4320
4319.48717948718
4318.46153846154
4320
4318.46153846154
4313.33333333333
4311.79487179487
4312.82051282051
4312.82051282051
4312.82051282051
4313.84615384615
4313.84615384615
4313.84615384615
4313.84615384615
4313.84615384615
4313.84615384615
4313.84615384615
4313.84615384615
4313.84615384615
4313.84615384615
4313.84615384615
4313.84615384615
4313.84615384615
4313.84615384615
4313.84615384615
4313.84615384615
4313.84615384615
4313.84615384615
4313.84615384615
4313.84615384615
4313.84615384615
4313.84615384615
4313.84615384615
4313.84615384615
4313.84615384615
4313.84615384615
4313.84615384615
4313.84615384615
4313.84615384615
4313.84615384615
4313.84615384615
4313.84615384615
4313.33333333333
4313.84615384615
4313.84615384615
4313.33333333333
4316.41025641026
4320.51282051282
4320
4319.48717948718
4319.48717948718
4315.38461538462
4311.79487179487
4312.30769230769
4312.82051282051
4312.82051282051
4313.84615384615
4314.35897435897
4312.82051282051
4314.35897435897
4317.94871794872
4320
4320
4318.97435897436
4314.8717948718
4312.82051282051
4313.84615384615
4312.82051282051
4312.30769230769
4313.84615384615
4313.84615384615
4313.33333333333
4313.84615384615
4313.84615384615
4313.84615384615
4313.84615384615
4313.84615384615
4313.84615384615
4313.84615384615
4313.84615384615
4313.84615384615
4313.84615384615
4313.84615384615
4313.84615384615
4313.84615384615
4313.84615384615
4313.84615384615
4313.84615384615
4313.84615384615
4313.84615384615
4313.84615384615
4313.84615384615
4313.84615384615
4313.84615384615
4313.84615384615
4313.84615384615
4313.84615384615
4313.84615384615
4313.84615384615
4313.84615384615
4313.84615384615
4313.84615384615
4313.84615384615
4313.84615384615
4313.84615384615
4313.84615384615
4313.84615384615
4313.84615384615
4313.84615384615
4313.84615384615
4313.84615384615
4313.84615384615
4313.84615384615
4313.84615384615
4313.84615384615
4313.84615384615
4313.84615384615
4313.84615384615
4313.84615384615
4313.84615384615
4313.84615384615
4313.84615384615
4313.84615384615
4313.84615384615
4313.84615384615
4313.84615384615
4313.84615384615
4313.84615384615
4313.84615384615
4313.84615384615
4313.84615384615
4313.84615384615
4313.84615384615
4313.84615384615
4313.33333333333
4313.33333333333
4313.84615384615
4313.33333333333
4313.33333333333
4316.41025641026
4318.97435897436
4319.48717948718
4319.48717948718
4319.48717948718
4319.48717948718
4318.97435897436
4314.8717948718
4311.28205128205
4312.30769230769
4312.82051282051
4311.79487179487
4314.35897435897
4317.94871794872
4319.48717948718
4318.97435897436
4320
4319.48717948718
4316.92307692308
4317.4358974359
4318.97435897436
4318.46153846154
4317.4358974359
4317.94871794872
4317.94871794872
4317.94871794872
4317.94871794872
4317.94871794872
4318.97435897436
4318.97435897436
4319.48717948718
4318.97435897436
4318.46153846154
4320
4318.97435897436
4312.82051282051
4310.25641025641
4312.82051282051
4314.35897435897
4312.82051282051
4313.84615384615
4313.84615384615
4313.33333333333
4314.8717948718
4318.46153846154
4319.48717948718
4319.48717948718
4319.48717948718
4318.97435897436
4316.41025641026
4313.33333333333
4312.30769230769
4315.89743589744
4318.97435897436
4317.94871794872
4316.41025641026
4316.92307692308
4316.92307692308
4316.92307692308
4316.92307692308
4316.92307692308
4316.92307692308
4316.92307692308
4316.92307692308
4316.92307692308
4316.92307692308
4316.92307692308
4316.92307692308
4316.92307692308
4316.92307692308
4316.92307692308
4316.92307692308
4316.92307692308
4316.92307692308
4316.92307692308
4316.92307692308
4316.92307692308
4316.92307692308
4316.92307692308
4316.92307692308
4316.92307692308
4316.92307692308
4316.92307692308
4316.92307692308
4316.92307692308
4316.92307692308
4316.92307692308
4316.41025641026
4316.92307692308
4316.92307692308
4316.41025641026
4318.46153846154
4320.51282051282
4319.48717948718
4318.97435897436
4320
4320
4319.48717948718
4320
4319.48717948718
4320
4320.51282051282
4316.41025641026
4311.79487179487
4311.79487179487
4313.33333333333
4313.33333333333
4312.82051282051
4312.82051282051
4312.82051282051
4312.30769230769
4312.30769230769
4316.92307692308
4320.51282051282
4319.48717948718
4318.46153846154
4319.48717948718
4318.97435897436
4317.4358974359
4317.94871794872
4318.97435897436
4317.94871794872
4317.94871794872
4318.46153846154
4317.94871794872
4317.94871794872
4317.94871794872
4317.94871794872
4317.94871794872
4317.94871794872
4317.94871794872
4317.94871794872
4317.94871794872
4317.94871794872
4317.94871794872
4317.94871794872
4317.94871794872
4317.94871794872
4317.94871794872
4317.94871794872
4317.94871794872
4317.94871794872
4317.94871794872
4317.94871794872
4317.94871794872
4317.94871794872
4317.94871794872
4317.94871794872
4317.94871794872
4317.94871794872
4317.94871794872
4317.94871794872
4317.94871794872
4317.94871794872
4317.94871794872
4317.94871794872
4317.94871794872
4317.94871794872
4317.94871794872
4317.94871794872
4317.94871794872
4317.94871794872
4317.94871794872
4317.94871794872
4317.94871794872
4317.94871794872
4317.94871794872
4317.94871794872
4317.94871794872
4317.94871794872
4317.94871794872
4317.94871794872
4317.94871794872
4317.94871794872
4317.94871794872
4317.94871794872
4317.94871794872
4317.94871794872
4317.94871794872
4317.94871794872
4317.94871794872
4318.46153846154
4318.97435897436
4319.48717948718
4320
4318.97435897436
4320.51282051282
4319.48717948718
4314.35897435897
4313.84615384615
4318.97435897436
4320.51282051282
4317.94871794872
4318.46153846154
4320
4319.48717948718
4318.97435897436
4318.46153846154
4318.97435897436
4320
4320
4318.97435897436
4320.51282051282
4319.48717948718
4313.84615384615
4311.79487179487
4313.84615384615
4313.33333333333
4312.30769230769
4313.84615384615
4313.84615384615
4313.33333333333
4313.84615384615
4314.35897435897
4313.84615384615
4313.84615384615
4314.35897435897
4312.82051282051
4309.23076923077
4307.17948717949
4306.66666666667
4310.25641025641
4315.89743589744
4314.8717948718
4311.28205128205
4311.79487179487
4311.79487179487
4311.28205128205
4312.30769230769
4312.82051282051
4313.33333333333
4312.82051282051
4312.82051282051
4315.38461538462
4314.8717948718
4313.33333333333
4315.89743589744
4319.48717948718
4320
4318.46153846154
4323.07692307692
4333.33333333333
4337.4358974359
4333.84615384615
4333.33333333333
4335.38461538462
4333.84615384615
4333.33333333333
4333.84615384615
4334.35897435897
4334.8717948718
4336.41025641026
4336.92307692308
4331.28205128205
4323.07692307692
4317.4358974359
4313.84615384615
4308.20512820513
4304.10256410256
4303.58974358974
4302.05128205128
4298.46153846154
4296.92307692308
4297.4358974359
4298.46153846154
4294.8717948718
4285.12820512821
4278.97435897436
4281.53846153846
4289.23076923077
4299.48717948718
4304.61538461538
4302.05128205128
4302.5641025641
4305.12820512821
4303.07692307692
4303.58974358974
4308.20512820513
4308.20512820513
4310.25641025641
4314.35897435897
4313.84615384615
4314.35897435897
4318.97435897436
4319.48717948718
4317.4358974359
4316.92307692308
4316.41025641026
4318.46153846154
4319.48717948718
4318.97435897436
4326.15384615385
4335.38461538462
4335.89743589744
4333.33333333333
4333.84615384615
4334.35897435897
4333.33333333333
4333.33333333333
4333.84615384615
4333.84615384615
4333.33333333333
4334.35897435897
4333.33333333333
4326.15384615385
4321.02564102564
4323.58974358974
4325.12820512821
4323.07692307692
4323.07692307692
4323.58974358974
4324.10256410256
4323.58974358974
4321.53846153846
4318.97435897436
4320
4320.51282051282
4315.38461538462
4311.28205128205
4313.33333333333
4311.79487179487
4306.66666666667
4306.66666666667
4310.25641025641
4307.69230769231
4303.58974358974
4305.64102564103
4308.71794871795
4308.20512820513
4306.15384615385
4306.66666666667
4309.23076923077
4312.82051282051
4314.35897435897
4313.84615384615
4312.30769230769
4309.23076923077
4307.17948717949
4307.17948717949
4306.15384615385
4308.20512820513
4313.33333333333
4313.33333333333
4312.82051282051
4314.35897435897
4313.84615384615
4311.79487179487
4311.28205128205
4308.71794871795
4305.64102564103
4303.07692307692
4298.97435897436
4292.30769230769
4282.05128205128
4271.79487179487
4278.97435897436
4298.97435897436
4306.15384615385
4303.58974358974
4304.10256410256
4305.64102564103
4305.12820512821
4304.10256410256
4302.5641025641
4305.64102564103
4310.25641025641
4308.71794871795
4309.23076923077
4313.84615384615
4310.76923076923
4306.15384615385
4309.74358974359
4313.84615384615
4313.33333333333
4310.76923076923
4309.23076923077
4309.23076923077
4309.74358974359
4310.25641025641
4311.28205128205
4312.82051282051
4313.33333333333
4313.33333333333
4313.33333333333
4313.33333333333
4314.35897435897
4313.84615384615
4313.33333333333
4314.8717948718
4312.82051282051
4307.69230769231
4308.20512820513
4312.82051282051
4311.79487179487
4309.23076923077
4314.8717948718
4320.51282051282
4320
4318.97435897436
4317.94871794872
4315.38461538462
4314.35897435897
4314.8717948718
4314.35897435897
4314.35897435897
4314.8717948718
4313.84615384615
4315.38461538462
4319.48717948718
4320.51282051282
4318.97435897436
4319.48717948718
4319.48717948718
4318.46153846154
4318.46153846154
4317.94871794872
4318.97435897436
4318.46153846154
4313.84615384615
4308.71794871795
4308.20512820513
4305.64102564103
4304.10256410256
4308.20512820513
4311.79487179487
4314.8717948718
4318.97435897436
4318.46153846154
4311.79487179487
4307.17948717949
4307.69230769231
4310.76923076923
4312.30769230769
4312.30769230769
4313.84615384615
4315.89743589744
4314.8717948718
4314.8717948718
4315.38461538462
4314.8717948718
4315.38461538462
4315.38461538462
4314.8717948718
4314.8717948718
4315.38461538462
4312.30769230769
4308.20512820513
4309.23076923077
4312.82051282051
4312.82051282051
4312.30769230769
4313.84615384615
4314.35897435897
4313.84615384615
4313.84615384615
4313.84615384615
4313.84615384615
4313.84615384615
4313.84615384615
4313.84615384615
4313.84615384615
4313.84615384615
4313.84615384615
4313.84615384615
4313.84615384615
4313.33333333333
4313.84615384615
4313.33333333333
4313.33333333333
4315.89743589744
4318.97435897436
4319.48717948718
4319.48717948718
4319.48717948718
4318.97435897436
4318.97435897436
4318.46153846154
4317.4358974359
4317.4358974359
4318.97435897436
4318.97435897436
4318.46153846154
4318.97435897436
4318.97435897436
4318.97435897436
4318.97435897436
4318.46153846154
4317.94871794872
4317.94871794872
4317.94871794872
4318.46153846154
4319.48717948718
4320
4320
4320
4320
4318.46153846154
4318.97435897436
4319.48717948718
4315.38461538462
4311.79487179487
4311.79487179487
4313.33333333333
4313.33333333333
4313.33333333333
4312.82051282051
4312.82051282051
4313.33333333333
4312.82051282051
4312.82051282051
4312.82051282051
4312.82051282051
4312.30769230769
4311.79487179487
4312.30769230769
4312.30769230769
4310.76923076923
4307.17948717949
4306.66666666667
4311.28205128205
4311.28205128205
4306.15384615385
4305.64102564103
4308.71794871795
4308.71794871795
4308.20512820513
4310.25641025641
4309.74358974359
4309.74358974359
4309.74358974359
4309.74358974359
4310.25641025641
4309.23076923077
4310.25641025641
4310.25641025641
4304.61538461538
4301.53846153846
4304.10256410256
4304.10256410256
4302.5641025641
4303.58974358974
4304.10256410256
4304.10256410256
4304.10256410256
4304.10256410256
4304.61538461538
4303.58974358974
4302.05128205128
4302.05128205128
4303.07692307692
4303.07692307692
4302.05128205128
4304.10256410256
4304.61538461538
4303.07692307692
4305.64102564103
4310.25641025641
4309.74358974359
4306.66666666667
4307.17948717949
4308.20512820513
4307.69230769231
4309.23076923077
4312.30769230769
4314.35897435897
4313.84615384615
4312.30769230769
4314.8717948718
4320.51282051282
4320
4316.92307692308
4327.17948717949
4336.92307692308
4328.71794871795
4317.94871794872
4317.94871794872
4319.48717948718
4317.94871794872
4317.94871794872
4318.46153846154
4318.46153846154
4318.46153846154
4318.46153846154
4318.46153846154
4318.46153846154
4318.46153846154
4318.46153846154
4318.46153846154
4318.46153846154
4318.46153846154
4318.46153846154
4318.46153846154
4318.46153846154
4318.46153846154
4318.46153846154
4318.46153846154
4318.46153846154
4318.46153846154
4318.46153846154
4318.46153846154
4318.46153846154
4318.46153846154
4318.46153846154
4318.46153846154
4318.46153846154
4318.46153846154
4318.97435897436
4318.46153846154
4318.46153846154
4320
4317.4358974359
4312.30769230769
4312.30769230769
4313.33333333333
4314.35897435897
4317.4358974359
4320.51282051282
4318.97435897436
4318.46153846154
4318.97435897436
4318.46153846154
4317.4358974359
4317.94871794872
4318.97435897436
4318.46153846154
4317.94871794872
4317.94871794872
4317.94871794872
4317.94871794872
4317.94871794872
4318.46153846154
4318.97435897436
4319.48717948718
4318.97435897436
