
4407.17948717949
4412.30769230769
4433.33333333333
4458.97435897436
4460
4455.89743589744
4468.71794871795
4481.53846153846
4494.35897435897
4516.92307692308
4528.71794871795
4522.5641025641
4521.53846153846
4534.35897435897
4548.71794871795
4547.69230769231
4538.97435897436
4534.8717948718
4537.4358974359
4550.25641025641
4577.4358974359
4605.64102564103
4609.74358974359
4599.48717948718
4605.64102564103
4620
4618.46153846154
4612.82051282051
4607.17948717949
4602.05128205128
4620
4641.02564102564
4644.61538461538
4646.15384615385
4645.12820512821
4632.30769230769
4616.41025641026
4620
4635.38461538462
4629.23076923077
4612.30769230769
4612.30769230769
4616.92307692308
4624.10256410256
4636.41025641026
4633.84615384615
4630.25641025641
4640
4646.66666666667
4640.51282051282
4634.8717948718
4638.46153846154
4647.69230769231
4640.51282051282
4615.38461538462
4617.4358974359
4647.69230769231
4656.41025641026
4633.33333333333
4627.17948717949
4635.89743589744
4618.97435897436
4613.33333333333
4638.46153846154
4643.58974358974
4624.61538461538
4618.46153846154
4629.23076923077
4632.82051282051
4621.53846153846
4611.79487179487
4616.92307692308
4620
4610.25641025641
4617.94871794872
4633.84615384615
4631.28205128205
4612.30769230769
4596.92307692308
4603.58974358974
4620
4617.94871794872
4601.53846153846
4598.46153846154
4593.84615384615
4578.97435897436
4589.74358974359
4612.82051282051
4612.82051282051
4599.48717948718
4595.38461538462
4585.12820512821
4571.79487179487
4574.35897435897
4583.07692307692
4578.46153846154
4565.64102564103
4574.8717948718
4589.23076923077
4577.4358974359
4570.76923076923
4573.33333333333
4562.05128205128
4555.38461538462
4576.92307692308
4575.89743589744
4540.51282051282
4536.41025641026
4561.02564102564
4563.58974358974
4551.79487179487
4560.51282051282
4575.89743589744
4571.28205128205
4556.41025641026
4552.30769230769
4560.51282051282
4552.82051282051
4542.5641025641
4552.30769230769
4554.35897435897
4551.79487179487
4556.92307692308
4538.97435897436
4516.41025641026
4523.07692307692
4518.46153846154
4500
4504.10256410256
4505.64102564103
4490.76923076923
4486.15384615385
4483.58974358974
4475.89743589744
4481.02564102564
4491.28205128205
4494.35897435897
4491.79487179487
4474.35897435897
4453.84615384615
4463.07692307692
4476.41025641026
4463.58974358974
4450.25641025641
4456.92307692308
4460.51282051282
4449.74358974359
4442.05128205128
4454.8717948718
4476.92307692308
4471.28205128205
4455.38461538462
4463.58974358974
4478.97435897436
4478.46153846154
4469.74358974359
4466.66666666667
4468.71794871795
4463.58974358974
4447.17948717949
4450.25641025641
4452.30769230769
4432.30769230769
4429.23076923077
4438.97435897436
4438.97435897436
4452.30769230769
4465.64102564103
4444.10256410256
4426.15384615385
4440
4456.41025641026
4460.51282051282
4443.58974358974
4421.53846153846
4406.66666666667
4391.79487179487
4388.20512820513
4397.4358974359
4396.41025641026
4392.82051282051
4394.8717948718
4390.76923076923
4391.79487179487
4397.4358974359
4394.35897435897
4407.69230769231
4426.66666666667
4414.35897435897
4397.94871794872
4401.02564102564
4393.33333333333
4387.17948717949
4397.4358974359
4394.35897435897
4380.51282051282
4378.97435897436
4382.5641025641
4383.07692307692
4383.58974358974
4381.53846153846
4381.02564102564
4376.41025641026
4371.28205128205
4378.46153846154
4381.53846153846
4367.69230769231
4372.82051282051
4394.8717948718
4386.66666666667
4370.25641025641
4381.02564102564
4392.82051282051
4390.25641025641
4387.17948717949
4385.12820512821
4381.02564102564
4383.07692307692
4394.35897435897
4403.58974358974
4382.05128205128
4351.28205128205
4356.92307692308
4373.33333333333
4367.69230769231
4363.07692307692
4369.23076923077
4367.17948717949
4364.10256410256
4382.05128205128
4403.07692307692
4395.89743589744
4380
4379.48717948718
4384.10256410256
4382.5641025641
4376.92307692308
4376.41025641026
4380
4375.38461538462
4371.28205128205
4388.71794871795
4406.66666666667
4401.02564102564
4393.84615384615
4402.5641025641
4407.17948717949
4396.92307692308
4406.15384615385
4424.61538461538
4420.51282051282
4414.35897435897
4415.38461538462
4419.48717948718
4428.20512820513
4421.02564102564
4394.8717948718
4385.12820512821
4382.5641025641
4370.76923076923
4368.20512820513
4367.69230769231
4362.5641025641
4364.61538461538
4370.25641025641
4364.61538461538
4351.28205128205
4352.82051282051
4364.61538461538
4367.17948717949
4369.23076923077
4365.64102564103
4355.89743589744
4366.15384615385
4377.94871794872
4367.69230769231
4362.5641025641
4365.12820512821
4355.89743589744
4354.8717948718
4372.30769230769
4376.92307692308
4366.15384615385
4368.71794871795
4382.05128205128
4377.4358974359
4365.64102564103
4369.74358974359
4370.25641025641
4364.61538461538
4363.58974358974
4362.05128205128
4368.71794871795
4378.97435897436
4373.84615384615
4361.53846153846
4365.64102564103
4380.51282051282
4385.12820512821
4372.82051282051
4355.89743589744
4354.35897435897
4356.41025641026
4353.33333333333
4353.84615384615
4355.38461538462
4353.84615384615
4350.76923076923
4348.20512820513
4349.74358974359
4357.94871794872
4366.15384615385
4369.74358974359
4375.89743589744
4378.46153846154
4381.02564102564
4383.07692307692
4367.69230769231
4351.79487179487
4357.4358974359
4367.17948717949
4366.15384615385
4367.69230769231
4369.23076923077
4360.51282051282
4353.84615384615
4365.12820512821
4378.97435897436
4372.82051282051
4363.58974358974
4366.66666666667
4361.53846153846
4350.76923076923
4362.5641025641
4379.48717948718
4376.92307692308
4372.82051282051
4382.5641025641
4393.84615384615
4398.46153846154
4394.8717948718
4383.58974358974
4377.94871794872
4387.17948717949
4394.8717948718
4394.8717948718
4395.38461538462
4405.12820512821
4410.76923076923
4406.15384615385
4405.12820512821
4400.51282051282
4385.12820512821
4374.8717948718
4376.41025641026
4369.74358974359
4362.05128205128
4374.8717948718
4387.69230769231
4382.05128205128
4377.4358974359
4376.92307692308
4371.79487179487
4374.8717948718
4386.15384615385
4382.05128205128
4372.82051282051
4372.82051282051
4370.25641025641
4366.15384615385
4366.15384615385
4368.71794871795
4374.35897435897
4382.5641025641
4381.53846153846
4381.02564102564
4394.35897435897
4404.10256410256
4392.30769230769
4377.94871794872
4385.64102564103
4403.58974358974
4403.07692307692
4391.79487179487
4394.35897435897
4401.53846153846
4390.76923076923
4379.48717948718
4386.66666666667
4398.46153846154
4405.12820512821
4402.5641025641
4386.66666666667
4377.94871794872
4391.79487179487
4401.02564102564
4392.30769230769
4387.69230769231
4387.17948717949
4383.07692307692
4380
4380.51282051282
4384.10256410256
4387.69230769231
4389.23076923077
4385.12820512821
4380
4384.61538461538
4398.46153846154
4404.61538461538
4396.41025641026
4387.17948717949
4389.74358974359
4391.79487179487
4380.51282051282
4374.35897435897
4379.48717948718
4383.07692307692
4383.07692307692
4382.05128205128
4381.53846153846
4378.46153846154
4374.35897435897
4373.84615384615
4382.5641025641
4382.5641025641
4372.82051282051
4376.92307692308
4384.61538461538
4381.53846153846
4380
4382.05128205128
4381.53846153846
4377.94871794872
4376.92307692308
4378.97435897436
4382.05128205128
4381.02564102564
4376.92307692308
4374.8717948718
4373.84615384615
4373.84615384615
4376.41025641026
4378.97435897436
4380
4371.28205128205
4361.53846153846
4375.38461538462
4399.48717948718
4398.97435897436
4373.84615384615
4363.58974358974
4376.41025641026
4385.64102564103
4381.53846153846
4378.46153846154
4386.66666666667
4395.89743589744
4401.53846153846
4397.4358974359
4385.12820512821
4380.51282051282
4382.05128205128
4381.02564102564
4377.4358974359
4370.25641025641
4362.5641025641
4366.66666666667
4374.35897435897
4374.8717948718
4378.97435897436
4384.61538461538
4381.02564102564
4377.4358974359
4380
4384.10256410256
4388.20512820513
4381.53846153846
4368.20512820513
4371.28205128205
4389.74358974359
4392.82051282051
4379.48717948718
4384.61538461538
4398.46153846154
4387.17948717949
4374.8717948718
4389.23076923077
4401.02564102564
4395.38461538462
4394.35897435897
4399.48717948718
4401.53846153846
4396.41025641026
4386.15384615385
4387.69230769231
4396.92307692308
4398.46153846154
4394.35897435897
4392.30769230769
4387.17948717949
4388.71794871795
4395.38461538462
4385.64102564103
4377.4358974359
4399.48717948718
4419.48717948718
4408.20512820513
4398.97435897436
4409.23076923077
4406.66666666667
4388.20512820513
4385.12820512821
4397.94871794872
4397.94871794872
4391.79487179487
4401.02564102564
4408.20512820513
4406.66666666667
4410.76923076923
4410.25641025641
4396.41025641026
4386.15384615385
4387.17948717949
4389.74358974359
4385.64102564103
4386.15384615385
4395.38461538462
4397.4358974359
4394.35897435897
4396.41025641026
4400
4403.58974358974
4395.89743589744
4385.12820512821
4387.17948717949
4392.82051282051
4395.38461538462
4400
4394.35897435897
4387.17948717949
4397.4358974359
4404.61538461538
4408.20512820513
4412.82051282051
4404.10256410256
4388.20512820513
4386.15384615385
4393.33333333333
4399.48717948718
4400
4394.8717948718
4400
4411.79487179487
4413.84615384615
4409.74358974359
4414.35897435897
4418.97435897436
4412.30769230769
4409.74358974359
4416.41025641026
4407.17948717949
4389.74358974359
4392.30769230769
4405.12820512821
4405.12820512821
4399.48717948718
4397.94871794872
4401.53846153846
4415.38461538462
4421.02564102564
4402.05128205128
4389.23076923077
4401.02564102564
4408.71794871795
4395.89743589744
4378.46153846154
4385.12820512821
4410.25641025641
4410.25641025641
4389.23076923077
4391.79487179487
4393.84615384615
4371.79487179487
4371.28205128205
4383.07692307692
4373.33333333333
4371.79487179487
4380.51282051282
4377.4358974359
4383.58974358974
4393.84615384615
4382.05128205128
4367.17948717949
4370.25641025641
4374.35897435897
4369.23076923077
4365.12820512821
4366.15384615385
4368.20512820513
4366.15384615385
4365.12820512821
4373.84615384615
4385.64102564103
4385.12820512821
4375.38461538462
4370.76923076923
4367.69230769231
4362.5641025641
4361.02564102564
4366.15384615385
4374.8717948718
4373.33333333333
4366.66666666667
4375.89743589744
4387.17948717949
4381.53846153846
4375.38461538462
4370.76923076923
4365.64102564103
4375.38461538462
4381.53846153846
4371.79487179487
4369.23076923077
4376.41025641026
4375.38461538462
4370.76923076923
4374.8717948718
4378.97435897436
4380.51282051282
4384.10256410256
4383.58974358974
4373.33333333333
4370.25641025641
4383.58974358974
4386.66666666667
4374.35897435897
4376.41025641026
4389.74358974359
4391.79487179487
4380.51282051282
4373.84615384615
4386.15384615385
4394.8717948718
4373.33333333333
4353.33333333333
4361.02564102564
4369.74358974359
4373.84615384615
4386.66666666667
4391.28205128205
4389.74358974359
4392.82051282051
4400.51282051282
4411.28205128205
4407.69230769231
4391.79487179487
4380.51282051282
4375.38461538462
4374.8717948718
4377.94871794872
4383.58974358974
4385.64102564103
4387.17948717949
4388.71794871795
4394.35897435897
4399.48717948718
4390.25641025641
4380.51282051282
4378.46153846154
4373.84615384615
4373.33333333333
4382.05128205128
4383.58974358974
4381.53846153846
4389.23076923077
4385.64102564103
4370.76923076923
4370.76923076923
4382.05128205128
4386.66666666667
4382.5641025641
4385.12820512821
4392.82051282051
4392.30769230769
4389.74358974359
4387.17948717949
4381.02564102564
4385.12820512821
4395.38461538462
4390.76923076923
4383.07692307692
4391.28205128205
4398.97435897436
4398.97435897436
4398.46153846154
4398.46153846154
4402.5641025641
4402.5641025641
4394.35897435897
4389.23076923077
4392.30769230769
4396.92307692308
4399.48717948718
4399.48717948718
4394.8717948718
4395.89743589744
4402.05128205128
4401.02564102564
4396.92307692308
4397.94871794872
4400.51282051282
4397.4358974359
4394.35897435897
4404.61538461538
4418.46153846154
4416.92307692308
4404.10256410256
4401.02564102564
4400.51282051282
4394.8717948718
4403.58974358974
4417.4358974359
4406.66666666667
4391.79487179487
4395.38461538462
4396.41025641026
4400
4410.76923076923
4401.53846153846
4381.02564102564
4379.48717948718
4384.10256410256
4380.51282051282
4380.51282051282
4382.5641025641
4384.10256410256
4384.61538461538
4384.10256410256
4385.12820512821
4383.58974358974
4371.79487179487
4356.92307692308
4350.25641025641
4358.46153846154
4368.20512820513
4347.17948717949
4309.23076923077
4308.71794871795
4334.35897435897
4333.33333333333
4323.07692307692
4328.71794871795
4324.10256410256
4306.66666666667
4306.15384615385
4315.89743589744
4313.84615384615
4314.8717948718
4326.15384615385
4328.71794871795
4325.12820512821
4321.02564102564
4313.84615384615
4311.79487179487
4318.97435897436
4322.5641025641
4324.61538461538
4326.15384615385
4324.10256410256
4323.58974358974
4333.84615384615
4353.84615384615
4365.64102564103
4358.46153846154
4349.23076923077
4347.17948717949
4352.82051282051
4360.51282051282
4361.02564102564
4360
4365.64102564103
4369.23076923077
4363.07692307692
4366.15384615385
4377.4358974359
4364.10256410256
4341.53846153846
4346.15384615385
4361.53846153846
4361.53846153846
4361.53846153846
4369.23076923077
4365.12820512821
4353.84615384615
4347.69230769231
4348.71794871795
4357.94871794872
4366.15384615385
4361.53846153846
4348.71794871795
4346.66666666667
4353.84615384615
4357.94871794872
4359.48717948718
4356.92307692308
4355.38461538462
4355.89743589744
4359.48717948718
4360
4350.76923076923
4350.25641025641
4358.97435897436
4355.38461538462
4336.92307692308
4331.79487179487
4347.69230769231
4358.46153846154
4344.61538461538
4331.28205128205
4343.07692307692
4351.79487179487
4340
4338.97435897436
4350.25641025641
4338.97435897436
4323.58974358974
4336.41025641026
4345.12820512821
4331.28205128205
4330.25641025641
4344.61538461538
4344.10256410256
4342.5641025641
4353.33333333333
4360
4360.51282051282
4355.89743589744
4341.53846153846
4338.46153846154
4354.35897435897
4362.5641025641
4356.92307692308
4355.89743589744
4358.46153846154
4360
4370.25641025641
4378.97435897436
4373.84615384615
4373.84615384615
4375.38461538462
4360
4358.46153846154
4384.10256410256
4388.71794871795
4366.66666666667
4362.05128205128
4372.82051282051
4365.12820512821
4348.20512820513
4358.46153846154
4375.89743589744
4363.07692307692
4348.71794871795
4354.35897435897
4352.30769230769
4352.30769230769
4368.20512820513
4373.33333333333
4374.8717948718
4379.48717948718
4371.28205128205
4364.10256410256
4375.38461538462
4384.10256410256
4380.51282051282
4369.74358974359
4360
4361.02564102564
4368.20512820513
4367.17948717949
4365.12820512821
4367.69230769231
4365.64102564103
4356.92307692308
4355.38461538462
4362.05128205128
4362.05128205128
4357.94871794872
4362.5641025641
4365.12820512821
4359.48717948718
4355.38461538462
4351.79487179487
4343.58974358974
4348.20512820513
4373.84615384615
4386.66666666667
4373.84615384615
4374.8717948718
4387.69230769231
4379.48717948718
4369.74358974359
4371.79487179487
4368.71794871795
4365.64102564103
4365.12820512821
4366.15384615385
4384.10256410256
4403.07692307692
4384.61538461538
4357.94871794872
4370.25641025641
4389.74358974359
4373.33333333333
4363.58974358974
4382.5641025641
4384.61538461538
4368.20512820513
4372.82051282051
4382.05128205128
4375.89743589744
4373.84615384615
4377.4358974359
4368.20512820513
4359.48717948718
4363.58974358974
4363.07692307692
4347.69230769231
4338.46153846154
4351.28205128205
4365.64102564103
4361.53846153846
4354.8717948718
4360.51282051282
4367.69230769231
4375.38461538462
4387.69230769231
4381.53846153846
4364.10256410256
4369.74358974359
4382.05128205128
4368.20512820513
4364.61538461538
4386.66666666667
4377.94871794872
4352.82051282051
4365.12820512821
4380
4359.48717948718
4350.76923076923
4366.15384615385
4367.69230769231
4357.4358974359
4353.33333333333
4361.02564102564
4367.69230769231
4360
4347.69230769231
4341.02564102564
4336.41025641026
4338.97435897436
4351.28205128205
4356.92307692308
4354.8717948718
4356.92307692308
4363.07692307692
4368.20512820513
4368.20512820513
4367.17948717949
4372.82051282051
4375.38461538462
4361.02564102564
4352.30769230769
4368.71794871795
4384.10256410256
4378.97435897436
4376.92307692308
4385.64102564103
4385.64102564103
4383.07692307692
4387.69230769231
4392.82051282051
4403.07692307692
4413.33333333333
4409.74358974359
4405.64102564103
4411.79487179487
4414.35897435897
4410.25641025641
4408.71794871795
4413.33333333333
4424.61538461538
4429.74358974359
4418.46153846154
4410.25641025641
4424.61538461538
4441.53846153846
4437.94871794872
4440
4450.76923076923
4436.92307692308
4423.07692307692
4431.79487179487
4430.25641025641
4418.46153846154
4430.76923076923
4445.12820512821
4439.48717948718
4438.46153846154
4446.15384615385
4446.15384615385
4442.5641025641
4450.25641025641
4448.71794871795
4432.30769230769
4431.79487179487
4443.58974358974
4444.61538461538
4437.4358974359
4430.25641025641
4422.05128205128
4427.69230769231
4453.33333333333
4464.61538461538
4448.20512820513
4437.94871794872
4443.07692307692
4432.82051282051
4418.46153846154
4429.23076923077
4440.51282051282
4441.53846153846
4451.28205128205
4460.51282051282
4460
4458.97435897436
4462.05128205128
4455.38461538462
4441.53846153846
4441.02564102564
4454.35897435897
4463.07692307692
4460
4459.48717948718
4460
4450.76923076923
4449.74358974359
4457.4358974359
4453.84615384615
4438.97435897436
4426.15384615385
4428.20512820513
4440
4445.64102564103
4442.05128205128
4457.94871794872
4486.15384615385
4496.41025641026
4498.97435897436
4505.64102564103
4512.30769230769
4521.02564102564
4523.58974358974
4511.79487179487
4499.48717948718
4503.58974358974
4508.71794871795
4506.15384615385
4514.35897435897
4525.12820512821
4513.84615384615
4508.20512820513
4524.10256410256
4514.8717948718
4488.20512820513
4488.20512820513
4494.35897435897
4489.74358974359
4490.76923076923
4493.33333333333
4492.82051282051
4493.33333333333
4484.10256410256
4474.35897435897
4475.89743589744
4474.8717948718
4470.25641025641
4474.8717948718
4475.38461538462
4458.97435897436
4457.94871794872
4474.8717948718
4473.33333333333
4456.92307692308
4449.23076923077
4445.12820512821
4442.5641025641
4447.69230769231
4444.10256410256
4438.46153846154
4443.07692307692
4438.46153846154
4428.20512820513
4426.15384615385
4421.53846153846
4417.94871794872
4425.64102564103
4432.82051282051
4440
4446.66666666667
4438.46153846154
4435.89743589744
4451.79487179487
4448.71794871795
4431.79487179487
4428.71794871795
4431.79487179487
4424.10256410256
4417.4358974359
4418.97435897436
4411.28205128205
4395.38461538462
4395.89743589744
4410.76923076923
4415.38461538462
4410.76923076923
4413.33333333333
4416.92307692308
4407.17948717949
4392.82051282051
4395.38461538462
4414.8717948718
4423.58974358974
4421.02564102564
4421.53846153846
4417.4358974359
4414.35897435897
4424.10256410256
4433.33333333333
4427.69230769231
4423.58974358974
4428.71794871795
4427.69230769231
4421.53846153846
4417.94871794872
4406.66666666667
4392.30769230769
4401.53846153846
4414.8717948718
4404.61538461538
4390.76923076923
4386.66666666667
4389.23076923077
4396.92307692308
4389.74358974359
4370.76923076923
4374.35897435897
4386.15384615385
4374.35897435897
4355.89743589744
4357.4358974359
4362.05128205128
4348.20512820513
4340
4352.82051282051
4351.28205128205
4327.17948717949
4312.82051282051
4322.5641025641
4334.8717948718
4328.71794871795
4315.38461538462
4323.58974358974
4337.94871794872
4327.69230769231
4323.58974358974
4339.48717948718
4343.58974358974
4342.5641025641
4350.76923076923
4341.53846153846
4323.58974358974
4324.10256410256
4319.48717948718
4304.10256410256
4310.76923076923
4324.61538461538
4321.02564102564
4312.82051282051
4312.82051282051
4316.92307692308
4317.4358974359
4308.20512820513
4303.07692307692
4305.64102564103
4294.8717948718
4274.35897435897
4276.41025641026
4295.89743589744
4291.79487179487
4277.94871794872
4277.94871794872
4272.30769230769
4266.66666666667
4283.07692307692
4283.58974358974
4260.51282051282
4269.74358974359
4292.82051282051
4284.61538461538
4272.30769230769
4278.46153846154
4282.05128205128
4284.61538461538
4297.4358974359
4305.12820512821
4302.05128205128
4305.12820512821
4316.41025641026
4322.05128205128
4327.17948717949
4334.8717948718
4337.4358974359
4333.84615384615
4329.74358974359
4324.61538461538
4318.97435897436
4316.92307692308
4320
4325.64102564103
4327.69230769231
4326.66666666667
4320.51282051282
4316.41025641026
4324.10256410256
4341.53846153846
4352.30769230769
4350.76923076923
4344.10256410256
4335.38461538462
4330.25641025641
4330.25641025641
4338.46153846154
4339.48717948718
4322.5641025641
4316.92307692308
4333.84615384615
4337.94871794872
4323.58974358974
4325.12820512821
4326.15384615385
4307.17948717949
4307.69230769231
4325.64102564103
4329.74358974359
4324.10256410256
4318.97435897436
4307.17948717949
4295.89743589744
4294.35897435897
4292.82051282051
4285.64102564103
4278.46153846154
4286.15384615385
4304.61538461538
4309.74358974359
4306.15384615385
4301.53846153846
4296.41025641026
4296.41025641026
4305.12820512821
4301.53846153846
4282.5641025641
4281.02564102564
4297.4358974359
4297.94871794872
4287.69230769231
4297.94871794872
4312.82051282051
4312.30769230769
4303.07692307692
4284.10256410256
4281.02564102564
