P7
4966.66666666667
4941.02564102564
4974.35897435897
5005.12820512821
4964.61538461539
4940.51282051282
4958.97435897436
4940
4928.71794871795
4955.89743589744
4957.4358974359
4926.66666666667
4906.15384615385
4917.94871794872
4950.25641025641
4964.61538461539
4937.4358974359
4895.89743589744
4872.30769230769
4877.94871794872
4895.89743589744
4917.94871794872
4911.28205128205
4867.17948717949
4885.64102564103
4935.38461538462
4914.8717948718
4899.48717948718
4911.28205128205
4884.10256410256
4891.79487179487
4948.71794871795
4943.07692307692
4912.30769230769
4908.71794871795
4873.33333333333
4831.79487179487
4858.97435897436
4905.12820512821
4897.94871794872
4882.05128205128
4881.53846153846
4855.89743589744
4869.74358974359
4920.51282051282
4900
4858.97435897436
4880.51282051282
4900.51282051282
4873.84615384615
4860
4873.33333333333
4892.82051282051
4866.66666666667
4794.8717948718
4803.07692307692
4874.8717948718
4865.64102564103
4800.51282051282
4801.53846153846
4814.8717948718
4767.69230769231
4761.02564102564
4802.5641025641
4793.33333333333
4739.48717948718
4721.02564102564
4763.07692307692
4789.23076923077
4750.25641025641
4724.61538461539
4753.33333333333
4753.84615384615
4717.94871794872
4720.51282051282
4737.94871794872
4734.8717948718
4680.51282051282
4631.28205128205
4692.82051282051
4768.71794871795
4737.4358974359
4697.4358974359
4715.89743589744
4681.53846153846
4615.89743589744
4651.28205128205
4725.64102564103
4726.66666666667
4689.74358974359
4672.82051282051
4654.8717948718
4652.82051282051
4673.33333333333
4686.66666666667
4671.28205128205
4637.94871794872
4659.48717948718
4675.89743589744
4617.4358974359
4621.53846153846
4677.4358974359
4635.38461538462
4607.69230769231
4688.20512820513
4674.8717948718
4573.84615384615
4583.07692307692
4646.15384615385
4633.84615384615
4588.20512820513
4595.89743589744
4637.4358974359
4641.02564102564
4596.92307692308
4580.51282051282
4606.66666666667
4587.69230769231
4567.69230769231
4600
4607.69230769231
4582.05128205128
4574.35897435897
4556.41025641026
4542.05128205128
4562.5641025641
4559.48717948718
4538.46153846154
4542.5641025641
4543.58974358974
4537.94871794872
4548.71794871795
4562.05128205128
4548.20512820513
4523.07692307692
4520.51282051282
4539.48717948718
4540.51282051282
4495.38461538462
4457.94871794872
4491.28205128205
4530.76923076923
4501.53846153846
4463.58974358974
4471.28205128205
4481.53846153846
4466.66666666667
4455.89743589744
4488.71794871795
4528.20512820513
4515.38461538462
4496.41025641026
4494.8717948718
4489.23076923077
4509.74358974359
4534.35897435897
4513.33333333333
4506.15384615385
4513.84615384615
4491.79487179487
4498.46153846154
4504.10256410256
4490.76923076923
4512.30769230769
4516.41025641026
4490.25641025641
4533.84615384615
4583.07692307692
4514.35897435897
4465.12820512821
4522.5641025641
4568.71794871795
4555.38461538462
4540.51282051282
4547.17948717949
4509.74358974359
4462.5641025641
4480
4505.12820512821
4489.74358974359
4484.10256410256
4496.92307692308
4487.17948717949
4471.79487179487
4450.76923076923
4429.23076923077
4472.82051282051
4535.89743589744
4522.05128205128
4475.89743589744
4469.23076923077
4472.30769230769
4483.58974358974
4522.05128205128
4526.66666666667
4487.69230769231
4470.76923076923
4474.35897435897
4474.8717948718
4474.35897435897
4474.8717948718
4478.46153846154
4470.76923076923
4462.5641025641
4477.4358974359
4477.94871794872
4448.20512820513
4452.30769230769
4480.51282051282
4454.8717948718
4430.25641025641
4448.71794871795
4460.51282051282
4460
4463.07692307692
4453.33333333333
4424.10256410256
4406.15384615385
4432.82051282051
4473.33333333333
4435.38461538462
4375.89743589744
4417.4358974359
4465.12820512821
4429.74358974359
4406.15384615385
4432.30769230769
4433.84615384615
4415.89743589744
4433.84615384615
4465.12820512821
4465.12820512821
4456.41025641026
4467.17948717949
4480.51282051282
4474.35897435897
4459.48717948718
4444.61538461538
4429.74358974359
4430.25641025641
4436.41025641026
4443.07692307692
4466.66666666667
4483.07692307692
4467.17948717949
4438.97435897436
4417.4358974359
4413.84615384615
4442.5641025641
4457.94871794872
4446.15384615385
4430.76923076923
4407.17948717949
4426.66666666667
4469.23076923077
4435.38461538462
4388.20512820513
4410.76923076923
4414.8717948718
4392.82051282051
4412.30769230769
4417.4358974359
4396.41025641026
4409.74358974359
4436.41025641026
4413.33333333333
4371.79487179487
4384.10256410256
4424.61538461538
4428.71794871795
4414.35897435897
4387.17948717949
4366.15384615385
4403.07692307692
4420.51282051282
4390.25641025641
4406.15384615385
4432.82051282051
4406.66666666667
4404.10256410256
4447.69230769231
4446.66666666667
4405.12820512821
4396.41025641026
4429.74358974359
4433.84615384615
4404.10256410256
4412.82051282051
4432.30769230769
4418.97435897436
4385.12820512821
4361.53846153846
4393.84615384615
4442.5641025641
4440
4408.71794871795
4405.64102564103
4431.28205128205
4448.20512820513
4427.17948717949
4405.64102564103
4424.10256410256
4413.84615384615
4382.05128205128
4396.41025641026
4423.58974358974
4435.89743589744
4439.48717948718
4418.97435897436
4394.35897435897
4400.51282051282
4414.35897435897
4424.10256410256
4433.33333333333
4415.38461538462
4403.58974358974
4414.8717948718
4406.15384615385
4395.38461538462
4412.30769230769
4425.12820512821
4425.64102564103
4433.84615384615
4418.46153846154
4384.61538461538
4378.97435897436
4410.76923076923
4438.97435897436
4426.66666666667
4418.46153846154
4433.33333333333
4429.74358974359
4416.41025641026
4431.79487179487
4440.51282051282
4416.92307692308
4411.79487179487
4436.92307692308
4446.66666666667
4426.15384615385
4420
4431.79487179487
4424.10256410256
4416.41025641026
4412.82051282051
4405.12820512821
4414.35897435897
4423.58974358974
4412.82051282051
4413.84615384615
4431.79487179487
4431.28205128205
4416.41025641026
4418.46153846154
4423.07692307692
4397.94871794872
4378.97435897436
4415.89743589744
4440.51282051282
4411.79487179487
4400
4395.38461538462
4384.61538461538
4406.15384615385
4417.94871794872
4395.89743589744
4393.84615384615
4402.05128205128
4388.20512820513
4391.28205128205
4399.48717948718
4386.66666666667
4394.8717948718
4418.97435897436
4407.69230769231
4395.38461538462
4429.74358974359
4454.35897435897
4422.5641025641
4388.71794871795
4407.17948717949
4447.69230769231
4443.58974358974
4409.74358974359
4420
4453.84615384615
4441.02564102564
4415.89743589744
4424.10256410256
4429.74358974359
4427.69230769231
4440.51282051282
4435.38461538462
4407.69230769231
4412.30769230769
4445.12820512821
4448.20512820513
4423.58974358974
4410.76923076923
4407.17948717949
4396.41025641026
4387.17948717949
4394.35897435897
4416.92307692308
4430.25641025641
4410.76923076923
4377.4358974359
4375.89743589744
4418.46153846154
4446.15384615385
4408.71794871795
4377.94871794872
4417.94871794872
4434.8717948718
4396.92307692308
4402.05128205128
4424.61538461538
4401.02564102564
4397.94871794872
4430.76923076923
4430.25641025641
4412.30769230769
4410.76923076923
4416.41025641026
4435.89743589744
4433.33333333333
4404.10256410256
4412.82051282051
4434.8717948718
4424.10256410256
4421.02564102564
4432.30769230769
4423.58974358974
4415.89743589744
4424.61538461538
4427.17948717949
4420
4409.74358974359
4413.33333333333
4415.38461538462
4403.07692307692
4403.07692307692
4408.71794871795
4415.38461538462
4430.76923076923
4405.12820512821
4362.05128205128
4395.38461538462
4457.94871794872
4451.79487179487
4406.66666666667
4393.33333333333
4423.58974358974
4460.51282051282
4451.79487179487
4423.07692307692
4432.30769230769
4450.76923076923
4452.30769230769
4456.92307692308
4464.61538461538
4465.64102564103
4457.4358974359
4455.38461538462
4462.05128205128
4449.23076923077
4425.12820512821
4447.17948717949
4483.07692307692
4469.23076923077
4451.28205128205
4466.15384615385
4462.05128205128
4435.89743589744
4434.35897435897
4451.28205128205
4449.74358974359
4418.46153846154
4408.20512820513
4450.76923076923
4480.51282051282
4447.17948717949
4412.82051282051
4440.51282051282
4450.25641025641
4389.74358974359
4360
4410.25641025641
4454.35897435897
4445.64102564103
4430.76923076923
4438.46153846154
4451.28205128205
4432.82051282051
4403.07692307692
4410.76923076923
4428.71794871795
4437.4358974359
4444.61538461538
4442.5641025641
4445.64102564103
4467.17948717949
4453.33333333333
4404.61538461538
4411.79487179487
4467.17948717949
4473.33333333333
4437.4358974359
4447.69230769231
4485.12820512821
4475.38461538462
4433.84615384615
4428.20512820513
4452.30769230769
4440.51282051282
4418.97435897436
4439.48717948718
4440.51282051282
4397.4358974359
4405.64102564103
4450.25641025641
4433.33333333333
4396.41025641026
4406.15384615385
4417.94871794872
4396.92307692308
4388.71794871795
4406.66666666667
4408.71794871795
4403.58974358974
4403.58974358974
4403.07692307692
4400.51282051282
4391.28205128205
4384.10256410256
4389.74358974359
4410.76923076923
4429.23076923077
4419.48717948718
4384.61538461538
4385.12820512821
4417.4358974359
4415.38461538462
4416.41025641026
4442.05128205128
4442.05128205128
4412.30769230769
4404.61538461538
4428.71794871795
4438.46153846154
4418.46153846154
4411.79487179487
4436.92307692308
4448.20512820513
4432.82051282051
4417.94871794872
4423.58974358974
4433.84615384615
4429.23076923077
4438.46153846154
4467.69230769231
4463.07692307692
4432.30769230769
4441.53846153846
4460.51282051282
4445.12820512821
4432.82051282051
4436.41025641026
4450.25641025641
4490.25641025641
4501.02564102564
4445.64102564103
4431.28205128205
4475.38461538462
4479.48717948718
4440
4416.92307692308
4441.53846153846
4482.5641025641
4485.12820512821
4470.25641025641
4472.30769230769
4447.69230769231
4418.46153846154
4444.61538461538
4467.17948717949
4448.71794871795
4444.61538461538
4455.89743589744
4456.92307692308
4469.74358974359
4483.58974358974
4461.02564102564
4434.8717948718
4452.30769230769
4469.74358974359
4458.97435897436
4455.89743589744
4465.64102564103
4455.89743589744
4435.89743589744
4437.4358974359
4451.28205128205
4469.23076923077
4479.48717948718
4467.17948717949
4456.41025641026
4465.64102564103
4462.05128205128
4446.15384615385
4456.92307692308
4487.69230769231
4475.38461538462
4430.25641025641
4436.92307692308
4489.23076923077
4505.12820512821
4484.10256410256
4477.94871794872
4488.20512820513
4495.89743589744
4496.92307692308
4488.71794871795
4488.20512820513
4492.30769230769
4472.82051282051
4455.89743589744
4475.38461538462
4486.66666666667
4477.4358974359
4489.23076923077
4491.28205128205
4459.48717948718
4460
4495.89743589744
4478.46153846154
4436.41025641026
4454.8717948718
4494.35897435897
4488.71794871795
4450.76923076923
4434.8717948718
4472.82051282051
4497.94871794872
4448.71794871795
4414.8717948718
4434.8717948718
4442.05128205128
4458.46153846154
4494.35897435897
4492.82051282051
4489.23076923077
4505.12820512821
4512.30769230769
4522.5641025641
4516.92307692308
4494.8717948718
4488.20512820513
4489.23076923077
4493.84615384615
4503.58974358974
4509.23076923077
4503.58974358974
4495.89743589744
4488.20512820513
4489.74358974359
4508.20512820513
4509.74358974359
4497.94871794872
4494.8717948718
4483.58974358974
4470.25641025641
4488.71794871795
4511.28205128205
4505.64102564103
4506.66666666667
4505.64102564103
4476.41025641026
4470.25641025641
4486.66666666667
4491.28205128205
4500
4511.28205128205
4496.92307692308
4481.53846153846
4503.58974358974
4512.82051282051
4488.20512820513
4491.28205128205
4512.82051282051
4501.53846153846
4481.02564102564
4493.33333333333
4514.35897435897
4509.74358974359
4494.8717948718
4496.92307692308
4510.25641025641
4509.74358974359
4498.97435897436
4496.41025641026
4486.15384615385
4480
4507.17948717949
4526.66666666667
4507.17948717949
4495.38461538462
4516.41025641026
4497.94871794872
4467.17948717949
4495.89743589744
4524.10256410256
4494.35897435897
4474.8717948718
4512.82051282051
4538.46153846154
4509.74358974359
4495.89743589744
4525.64102564103
4516.41025641026
4482.5641025641
4517.94871794872
4561.02564102564
4534.35897435897
4503.58974358974
4515.89743589744
4504.10256410256
4488.20512820513
4517.94871794872
4536.92307692308
4518.97435897436
4524.61538461538
4548.71794871795
4532.30769230769
4513.84615384615
4530.76923076923
4541.02564102564
4528.71794871795
4517.94871794872
4530.76923076923
4532.82051282051
4504.61538461538
4484.61538461538
4490.25641025641
4520.51282051282
4548.20512820513
4514.35897435897
4452.82051282051
4462.5641025641
4502.05128205128
4490.76923076923
4487.69230769231
4519.48717948718
4519.48717948718
4497.94871794872
4500
4509.74358974359
4505.64102564103
4509.74358974359
4531.79487179487
4544.61538461538
4532.82051282051
4508.20512820513
4508.71794871795
4532.82051282051
4541.53846153846
4538.97435897436
4550.76923076923
4555.89743589744
4539.48717948718
4526.66666666667
4529.23076923077
4551.79487179487
4570.76923076923
4550.25641025641
4526.15384615385
4531.28205128205
4544.61538461538
4550.76923076923
4552.82051282051
4555.38461538462
4561.53846153846
4555.38461538462
4530.25641025641
4536.41025641026
4559.48717948718
4534.35897435897
4510.76923076923
4532.82051282051
4549.74358974359
4549.23076923077
4562.05128205128
4562.05128205128
4542.05128205128
4534.8717948718
4525.12820512821
4521.02564102564
4544.61538461538
4568.71794871795
4568.71794871795
4553.84615384615
4537.4358974359
4535.38461538462
4555.89743589744
4563.58974358974
4552.82051282051
4561.02564102564
4574.8717948718
4567.69230769231
4554.8717948718
4549.74358974359
4554.35897435897
4567.69230769231
4577.94871794872
4555.38461538462
4532.82051282051
4562.05128205128
4588.20512820513
4558.46153846154
4544.61538461538
4571.28205128205
4577.4358974359
4568.71794871795
4565.12820512821
4563.58974358974
4547.17948717949
4525.64102564103
4545.12820512821
4584.10256410256
4573.84615384615
4554.8717948718
4570.25641025641
4563.07692307692
4551.79487179487
4573.33333333333
4577.94871794872
4568.20512820513
4568.71794871795
4556.92307692308
4548.20512820513
4572.82051282051
4591.28205128205
4586.15384615385
4584.61538461538
4581.53846153846
4578.97435897436
4596.92307692308
4605.64102564103
4583.07692307692
4584.61538461538
4608.71794871795
4581.02564102564
4556.92307692308
4607.17948717949
4635.89743589744
4600
4591.28205128205
4610.25641025641
4589.23076923077
4562.5641025641
4588.20512820513
4620.51282051282
4612.82051282051
4606.15384615385
4603.58974358974
4583.58974358974
4597.94871794872
4628.20512820513
4615.38461538462
4609.74358974359
4626.15384615385
4607.17948717949
4577.94871794872
4584.61538461538
4612.82051282051
4634.8717948718
4621.02564102564
4601.02564102564
4613.33333333333
4621.02564102564
4609.23076923077
4615.38461538462
4624.61538461538
4609.74358974359
4598.46153846154
4610.76923076923
4627.17948717949
4613.33333333333
4596.92307692308
4617.4358974359
4631.79487179487
4613.33333333333
4618.46153846154
4640.51282051282
4618.46153846154
4600.51282051282
4647.17948717949
4678.46153846154
4651.28205128205
4642.5641025641
4661.02564102564
4653.33333333333
4636.41025641026
4620.51282051282
4611.79487179487
4621.53846153846
4611.79487179487
4590.76923076923
4618.97435897436
4645.64102564103
4597.4358974359
4553.84615384615
4591.79487179487
4614.8717948718
4568.20512820513
4573.84615384615
4637.94871794872
4629.74358974359
4584.10256410256
4594.35897435897
4614.8717948718
4605.12820512821
4607.69230769231
4635.38461538462
4650.25641025641
4632.82051282051
4626.66666666667
4639.48717948718
4608.71794871795
4576.41025641026
4619.48717948718
4673.84615384615
4660.51282051282
4628.20512820513
4625.12820512821
4624.61538461538
4635.38461538462
4655.38461538462
4637.4358974359
4608.20512820513
4632.30769230769
4665.12820512821
4640
4643.07692307692
4690.76923076923
4671.28205128205
4631.79487179487
4663.07692307692
4688.20512820513
4656.41025641026
4645.64102564103
4665.64102564103
4664.61538461539
4645.12820512821
4635.38461538462
4656.41025641026
4677.94871794872
4674.35897435897
4665.12820512821
4641.02564102564
4615.89743589744
4627.69230769231
4643.58974358974
4629.74358974359
4626.66666666667
4638.46153846154
4637.94871794872
4637.4358974359
4634.8717948718
4626.15384615385
4630.25641025641
4631.79487179487
4603.07692307692
4582.5641025641
4613.84615384615
4644.61538461538
4615.38461538462
4593.84615384615
4619.48717948718
4631.28205128205
4611.28205128205
4595.38461538462
4603.07692307692
4624.61538461538
4631.79487179487
4629.23076923077
4637.4358974359
4639.48717948718
4636.41025641026
4629.74358974359
4608.71794871795
4607.69230769231
4639.48717948718
4652.82051282051
4612.82051282051
4580
4616.92307692308
4651.79487179487
4628.71794871795
4636.41025641026
4666.66666666667
4629.74358974359
4608.71794871795
4626.15384615385
4584.10256410256
4557.94871794872
4608.20512820513
4639.48717948718
4626.15384615385
4625.64102564103
4636.92307692308
4645.12820512821
4651.79487179487
4650.76923076923
4635.89743589744
4619.48717948718
4628.20512820513
4646.15384615385
4645.64102564103
4645.12820512821
4630.76923076923
4603.58974358974
4614.8717948718
4660.51282051282
4669.23076923077
4635.38461538462
4632.82051282051
4657.4358974359
4628.71794871795
4590.76923076923
4607.17948717949
4620
4623.58974358974
4651.79487179487
4650.25641025641
4627.69230769231
4645.12820512821
4662.5641025641
4640
4615.89743589744
4614.35897435897
4630.76923076923
4652.82051282051
4659.48717948718
4652.30769230769
4647.69230769231
4646.66666666667
4644.10256410256
4649.23076923077
4669.23076923077
4665.64102564103
4633.33333333333
4633.33333333333
4667.69230769231
4672.82051282051
4631.28205128205
4615.89743589744
4657.4358974359
4685.12820512821
4669.74358974359
4660
4673.33333333333
4678.97435897436
4675.89743589744
4665.12820512821
4643.58974358974
4645.12820512821
4672.30769230769
4674.35897435897
4651.79487179487
4646.15384615385
4642.5641025641
4637.94871794872
4655.89743589744
4662.05128205128
4648.71794871795
4651.28205128205
4656.92307692308
4643.58974358974
4640.51282051282
4654.8717948718
4664.10256410256
4657.94871794872
4631.28205128205
4625.64102564103
4644.61538461538
4637.94871794872
4623.58974358974
4640.51282051282
4637.4358974359
4593.33333333333
4606.66666666667
4663.07692307692
4658.46153846154
4626.15384615385
4621.53846153846
4620
4616.41025641026
4624.10256410256
4618.97435897436
4622.05128205128
4648.71794871795
4644.10256410256
4621.53846153846
4620.51282051282
4623.07692307692
4625.64102564103
4632.30769230769
4630.76923076923
4644.61538461538
4660
4620.51282051282
4607.17948717949
4658.97435897436
4653.84615384615
4616.41025641026
4629.74358974359
4643.07692307692
4620.51282051282
4628.20512820513
4658.97435897436
4643.07692307692
4604.61538461538
4604.61538461538
4644.61538461538
4656.41025641026
4629.23076923077
4629.23076923077
4654.35897435897
4643.07692307692
4592.82051282051
4586.66666666667
4628.20512820513
4643.58974358974
4637.94871794872
4636.92307692308
4622.5641025641
4607.17948717949
4621.53846153846
4643.07692307692
4623.58974358974
4596.41025641026
4612.30769230769
4640
4640
4622.5641025641
4590.76923076923
4562.5641025641
4581.53846153846
4614.8717948718
4610.76923076923
4590.76923076923
4565.64102564103
4570.25641025641
4605.64102564103
4586.66666666667
4547.69230769231
4576.41025641026
4598.97435897436
4563.58974358974
4557.94871794872
4592.82051282051
4604.10256410256
4586.66666666667
4584.61538461538
4608.20512820513
4593.33333333333
4554.35897435897
4562.05128205128
4593.84615384615
4593.84615384615
4564.61538461538
4545.12820512821
4563.07692307692
4582.05128205128
4554.8717948718
4538.97435897436
4560.51282051282
4570.76923076923
4576.92307692308
4585.12820512821
4564.61538461538
4545.64102564103
4556.92307692308
4541.02564102564
4504.10256410256
4523.58974358974
4572.82051282051
4556.92307692308
4505.64102564103
4505.64102564103
4526.15384615385
4526.66666666667
4528.71794871795
4537.4358974359
4541.02564102564
4522.5641025641
4486.15384615385
4486.15384615385
4533.33333333333
4552.82051282051
4537.94871794872
4527.17948717949
4507.17948717949
4502.5641025641
4533.33333333333
4535.38461538462
4510.25641025641
4533.33333333333
4570.76923076923
4560
4529.23076923077
4524.61538461538
4539.48717948718
4553.33333333333
4566.66666666667
4570.25641025641
4552.82051282051
4550.25641025641
4573.33333333333
4580
4569.74358974359
4576.41025641026
4585.64102564103
4578.97435897436
4566.15384615385
4552.30769230769
4539.48717948718
4539.48717948718
4548.20512820513
4554.8717948718
4564.61538461538
4570.25641025641
4547.69230769231
4527.17948717949
4545.64102564103
4571.79487179487
4580
4582.05128205128
4568.20512820513
4542.5641025641
4526.15384615385
4536.92307692308
4575.38461538462
4586.15384615385
4548.71794871795
4536.92307692308
4565.64102564103
4549.23076923077
4510.25641025641
4540
4546.15384615385
4474.35897435897
4476.92307692308
4560.51282051282
4596.92307692308
4603.58974358974
4618.46153846154
4599.48717948718
4575.89743589744
4582.05128205128
4592.30769230769
4589.74358974359
4570.25641025641
4574.35897435897
4601.02564102564
4598.46153846154
4585.64102564103
4586.66666666667
4585.64102564103
4590.76923076923
4618.97435897436
4611.79487179487
4551.79487179487
4550.25641025641
4621.53846153846
4631.28205128205
4577.94871794872
4575.38461538462
4601.53846153846
4598.46153846154
4580.51282051282
4549.23076923077
4547.17948717949
