
4209.74358974359
4188.20512820513
4184.61538461538
4191.28205128205
4204.61538461538
4203.58974358974
4196.41025641026
4200
4200
4195.38461538462
4198.46153846154
4202.5641025641
4192.82051282051
4181.53846153846
4195.89743589744
4209.23076923077
4188.71794871795
4178.46153846154
4189.23076923077
4175.89743589744
4171.79487179487
4199.48717948718
4202.5641025641
4182.05128205128
4173.84615384615
4175.89743589744
4194.8717948718
4221.53846153846
4209.23076923077
4178.46153846154
4182.5641025641
4200.51282051282
4202.05128205128
4188.20512820513
4170.76923076923
4167.17948717949
4176.41025641026
4177.94871794872
4169.23076923077
4155.89743589744
4147.17948717949
4149.74358974359
4166.66666666667
4181.02564102564
4171.28205128205
4157.94871794872
4165.12820512821
4176.41025641026
4171.79487179487
4166.66666666667
4171.28205128205
4172.30769230769
4163.07692307692
4152.30769230769
4153.33333333333
4156.41025641026
4150.76923076923
4149.74358974359
4155.38461538462
4154.35897435897
4138.46153846154
4121.53846153846
4126.66666666667
4145.64102564103
4144.61538461538
4123.58974358974
4111.28205128205
4130.76923076923
4165.12820512821
4174.35897435897
4153.33333333333
4120.51282051282
4103.58974358974
4124.10256410256
4151.28205128205
4142.5641025641
4121.02564102564
4104.10256410256
4087.17948717949
4101.02564102564
4134.8717948718
4134.8717948718
4112.30769230769
4115.38461538462
4127.17948717949
4118.97435897436
4111.79487179487
4120
4125.64102564103
4119.48717948718
4121.02564102564
4123.07692307692
4118.97435897436
4121.53846153846
4120
4107.17948717949
4101.02564102564
4110.76923076923
4107.69230769231
4094.35897435898
4105.12820512821
4125.12820512821
4124.10256410256
4113.33333333333
4121.53846153846
4127.17948717949
4105.12820512821
4088.20512820513
4098.46153846154
4113.33333333333
4106.15384615385
4095.89743589744
4097.94871794872
4105.64102564103
4112.30769230769
4113.33333333333
4124.61538461538
4129.74358974359
4111.28205128205
4103.58974358974
4120.51282051282
4126.15384615385
4113.84615384615
4107.69230769231
4103.07692307692
4100.51282051282
4116.41025641026
4142.05128205128
4138.46153846154
4106.66666666667
4105.12820512821
4136.41025641026
4141.02564102564
4118.46153846154
4107.17948717949
4103.07692307692
4108.71794871795
4130.76923076923
4141.02564102564
4129.23076923077
4113.33333333333
4111.28205128205
4124.61538461538
4134.8717948718
4138.46153846154
4137.4358974359
4115.38461538462
4107.69230769231
4132.30769230769
4139.48717948718
4128.71794871795
4132.30769230769
4135.38461538462
4126.15384615385
4125.12820512821
4133.84615384615
4141.02564102564
4129.23076923077
4109.23076923077
4113.33333333333
4124.10256410256
4124.10256410256
4119.48717948718
4122.05128205128
4126.66666666667
4115.89743589744
4102.05128205128
4112.30769230769
4128.20512820513
4122.5641025641
4123.58974358974
4118.97435897436
4092.30769230769
4091.28205128205
4128.20512820513
4147.69230769231
4141.02564102564
4139.48717948718
4133.84615384615
4121.53846153846
4119.48717948718
4126.15384615385
4127.17948717949
4122.5641025641
4117.94871794872
4106.66666666667
4098.97435897436
4110.25641025641
4121.53846153846
4111.28205128205
4100
4104.61538461538
4107.17948717949
4106.66666666667
4114.8717948718
4118.97435897436
4115.89743589744
4110.76923076923
4103.58974358974
4112.82051282051
4122.5641025641
4116.41025641026
4113.84615384615
4117.94871794872
4106.66666666667
4101.02564102564
4108.71794871795
4104.10256410256
4091.79487179487
4083.58974358974
4093.84615384615
4110.25641025641
4108.71794871795
4111.79487179487
4128.20512820513
4126.66666666667
4104.61538461538
4100
4115.38461538462
4129.74358974359
4135.89743589744
4126.66666666667
4114.8717948718
4118.46153846154
4124.10256410256
4116.92307692308
4114.8717948718
4123.07692307692
4127.17948717949
4116.92307692308
4094.8717948718
4094.35897435898
4118.97435897436
4126.15384615385
4119.48717948718
4125.12820512821
4130.25641025641
4115.89743589744
4105.12820512821
4120
4119.48717948718
4102.05128205128
4119.48717948718
4142.5641025641
4131.28205128205
4136.92307692308
4163.58974358974
4148.20512820513
4121.53846153846
4137.4358974359
4159.48717948718
4154.8717948718
4151.28205128205
4160.51282051282
4150.76923076923
4130.76923076923
4141.02564102564
4163.07692307692
4155.38461538462
4129.74358974359
4121.53846153846
4122.5641025641
4121.53846153846
4121.53846153846
4112.82051282051
4103.07692307692
4105.12820512821
4104.61538461538
4107.17948717949
4125.64102564103
4128.20512820513
4106.66666666667
4105.12820512821
4127.17948717949
4134.35897435897
4111.28205128205
4103.07692307692
4127.17948717949
4123.58974358974
4092.30769230769
4096.92307692308
4120.51282051282
4123.58974358974
4131.28205128205
4139.48717948718
4125.64102564103
4123.58974358974
4139.48717948718
4142.05128205128
4128.20512820513
4117.94871794872
4123.07692307692
4141.53846153846
4143.07692307692
4124.10256410256
4116.41025641026
4129.74358974359
4138.97435897436
4133.33333333333
4124.61538461538
4116.41025641026
4106.66666666667
4102.5641025641
4112.30769230769
4132.82051282051
4138.97435897436
4130.25641025641
4123.07692307692
4112.82051282051
4106.15384615385
4108.71794871795
4110.25641025641
4105.12820512821
4100.51282051282
4098.97435897436
4101.02564102564
4111.79487179487
4110.76923076923
4109.23076923077
4122.05128205128
4130.25641025641
4127.17948717949
4115.38461538462
4102.05128205128
4092.30769230769
4097.4358974359
4108.20512820513
4103.58974358974
4089.23076923077
4091.79487179487
4109.74358974359
4106.15384615385
4091.28205128205
4096.92307692308
4101.53846153846
4090.25641025641
4093.84615384615
4107.69230769231
4098.97435897436
4084.10256410256
4092.30769230769
4095.38461538462
4080.51282051282
4085.64102564103
4094.8717948718
4081.53846153846
4071.79487179487
4072.82051282051
4072.30769230769
4080.51282051282
4082.5641025641
4071.28205128205
4069.23076923077
4067.17948717949
4057.94871794872
4062.05128205128
4068.20512820513
4055.89743589744
4039.48717948718
4040
4049.23076923077
4044.10256410256
4032.82051282051
4034.8717948718
4041.53846153846
4056.41025641026
4070.25641025641
4072.82051282051
4076.92307692308
4072.30769230769
4061.53846153846
4063.07692307692
4067.17948717949
4063.58974358974
4057.4358974359
4046.15384615385
4039.48717948718
4045.64102564103
4045.12820512821
4049.23076923077
4057.94871794872
4055.38461538462
4049.74358974359
4048.71794871795
4052.82051282051
4061.53846153846
4063.58974358974
4054.35897435898
4047.69230769231
4053.33333333333
4063.58974358974
4070.76923076923
4076.92307692308
4075.89743589744
4065.64102564103
4065.12820512821
4070.76923076923
4067.17948717949
4058.46153846154
4056.41025641026
4069.23076923077
4077.94871794872
4061.53846153846
4051.28205128205
4068.20512820513
4070.76923076923
4063.58974358974
4062.5641025641
4054.35897435898
4060
4072.82051282051
4064.10256410256
4055.89743589744
4057.4358974359
4049.23076923077
4062.05128205128
4091.79487179487
4092.82051282051
4075.38461538462
4068.20512820513
4071.79487179487
4078.46153846154
4078.46153846154
4066.66666666667
4061.53846153846
4063.07692307692
4053.33333333333
4049.23076923077
4058.97435897436
4064.10256410256
4064.61538461539
4071.79487179487
4076.41025641026
4075.38461538462
4077.94871794872
4073.84615384615
4069.23076923077
4074.8717948718
4075.89743589744
4068.20512820513
4062.5641025641
4066.15384615385
4071.28205128205
4071.28205128205
4079.48717948718
4090.76923076923
4083.58974358974
4074.35897435898
4087.69230769231
4092.82051282051
4074.35897435898
4072.30769230769
4088.71794871795
4094.35897435898
4081.53846153846
4073.33333333333
4082.05128205128
4090.25641025641
4084.10256410256
4075.89743589744
4080.51282051282
4092.30769230769
4089.74358974359
4076.41025641026
4087.17948717949
4112.82051282051
4115.38461538462
4108.20512820513
4108.71794871795
4113.33333333333
4120.51282051282
4127.69230769231
4125.12820512821
4116.41025641026
4105.64102564103
4096.92307692308
4104.10256410256
4101.02564102564
4082.05128205128
4091.28205128205
4122.5641025641
4129.23076923077
4114.35897435897
4102.5641025641
4094.35897435898
4095.89743589744
4110.25641025641
4108.71794871795
4096.92307692308
4100
4103.07692307692
4096.41025641026
4098.46153846154
4108.20512820513
4105.12820512821
4098.97435897436
4098.46153846154
4096.41025641026
4096.92307692308
4105.12820512821
4111.79487179487
4110.76923076923
4106.15384615385
4099.48717948718
4094.35897435898
4090.76923076923
4088.71794871795
4097.94871794872
4104.10256410256
4101.02564102564
4098.97435897436
4093.33333333333
4091.28205128205
4102.05128205128
4097.4358974359
4077.4358974359
4082.05128205128
4094.8717948718
4087.69230769231
4085.64102564103
4091.79487179487
4088.20512820513
4085.64102564103
4090.25641025641
4091.79487179487
4091.79487179487
4089.23076923077
4081.53846153846
4086.15384615385
4103.07692307692
4111.28205128205
4110.25641025641
4101.02564102564
4093.84615384615
4103.58974358974
4113.33333333333
4107.69230769231
4105.64102564103
4108.71794871795
4104.10256410256
4108.20512820513
4123.07692307692
4124.61538461538
4110.76923076923
4104.10256410256
4112.82051282051
4121.53846153846
4120
4116.92307692308
4110.76923076923
4093.33333333333
4086.66666666667
4100.51282051282
4106.66666666667
4097.94871794872
4091.79487179487
4090.25641025641
4089.74358974359
4090.76923076923
4090.25641025641
4092.82051282051
4095.89743589744
4089.74358974359
4081.02564102564
4086.15384615385
4101.53846153846
4109.23076923077
4107.69230769231
4105.64102564103
4101.02564102564
4088.71794871795
4090.25641025641
4104.10256410256
4105.12820512821
4091.79487179487
4083.58974358974
4081.02564102564
4086.15384615385
4102.05128205128
4105.12820512821
4093.33333333333
4089.74358974359
4091.28205128205
4092.30769230769
4097.4358974359
4110.76923076923
4118.97435897436
4110.76923076923
4106.15384615385
4118.97435897436
4122.05128205128
4110.76923076923
4108.71794871795
4106.15384615385
4107.69230769231
4118.46153846154
4113.84615384615
4106.15384615385
4114.8717948718
4115.38461538462
4104.61538461538
4105.64102564103
4114.8717948718
4121.53846153846
4124.10256410256
4121.02564102564
4120
4121.53846153846
4120.51282051282
4120.51282051282
4116.92307692308
4115.89743589744
4117.4358974359
4118.46153846154
4119.48717948718
4123.58974358974
4124.10256410256
4120.51282051282
4119.48717948718
4120
4121.02564102564
4123.07692307692
4120.51282051282
4113.33333333333
4114.35897435897
4122.5641025641
4117.94871794872
4110.25641025641
4118.97435897436
4124.10256410256
4109.23076923077
4105.64102564103
4118.46153846154
4123.58974358974
4125.12820512821
4132.82051282051
4121.53846153846
4105.64102564103
4115.38461538462
4130.76923076923
4120
4108.20512820513
4120.51282051282
4123.58974358974
4109.74358974359
4113.33333333333
4120
4109.23076923077
4115.89743589744
4129.74358974359
4111.28205128205
4095.38461538462
4099.48717948718
4102.5641025641
4105.12820512821
4100
4087.17948717949
4093.84615384615
4109.74358974359
4111.28205128205
4110.76923076923
4112.82051282051
4108.71794871795
4111.28205128205
4128.71794871795
4136.92307692308
4128.20512820513
4113.84615384615
4105.64102564103
4107.17948717949
4104.10256410256
4095.38461538462
4098.97435897436
4110.76923076923
4108.71794871795
4104.61538461538
4110.25641025641
4111.28205128205
4104.10256410256
4094.8717948718
4089.74358974359
4098.97435897436
4110.25641025641
4101.02564102564
4084.10256410256
4095.38461538462
4107.17948717949
4091.79487179487
4090.76923076923
4108.20512820513
4101.53846153846
4090.25641025641
4101.02564102564
4098.46153846154
4086.66666666667
4091.79487179487
4098.46153846154
4095.89743589744
4091.79487179487
4083.58974358974
4072.30769230769
4081.02564102564
4095.38461538462
4085.64102564103
4065.64102564103
4060
4067.17948717949
4076.41025641026
4080.51282051282
4068.71794871795
4062.5641025641
4065.12820512821
4066.15384615385
4063.07692307692
4058.46153846154
4069.74358974359
4077.4358974359
4063.58974358974
4057.94871794872
4071.79487179487
4073.33333333333
4061.02564102564
4066.66666666667
4071.79487179487
4057.4358974359
4048.20512820513
4055.89743589744
4064.10256410256
4067.17948717949
4069.74358974359
4061.02564102564
4050.76923076923
4056.41025641026
4061.02564102564
4057.94871794872
4055.38461538462
4051.79487179487
4036.92307692308
4026.15384615385
4039.48717948718
4056.92307692308
4050.25641025641
4045.12820512821
4052.30769230769
4045.64102564103
4040.51282051282
4044.10256410256
4029.23076923077
4006.15384615385
4004.61538461539
4013.84615384615
4016.41025641026
4022.5641025641
4030.76923076923
4029.74358974359
4024.10256410256
4025.64102564103
4032.82051282051
4044.10256410256
4058.46153846154
4062.5641025641
4058.97435897436
4056.92307692308
4051.79487179487
4052.82051282051
4058.97435897436
4064.61538461539
4072.30769230769
4074.35897435898
4073.84615384615
4076.92307692308
4066.66666666667
4050.25641025641
4061.53846153846
4089.23076923077
4093.33333333333
4077.4358974359
4066.15384615385
4066.15384615385
4071.79487179487
4074.8717948718
4076.41025641026
4076.92307692308
4069.74358974359
4067.17948717949
4074.35897435898
4072.30769230769
4064.10256410256
4065.64102564103
4069.74358974359
4077.94871794872
4093.33333333333
4093.33333333333
4080
4084.10256410256
4096.92307692308
4089.23076923077
4076.92307692308
4071.79487179487
4071.28205128205
4074.35897435898
4071.28205128205
4061.53846153846
4066.66666666667
4085.64102564103
4086.66666666667
4074.35897435898
4079.48717948718
4089.23076923077
4086.66666666667
4078.97435897436
4075.89743589744
4074.8717948718
4080.51282051282
4089.74358974359
4091.28205128205
4092.30769230769
4087.17948717949
4081.02564102564
4091.28205128205
4101.53846153846
4100
4101.02564102564
4103.58974358974
4104.10256410256
4104.61538461538
4096.92307692308
4091.79487179487
4102.05128205128
4113.84615384615
4117.94871794872
4122.05128205128
4115.89743589744
4103.58974358974
4104.61538461538
4108.20512820513
4103.07692307692
4089.23076923077
4078.46153846154
4090.25641025641
4112.30769230769
4109.23076923077
4097.94871794872
4100
4101.53846153846
4103.07692307692
4106.66666666667
4099.48717948718
4097.4358974359
4109.74358974359
4109.23076923077
4100.51282051282
4108.71794871795
4121.02564102564
4123.58974358974
4118.46153846154
4113.84615384615
4116.92307692308
4121.53846153846
4118.97435897436
4121.53846153846
4137.4358974359
4140.51282051282
4130.25641025641
4126.66666666667
4125.12820512821
4130.25641025641
4137.94871794872
4129.74358974359
4120.51282051282
4123.07692307692
4117.94871794872
4105.64102564103
4103.07692307692
4110.25641025641
4118.97435897436
4120.51282051282
4119.48717948718
4127.17948717949
4129.74358974359
4117.94871794872
4113.84615384615
4124.10256410256
4129.74358974359
4125.12820512821
4121.53846153846
4121.53846153846
4118.46153846154
4122.5641025641
4137.94871794872
4136.41025641026
4117.94871794872
4120
4140.51282051282
4147.69230769231
4148.71794871795
4156.41025641026
4158.46153846154
4154.8717948718
4159.48717948718
4160
4147.69230769231
4134.8717948718
4134.35897435897
4140
4141.53846153846
4135.38461538462
4134.35897435897
4144.10256410256
4138.97435897436
4117.94871794872
4124.10256410256
4156.92307692308
4162.5641025641
4135.89743589744
4131.79487179487
4156.41025641026
4164.61538461538
4152.30769230769
4149.74358974359
4154.8717948718
4147.69230769231
4144.61538461538
4152.30769230769
4150.76923076923
4144.10256410256
4151.28205128205
4155.89743589744
4139.48717948718
4132.30769230769
4141.53846153846
4143.58974358974
4141.02564102564
4142.05128205128
4140.51282051282
4131.79487179487
4136.92307692308
4152.82051282051
4155.38461538462
4149.74358974359
4153.84615384615
4156.41025641026
4140
4134.8717948718
4149.74358974359
4153.33333333333
4148.71794871795
4149.74358974359
4145.64102564103
4131.79487179487
4136.41025641026
4156.41025641026
4159.48717948718
4153.33333333333
4155.38461538462
4156.92307692308
4159.48717948718
4165.64102564103
4159.48717948718
4149.74358974359
4153.84615384615
4161.53846153846
4154.35897435897
4136.92307692308
4133.33333333333
4149.74358974359
4154.35897435897
4143.07692307692
4140.51282051282
4142.05128205128
4140
4141.02564102564
4137.94871794872
4133.84615384615
4139.48717948718
4139.48717948718
4131.79487179487
4133.84615384615
4141.53846153846
4140
4139.48717948718
4141.53846153846
4135.89743589744
4134.35897435897
4137.94871794872
4136.92307692308
4141.53846153846
4154.8717948718
4154.8717948718
4139.48717948718
4135.38461538462
4139.48717948718
4138.46153846154
4140.51282051282
4136.92307692308
4122.5641025641
4117.94871794872
4122.05128205128
4127.17948717949
4142.5641025641
4150.25641025641
4140.51282051282
4146.66666666667
4166.15384615385
4164.61538461538
4152.30769230769
4151.79487179487
4157.94871794872
4156.92307692308
4152.30769230769
4151.79487179487
4155.38461538462
4158.97435897436
4155.38461538462
4146.66666666667
4142.05128205128
4137.94871794872
4136.92307692308
4149.74358974359
4154.35897435897
4142.05128205128
4138.97435897436
4142.05128205128
4138.97435897436
4137.4358974359
4137.4358974359
4142.5641025641
4157.4358974359
4153.33333333333
4138.97435897436
4135.89743589744
4128.71794871795
4118.46153846154
4118.46153846154
4127.17948717949
4136.41025641026
4131.28205128205
4124.10256410256
4132.82051282051
4129.74358974359
4115.38461538462
4122.5641025641
4126.15384615385
4115.38461538462
4124.10256410256
4141.02564102564
4141.02564102564
4129.23076923077
4114.35897435897
4119.48717948718
4140
4142.5641025641
4137.4358974359
4135.89743589744
4125.64102564103
4116.92307692308
4124.10256410256
4123.58974358974
4108.71794871795
4096.92307692308
4093.33333333333
4101.53846153846
4103.58974358974
4095.89743589744
4103.07692307692
4109.23076923077
4100
4097.94871794872
4104.61538461538
4108.20512820513
4109.74358974359
4103.58974358974
4095.38461538462
4101.53846153846
4108.20512820513
4097.4358974359
4087.69230769231
4101.53846153846
4128.71794871795
4129.23076923077
4105.12820512821
4094.35897435898
4092.82051282051
4091.79487179487
4101.53846153846
4114.35897435897
4106.66666666667
4081.02564102564
4078.46153846154
4103.07692307692
4113.33333333333
4105.12820512821
4105.12820512821
4105.64102564103
4106.66666666667
4114.35897435897
4114.35897435897
4102.05128205128
4098.46153846154
4114.8717948718
4124.10256410256
4109.23076923077
4101.02564102564
4111.28205128205
4108.20512820513
4103.07692307692
4115.89743589744
4118.97435897436
4101.53846153846
4087.17948717949
4094.8717948718
4108.71794871795
4107.69230769231
4108.20512820513
4111.79487179487
4104.10256410256
4107.69230769231
4124.61538461538
4114.8717948718
4095.38461538462
4101.02564102564
4111.28205128205
4119.48717948718
4126.66666666667
4118.97435897436
4110.25641025641
4108.71794871795
4105.64102564103
4115.89743589744
4122.5641025641
4102.05128205128
4094.35897435898
4110.25641025641
4116.92307692308
4113.33333333333
4111.28205128205
4109.74358974359
4111.28205128205
4106.66666666667
4108.20512820513
4121.02564102564
4113.84615384615
4089.23076923077
4087.69230769231
4102.05128205128
4107.17948717949
4107.17948717949
4111.79487179487
4110.76923076923
4106.66666666667
4112.82051282051
4123.58974358974
4127.17948717949
4126.66666666667
4126.66666666667
4115.38461538462
4102.5641025641
4114.8717948718
4124.10256410256
4111.28205128205
4101.02564102564
4107.17948717949
4119.48717948718
4123.58974358974
4111.79487179487
4104.10256410256
4116.41025641026
4117.94871794872
4115.89743589744
4130.25641025641
4135.38461538462
4126.66666666667
4116.92307692308
4121.02564102564
4134.8717948718
4131.79487179487
4118.97435897436
4121.53846153846
4128.71794871795
4123.07692307692
4122.05128205128
4125.64102564103
4115.38461538462
4114.8717948718
4125.64102564103
4116.41025641026
4097.94871794872
4094.8717948718
4095.38461538462
4090.76923076923
4086.15384615385
4080
4083.07692307692
4093.33333333333
4089.23076923077
4094.8717948718
4111.28205128205
4099.48717948718
4089.74358974359
4104.61538461538
4106.66666666667
4091.28205128205
4097.4358974359
4120.51282051282
4121.53846153846
4108.71794871795
4106.15384615385
4114.8717948718
4125.12820512821
4137.4358974359
4138.97435897436
4123.58974358974
4114.35897435897
4124.61538461538
4138.46153846154
4134.8717948718
4116.41025641026
4118.97435897436
4135.89743589744
4133.84615384615
4123.07692307692
4122.5641025641
4120.51282051282
4116.41025641026
4124.61538461538
4125.64102564103
4111.79487179487
4113.84615384615
4128.71794871795
4129.74358974359
4121.02564102564
4119.48717948718
4121.02564102564
4120
4121.53846153846
4121.02564102564
4121.02564102564
4129.23076923077
4136.41025641026
4133.33333333333
4133.84615384615
4132.30769230769
4122.05128205128
4125.64102564103
4142.05128205128
4136.92307692308
4123.07692307692
4125.64102564103
4126.66666666667
4121.53846153846
4128.20512820513
4140
4136.41025641026
4133.33333333333
4141.02564102564
4138.97435897436
4139.48717948718
4150.25641025641
4153.84615384615
4150.25641025641
4156.41025641026
4163.07692307692
4155.38461538462
4154.8717948718
4155.38461538462
4141.02564102564
4132.82051282051
4141.53846153846
4148.20512820513
4146.15384615385
4138.97435897436
4133.33333333333
4145.64102564103
4157.4358974359
4149.23076923077
4144.61538461538
4153.84615384615
4154.8717948718
4142.05128205128
4136.92307692308
4136.92307692308
4138.46153846154
4144.10256410256
4145.12820512821
