P8
4155.38461538462
4145.12820512821
4142.5641025641
4156.92307692308
4170.25641025641
4170.76923076923
4168.71794871795
4166.66666666667
4160
4150.76923076923
4151.79487179487
4166.15384615385
4175.89743589744
4166.15384615385
4149.74358974359
4151.28205128205
4166.15384615385
4167.69230769231
4158.46153846154
4147.17948717949
4136.92307692308
4143.07692307692
4159.48717948718
4157.94871794872
4144.61538461538
4153.84615384615
4172.30769230769
4168.20512820513
4143.58974358974
4135.89743589744
4164.10256410256
4177.4358974359
4147.17948717949
4132.30769230769
4172.30769230769
4193.33333333333
4144.61538461538
4115.38461538462
4151.28205128205
4164.61538461538
4141.53846153846
4141.02564102564
4146.15384615385
4133.84615384615
4141.02564102564
4168.71794871795
4166.15384615385
4136.92307692308
4127.17948717949
4135.38461538462
4140.51282051282
4149.74358974359
4145.12820512821
4125.12820512821
4130.25641025641
4144.10256410256
4137.4358974359
4134.35897435897
4144.10256410256
4151.79487179487
4152.82051282051
4147.17948717949
4142.05128205128
4135.38461538462
4122.05128205128
4120.51282051282
4130.76923076923
4136.92307692308
4137.94871794872
4134.8717948718
4136.41025641026
4138.97435897436
4136.41025641026
4132.82051282051
4138.46153846154
4134.35897435897
4123.07692307692
4127.69230769231
4141.53846153846
4142.5641025641
4125.12820512821
4116.41025641026
4132.30769230769
4144.61538461538
4135.38461538462
4133.84615384615
4140
4126.66666666667
4120
4133.33333333333
4140.51282051282
4134.35897435897
4134.8717948718
4139.48717948718
4132.82051282051
4133.84615384615
4151.79487179487
4150.76923076923
4134.8717948718
4144.10256410256
4156.92307692308
4150.76923076923
4158.97435897436
4170.25641025641
4157.4358974359
4147.17948717949
4149.23076923077
4155.38461538462
4160.51282051282
4163.58974358974
4161.02564102564
4166.15384615385
4187.69230769231
4206.15384615385
4221.53846153846
4238.46153846154
4252.82051282051
4268.20512820513
4293.33333333333
4305.12820512821
4279.48717948718
4255.38461538462
4238.97435897436
4219.48717948718
4215.89743589744
4213.33333333333
4194.35897435897
4180
4179.48717948718
4183.07692307692
4192.82051282051
4194.8717948718
4187.69230769231
4184.61538461538
4178.46153846154
4167.69230769231
4150.76923076923
4142.5641025641
4152.30769230769
4148.71794871795
4140
4145.64102564103
4148.71794871795
4143.58974358974
4144.61538461538
4140
4125.12820512821
4117.94871794872
4124.61538461538
4144.10256410256
4147.17948717949
4132.82051282051
4132.82051282051
4133.84615384615
4126.66666666667
4121.53846153846
4124.10256410256
4127.17948717949
4124.61538461538
4118.97435897436
4123.07692307692
4128.20512820513
4113.84615384615
4116.41025641026
4147.69230769231
4148.20512820513
4119.48717948718
4120
4134.8717948718
4134.35897435897
4134.8717948718
4131.28205128205
4122.05128205128
4124.61538461538
4122.05128205128
4118.97435897436
4142.5641025641
4147.17948717949
4127.17948717949
4134.35897435897
4139.48717948718
4124.10256410256
4127.69230769231
4146.66666666667
4143.07692307692
4128.71794871795
4122.05128205128
4119.48717948718
4127.17948717949
4136.41025641026
4129.74358974359
4121.02564102564
4132.30769230769
4146.15384615385
4140
4136.41025641026
4137.4358974359
4136.92307692308
4137.4358974359
4125.64102564103
4120.51282051282
4137.94871794872
4139.48717948718
4123.58974358974
4130.76923076923
4145.12820512821
4140.51282051282
4144.61538461538
4152.30769230769
4142.05128205128
4132.30769230769
4134.8717948718
4144.61538461538
4152.82051282051
4148.20512820513
4141.02564102564
4144.61538461538
4134.8717948718
4113.84615384615
4131.79487179487
4167.69230769231
4163.07692307692
4137.94871794872
4134.35897435897
4138.97435897436
4142.05128205128
4151.79487179487
4160
4160.51282051282
4148.71794871795
4128.20512820513
4125.64102564103
4140
4136.92307692308
4123.58974358974
4118.46153846154
4118.97435897436
4130.76923076923
4145.12820512821
4138.46153846154
4118.97435897436
4116.41025641026
4132.30769230769
4138.97435897436
4134.8717948718
4137.94871794872
4139.48717948718
4134.8717948718
4136.41025641026
4132.30769230769
4123.07692307692
4120.51282051282
4112.30769230769
4108.20512820513
4120
4127.69230769231
4133.84615384615
4140.51282051282
4128.71794871795
4114.35897435897
4123.58974358974
4134.8717948718
4141.53846153846
4143.58974358974
4133.33333333333
4133.33333333333
4148.71794871795
4149.74358974359
4135.38461538462
4130.76923076923
4130.25641025641
4125.64102564103
4129.23076923077
4137.94871794872
4136.41025641026
4127.69230769231
4126.66666666667
4133.84615384615
4146.15384615385
4154.35897435897
4143.58974358974
4131.28205128205
4134.35897435897
4136.92307692308
4133.33333333333
4141.02564102564
4151.28205128205
4152.30769230769
4152.30769230769
4155.89743589744
4148.71794871795
4136.92307692308
4139.48717948718
4143.07692307692
4136.41025641026
4131.79487179487
4140
4154.35897435897
4160.51282051282
4151.28205128205
4151.28205128205
4173.33333333333
4180.51282051282
4157.94871794872
4153.84615384615
4168.20512820513
4164.10256410256
4154.35897435897
4164.10256410256
4171.28205128205
4152.30769230769
4130.25641025641
4134.35897435897
4153.33333333333
4157.4358974359
4152.82051282051
4151.28205128205
4138.46153846154
4134.8717948718
4138.46153846154
4130.25641025641
4131.79487179487
4146.15384615385
4145.12820512821
4146.66666666667
4154.35897435897
4145.64102564103
4136.92307692308
4133.84615384615
4127.17948717949
4137.4358974359
4162.5641025641
4158.46153846154
4137.4358974359
4140
4149.74358974359
4140
4125.12820512821
4138.97435897436
4156.92307692308
4147.69230769231
4124.61538461538
4110.25641025641
4124.10256410256
4153.84615384615
4178.97435897436
4171.28205128205
4145.12820512821
4136.92307692308
4141.02564102564
4146.66666666667
4152.82051282051
4149.23076923077
4131.79487179487
4137.4358974359
4163.07692307692
4157.94871794872
4143.07692307692
4146.15384615385
4149.23076923077
4141.53846153846
4136.92307692308
4143.58974358974
4148.20512820513
4152.82051282051
4154.8717948718
4137.94871794872
4131.28205128205
4166.66666666667
4181.02564102564
4151.79487179487
4165.64102564103
4191.28205128205
4169.74358974359
4167.69230769231
4184.10256410256
4169.23076923077
4171.28205128205
4191.79487179487
4178.97435897436
4164.10256410256
4170.76923076923
4169.23076923077
4166.15384615385
4184.10256410256
4207.69230769231
4223.58974358974
4240
4264.61538461538
4286.66666666667
4286.66666666667
4282.5641025641
4292.82051282051
4294.35897435897
4282.5641025641
4270.76923076923
4249.74358974359
4222.05128205128
4212.30769230769
4212.82051282051
4208.20512820513
4193.84615384615
4177.4358974359
4185.12820512821
4198.46153846154
4174.8717948718
4150.76923076923
4157.4358974359
4149.23076923077
4135.89743589744
4160.51282051282
4173.84615384615
4141.53846153846
4121.53846153846
4141.53846153846
4155.38461538462
4153.84615384615
4145.12820512821
4130.25641025641
4135.38461538462
4151.28205128205
4144.10256410256
4131.79487179487
4137.94871794872
4142.05128205128
4132.30769230769
4123.07692307692
4124.61538461538
4132.82051282051
4146.66666666667
4154.35897435897
4142.5641025641
4133.33333333333
4142.5641025641
4135.38461538462
4123.07692307692
4137.4358974359
4141.02564102564
4136.41025641026
4152.82051282051
4152.82051282051
4132.30769230769
4133.33333333333
4143.07692307692
4134.8717948718
4141.02564102564
4164.10256410256
4162.5641025641
4137.4358974359
4118.97435897436
4123.07692307692
4143.58974358974
4154.8717948718
4153.84615384615
4151.79487179487
4134.35897435897
4122.5641025641
4148.20512820513
4166.15384615385
4152.30769230769
4150.76923076923
4151.79487179487
4134.35897435897
4136.41025641026
4153.84615384615
4157.4358974359
4160.51282051282
4170.25641025641
4160
4129.74358974359
4126.15384615385
4157.4358974359
4173.33333333333
4159.48717948718
4149.74358974359
4141.02564102564
4123.07692307692
4123.07692307692
4142.05128205128
4153.84615384615
4148.71794871795
4148.71794871795
4154.8717948718
4152.30769230769
4155.89743589744
4168.71794871795
4166.15384615385
4148.20512820513
4144.61538461538
4150.76923076923
4149.74358974359
4142.05128205128
4133.33333333333
4128.71794871795
4124.61538461538
4126.66666666667
4128.71794871795
4123.58974358974
4123.07692307692
4122.05128205128
4118.46153846154
4125.64102564103
4128.20512820513
4121.02564102564
4124.61538461538
4126.66666666667
4124.10256410256
4132.82051282051
4140.51282051282
4137.94871794872
4138.97435897436
4133.33333333333
4121.53846153846
4127.69230769231
4141.53846153846
4144.61538461538
4141.02564102564
4138.97435897436
4137.94871794872
4130.76923076923
4110.76923076923
4098.46153846154
4120
4143.58974358974
4142.5641025641
4136.92307692308
4129.23076923077
4127.69230769231
4148.20512820513
4150.25641025641
4120.51282051282
4114.35897435897
4125.64102564103
4121.02564102564
4120
4117.4358974359
4107.17948717949
4116.92307692308
4127.69230769231
4118.46153846154
4120.51282051282
4129.74358974359
4117.94871794872
4102.05128205128
4107.17948717949
4119.48717948718
4117.94871794872
4122.05128205128
4135.89743589744
4132.30769230769
4118.97435897436
4127.17948717949
4144.10256410256
4135.38461538462
4118.97435897436
4128.71794871795
4136.92307692308
4122.5641025641
4126.66666666667
4141.53846153846
4131.28205128205
4114.8717948718
4122.5641025641
4143.07692307692
4151.79487179487
4137.94871794872
4122.05128205128
4121.02564102564
4122.5641025641
4138.46153846154
4155.89743589744
4141.53846153846
4142.05128205128
4177.4358974359
4185.64102564103
4165.64102564103
4173.33333333333
4175.38461538462
4133.33333333333
4118.46153846154
4154.35897435897
4166.15384615385
4139.48717948718
4129.23076923077
4136.92307692308
4135.89743589744
4140
4151.28205128205
4156.92307692308
4150.76923076923
4137.94871794872
4140
4155.89743589744
4158.97435897436
4145.64102564103
4138.97435897436
4141.02564102564
4143.58974358974
4146.15384615385
4148.71794871795
4153.33333333333
4146.15384615385
4126.15384615385
4118.46153846154
4140
4155.89743589744
4141.02564102564
4137.94871794872
4160.51282051282
4157.94871794872
4132.30769230769
4138.46153846154
4157.4358974359
4150.25641025641
4151.79487179487
4171.28205128205
4172.82051282051
4158.46153846154
4147.69230769231
4139.48717948718
4143.07692307692
4153.33333333333
4154.35897435897
4145.12820512821
4133.84615384615
4137.4358974359
4151.79487179487
4154.35897435897
4153.84615384615
4152.30769230769
4147.69230769231
4156.92307692308
4157.94871794872
4141.02564102564
4145.12820512821
4160
4154.35897435897
4145.64102564103
4152.30769230769
4162.05128205128
4150.76923076923
4119.48717948718
4119.48717948718
4150.25641025641
4159.48717948718
4155.89743589744
4160
4157.94871794872
4151.28205128205
4155.38461538462
4158.46153846154
4144.61538461538
4139.48717948718
4150.25641025641
4151.79487179487
4146.66666666667
4155.38461538462
4168.20512820513
4172.30769230769
4172.82051282051
4167.69230769231
4165.12820512821
4173.33333333333
4171.28205128205
4152.30769230769
4144.61538461538
4156.92307692308
4156.41025641026
4154.8717948718
4184.61538461538
4192.30769230769
4154.8717948718
4137.94871794872
4151.79487179487
4154.35897435897
4152.30769230769
4153.84615384615
4147.17948717949
4152.30769230769
4161.53846153846
4143.07692307692
4125.12820512821
4141.02564102564
4158.97435897436
4151.28205128205
4147.69230769231
4155.89743589744
4148.71794871795
4138.46153846154
4135.89743589744
4133.84615384615
4142.5641025641
4151.79487179487
4142.05128205128
4131.28205128205
4145.12820512821
4159.48717948718
4147.69230769231
4133.33333333333
4146.66666666667
4155.89743589744
4132.82051282051
4121.53846153846
4138.46153846154
4147.17948717949
4137.4358974359
4128.71794871795
4142.5641025641
4163.58974358974
4153.84615384615
4137.4358974359
4148.20512820513
4156.92307692308
4150.25641025641
4150.25641025641
4154.35897435897
4152.82051282051
4151.28205128205
4151.28205128205
4152.82051282051
4147.69230769231
4145.12820512821
4151.79487179487
4150.25641025641
4147.69230769231
4158.46153846154
4159.48717948718
4143.58974358974
4144.10256410256
4155.89743589744
4149.74358974359
4141.53846153846
4146.15384615385
4148.20512820513
4136.92307692308
4130.76923076923
4143.07692307692
4158.46153846154
4159.48717948718
4147.17948717949
4138.97435897436
4135.89743589744
4134.35897435897
4152.82051282051
4174.35897435897
4157.94871794872
4132.30769230769
4150.25641025641
4179.48717948718
4175.38461538462
4157.94871794872
4145.12820512821
4148.71794871795
4169.74358974359
4180
4167.69230769231
4156.92307692308
4156.92307692308
4153.33333333333
4153.33333333333
4166.66666666667
4171.28205128205
4157.94871794872
4153.84615384615
4168.20512820513
4171.28205128205
4157.94871794872
4153.33333333333
4168.71794871795
4189.23076923077
4188.20512820513
4172.82051282051
4168.20512820513
4173.33333333333
4170.76923076923
4167.17948717949
4165.64102564103
4157.4358974359
4151.79487179487
4154.35897435897
4152.30769230769
4153.84615384615
4160
4158.46153846154
4152.82051282051
4140.51282051282
4128.20512820513
4128.20512820513
4143.07692307692
4155.38461538462
4142.05128205128
4130.25641025641
4149.74358974359
4164.10256410256
4144.61538461538
4132.82051282051
4146.66666666667
4143.07692307692
4120.51282051282
4111.28205128205
4120
4124.61538461538
4121.53846153846
4121.02564102564
4125.64102564103
4137.4358974359
4143.58974358974
4139.48717948718
4138.97435897436
4132.82051282051
4116.41025641026
4124.10256410256
4140
4131.28205128205
4115.89743589744
4123.07692307692
4136.41025641026
4129.74358974359
4113.84615384615
4118.97435897436
4143.07692307692
4146.15384615385
4121.53846153846
4108.71794871795
4120.51282051282
4145.64102564103
4156.41025641026
4147.17948717949
4147.17948717949
4159.48717948718
4146.15384615385
4112.30769230769
4114.35897435897
4138.46153846154
4132.30769230769
4125.12820512821
4150.76923076923
4172.30769230769
4177.94871794872
4194.8717948718
4209.74358974359
4211.79487179487
4217.94871794872
4237.94871794872
4265.64102564103
4284.61538461538
4285.64102564103
4275.89743589744
4264.61538461538
4262.05128205128
4268.20512820513
4268.71794871795
4256.92307692308
4237.4358974359
4225.64102564103
4229.23076923077
4230.25641025641
4215.38461538462
4196.92307692308
4184.10256410256
4184.61538461538
4188.20512820513
4176.92307692308
4165.64102564103
4165.64102564103
4156.92307692308
4144.10256410256
4153.33333333333
4162.5641025641
4145.12820512821
4128.20512820513
4120
4110.76923076923
4123.58974358974
4135.89743589744
4117.4358974359
4097.94871794872
4109.23076923077
4120.51282051282
4120
4126.66666666667
4128.71794871795
4121.02564102564
4117.94871794872
4121.02564102564
4119.48717948718
4120
4132.30769230769
4142.5641025641
4137.94871794872
4123.07692307692
4117.94871794872
4121.02564102564
4121.53846153846
4120
4122.5641025641
4126.15384615385
4121.53846153846
4110.76923076923
4103.58974358974
4105.64102564103
4114.35897435897
4125.64102564103
4121.02564102564
4105.12820512821
4115.38461538462
4142.05128205128
4138.46153846154
4116.92307692308
4121.53846153846
4140.51282051282
4133.33333333333
4117.4358974359
4121.02564102564
4124.10256410256
4120.51282051282
4122.05128205128
4123.58974358974
4124.61538461538
4120.51282051282
4121.02564102564
4131.79487179487
4134.8717948718
4132.82051282051
4132.82051282051
4130.76923076923
4127.69230769231
4126.15384615385
4127.17948717949
4137.4358974359
4141.53846153846
4130.25641025641
4123.58974358974
4119.48717948718
4129.23076923077
4144.10256410256
4129.23076923077
4102.05128205128
4104.10256410256
4127.69230769231
4141.02564102564
4137.94871794872
4134.35897435897
4136.92307692308
4131.79487179487
4126.66666666667
4123.58974358974
4122.05128205128
4135.38461538462
4141.02564102564
4123.07692307692
4116.41025641026
4125.64102564103
4122.5641025641
4121.53846153846
4127.69230769231
4126.66666666667
4116.92307692308
4101.02564102564
4096.41025641026
4107.17948717949
4109.74358974359
4106.66666666667
4108.20512820513
4097.94871794872
4086.15384615385
4091.28205128205
4093.84615384615
4092.30769230769
4103.07692307692
4123.07692307692
4128.20512820513
4113.84615384615
4103.58974358974
4102.5641025641
4110.25641025641
4121.02564102564
4112.30769230769
4094.8717948718
4108.71794871795
4124.10256410256
4104.10256410256
4098.97435897436
4118.46153846154
4123.07692307692
4123.58974358974
4126.66666666667
4117.94871794872
4124.61538461538
4143.07692307692
4128.20512820513
4105.12820512821
4116.41025641026
4135.38461538462
4126.66666666667
4119.48717948718
4131.79487179487
4138.46153846154
4134.35897435897
4130.76923076923
4127.69230769231
4117.94871794872
4114.35897435897
4134.35897435897
4151.28205128205
4143.07692307692
4152.82051282051
4195.89743589744
4211.28205128205
4217.4358974359
4252.30769230769
4275.38461538462
4272.30769230769
4257.4358974359
4248.20512820513
4268.20512820513
4277.4358974359
4242.05128205128
4223.58974358974
4236.92307692308
4223.07692307692
4200.51282051282
4199.48717948718
4191.79487179487
4172.82051282051
4164.10256410256
4168.71794871795
4169.23076923077
4152.30769230769
4148.71794871795
4167.69230769231
4165.12820512821
4150.25641025641
4151.28205128205
4152.30769230769
4156.92307692308
4166.66666666667
4157.94871794872
4138.46153846154
4121.02564102564
4115.89743589744
4134.8717948718
4135.38461538462
4104.61538461538
4104.10256410256
4127.17948717949
4126.15384615385
4117.94871794872
4122.5641025641
4130.25641025641
4135.89743589744
4146.66666666667
4142.05128205128
4118.97435897436
4119.48717948718
4136.41025641026
4129.23076923077
4117.4358974359
4126.15384615385
4114.35897435897
4084.61538461539
4098.46153846154
4130.76923076923
4126.66666666667
4105.64102564103
4097.94871794872
4096.92307692308
4105.64102564103
4130.76923076923
4140
4130.25641025641
4118.97435897436
4115.89743589744
4131.28205128205
4138.46153846154
4125.12820512821
4116.41025641026
4123.58974358974
4132.30769230769
4135.38461538462
4131.79487179487
4117.4358974359
4102.05128205128
4094.8717948718
4096.92307692308
4108.20512820513
4108.71794871795
4092.30769230769
4080.51282051282
4092.30769230769
4117.94871794872
4137.4358974359
4136.92307692308
4114.35897435897
4108.20512820513
4121.02564102564
4113.84615384615
4104.10256410256
4106.66666666667
4110.25641025641
4117.4358974359
4128.20512820513
4125.64102564103
4113.84615384615
4106.15384615385
4096.92307692308
4097.94871794872
4108.20512820513
4104.10256410256
4092.82051282051
4093.33333333333
4103.07692307692
4121.02564102564
4141.53846153846
4135.38461538462
4122.05128205128
4134.35897435897
4137.4358974359
4109.23076923077
4097.94871794872
4116.92307692308
4126.15384615385
4120
4123.07692307692
4128.20512820513
4110.25641025641
4093.84615384615
4102.05128205128
4107.17948717949
4102.5641025641
4107.69230769231
4109.74358974359
4104.10256410256
4114.8717948718
4127.69230769231
4116.92307692308
4103.58974358974
4105.12820512821
4111.79487179487
4116.92307692308
4109.74358974359
4100.51282051282
4102.5641025641
4096.92307692308
4090.76923076923
4098.46153846154
4099.48717948718
4086.15384615385
4084.10256410256
4086.15384615385
4082.5641025641
4088.71794871795
4096.41025641026
4092.82051282051
4090.76923076923
4094.8717948718
4090.76923076923
4101.02564102564
4123.07692307692
4114.8717948718
4099.48717948718
4103.58974358974
4099.48717948718
4087.17948717949
4089.23076923077
4093.33333333333
4089.74358974359
4084.10256410256
4074.8717948718
4070.76923076923
4074.35897435898
4074.35897435898
4069.74358974359
4059.48717948718
4062.05128205128
4084.10256410256
4097.4358974359
4092.30769230769
4091.79487179487
4092.82051282051
4083.07692307692
4084.10256410256
4089.23076923077
4089.23076923077
4102.05128205128
4106.66666666667
4094.35897435898
4097.94871794872
4107.69230769231
4097.94871794872
4097.4358974359
4111.79487179487
4109.23076923077
4090.76923076923
4076.92307692308
4082.05128205128
4095.38461538462
4096.92307692308
4106.66666666667
4123.07692307692
4121.02564102564
4105.64102564103
4096.92307692308
4110.25641025641
4120.51282051282
4111.28205128205
4098.97435897436
4096.41025641026
4106.66666666667
4120.51282051282
4109.74358974359
4082.5641025641
4082.05128205128
4088.20512820513
4087.17948717949
4102.5641025641
4110.25641025641
4103.58974358974
4108.20512820513
4106.66666666667
4092.30769230769
4096.41025641026
4111.28205128205
4110.76923076923
4103.58974358974
4109.23076923077
4119.48717948718
4107.17948717949
4088.20512820513
4101.53846153846
4116.92307692308
4092.82051282051
4074.35897435898
4078.97435897436
4081.53846153846
4096.92307692308
4110.76923076923
4098.46153846154
4085.12820512821
4081.53846153846
4072.82051282051
4071.28205128205
4080
4087.69230769231
4096.92307692308
4092.30769230769
4071.28205128205
4057.94871794872
4055.38461538462
4047.69230769231
4040
4052.30769230769
4061.53846153846
4053.84615384615
4046.66666666667
4051.79487179487
4064.10256410256
4071.28205128205
4074.35897435898
4072.82051282051
4065.12820512821
4054.35897435898
4061.02564102564
4070.76923076923
4057.4358974359
4050.25641025641
4048.71794871795
4041.53846153846
4049.74358974359
4059.48717948718
4056.92307692308
4054.35897435898
4049.23076923077
4035.38461538462
4030.25641025641
4030.25641025641
4025.64102564103
4027.69230769231
4034.35897435898
4038.97435897436
4036.92307692308
4032.30769230769
4033.33333333333
4025.12820512821
4010.76923076923
4026.66666666667
4067.69230769231
4065.12820512821
4022.05128205128
4026.66666666667
4065.64102564103
4065.64102564103
