F3
3982.05128205128
3991.28205128205
3984.10256410256
3981.02564102564
3993.84615384615
3990.76923076923
3976.41025641026
3980
3992.82051282051
3990.25641025641
3980
3983.07692307692
3991.28205128205
3991.28205128205
3986.66666666667
3986.66666666667
3991.28205128205
3989.74358974359
3988.71794871795
3987.17948717949
3981.02564102564
3986.15384615385
4000
3998.46153846154
3989.23076923077
3990.76923076923
3990.76923076923
3979.48717948718
3971.28205128205
3972.82051282051
3976.41025641026
3973.84615384615
3972.82051282051
3982.05128205128
3985.12820512821
3973.84615384615
3966.66666666667
3973.33333333333
3975.89743589744
3966.15384615385
3957.4358974359
3961.02564102564
3972.30769230769
3976.92307692308
3974.35897435898
3975.38461538462
3971.28205128205
3969.74358974359
3982.05128205128
3985.12820512821
3971.28205128205
3969.23076923077
3978.46153846154
3968.71794871795
3954.8717948718
3966.66666666667
3973.33333333333
3962.05128205128
3965.64102564103
3975.38461538462
3964.61538461539
3955.89743589744
3960.51282051282
3959.48717948718
3956.41025641026
3958.46153846154
3960
3959.48717948718
3958.97435897436
3967.17948717949
3974.8717948718
3969.74358974359
3969.23076923077
3976.41025641026
3975.38461538462
3972.30769230769
3974.8717948718
3967.17948717949
3964.61538461539
3974.8717948718
3968.71794871795
3956.41025641026
3964.10256410256
3972.82051282051
3967.69230769231
3970.76923076923
3978.46153846154
3971.79487179487
3959.48717948718
3960
3973.84615384615
3974.8717948718
3958.97435897436
3957.94871794872
3972.82051282051
3978.97435897436
3975.38461538462
3970.25641025641
3965.64102564103
3970.25641025641
3985.64102564103
3990.76923076923
3979.48717948718
3968.20512820513
3970.76923076923
3978.97435897436
3974.8717948718
3970.25641025641
3980
3990.25641025641
3988.71794871795
3987.17948717949
3995.38461538462
4008.20512820513
4019.48717948718
4027.17948717949
4030.25641025641
4027.69230769231
4021.53846153846
4022.5641025641
4030.25641025641
4030.76923076923
4020
4007.69230769231
3997.94871794872
3991.79487179487
3993.84615384615
4003.58974358974
4007.17948717949
4000
3989.74358974359
3985.64102564103
3991.28205128205
3990.25641025641
3977.94871794872
3982.05128205128
3994.35897435898
3984.61538461539
3971.28205128205
3974.35897435898
3974.8717948718
3969.74358974359
3966.66666666667
3960.51282051282
3958.46153846154
3967.17948717949
3977.4358974359
3972.82051282051
3961.02564102564
3965.64102564103
3978.46153846154
3970.76923076923
3963.07692307692
3972.30769230769
3967.17948717949
3954.35897435898
3962.5641025641
3970.25641025641
3964.61538461539
3966.66666666667
3973.33333333333
3972.30769230769
3972.82051282051
3974.35897435898
3970.76923076923
3969.23076923077
3971.79487179487
3971.79487179487
3967.69230769231
3965.12820512821
3965.64102564103
3972.30769230769
3985.64102564103
3986.66666666667
3967.17948717949
3956.92307692308
3968.20512820513
3979.48717948718
3982.5641025641
3982.5641025641
3988.20512820513
3992.30769230769
3982.05128205128
3972.30769230769
3974.35897435898
3973.33333333333
3971.28205128205
3976.92307692308
3980
3979.48717948718
3986.66666666667
3989.74358974359
3987.69230769231
3988.71794871795
3989.74358974359
3989.23076923077
3987.69230769231
3978.97435897436
3971.79487179487
3974.8717948718
3977.94871794872
3974.35897435898
3974.35897435898
3976.92307692308
3974.35897435898
3972.30769230769
3971.79487179487
3972.30769230769
3974.8717948718
3976.92307692308
3974.8717948718
3975.38461538462
3975.89743589744
3972.82051282051
3975.38461538462
3977.4358974359
3972.82051282051
3969.74358974359
3973.84615384615
3977.94871794872
3980.51282051282
3982.5641025641
3978.97435897436
3969.74358974359
3966.15384615385
3982.5641025641
3994.8717948718
3982.05128205128
3973.33333333333
3983.07692307692
3986.66666666667
3976.92307692308
3974.35897435898
3974.35897435898
3971.79487179487
3971.28205128205
3966.15384615385
3966.15384615385
3974.35897435898
3969.23076923077
3961.53846153846
3972.82051282051
3980
3973.84615384615
3971.28205128205
3972.82051282051
3978.46153846154
3982.5641025641
3973.33333333333
3972.82051282051
3984.61538461539
3981.53846153846
3972.30769230769
3975.38461538462
3977.4358974359
3973.33333333333
3971.28205128205
3973.33333333333
3975.89743589744
3974.35897435898
3977.4358974359
3981.53846153846
3976.41025641026
3975.38461538462
3986.66666666667
3992.82051282051
3984.61538461539
3975.38461538462
3973.33333333333
3972.82051282051
3972.30769230769
3975.38461538462
3973.33333333333
3965.12820512821
3966.66666666667
3973.84615384615
3971.79487179487
3967.69230769231
3965.64102564103
3958.97435897436
3957.94871794872
3964.10256410256
3958.46153846154
3953.33333333333
3968.71794871795
3977.94871794872
3964.10256410256
3957.94871794872
3968.20512820513
3972.30769230769
3965.12820512821
3963.07692307692
3967.17948717949
3974.35897435898
3979.48717948718
3970.76923076923
3959.48717948718
3962.5641025641
3972.82051282051
3976.41025641026
3979.48717948718
3986.66666666667
3986.66666666667
3985.64102564103
3989.74358974359
3988.20512820513
3985.64102564103
3988.20512820513
3985.64102564103
3974.8717948718
3972.82051282051
3978.97435897436
3976.92307692308
3971.28205128205
3975.89743589744
3981.53846153846
3976.92307692308
3970.25641025641
3972.30769230769
3972.82051282051
3971.79487179487
3983.58974358974
3990.25641025641
3978.97435897436
3973.33333333333
3977.94871794872
3977.4358974359
3973.33333333333
3972.30769230769
3974.8717948718
3977.94871794872
3975.89743589744
3969.74358974359
3971.28205128205
3977.94871794872
3974.35897435898
3962.5641025641
3962.5641025641
3973.33333333333
3973.33333333333
3961.02564102564
3957.94871794872
3967.69230769231
3976.41025641026
3975.38461538462
3972.30769230769
3975.38461538462
3978.46153846154
3973.84615384615
3964.10256410256
3963.07692307692
3972.82051282051
3972.82051282051
3961.53846153846
3957.4358974359
3961.02564102564
3960.51282051282
3956.92307692308
3953.84615384615
3956.92307692308
3957.94871794872
3955.38461538462
3963.07692307692
3972.82051282051
3967.17948717949
3957.4358974359
3958.46153846154
3963.07692307692
3967.17948717949
3972.82051282051
3972.82051282051
3965.64102564103
3960.51282051282
3961.02564102564
3962.05128205128
3955.89743589744
3950.76923076923
3953.84615384615
3957.4358974359
3958.46153846154
3957.94871794872
3954.8717948718
3957.94871794872
3973.33333333333
3984.10256410256
3986.66666666667
4001.53846153846
4009.23076923077
3996.41025641026
3993.84615384615
4009.74358974359
4021.53846153846
4021.02564102564
4013.84615384615
4005.12820512821
4004.61538461539
4006.15384615385
3996.92307692308
3987.17948717949
3986.15384615385
3987.69230769231
3987.17948717949
3990.76923076923
3991.79487179487
3981.02564102564
3972.30769230769
3971.79487179487
3976.92307692308
3982.05128205128
3979.48717948718
3973.84615384615
3972.82051282051
3968.20512820513
3955.89743589744
3953.84615384615
3957.94871794872
3959.48717948718
3965.64102564103
3973.33333333333
3975.38461538462
3973.84615384615
3971.79487179487
3970.76923076923
3975.38461538462
3975.89743589744
3962.05128205128
3953.84615384615
3964.61538461539
3975.38461538462
3973.84615384615
3965.12820512821
3962.05128205128
3963.58974358974
3962.05128205128
3957.4358974359
3954.35897435898
3955.89743589744
3958.97435897436
3959.48717948718
3956.41025641026
3957.4358974359
3956.41025641026
3953.33333333333
3958.97435897436
3962.05128205128
3955.38461538462
3957.94871794872
3967.17948717949
3962.05128205128
3954.35897435898
3956.92307692308
3958.46153846154
3965.12820512821
3974.8717948718
3966.15384615385
3957.4358974359
3968.71794871795
3971.28205128205
3960
3967.69230769231
3974.8717948718
3963.07692307692
3963.58974358974
3977.4358974359
3977.4358974359
3971.28205128205
3972.30769230769
3977.4358974359
3982.5641025641
3980.51282051282
3970.76923076923
3971.79487179487
3976.92307692308
3974.8717948718
3971.79487179487
3967.69230769231
3966.15384615385
3970.76923076923
3973.33333333333
3970.25641025641
3971.79487179487
3974.35897435898
3972.30769230769
3973.84615384615
3975.38461538462
3974.35897435898
3974.8717948718
3971.28205128205
3967.17948717949
3970.25641025641
3976.92307692308
3976.41025641026
3966.15384615385
3955.38461538462
3953.84615384615
3959.48717948718
3956.92307692308
3944.10256410256
3943.07692307692
3955.38461538462
3960
3955.38461538462
3956.41025641026
3958.46153846154
3957.94871794872
3958.97435897436
3957.94871794872
3954.35897435898
3956.92307692308
3963.58974358974
3963.07692307692
3963.58974358974
3967.17948717949
3963.07692307692
3957.4358974359
3956.41025641026
3953.33333333333
3961.53846153846
3974.35897435898
3966.66666666667
3956.41025641026
3961.53846153846
3961.02564102564
3955.38461538462
3957.94871794872
3961.53846153846
3957.94871794872
3957.94871794872
3962.05128205128
3958.46153846154
3948.20512820513
3941.02564102564
3946.66666666667
3957.94871794872
3953.84615384615
3932.82051282051
3925.64102564103
3936.92307692308
3941.53846153846
3940.51282051282
3942.05128205128
3940
3937.4358974359
3941.02564102564
3938.46153846154
3928.71794871795
3930.25641025641
3940.51282051282
3941.53846153846
3937.4358974359
3938.46153846154
3949.23076923077
3956.41025641026
3948.71794871795
3938.46153846154
3938.97435897436
3944.61538461539
3949.74358974359
3955.89743589744
3957.4358974359
3954.8717948718
3952.82051282051
3955.38461538462
3958.46153846154
3956.41025641026
3951.28205128205
3945.12820512821
3938.97435897436
3946.66666666667
3958.46153846154
3957.94871794872
3955.38461538462
3960.51282051282
3960.51282051282
3954.8717948718
3954.35897435898
3951.28205128205
3942.05128205128
3938.46153846154
3944.10256410256
3949.74358974359
3951.79487179487
3955.38461538462
3957.94871794872
3956.41025641026
3955.89743589744
3958.97435897436
3960.51282051282
3960
3958.97435897436
3955.38461538462
3954.8717948718
3966.15384615385
3975.89743589744
3970.25641025641
3964.61538461539
3972.82051282051
3980
3973.33333333333
3967.69230769231
3967.17948717949
3962.05128205128
3958.97435897436
3963.07692307692
3960
3952.30769230769
3959.48717948718
3973.33333333333
3974.8717948718
3972.82051282051
3973.84615384615
3975.89743589744
3980
3984.10256410256
3986.66666666667
3986.15384615385
3981.53846153846
3976.41025641026
3974.8717948718
3969.23076923077
3966.15384615385
3973.84615384615
3971.28205128205
3954.35897435898
3950.25641025641
3956.92307692308
3959.48717948718
3964.10256410256
3970.76923076923
3972.82051282051
3971.79487179487
3971.28205128205
3968.20512820513
3959.48717948718
3953.84615384615
3963.07692307692
3975.38461538462
3974.35897435898
3972.82051282051
3972.82051282051
3957.94871794872
3941.02564102564
3945.12820512821
3957.94871794872
3961.53846153846
3957.94871794872
3961.02564102564
3966.15384615385
3962.5641025641
3956.41025641026
3955.38461538462
3959.48717948718
3963.58974358974
3962.5641025641
3953.84615384615
3955.38461538462
3970.76923076923
3970.76923076923
3958.97435897436
3963.58974358974
3974.8717948718
3972.30769230769
3970.76923076923
3976.92307692308
3976.41025641026
3976.92307692308
3985.12820512821
3991.79487179487
3979.48717948718
3960.51282051282
3962.5641025641
3975.38461538462
3970.25641025641
3956.41025641026
3954.35897435898
3958.46153846154
3958.97435897436
3961.02564102564
3963.58974358974
3962.5641025641
3958.97435897436
3955.89743589744
3952.30769230769
3952.30769230769
3955.38461538462
3953.84615384615
3953.33333333333
3958.46153846154
3960
3957.94871794872
3956.41025641026
3955.38461538462
3958.46153846154
3968.20512820513
3970.25641025641
3961.53846153846
3960.51282051282
3970.25641025641
3972.82051282051
3965.64102564103
3959.48717948718
3960.51282051282
3961.53846153846
3958.97435897436
3961.53846153846
3973.33333333333
3974.8717948718
3961.53846153846
3955.38461538462
3965.64102564103
3976.41025641026
3971.28205128205
3968.71794871795
3971.79487179487
3964.61538461539
3963.58974358974
3971.28205128205
3964.61538461539
3956.41025641026
3963.07692307692
3971.79487179487
3974.35897435898
3971.28205128205
3966.66666666667
3972.30769230769
3977.4358974359
3971.79487179487
3972.82051282051
3978.46153846154
3973.33333333333
3966.66666666667
3971.28205128205
3975.89743589744
3964.61538461539
3955.89743589744
3967.69230769231
3972.82051282051
3958.46153846154
3953.84615384615
3961.02564102564
3958.46153846154
3956.41025641026
3964.61538461539
3964.61538461539
3962.05128205128
3967.17948717949
3966.66666666667
3959.48717948718
3963.58974358974
3974.8717948718
3972.82051282051
3964.10256410256
3958.97435897436
3961.02564102564
3973.33333333333
3974.35897435898
3961.02564102564
3953.33333333333
3957.94871794872
3961.53846153846
3961.53846153846
3962.05128205128
3960
3961.02564102564
3966.66666666667
3971.79487179487
3972.82051282051
3975.89743589744
3987.17948717949
3998.46153846154
3997.4358974359
3990.76923076923
3991.79487179487
3991.28205128205
3980
3969.74358974359
3970.76923076923
3974.35897435898
3973.33333333333
3970.76923076923
3970.25641025641
3972.82051282051
3970.76923076923
3966.66666666667
3970.76923076923
3975.89743589744
3974.35897435898
3971.79487179487
3973.84615384615
3975.89743589744
3976.41025641026
3974.8717948718
3972.82051282051
3972.30769230769
3974.35897435898
3972.30769230769
3962.05128205128
3956.41025641026
3960
3958.97435897436
3955.89743589744
3962.5641025641
3969.74358974359
3970.25641025641
3971.79487179487
3970.76923076923
3970.76923076923
3970.25641025641
3962.5641025641
3956.92307692308
3959.48717948718
3958.46153846154
3955.89743589744
3958.97435897436
3955.38461538462
3942.5641025641
3935.89743589744
3943.58974358974
3957.94871794872
3960.51282051282
3948.71794871795
3941.02564102564
3942.5641025641
3946.66666666667
3950.25641025641
3952.30769230769
3953.33333333333
3957.94871794872
3963.58974358974
3958.46153846154
3950.25641025641
3951.79487179487
3957.94871794872
3956.41025641026
3958.46153846154
3973.33333333333
3985.12820512821
3986.66666666667
3987.69230769231
3989.74358974359
3988.20512820513
3989.23076923077
4002.5641025641
4020.51282051282
4032.30769230769
4032.30769230769
4024.10256410256
4020.51282051282
4028.20512820513
4035.89743589744
4029.74358974359
4015.38461538462
4003.07692307692
3994.35897435898
3986.66666666667
3988.71794871795
4001.02564102564
4001.02564102564
3986.15384615385
3982.5641025641
3992.82051282051
3990.25641025641
3981.53846153846
3984.10256410256
3982.05128205128
3973.33333333333
3972.30769230769
3972.30769230769
3970.25641025641
3970.25641025641
3965.12820512821
3955.89743589744
3953.84615384615
3952.82051282051
3954.35897435898
3959.48717948718
3958.46153846154
3956.92307692308
3961.02564102564
3961.02564102564
3955.38461538462
3957.4358974359
3958.46153846154
3948.71794871795
3947.17948717949
3958.46153846154
3958.46153846154
3951.28205128205
3952.82051282051
3958.46153846154
3960
3958.97435897436
3957.94871794872
3957.94871794872
3959.48717948718
3962.5641025641
3956.41025641026
3940.51282051282
3938.46153846154
3945.12820512821
3941.02564102564
3944.10256410256
3954.8717948718
3955.38461538462
3954.8717948718
3957.4358974359
3950.25641025641
3942.05128205128
3943.58974358974
3944.61538461539
3941.53846153846
3942.5641025641
3945.12820512821
3947.17948717949
3944.10256410256
3933.33333333333
3932.30769230769
3943.58974358974
3944.61538461539
3937.4358974359
3938.46153846154
3942.5641025641
3951.28205128205
3958.46153846154
3948.71794871795
3940
3944.10256410256
3946.15384615385
3942.05128205128
3943.07692307692
3949.23076923077
3946.15384615385
3937.94871794872
3941.02564102564
3945.12820512821
3938.46153846154
3938.46153846154
3945.64102564103
3943.58974358974
3941.53846153846
3943.58974358974
3942.5641025641
3948.20512820513
3955.38461538462
3948.71794871795
3946.66666666667
3953.33333333333
3955.38461538462
3956.41025641026
3955.38461538462
3946.66666666667
3938.97435897436
3943.58974358974
3954.35897435898
3954.35897435898
3942.5641025641
3938.97435897436
3945.12820512821
3943.58974358974
3938.46153846154
3938.46153846154
3940.51282051282
3944.10256410256
3944.10256410256
3940
3940
3942.5641025641
3945.12820512821
3949.74358974359
3948.20512820513
3944.61538461539
3951.79487179487
3960.51282051282
3960
3958.46153846154
3958.97435897436
3958.46153846154
3957.94871794872
3955.89743589744
3958.46153846154
3957.4358974359
3949.23076923077
3950.76923076923
3961.53846153846
3960.51282051282
3955.89743589744
3958.46153846154
3954.35897435898
3943.07692307692
3937.94871794872
3942.5641025641
3944.61538461539
3941.53846153846
3947.69230769231
3962.05128205128
3969.74358974359
3967.17948717949
3967.69230769231
3965.12820512821
3949.74358974359
3942.5641025641
3944.61538461539
3941.53846153846
3948.71794871795
3968.71794871795
3980
3981.53846153846
3987.17948717949
3999.48717948718
4007.69230769231
4008.71794871795
4010.25641025641
4014.35897435898
4018.46153846154
4020
4011.79487179487
3995.89743589744
3989.23076923077
3991.79487179487
3988.71794871795
3991.79487179487
3996.92307692308
3985.64102564103
3970.76923076923
3969.74358974359
3969.74358974359
3964.61538461539
3966.66666666667
3971.79487179487
3973.84615384615
3972.30769230769
3972.82051282051
3980.51282051282
3982.5641025641
3973.33333333333
3971.28205128205
3976.92307692308
3976.41025641026
3970.76923076923
3974.8717948718
3974.8717948718
3961.53846153846
3958.46153846154
3963.58974358974
3960
3961.53846153846
3970.76923076923
3971.28205128205
3972.30769230769
3981.53846153846
3982.05128205128
3971.28205128205
3966.15384615385
3972.82051282051
3970.25641025641
3960.51282051282
3965.64102564103
3976.92307692308
3978.46153846154
3976.92307692308
3973.33333333333
3963.07692307692
3956.92307692308
3955.38461538462
3955.38461538462
3955.89743589744
3954.8717948718
3955.38461538462
3957.94871794872
3960.51282051282
3958.46153846154
3957.4358974359
3963.58974358974
3970.76923076923
3973.33333333333
3967.17948717949
3959.48717948718
3969.23076923077
3984.61538461539
3974.35897435898
3959.48717948718
3968.20512820513
3969.74358974359
3950.76923076923
3938.97435897436
3942.5641025641
3942.5641025641
3931.79487179487
3925.12820512821
3933.33333333333
3942.5641025641
3947.69230769231
3950.25641025641
3947.17948717949
3947.17948717949
3949.74358974359
3944.61538461539
3940.51282051282
3943.07692307692
3943.07692307692
3942.5641025641
3945.12820512821
3945.12820512821
3948.71794871795
3956.41025641026
3957.4358974359
3947.17948717949
3937.94871794872
3938.97435897436
3942.05128205128
3941.02564102564
3940.51282051282
3949.74358974359
3958.46153846154
3961.53846153846
3966.66666666667
3966.66666666667
3958.97435897436
3954.35897435898
3956.92307692308
3965.64102564103
3975.38461538462
3968.20512820513
3956.92307692308
3959.48717948718
3962.05128205128
3960.51282051282
3958.97435897436
3950.25641025641
3940.51282051282
3942.05128205128
3944.61538461539
3942.05128205128
3946.66666666667
3956.41025641026
3960.51282051282
3958.97435897436
3957.4358974359
3960.51282051282
3966.66666666667
3966.15384615385
3961.02564102564
3957.94871794872
3955.89743589744
3963.07692307692
3975.38461538462
3973.33333333333
3954.8717948718
3943.07692307692
3946.15384615385
3948.71794871795
3941.02564102564
3938.46153846154
3950.76923076923
3956.92307692308
3952.30769230769
3955.89743589744
3962.05128205128
3959.48717948718
3964.10256410256
3975.89743589744
3972.30769230769
3969.74358974359
3973.84615384615
3963.58974358974
3956.92307692308
3966.66666666667
3967.17948717949
3951.79487179487
3941.53846153846
3941.02564102564
3942.05128205128
3942.5641025641
3942.05128205128
3940.51282051282
3942.5641025641
3954.8717948718
3968.20512820513
3972.30769230769
3972.30769230769
3972.30769230769
3968.71794871795
3971.28205128205
3980
3982.5641025641
3983.07692307692
3991.79487179487
3992.82051282051
3979.48717948718
3974.8717948718
3975.38461538462
3967.69230769231
3963.58974358974
3961.02564102564
3952.30769230769
3952.30769230769
3965.64102564103
3973.33333333333
3972.30769230769
3971.79487179487
3970.76923076923
3974.35897435898
3985.12820512821
3986.15384615385
3974.8717948718
3972.30769230769
3980
3982.5641025641
3982.5641025641
3981.02564102564
3974.8717948718
3970.25641025641
3972.30769230769
3974.8717948718
3973.33333333333
3972.30769230769
3971.28205128205
3968.20512820513
3969.74358974359
3976.41025641026
3976.41025641026
3971.79487179487
3984.10256410256
3994.35897435898
3982.05128205128
3977.94871794872
3990.25641025641
3988.71794871795
3984.61538461539
3989.74358974359
3982.05128205128
3970.25641025641
3978.46153846154
3992.82051282051
3991.28205128205
3979.48717948718
3978.97435897436
3991.28205128205
3990.25641025641
3975.89743589744
3970.25641025641
3973.33333333333
3978.46153846154
3981.02564102564
3977.4358974359
3974.35897435898
3972.82051282051
3971.28205128205
3969.74358974359
3970.25641025641
3969.74358974359
3973.33333333333
3977.94871794872
3975.38461538462
3974.8717948718
3980.51282051282
3987.17948717949
3989.23076923077
3983.58974358974
3974.8717948718
3970.76923076923
3970.25641025641
3974.35897435898
3985.12820512821
3984.61538461539
3972.30769230769
3975.38461538462
3982.5641025641
3975.38461538462
3973.33333333333
3981.53846153846
3981.53846153846
3982.5641025641
3987.69230769231
3981.53846153846
3972.82051282051
3968.20512820513
3961.02564102564
3958.46153846154
3961.02564102564
3958.97435897436
3956.92307692308
3960
3957.94871794872
3958.46153846154
3968.20512820513
3977.94871794872
3977.4358974359
3971.79487179487
3973.84615384615
3984.61538461539
3991.79487179487
