
4185.12820512821
4189.74358974359
4188.20512820513
4184.61538461538
4187.17948717949
4188.20512820513
4185.12820512821
4192.30769230769
4200.51282051282
4193.33333333333
4182.5641025641
4184.10256410256
4187.69230769231
4183.58974358974
4183.07692307692
4187.69230769231
4187.69230769231
4183.07692307692
4184.10256410256
4182.05128205128
4171.28205128205
4178.97435897436
4195.89743589744
4195.38461538462
4188.20512820513
4187.17948717949
4184.61538461538
4184.10256410256
4180.51282051282
4170.76923076923
4174.8717948718
4185.64102564103
4185.12820512821
4185.64102564103
4184.10256410256
4171.28205128205
4167.17948717949
4173.33333333333
4170.76923076923
4171.28205128205
4174.8717948718
4170.25641025641
4173.33333333333
4185.12820512821
4186.66666666667
4183.07692307692
4183.58974358974
4184.61538461538
4185.12820512821
4186.66666666667
4182.5641025641
4173.84615384615
4169.23076923077
4168.20512820513
4166.66666666667
4167.17948717949
4167.17948717949
4166.66666666667
4167.17948717949
4158.46153846154
4153.33333333333
4166.15384615385
4170.25641025641
4157.94871794872
4157.94871794872
4169.23076923077
4170.25641025641
4167.69230769231
4168.71794871795
4169.74358974359
4169.23076923077
4168.71794871795
4170.25641025641
4172.82051282051
4172.30769230769
4169.23076923077
4167.17948717949
4166.66666666667
4169.23076923077
4171.79487179487
4169.74358974359
4168.71794871795
4172.30769230769
4173.84615384615
4168.71794871795
4172.82051282051
4181.02564102564
4177.94871794872
4169.23076923077
4166.66666666667
4170.76923076923
4174.35897435897
4171.79487179487
4168.71794871795
4179.48717948718
4187.17948717949
4174.8717948718
4165.12820512821
4170.25641025641
4179.48717948718
4182.5641025641
4184.10256410256
4184.10256410256
4173.84615384615
4165.64102564103
4170.76923076923
4173.84615384615
4167.69230769231
4174.35897435897
4184.61538461538
4183.07692307692
4187.17948717949
4199.48717948718
4208.20512820513
4214.35897435897
4222.5641025641
4230.76923076923
4233.84615384615
4226.66666666667
4221.02564102564
4221.02564102564
4218.46153846154
4216.41025641026
4211.79487179487
4201.53846153846
4199.48717948718
4202.05128205128
4200
4203.07692307692
4204.61538461538
4191.79487179487
4183.58974358974
4188.71794871795
4190.76923076923
4185.12820512821
4191.79487179487
4203.07692307692
4195.38461538462
4182.5641025641
4182.05128205128
4184.61538461538
4183.58974358974
4180
4170.25641025641
4166.15384615385
4173.33333333333
4176.41025641026
4173.33333333333
4169.74358974359
4167.69230769231
4167.69230769231
4168.71794871795
4166.15384615385
4158.46153846154
4152.30769230769
4157.94871794872
4169.74358974359
4167.17948717949
4157.4358974359
4163.07692307692
4170.76923076923
4166.66666666667
4168.20512820513
4170.25641025641
4161.53846153846
4161.02564102564
4168.71794871795
4165.64102564103
4155.38461538462
4152.30769230769
4156.41025641026
4164.10256410256
4169.74358974359
4170.76923076923
4168.71794871795
4167.69230769231
4164.10256410256
4167.17948717949
4175.89743589744
4174.8717948718
4173.84615384615
4185.12820512821
4185.64102564103
4171.28205128205
4168.20512820513
4170.25641025641
4165.64102564103
4167.69230769231
4171.28205128205
4169.23076923077
4174.35897435897
4183.58974358974
4184.10256410256
4183.58974358974
4186.66666666667
4186.15384615385
4183.58974358974
4180.51282051282
4175.38461538462
4177.94871794872
4185.12820512821
4185.64102564103
4185.64102564103
4191.28205128205
4190.25641025641
4184.10256410256
4185.12820512821
4189.23076923077
4187.69230769231
4184.10256410256
4186.15384615385
4188.71794871795
4184.61538461538
4183.07692307692
4193.33333333333
4194.8717948718
4184.10256410256
4186.15384615385
4200
4204.10256410256
4193.84615384615
4184.61538461538
4185.64102564103
4188.20512820513
4189.23076923077
4196.92307692308
4203.07692307692
4198.97435897436
4197.94871794872
4201.53846153846
4202.05128205128
4196.41025641026
4190.76923076923
4186.15384615385
4177.4358974359
4170.76923076923
4169.74358974359
4169.23076923077
4166.15384615385
4165.12820512821
4166.15384615385
4169.74358974359
4172.30769230769
4174.35897435897
4170.76923076923
4168.20512820513
4178.46153846154
4180.51282051282
4170.25641025641
4174.8717948718
4187.17948717949
4187.69230769231
4179.48717948718
4172.82051282051
4170.25641025641
4172.82051282051
4169.74358974359
4169.23076923077
4174.8717948718
4170.76923076923
4169.74358974359
4181.53846153846
4187.69230769231
4184.61538461538
4185.12820512821
4185.12820512821
4183.58974358974
4181.02564102564
4175.38461538462
4169.74358974359
4173.84615384615
4183.58974358974
4182.5641025641
4171.79487179487
4165.64102564103
4173.33333333333
4185.64102564103
4185.64102564103
4171.28205128205
4165.64102564103
4179.48717948718
4184.61538461538
4172.30769230769
4170.25641025641
4182.5641025641
4188.71794871795
4186.66666666667
4186.66666666667
4187.17948717949
4186.15384615385
4186.66666666667
4187.69230769231
4186.15384615385
4191.28205128205
4198.97435897436
4195.89743589744
4187.17948717949
4186.15384615385
4194.35897435897
4201.53846153846
4202.5641025641
4199.48717948718
4200
4202.05128205128
4202.05128205128
4200.51282051282
4200
4200
4199.48717948718
4198.97435897436
4198.97435897436
4201.02564102564
4201.53846153846
4199.48717948718
4197.4358974359
4200.51282051282
4201.53846153846
4192.82051282051
4183.07692307692
4183.58974358974
4188.71794871795
4190.25641025641
4188.71794871795
4186.66666666667
4185.12820512821
4184.10256410256
4183.07692307692
4182.05128205128
4182.05128205128
4185.12820512821
4188.71794871795
4187.17948717949
4183.07692307692
4184.10256410256
4186.66666666667
4186.15384615385
4185.12820512821
4187.17948717949
4187.17948717949
4179.48717948718
4176.41025641026
4182.5641025641
4184.61538461538
4186.15384615385
4188.71794871795
4187.17948717949
4192.82051282051
4203.07692307692
4195.38461538462
4183.07692307692
4184.10256410256
4186.15384615385
4188.20512820513
4187.69230769231
4176.92307692308
4173.84615384615
4185.64102564103
4187.17948717949
4181.02564102564
4183.58974358974
4184.61538461538
4180
4182.05128205128
4188.20512820513
4188.71794871795
4183.58974358974
4182.5641025641
4188.71794871795
4191.28205128205
4187.69230769231
4184.61538461538
4182.5641025641
4180.51282051282
4183.07692307692
4180.51282051282
4171.28205128205
4172.30769230769
4184.10256410256
4185.64102564103
4181.02564102564
4182.05128205128
4183.58974358974
4184.61538461538
4191.79487179487
4202.05128205128
4208.71794871795
4216.92307692308
4225.64102564103
4222.05128205128
4216.41025641026
4224.10256410256
4236.92307692308
4232.82051282051
4220
4223.07692307692
4227.17948717949
4218.97435897436
4212.30769230769
4215.38461538462
4216.92307692308
4210.25641025641
4203.58974358974
4204.10256410256
4204.10256410256
4190.76923076923
4183.58974358974
4186.15384615385
4185.12820512821
4187.17948717949
4191.28205128205
4188.20512820513
4183.58974358974
4186.66666666667
4181.02564102564
4168.71794871795
4167.17948717949
4176.41025641026
4183.07692307692
4185.64102564103
4186.66666666667
4185.12820512821
4183.58974358974
4184.10256410256
4185.64102564103
4184.61538461538
4181.02564102564
4180.51282051282
4181.02564102564
4183.58974358974
4186.66666666667
4184.10256410256
4181.53846153846
4182.5641025641
4184.61538461538
4184.10256410256
4177.4358974359
4174.35897435897
4181.02564102564
4189.74358974359
4183.07692307692
4169.74358974359
4174.35897435897
4184.61538461538
4183.07692307692
4177.94871794872
4182.05128205128
4184.10256410256
4183.07692307692
4185.12820512821
4185.12820512821
4185.64102564103
4184.10256410256
4181.02564102564
4183.07692307692
4187.17948717949
4187.69230769231
4189.23076923077
4190.25641025641
4187.17948717949
4187.17948717949
4187.69230769231
4185.12820512821
4183.07692307692
4191.79487179487
4197.94871794872
4189.74358974359
4188.20512820513
4198.46153846154
4202.05128205128
4195.38461538462
4193.84615384615
4197.94871794872
4196.41025641026
4189.74358974359
4183.58974358974
4183.58974358974
4188.20512820513
4196.41025641026
4200.51282051282
4199.48717948718
4200.51282051282
4198.97435897436
4198.97435897436
4204.10256410256
4203.07692307692
4201.02564102564
4203.07692307692
4202.5641025641
4197.94871794872
4200
4208.20512820513
4210.25641025641
4205.64102564103
4195.89743589744
4188.20512820513
4185.12820512821
4186.15384615385
4184.61538461538
4183.07692307692
4185.12820512821
4185.64102564103
4184.61538461538
4184.10256410256
4182.5641025641
4183.07692307692
4184.61538461538
4179.48717948718
4175.38461538462
4180.51282051282
4188.20512820513
4191.28205128205
4189.23076923077
4185.64102564103
4183.58974358974
4185.64102564103
4185.12820512821
4184.61538461538
4185.64102564103
4183.58974358974
4181.53846153846
4183.58974358974
4181.53846153846
4178.97435897436
4180.51282051282
4180
4177.4358974359
4184.10256410256
4187.69230769231
4175.38461538462
4165.12820512821
4169.23076923077
4171.79487179487
4168.20512820513
4174.35897435897
4180
4168.20512820513
4162.5641025641
4167.69230769231
4171.28205128205
4168.20512820513
4158.97435897436
4155.89743589744
4167.17948717949
4172.30769230769
4168.20512820513
4170.25641025641
4171.79487179487
4170.25641025641
4173.84615384615
4176.41025641026
4174.35897435897
4171.79487179487
4173.84615384615
4175.89743589744
4174.35897435897
4170.25641025641
4166.66666666667
4168.20512820513
4172.30769230769
4173.33333333333
4172.30769230769
4170.76923076923
4169.74358974359
4176.92307692308
4181.53846153846
4174.35897435897
4168.20512820513
4167.69230769231
4170.76923076923
4172.30769230769
4169.23076923077
4174.35897435897
4184.61538461538
4180
4171.79487179487
4174.8717948718
4172.30769230769
4166.66666666667
4168.20512820513
4169.74358974359
4168.20512820513
4165.12820512821
4172.30769230769
4183.58974358974
4182.5641025641
4186.15384615385
4200.51282051282
4204.10256410256
4209.74358974359
4230.25641025641
4236.92307692308
4229.74358974359
4233.33333333333
4237.94871794872
4228.20512820513
4218.46153846154
4219.48717948718
4217.4358974359
4201.53846153846
4188.20512820513
4187.17948717949
4186.15384615385
4183.07692307692
4183.58974358974
4183.58974358974
4182.5641025641
4187.17948717949
4190.25641025641
4186.15384615385
4188.71794871795
4200
4201.02564102564
4198.46153846154
4209.74358974359
4220
4216.92307692308
4211.79487179487
4213.33333333333
4216.41025641026
4215.89743589744
4220.51282051282
4229.23076923077
4226.66666666667
4216.41025641026
4215.38461538462
4222.5641025641
4228.71794871795
4231.79487179487
4230.76923076923
4230.25641025641
4236.41025641026
4246.15384615385
4253.33333333333
4251.28205128205
4244.61538461538
4244.10256410256
4245.12820512821
4247.17948717949
4257.4358974359
4265.64102564103
4256.41025641026
4247.17948717949
4256.92307692308
4267.69230769231
4268.71794871795
4272.30769230769
4278.46153846154
4282.5641025641
4277.4358974359
4264.61538461538
4265.64102564103
4280.51282051282
4285.12820512821
4284.61538461538
4289.74358974359
4286.15384615385
4279.48717948718
4286.15384615385
4295.89743589744
4297.94871794872
4296.41025641026
4293.84615384615
4296.92307692308
4300
4296.92307692308
4300
4311.79487179487
4313.84615384615
4302.05128205128
4293.33333333333
4295.89743589744
4303.07692307692
4303.07692307692
4304.61538461538
4310.25641025641
4311.79487179487
4310.76923076923
4315.89743589744
4313.84615384615
4301.02564102564
4300.51282051282
4306.66666666667
4303.07692307692
4298.97435897436
4298.46153846154
4296.41025641026
4300
4305.12820512821
4298.97435897436
4293.33333333333
4295.89743589744
4295.89743589744
4294.8717948718
4297.94871794872
4302.05128205128
4298.97435897436
4295.89743589744
4294.8717948718
4288.71794871795
4279.48717948718
4280
4289.23076923077
4292.82051282051
4288.20512820513
4290.76923076923
4301.53846153846
4302.05128205128
4290.76923076923
4288.20512820513
4290.76923076923
4290.76923076923
4286.66666666667
4282.5641025641
4281.53846153846
4282.05128205128
4282.05128205128
4276.92307692308
4269.74358974359
4265.64102564103
4263.58974358974
4266.15384615385
4274.35897435897
4278.46153846154
4277.4358974359
4279.48717948718
4282.5641025641
4280
4282.05128205128
4281.53846153846
4269.23076923077
4261.02564102564
4264.10256410256
4266.15384615385
4263.58974358974
4265.12820512821
4266.66666666667
4262.5641025641
4259.48717948718
4261.53846153846
4262.05128205128
4254.35897435897
4248.20512820513
4250.76923076923
4253.33333333333
4246.66666666667
4245.12820512821
4256.41025641026
4258.97435897436
4250.76923076923
4253.33333333333
4260
4255.38461538462
4248.71794871795
4249.23076923077
4257.94871794872
4262.05128205128
4252.82051282051
4244.61538461538
4247.17948717949
4249.74358974359
4249.23076923077
4247.69230769231
4248.20512820513
4250.25641025641
4250.25641025641
4251.79487179487
4255.89743589744
4260.51282051282
4265.12820512821
4266.66666666667
4265.12820512821
4265.12820512821
4267.17948717949
4264.10256410256
4254.35897435897
4247.17948717949
4247.17948717949
4249.23076923077
4245.12820512821
4236.41025641026
4233.84615384615
4233.84615384615
4225.12820512821
4218.97435897436
4229.23076923077
4235.38461538462
4231.79487179487
4229.23076923077
4223.58974358974
4216.92307692308
4221.53846153846
4222.05128205128
4212.30769230769
4211.28205128205
4218.46153846154
4217.4358974359
4210.25641025641
4207.69230769231
4206.66666666667
4202.05128205128
4199.48717948718
4201.53846153846
4202.5641025641
4201.53846153846
4204.10256410256
4204.10256410256
4200
4197.4358974359
4196.41025641026
4198.46153846154
4197.94871794872
4188.71794871795
4184.61538461538
4188.71794871795
4188.20512820513
4185.64102564103
4186.66666666667
4183.07692307692
4180.51282051282
4185.64102564103
4187.69230769231
4180.51282051282
4177.4358974359
4182.05128205128
4185.64102564103
4180
4175.89743589744
4183.58974358974
4187.69230769231
4177.4358974359
4167.17948717949
4167.69230769231
4167.69230769231
4167.69230769231
4170.25641025641
4171.79487179487
4176.41025641026
4183.58974358974
4192.30769230769
4197.94871794872
4198.46153846154
4202.5641025641
4212.30769230769
4224.10256410256
4232.82051282051
4235.38461538462
4228.71794871795
4228.20512820513
4235.89743589744
4234.8717948718
4223.07692307692
4217.4358974359
4216.41025641026
4208.20512820513
4198.97435897436
4200
4205.12820512821
4207.17948717949
4202.05128205128
4192.30769230769
4187.17948717949
4188.20512820513
4189.74358974359
4189.74358974359
4185.12820512821
4185.12820512821
4183.58974358974
4173.33333333333
4168.20512820513
4172.82051282051
4171.28205128205
4164.10256410256
4157.94871794872
4151.28205128205
4151.28205128205
4155.38461538462
4153.84615384615
4152.30769230769
4154.8717948718
4155.89743589744
4154.8717948718
4155.89743589744
4156.41025641026
4151.79487179487
4149.74358974359
4154.8717948718
4155.38461538462
4151.79487179487
4152.82051282051
4153.33333333333
4151.28205128205
4150.25641025641
4152.30769230769
4153.33333333333
4151.28205128205
4153.84615384615
4153.33333333333
4136.92307692308
4127.69230769231
4134.35897435897
4135.89743589744
4133.84615384615
4136.41025641026
4136.41025641026
4141.02564102564
4154.35897435897
4152.30769230769
4141.53846153846
4146.15384615385
4153.33333333333
4151.28205128205
4150.76923076923
4153.33333333333
4153.84615384615
4148.20512820513
4137.94871794872
4137.94871794872
4149.74358974359
4151.79487179487
4149.23076923077
4153.84615384615
4155.38461538462
4154.8717948718
4160
4160.51282051282
4153.33333333333
4148.71794871795
4152.30769230769
4156.41025641026
4153.33333333333
4154.8717948718
4165.12820512821
4170.76923076923
4168.71794871795
4169.74358974359
4168.20512820513
4166.66666666667
4176.92307692308
4184.10256410256
4183.58974358974
4185.64102564103
4188.20512820513
4191.79487179487
4198.46153846154
4201.02564102564
4203.58974358974
4213.84615384615
4218.97435897436
4215.38461538462
4216.92307692308
4215.38461538462
4203.58974358974
4199.48717948718
4211.79487179487
4215.38461538462
4204.61538461538
4198.97435897436
4201.53846153846
4202.05128205128
4200.51282051282
4196.92307692308
4199.48717948718
4212.30769230769
4211.79487179487
4198.97435897436
4204.10256410256
4217.94871794872
4218.46153846154
4214.35897435897
4220
4220.51282051282
4215.38461538462
4220.51282051282
4232.30769230769
4234.8717948718
4230.76923076923
4230.25641025641
4231.79487179487
4233.84615384615
4237.4358974359
4234.35897435897
4233.84615384615
4242.05128205128
4241.53846153846
4236.92307692308
4243.07692307692
4251.28205128205
4248.71794871795
4238.97435897436
4232.82051282051
4237.4358974359
4246.66666666667
4245.64102564103
4243.58974358974
4249.23076923077
4251.28205128205
4247.69230769231
4248.71794871795
4250.76923076923
4241.02564102564
4230.25641025641
4230.25641025641
4235.89743589744
4248.71794871795
4263.58974358974
4268.20512820513
4270.76923076923
4283.58974358974
4296.41025641026
4298.46153846154
4292.30769230769
4291.79487179487
4295.89743589744
4297.4358974359
4298.97435897436
4294.8717948718
4281.53846153846
4277.4358974359
4281.53846153846
4277.94871794872
4278.97435897436
4283.07692307692
4271.28205128205
4257.4358974359
4261.02564102564
4268.20512820513
4265.64102564103
4266.15384615385
4272.82051282051
4276.92307692308
4278.46153846154
4278.97435897436
4278.97435897436
4280
4280
4280.51282051282
4287.17948717949
4288.20512820513
4278.97435897436
4279.48717948718
4284.61538461538
4272.30769230769
4260
4260.51282051282
4260.51282051282
4263.58974358974
4273.33333333333
4280
4287.17948717949
4297.4358974359
4298.46153846154
4293.33333333333
4292.82051282051
4294.35897435897
4294.8717948718
4295.38461538462
4294.35897435897
4292.30769230769
4294.35897435897
4298.97435897436
4297.94871794872
4294.35897435897
4294.8717948718
4292.30769230769
4288.71794871795
4291.28205128205
4294.8717948718
4302.5641025641
4317.94871794872
4325.12820512821
4323.07692307692
4330.25641025641
4337.94871794872
4334.35897435897
4335.89743589744
4343.07692307692
4346.66666666667
4353.84615384615
4368.71794871795
4370.25641025641
4364.61538461538
4367.17948717949
4368.71794871795
4368.20512820513
4373.33333333333
4381.02564102564
4386.66666666667
4393.84615384615
4407.17948717949
4415.38461538462
4414.8717948718
4419.48717948718
4428.71794871795
4429.74358974359
4434.8717948718
4445.12820512821
4442.05128205128
4444.10256410256
4457.94871794872
4459.48717948718
4458.97435897436
4470.76923076923
4475.89743589744
4472.82051282051
4481.02564102564
4492.82051282051
4493.84615384615
4493.84615384615
4493.84615384615
4492.30769230769
4498.97435897436
4509.74358974359
4510.76923076923
4506.15384615385
4508.20512820513
4504.10256410256
4493.33333333333
4488.71794871795
4489.74358974359
4498.46153846154
4505.64102564103
4501.02564102564
4491.28205128205
4495.38461538462
4501.53846153846
4496.41025641026
4492.30769230769
4493.33333333333
4492.30769230769
4489.74358974359
4491.28205128205
4491.79487179487
4484.61538461538
4476.41025641026
4474.8717948718
4472.82051282051
4463.07692307692
4457.94871794872
4461.02564102564
4461.53846153846
4460
4458.46153846154
4450.76923076923
4442.5641025641
4443.58974358974
4449.23076923077
4449.74358974359
4440.51282051282
4429.23076923077
4427.17948717949
4429.74358974359
4427.17948717949
4424.61538461538
4424.61538461538
4431.79487179487
4441.53846153846
4440.51282051282
4431.28205128205
4427.17948717949
4429.23076923077
4429.74358974359
4430.76923076923
4432.30769230769
4429.23076923077
4418.46153846154
4411.28205128205
4415.38461538462
4413.33333333333
4401.02564102564
4392.30769230769
4390.76923076923
4388.20512820513
4382.5641025641
4378.46153846154
4377.94871794872
4378.46153846154
4380.51282051282
4385.64102564103
4385.12820512821
4381.02564102564
4381.02564102564
4381.02564102564
4381.02564102564
4385.12820512821
4384.61538461538
4380
4381.02564102564
4383.07692307692
4381.53846153846
4375.89743589744
4371.79487179487
4372.82051282051
4370.76923076923
4357.4358974359
4350.76923076923
4361.53846153846
4368.71794871795
4367.69230769231
4366.66666666667
4361.53846153846
4352.82051282051
4354.35897435897
4368.20512820513
4372.82051282051
4360
4353.84615384615
4362.05128205128
4363.58974358974
4357.4358974359
4356.41025641026
4357.94871794872
4355.89743589744
4355.89743589744
4359.48717948718
4357.94871794872
4354.35897435897
4350.25641025641
4343.58974358974
4344.10256410256
4351.79487179487
4352.30769230769
4350.25641025641
4357.94871794872
4361.53846153846
4356.92307692308
4357.94871794872
4358.97435897436
4353.84615384615
4350.76923076923
4350.76923076923
4346.15384615385
4335.38461538462
4326.66666666667
4326.66666666667
4327.17948717949
4322.05128205128
4318.97435897436
4321.53846153846
4316.92307692308
4307.17948717949
4307.17948717949
4311.79487179487
4309.74358974359
4305.12820512821
4303.58974358974
4300.51282051282
4296.41025641026
4293.84615384615
4291.28205128205
4291.28205128205
4291.28205128205
4291.79487179487
4291.28205128205
4284.10256410256
4276.92307692308
4284.10256410256
4297.4358974359
4295.89743589744
4283.58974358974
4279.48717948718
4282.05128205128
4281.02564102564
4279.48717948718
4287.69230769231
4292.30769230769
4283.58974358974
4276.92307692308
4276.41025641026
4277.94871794872
4277.94871794872
4271.28205128205
4263.58974358974
4263.58974358974
4266.66666666667
4265.64102564103
4265.64102564103
4266.15384615385
4264.61538461538
4262.05128205128
4262.05128205128
4260.51282051282
4253.84615384615
4248.20512820513
4248.71794871795
4250.25641025641
4251.79487179487
4257.4358974359
4264.61538461538
4263.58974358974
4253.84615384615
4251.79487179487
4256.41025641026
