F7
3962.05128205128
3958.46153846154
3944.61538461539
3942.05128205128
3945.12820512821
3950.76923076923
3954.35897435898
3954.8717948718
3962.05128205128
3953.84615384615
3937.4358974359
3950.25641025641
3970.76923076923
3966.66666666667
3966.15384615385
3977.94871794872
3977.4358974359
3973.33333333333
3971.28205128205
3956.41025641026
3950.76923076923
3966.15384615385
3973.33333333333
3967.69230769231
3972.82051282051
3974.8717948718
3963.07692307692
3960.51282051282
3964.10256410256
3953.84615384615
3948.71794871795
3968.20512820513
3980.51282051282
3964.10256410256
3951.79487179487
3970.25641025641
3979.48717948718
3958.97435897436
3959.48717948718
3976.92307692308
3976.92307692308
3972.30769230769
3967.69230769231
3955.89743589744
3960.51282051282
3980
3979.48717948718
3967.69230769231
3971.28205128205
3976.92307692308
3965.64102564103
3954.8717948718
3961.02564102564
3964.61538461539
3957.94871794872
3955.38461538462
3955.38461538462
3962.05128205128
3972.30769230769
3967.17948717949
3961.02564102564
3971.79487179487
3979.48717948718
3976.92307692308
3968.20512820513
3958.46153846154
3963.07692307692
3973.84615384615
3972.82051282051
3964.10256410256
3955.89743589744
3953.33333333333
3956.41025641026
3952.30769230769
3943.58974358974
3944.10256410256
3940
3935.89743589744
3948.20512820513
3956.41025641026
3940.51282051282
3926.15384615385
3939.48717948718
3957.94871794872
3952.30769230769
3939.48717948718
3941.53846153846
3945.64102564103
3941.02564102564
3938.97435897436
3940.51282051282
3942.5641025641
3941.53846153846
3944.61538461539
3952.30769230769
3949.74358974359
3945.12820512821
3953.84615384615
3962.05128205128
3960
3960.51282051282
3968.71794871795
3969.23076923077
3960.51282051282
3951.79487179487
3954.35897435898
3965.12820512821
3972.30769230769
3973.84615384615
3978.46153846154
3984.61538461539
3982.05128205128
3981.02564102564
3991.28205128205
4000
4001.53846153846
4004.61538461539
4007.69230769231
4011.28205128205
4020.51282051282
4023.58974358974
4011.79487179487
3997.94871794872
3990.76923076923
3987.17948717949
3985.64102564103
3982.05128205128
3968.20512820513
3955.89743589744
3964.61538461539
3977.4358974359
3974.35897435898
3976.41025641026
3987.17948717949
3982.5641025641
3975.89743589744
3969.23076923077
3958.97435897436
3963.07692307692
3966.66666666667
3960
3963.07692307692
3974.35897435898
3974.35897435898
3966.66666666667
3963.07692307692
3962.5641025641
3965.12820512821
3967.17948717949
3973.84615384615
3976.92307692308
3963.58974358974
3958.97435897436
3969.74358974359
3971.28205128205
3959.48717948718
3954.35897435898
3968.20512820513
3974.35897435898
3962.5641025641
3962.05128205128
3975.38461538462
3969.74358974359
3954.8717948718
3965.12820512821
3980
3975.38461538462
3968.71794871795
3975.38461538462
3983.58974358974
3983.07692307692
3982.05128205128
3986.15384615385
3990.25641025641
3989.74358974359
3983.58974358974
3973.84615384615
3975.38461538462
3985.12820512821
3991.28205128205
3989.23076923077
3986.15384615385
3984.10256410256
3985.12820512821
3987.17948717949
3984.10256410256
3983.58974358974
3991.28205128205
3992.30769230769
3989.74358974359
3987.17948717949
3982.05128205128
3987.17948717949
3995.89743589744
3991.28205128205
3983.58974358974
3983.58974358974
3984.61538461539
3986.66666666667
3980.51282051282
3970.25641025641
3978.46153846154
3984.61538461539
3976.41025641026
3980
3990.76923076923
3990.25641025641
3989.74358974359
3991.79487179487
3986.15384615385
3985.64102564103
3989.23076923077
3990.25641025641
4001.02564102564
4006.15384615385
3999.48717948718
3998.97435897436
3998.46153846154
3993.33333333333
3996.92307692308
3998.46153846154
3987.17948717949
3987.17948717949
4000
4006.15384615385
4005.64102564103
4004.61538461539
4005.64102564103
4006.66666666667
4003.58974358974
4003.58974358974
4006.66666666667
4006.66666666667
3999.48717948718
3991.79487179487
3989.74358974359
3989.23076923077
3986.66666666667
3987.17948717949
3991.28205128205
3990.25641025641
3989.74358974359
4000.51282051282
4005.64102564103
3993.84615384615
3992.30769230769
4000.51282051282
3998.97435897436
4003.58974358974
4016.41025641026
4012.82051282051
3998.97435897436
3994.35897435898
3998.46153846154
4002.5641025641
4000.51282051282
4002.05128205128
4014.8717948718
4016.41025641026
4004.61538461539
4008.20512820513
4018.97435897436
4015.89743589744
4014.8717948718
4017.4358974359
4015.89743589744
4019.48717948718
4026.15384615385
4020.51282051282
4017.4358974359
4021.53846153846
4013.33333333333
4004.61538461539
4004.61538461539
4004.61538461539
4003.58974358974
4008.71794871795
4016.41025641026
4011.79487179487
4001.53846153846
4001.53846153846
4007.17948717949
4004.10256410256
4002.5641025641
4007.69230769231
4008.20512820513
4006.66666666667
4006.15384615385
4006.66666666667
4010.76923076923
4014.8717948718
4011.28205128205
4013.33333333333
4023.07692307692
4016.92307692308
3997.94871794872
3998.46153846154
4014.8717948718
4010.76923076923
4000.51282051282
4015.38461538462
4031.28205128205
4024.10256410256
4012.30769230769
4020
4038.46153846154
4048.20512820513
4038.46153846154
4025.64102564103
4025.64102564103
4032.30769230769
4030.25641025641
4022.05128205128
4022.05128205128
4028.71794871795
4027.17948717949
4021.02564102564
4020.51282051282
4025.12820512821
4030.76923076923
4027.17948717949
4021.53846153846
4027.17948717949
4030.76923076923
4027.17948717949
4029.23076923077
4030.76923076923
4023.07692307692
4026.15384615385
4035.38461538462
4030.76923076923
4029.23076923077
4036.41025641026
4033.33333333333
4028.20512820513
4028.20512820513
4022.5641025641
4020.51282051282
4026.66666666667
4025.64102564103
4019.48717948718
4018.97435897436
4023.07692307692
4026.15384615385
4028.71794871795
4029.74358974359
4029.23076923077
4029.74358974359
4028.20512820513
4022.5641025641
4020
4020.51282051282
4023.07692307692
4025.12820512821
4014.35897435898
4006.15384615385
4022.5641025641
4032.82051282051
4019.48717948718
4016.41025641026
4021.02564102564
4016.41025641026
4022.05128205128
4030.25641025641
4024.61538461539
4018.46153846154
4011.79487179487
4007.69230769231
4016.41025641026
4024.10256410256
4022.5641025641
4026.15384615385
4034.8717948718
4035.89743589744
4029.23076923077
4018.46153846154
4015.89743589744
4023.58974358974
4026.66666666667
4030.76923076923
4032.82051282051
4027.69230769231
4028.71794871795
4038.97435897436
4048.20512820513
4056.92307692308
4063.58974358974
4057.94871794872
4058.46153846154
4070.25641025641
4077.94871794872
4086.66666666667
4089.23076923077
4078.46153846154
4071.28205128205
4074.35897435898
4076.92307692308
4072.30769230769
4058.97435897436
4046.15384615385
4051.28205128205
4063.07692307692
4060.51282051282
4052.82051282051
4057.94871794872
4064.61538461539
4058.46153846154
4048.71794871795
4049.23076923077
4053.33333333333
4044.61538461539
4036.41025641026
4040.51282051282
4044.10256410256
4035.89743589744
4025.12820512821
4033.33333333333
4052.82051282051
4062.05128205128
4057.94871794872
4054.8717948718
4052.30769230769
4047.69230769231
4053.33333333333
4059.48717948718
4051.79487179487
4044.61538461539
4052.30769230769
4056.41025641026
4049.74358974359
4053.84615384615
4062.05128205128
4054.8717948718
4045.12820512821
4051.79487179487
4062.05128205128
4057.94871794872
4047.69230769231
4051.28205128205
4064.10256410256
4063.07692307692
4053.84615384615
4056.41025641026
4061.53846153846
4057.4358974359
4064.61538461539
4072.30769230769
4068.20512820513
4069.74358974359
4072.30769230769
4069.23076923077
4072.82051282051
4073.33333333333
4070.25641025641
4080.51282051282
4086.66666666667
4079.48717948718
4085.64102564103
4091.28205128205
4084.61538461539
4083.07692307692
4089.23076923077
4095.38461538462
4097.94871794872
4093.84615384615
4088.71794871795
4093.84615384615
4106.66666666667
4110.76923076923
4097.94871794872
4087.17948717949
4094.8717948718
4103.58974358974
4097.94871794872
4086.15384615385
4092.30769230769
4106.15384615385
4096.41025641026
4086.66666666667
4098.97435897436
4106.15384615385
4100
4104.61538461538
4107.17948717949
4102.05128205128
4107.17948717949
4110.76923076923
4103.07692307692
4090.25641025641
4089.74358974359
4100.51282051282
4097.94871794872
4080
4075.38461538462
4086.15384615385
4088.20512820513
4077.4358974359
4070.76923076923
4079.48717948718
4086.66666666667
4084.10256410256
4087.69230769231
4093.33333333333
4088.20512820513
4089.74358974359
4104.10256410256
4106.66666666667
4103.58974358974
4109.23076923077
4109.23076923077
4104.61538461538
4109.74358974359
4109.23076923077
4099.48717948718
4097.94871794872
4093.33333333333
4091.28205128205
4101.02564102564
4096.92307692308
4087.17948717949
4098.97435897436
4109.74358974359
4105.12820512821
4105.12820512821
4100
4086.15384615385
4090.25641025641
4105.12820512821
4103.58974358974
4093.84615384615
4090.76923076923
4087.69230769231
4085.64102564103
4089.23076923077
4086.15384615385
4076.92307692308
4075.89743589744
4075.89743589744
4072.30769230769
4077.4358974359
4083.58974358974
4082.5641025641
4084.61538461539
4088.20512820513
4084.10256410256
4075.89743589744
4072.82051282051
4073.84615384615
4075.38461538462
4076.41025641026
4076.41025641026
4075.89743589744
4074.8717948718
4073.33333333333
4064.10256410256
4058.46153846154
4068.20512820513
4081.02564102564
4076.92307692308
4066.15384615385
4070.76923076923
4074.8717948718
4068.71794871795
4071.79487179487
4084.10256410256
4082.5641025641
4070.25641025641
4064.10256410256
4065.64102564103
4074.35897435898
4078.46153846154
4075.38461538462
4073.33333333333
4074.8717948718
4082.05128205128
4090.76923076923
4084.61538461539
4067.17948717949
4054.8717948718
4058.46153846154
4072.30769230769
4071.28205128205
4055.38461538462
4067.17948717949
4091.79487179487
4084.61538461539
4068.20512820513
4072.82051282051
4082.05128205128
4081.53846153846
4080
4085.12820512821
4091.79487179487
4092.82051282051
4096.92307692308
4107.69230769231
4105.64102564103
4091.28205128205
4085.64102564103
4091.79487179487
4092.82051282051
4076.92307692308
4065.12820512821
4065.12820512821
4060.51282051282
4057.4358974359
4068.20512820513
4077.4358974359
4075.38461538462
4076.92307692308
4074.8717948718
4060.51282051282
4058.46153846154
4071.28205128205
4073.33333333333
4067.17948717949
4066.66666666667
4062.5641025641
4056.41025641026
4060.51282051282
4059.48717948718
4055.89743589744
4064.10256410256
4068.20512820513
4060.51282051282
4060
4061.02564102564
4052.30769230769
4053.33333333333
4061.53846153846
4061.53846153846
4061.02564102564
4060
4054.8717948718
4055.89743589744
4061.53846153846
4059.48717948718
4059.48717948718
4054.8717948718
4045.12820512821
4044.10256410256
4040.51282051282
4029.74358974359
4032.82051282051
4044.10256410256
4046.66666666667
4050.25641025641
4054.35897435898
4047.17948717949
4038.97435897436
4042.5641025641
4048.20512820513
4046.15384615385
4041.53846153846
4045.12820512821
4050.76923076923
4047.17948717949
4046.15384615385
4051.28205128205
4049.23076923077
4046.66666666667
4053.84615384615
4062.5641025641
4062.05128205128
4054.35897435898
4055.89743589744
4071.79487179487
4075.89743589744
4063.07692307692
4057.4358974359
4055.38461538462
4048.20512820513
4049.23076923077
4053.33333333333
4053.33333333333
4058.46153846154
4060.51282051282
4058.46153846154
4061.53846153846
4060
4050.76923076923
4047.69230769231
4049.23076923077
4042.5641025641
4033.84615384615
4044.10256410256
4061.53846153846
4058.97435897436
4047.17948717949
4049.23076923077
4053.33333333333
4046.15384615385
4041.02564102564
4045.64102564103
4054.35897435898
4060.51282051282
4067.69230769231
4068.20512820513
4055.38461538462
4049.23076923077
4057.94871794872
4066.66666666667
4067.17948717949
4066.15384615385
4065.64102564103
4068.20512820513
4065.12820512821
4055.38461538462
4060.51282051282
4075.89743589744
4074.35897435898
4064.10256410256
4064.10256410256
4068.71794871795
4068.20512820513
4064.61538461539
4067.17948717949
4077.4358974359
4074.8717948718
4059.48717948718
4056.92307692308
4060.51282051282
4063.58974358974
4074.35897435898
4076.41025641026
4066.15384615385
4064.61538461539
4069.23076923077
4067.69230769231
4064.10256410256
4064.61538461539
4063.58974358974
4057.94871794872
4065.12820512821
4074.35897435898
4060
4049.23076923077
4064.10256410256
4064.61538461539
4045.12820512821
4040.51282051282
4050.25641025641
4054.35897435898
4055.38461538462
4060
4056.92307692308
4049.23076923077
4057.4358974359
4076.41025641026
4083.58974358974
4075.38461538462
4065.12820512821
4064.10256410256
4073.33333333333
4076.92307692308
4070.76923076923
4065.12820512821
4056.41025641026
4050.25641025641
4049.23076923077
4051.79487179487
4055.89743589744
4062.05128205128
4060
4052.30769230769
4061.53846153846
4080.51282051282
4080.51282051282
4074.35897435898
4082.5641025641
4085.12820512821
4077.4358974359
4076.41025641026
4076.41025641026
4075.38461538462
4071.79487179487
4062.05128205128
4057.4358974359
4067.69230769231
4070.76923076923
4060.51282051282
4057.94871794872
4067.69230769231
4069.74358974359
4062.5641025641
4056.41025641026
4050.25641025641
4048.71794871795
4052.30769230769
4046.66666666667
4041.53846153846
4049.23076923077
4054.35897435898
4049.23076923077
4045.64102564103
4044.61538461539
4041.02564102564
4036.92307692308
4031.79487179487
4030.76923076923
4034.35897435898
4035.89743589744
4031.79487179487
4031.28205128205
4041.02564102564
4040.51282051282
4026.15384615385
4026.15384615385
4040
4040.51282051282
4031.79487179487
4033.84615384615
4036.92307692308
4030.25641025641
4022.5641025641
4024.10256410256
4029.23076923077
4023.58974358974
4013.84615384615
4020
4032.82051282051
4032.30769230769
4027.69230769231
4026.66666666667
4020
4018.46153846154
4033.33333333333
4046.15384615385
4043.07692307692
4037.4358974359
4034.8717948718
4033.33333333333
4035.89743589744
4046.66666666667
4052.30769230769
4052.82051282051
4066.15384615385
4077.4358974359
4076.41025641026
4075.38461538462
4075.89743589744
4077.94871794872
4085.12820512821
4093.33333333333
4105.12820512821
4112.30769230769
4103.58974358974
4101.53846153846
4106.66666666667
4094.8717948718
4086.66666666667
4090.25641025641
4081.02564102564
4070.76923076923
4072.30769230769
4072.30769230769
4078.97435897436
4091.79487179487
4088.20512820513
4076.92307692308
4075.89743589744
4076.41025641026
4072.82051282051
4074.8717948718
4073.33333333333
4068.20512820513
4067.69230769231
4062.5641025641
4056.92307692308
4060.51282051282
4054.35897435898
4030.76923076923
4021.53846153846
4035.89743589744
4045.64102564103
4041.53846153846
4034.35897435898
4034.8717948718
4046.66666666667
4058.46153846154
4058.46153846154
4048.20512820513
4044.10256410256
4052.30769230769
4061.53846153846
4063.07692307692
4057.4358974359
4058.46153846154
4067.17948717949
4072.82051282051
4063.58974358974
4051.28205128205
4053.84615384615
4057.4358974359
4050.76923076923
4043.58974358974
4042.05128205128
4045.64102564103
4052.30769230769
4048.71794871795
4036.41025641026
4045.64102564103
4067.69230769231
4065.64102564103
4051.79487179487
4055.38461538462
4065.64102564103
4058.97435897436
4043.07692307692
4043.07692307692
4059.48717948718
4065.12820512821
4054.35897435898
4045.12820512821
4043.58974358974
4051.79487179487
4059.48717948718
4053.84615384615
4045.12820512821
4043.58974358974
4049.23076923077
4061.53846153846
4070.25641025641
4068.20512820513
4068.20512820513
4069.74358974359
4066.15384615385
4068.20512820513
4078.46153846154
4075.89743589744
4056.41025641026
4053.33333333333
4071.79487179487
4081.02564102564
4072.30769230769
4066.15384615385
4069.23076923077
4065.64102564103
4052.82051282051
4053.84615384615
4071.79487179487
4069.23076923077
4051.79487179487
4057.4358974359
4074.35897435898
4071.79487179487
4058.46153846154
4055.89743589744
4068.71794871795
4076.92307692308
4071.28205128205
4067.69230769231
4073.33333333333
4070.76923076923
4063.58974358974
4071.79487179487
4088.71794871795
4084.61538461539
4062.05128205128
4055.89743589744
4074.8717948718
4085.12820512821
4074.35897435898
4065.64102564103
4067.69230769231
4064.10256410256
4058.97435897436
4063.58974358974
4068.71794871795
4067.17948717949
4067.17948717949
4072.82051282051
4084.10256410256
4090.76923076923
4085.12820512821
4079.48717948718
4076.92307692308
4076.92307692308
4083.07692307692
4092.82051282051
4087.17948717949
4076.92307692308
4083.58974358974
4089.74358974359
4084.61538461539
4088.71794871795
4091.28205128205
4075.89743589744
4068.20512820513
4075.38461538462
4077.94871794872
4073.84615384615
4065.64102564103
4071.28205128205
4090.76923076923
4096.41025641026
4083.07692307692
4074.8717948718
4077.4358974359
4080.51282051282
4074.8717948718
4063.07692307692
4061.02564102564
4073.33333333333
4086.15384615385
4091.79487179487
4099.48717948718
4115.89743589744
4121.53846153846
4122.05128205128
4136.41025641026
4146.66666666667
4141.02564102564
4136.41025641026
4131.28205128205
4124.10256410256
4120.51282051282
4113.33333333333
4105.12820512821
4108.71794871795
4107.69230769231
4095.38461538462
4089.74358974359
4085.64102564103
4077.94871794872
4071.79487179487
4070.25641025641
4071.28205128205
4072.82051282051
4079.48717948718
4086.66666666667
4082.5641025641
4073.84615384615
4081.02564102564
4089.74358974359
4083.58974358974
4081.53846153846
4086.15384615385
4082.5641025641
4069.23076923077
4064.10256410256
4073.84615384615
4075.89743589744
4065.64102564103
4060.51282051282
4056.92307692308
4060.51282051282
4082.05128205128
4095.89743589744
4090.25641025641
4088.20512820513
4086.66666666667
4077.94871794872
4077.94871794872
4084.10256410256
4087.69230769231
4088.20512820513
4083.58974358974
4084.10256410256
4084.61538461539
4072.82051282051
4066.15384615385
4076.41025641026
4079.48717948718
4068.71794871795
4068.71794871795
4074.8717948718
4066.66666666667
4060
4070.76923076923
4083.07692307692
4084.61538461539
4077.4358974359
4073.33333333333
4083.07692307692
4087.17948717949
4078.97435897436
4083.07692307692
4092.30769230769
4082.5641025641
4076.41025641026
4077.4358974359
4070.25641025641
4065.12820512821
4062.05128205128
4060
4058.97435897436
4049.74358974359
4040.51282051282
4048.71794871795
4061.53846153846
4060.51282051282
4058.97435897436
4062.05128205128
4061.53846153846
4058.46153846154
4059.48717948718
4054.35897435898
4043.58974358974
4050.76923076923
4066.15384615385
4061.53846153846
4050.76923076923
4050.25641025641
4053.33333333333
4053.33333333333
4046.15384615385
4039.48717948718
4040
4040.51282051282
4033.84615384615
4025.12820512821
4034.35897435898
4053.84615384615
4057.4358974359
4048.71794871795
4050.76923076923
4053.84615384615
4049.74358974359
4050.25641025641
4056.92307692308
4068.71794871795
4072.82051282051
4063.58974358974
4059.48717948718
4062.05128205128
4054.35897435898
4045.12820512821
4049.23076923077
4052.82051282051
4044.61538461539
4037.94871794872
4042.05128205128
4051.79487179487
4059.48717948718
4058.46153846154
4052.82051282051
4059.48717948718
4068.20512820513
4060
4047.69230769231
4048.71794871795
4055.38461538462
4058.97435897436
4058.97435897436
4054.35897435898
4050.76923076923
4054.35897435898
4052.30769230769
4045.64102564103
4044.10256410256
4047.69230769231
4044.61538461539
4040
4047.69230769231
4064.10256410256
4065.64102564103
4052.82051282051
4050.25641025641
4060
4061.53846153846
4059.48717948718
4056.92307692308
4044.10256410256
4036.41025641026
4042.5641025641
4045.12820512821
4045.64102564103
4057.4358974359
4064.10256410256
4055.38461538462
4045.12820512821
4040
4035.89743589744
4030.76923076923
4035.89743589744
4055.89743589744
4063.07692307692
4053.33333333333
4054.35897435898
4062.05128205128
4058.97435897436
4057.94871794872
4065.64102564103
4067.17948717949
4062.5641025641
4060.51282051282
4064.10256410256
4070.25641025641
4064.61538461539
4050.25641025641
4049.23076923077
4055.89743589744
4042.5641025641
4030.25641025641
4045.12820512821
4052.82051282051
4043.58974358974
4046.15384615385
4059.48717948718
4069.74358974359
4070.25641025641
4064.61538461539
4062.5641025641
4062.5641025641
4063.07692307692
4065.64102564103
4061.53846153846
4059.48717948718
4069.74358974359
4064.10256410256
4051.28205128205
4057.94871794872
4058.46153846154
4042.5641025641
4043.58974358974
4053.33333333333
4045.64102564103
4041.02564102564
4051.28205128205
4054.8717948718
4054.8717948718
4058.97435897436
4055.89743589744
4051.28205128205
4058.46153846154
4063.58974358974
4055.38461538462
4047.69230769231
4053.33333333333
4060.51282051282
4054.35897435898
4050.76923076923
4060
4062.05128205128
4056.92307692308
4060
4063.58974358974
4054.35897435898
4046.15384615385
4046.66666666667
4045.12820512821
4040.51282051282
4048.20512820513
4065.64102564103
4069.74358974359
4062.5641025641
4060.51282051282
4062.05128205128
4055.89743589744
4049.74358974359
4048.71794871795
4051.79487179487
4054.8717948718
4052.82051282051
4051.79487179487
4057.94871794872
4060.51282051282
4060
4060.51282051282
4055.89743589744
4051.79487179487
4057.94871794872
4072.82051282051
4075.89743589744
4061.53846153846
4058.46153846154
4063.58974358974
4055.38461538462
4054.8717948718
4069.74358974359
4067.69230769231
4057.94871794872
4065.64102564103
4072.82051282051
4063.58974358974
4051.79487179487
4042.5641025641
4038.97435897436
4050.25641025641
4058.46153846154
4048.71794871795
4043.07692307692
4047.17948717949
4043.58974358974
4047.17948717949
4060
4057.4358974359
4048.20512820513
4054.35897435898
4063.58974358974
4062.05128205128
