O2
4007.17948717949
3997.4358974359
3989.74358974359
3997.4358974359
3998.46153846154
3997.4358974359
4004.61538461539
4008.20512820513
4006.15384615385
4001.02564102564
3997.4358974359
4004.10256410256
4008.71794871795
3995.89743589744
3980.51282051282
3975.38461538462
3975.38461538462
3975.38461538462
3974.35897435898
3974.35897435898
3975.38461538462
3972.30769230769
3970.76923076923
3977.94871794872
3981.53846153846
3974.35897435898
3971.79487179487
3974.8717948718
3971.28205128205
3966.15384615385
3969.23076923077
3974.35897435898
3975.38461538462
3974.35897435898
3973.33333333333
3977.94871794872
3971.28205128205
3956.92307692308
3964.61538461539
3978.46153846154
3972.82051282051
3971.28205128205
3975.89743589744
3963.58974358974
3963.07692307692
3986.15384615385
3991.28205128205
3976.92307692308
3973.84615384615
3977.4358974359
3973.33333333333
3971.28205128205
3972.30769230769
3968.71794871795
3968.20512820513
3974.35897435898
3976.41025641026
3973.84615384615
3975.89743589744
3983.07692307692
3988.20512820513
3987.17948717949
3985.64102564103
3988.20512820513
3990.76923076923
3990.25641025641
3988.71794871795
3987.69230769231
3983.07692307692
3979.48717948718
3982.05128205128
3988.20512820513
3988.20512820513
3979.48717948718
3971.79487179487
3973.84615384615
3975.38461538462
3968.71794871795
3968.20512820513
3973.84615384615
3972.82051282051
3971.28205128205
3974.8717948718
3977.94871794872
3975.38461538462
3973.84615384615
3981.53846153846
3992.30769230769
3983.07692307692
3968.20512820513
3975.38461538462
3981.02564102564
3975.38461538462
3982.05128205128
3991.28205128205
3986.15384615385
3983.07692307692
3986.15384615385
3986.15384615385
3987.69230769231
3990.76923076923
3992.82051282051
3992.82051282051
3987.69230769231
3985.12820512821
3994.35897435898
3999.48717948718
3995.89743589744
4001.53846153846
4012.82051282051
4017.94871794872
4020.51282051282
4028.20512820513
4036.41025641026
4037.94871794872
4043.07692307692
4055.38461538462
4061.53846153846
4062.5641025641
4067.17948717949
4063.58974358974
4054.35897435898
4049.23076923077
4038.97435897436
4029.74358974359
4019.48717948718
4007.17948717949
4005.64102564103
4007.69230769231
4003.58974358974
4008.20512820513
4016.41025641026
4012.82051282051
4010.76923076923
4011.79487179487
4000
3983.58974358974
3980.51282051282
3990.25641025641
3995.38461538462
3990.76923076923
3984.10256410256
3983.07692307692
3988.20512820513
3991.79487179487
3990.25641025641
3988.71794871795
3986.66666666667
3986.15384615385
3990.76923076923
3993.33333333333
3990.76923076923
3990.25641025641
3991.79487179487
3990.25641025641
3987.17948717949
3987.17948717949
3989.74358974359
3990.76923076923
3986.66666666667
3982.05128205128
3983.58974358974
3987.17948717949
3986.15384615385
3990.25641025641
3996.92307692308
3990.25641025641
3986.15384615385
3998.46153846154
4008.20512820513
4004.10256410256
3998.97435897436
4001.53846153846
4001.53846153846
3990.76923076923
3987.69230769231
4000
4005.64102564103
4002.5641025641
4005.12820512821
4008.71794871795
4009.23076923077
4003.58974358974
3994.35897435898
3988.20512820513
3985.64102564103
3987.69230769231
3994.8717948718
3999.48717948718
3997.94871794872
3994.35897435898
3986.66666666667
3984.10256410256
3996.41025641026
4006.15384615385
3998.46153846154
3985.64102564103
3985.64102564103
3988.20512820513
3983.58974358974
3985.12820512821
3991.28205128205
3987.69230769231
3981.53846153846
3989.74358974359
3997.94871794872
3992.82051282051
3987.17948717949
3992.30769230769
3997.4358974359
3996.41025641026
3997.4358974359
3996.41025641026
3995.89743589744
4001.53846153846
3998.97435897436
3992.30769230769
3996.41025641026
4001.53846153846
3998.46153846154
3993.84615384615
3988.71794871795
3988.20512820513
3998.46153846154
4006.66666666667
4006.15384615385
4004.61538461539
4006.15384615385
4009.74358974359
4006.15384615385
3996.41025641026
3996.41025641026
4000
3989.23076923077
3979.48717948718
3985.64102564103
3991.28205128205
3986.15384615385
3984.10256410256
3988.71794871795
3992.30769230769
3989.23076923077
3980
3976.41025641026
3980
3985.12820512821
3988.71794871795
3988.71794871795
3986.66666666667
3986.66666666667
3984.10256410256
3976.41025641026
3973.33333333333
3973.33333333333
3974.35897435898
3983.07692307692
3988.20512820513
3985.12820512821
3987.69230769231
3989.74358974359
3984.10256410256
3983.07692307692
3987.69230769231
3994.8717948718
3997.94871794872
3991.28205128205
3988.71794871795
3996.92307692308
4000
3996.92307692308
3995.89743589744
3990.76923076923
3984.61538461539
3984.61538461539
3988.20512820513
3991.79487179487
3991.28205128205
3990.25641025641
3992.30769230769
3990.76923076923
3986.15384615385
3983.58974358974
3983.58974358974
3986.15384615385
3993.33333333333
3997.94871794872
3995.38461538462
3999.48717948718
4007.17948717949
4000
3991.28205128205
3996.92307692308
4002.5641025641
4003.07692307692
4002.5641025641
3992.82051282051
3985.12820512821
3992.30769230769
3998.46153846154
3998.97435897436
4003.58974358974
4008.71794871795
4008.20512820513
4004.10256410256
4000.51282051282
4003.58974358974
4007.17948717949
4006.15384615385
4002.5641025641
3995.89743589744
3988.71794871795
3990.25641025641
3991.79487179487
3988.20512820513
3993.33333333333
3998.46153846154
3989.74358974359
3985.12820512821
3998.46153846154
4006.15384615385
3994.8717948718
3986.15384615385
3988.71794871795
3992.82051282051
4001.02564102564
4008.71794871795
3999.48717948718
3986.66666666667
3992.82051282051
4001.02564102564
3997.4358974359
3995.89743589744
3998.97435897436
4002.05128205128
4005.64102564103
4003.07692307692
3993.33333333333
3988.71794871795
3994.8717948718
4001.02564102564
3996.41025641026
3988.71794871795
3988.71794871795
3992.30769230769
3996.41025641026
4004.61538461539
4008.20512820513
4006.15384615385
4004.61538461539
3999.48717948718
3993.84615384615
3992.82051282051
3992.30769230769
3988.20512820513
3987.69230769231
3987.17948717949
3989.74358974359
3996.92307692308
3997.94871794872
3994.8717948718
3992.30769230769
3994.8717948718
4003.58974358974
4003.58974358974
3991.79487179487
3986.66666666667
3989.23076923077
3987.17948717949
3991.79487179487
3994.8717948718
3989.23076923077
3991.28205128205
3996.92307692308
3999.48717948718
4003.58974358974
4000.51282051282
3986.66666666667
3986.15384615385
4000.51282051282
4006.15384615385
4003.07692307692
4007.69230769231
4014.8717948718
4014.35897435898
4020
4036.41025641026
4044.61538461539
4042.5641025641
4047.69230769231
4052.82051282051
4047.69230769231
4050.76923076923
4063.58974358974
4065.12820512821
4053.84615384615
4052.30769230769
4049.23076923077
4039.48717948718
4048.20512820513
4063.58974358974
4057.94871794872
4043.58974358974
4035.38461538462
4028.71794871795
4026.66666666667
4026.15384615385
4016.41025641026
4014.8717948718
4018.97435897436
4010.25641025641
4006.15384615385
4012.30769230769
4006.15384615385
3996.92307692308
4002.05128205128
4005.12820512821
4007.69230769231
4013.33333333333
4006.15384615385
4002.05128205128
4011.79487179487
4011.79487179487
4003.07692307692
4008.20512820513
4011.28205128205
3999.48717948718
3988.71794871795
3996.41025641026
4006.66666666667
3997.4358974359
3990.76923076923
3998.46153846154
4001.02564102564
3998.46153846154
3997.4358974359
3991.28205128205
3987.69230769231
3994.35897435898
3997.94871794872
3996.41025641026
3995.38461538462
3992.30769230769
3991.28205128205
3989.74358974359
3990.25641025641
4000
4009.23076923077
4002.5641025641
3993.84615384615
3987.69230769231
3978.97435897436
3983.07692307692
3996.92307692308
3999.48717948718
3995.38461538462
3998.46153846154
4003.07692307692
4003.07692307692
4005.12820512821
4001.53846153846
3997.4358974359
4005.12820512821
4013.33333333333
4008.71794871795
4000.51282051282
3997.4358974359
4003.58974358974
4013.33333333333
4010.76923076923
3999.48717948718
3997.94871794872
4002.05128205128
4007.17948717949
4002.05128205128
3988.71794871795
3990.76923076923
3997.4358974359
3991.28205128205
3993.33333333333
4007.69230769231
4004.61538461539
3993.33333333333
4002.05128205128
4007.17948717949
4000.51282051282
4001.02564102564
4010.76923076923
4007.69230769231
3996.41025641026
3993.84615384615
3991.28205128205
3984.61538461539
3979.48717948718
3979.48717948718
3983.58974358974
3988.71794871795
3988.71794871795
3984.10256410256
3987.17948717949
3990.25641025641
3988.20512820513
3988.71794871795
3985.64102564103
3983.07692307692
3991.28205128205
4001.53846153846
3998.97435897436
3994.35897435898
4000
4007.17948717949
4007.17948717949
4004.10256410256
4002.5641025641
3996.41025641026
3990.76923076923
3993.84615384615
4002.05128205128
4005.12820512821
3999.48717948718
3990.76923076923
3985.64102564103
3987.17948717949
3993.33333333333
3998.97435897436
3997.4358974359
3994.35897435898
3995.38461538462
3992.30769230769
3989.74358974359
3990.76923076923
3988.71794871795
3987.17948717949
3989.23076923077
3992.30769230769
3991.28205128205
3980.51282051282
3969.23076923077
3976.41025641026
3988.20512820513
3990.25641025641
3985.64102564103
3981.53846153846
3982.5641025641
3985.12820512821
3985.12820512821
3980.51282051282
3973.84615384615
3973.33333333333
3982.05128205128
3986.15384615385
3983.58974358974
3987.17948717949
3994.8717948718
3990.25641025641
3976.41025641026
3972.82051282051
3981.53846153846
3988.20512820513
3991.28205128205
3986.66666666667
3973.33333333333
3969.23076923077
3983.58974358974
3994.8717948718
3990.25641025641
3985.64102564103
3989.74358974359
3990.25641025641
3984.10256410256
3986.15384615385
3992.30769230769
3991.79487179487
3987.69230769231
3986.66666666667
3988.20512820513
3990.25641025641
3991.79487179487
3981.53846153846
3969.74358974359
3977.94871794872
3992.30769230769
3988.71794871795
3980.51282051282
3983.58974358974
3990.76923076923
3997.4358974359
3994.35897435898
3987.69230769231
3994.8717948718
4004.10256410256
4003.07692307692
4002.5641025641
4004.61538461539
4007.69230769231
4010.76923076923
4008.71794871795
4004.10256410256
4005.12820512821
4004.10256410256
4002.5641025641
4010.25641025641
4008.20512820513
3991.79487179487
3983.07692307692
3991.79487179487
4002.05128205128
4002.5641025641
4007.17948717949
4021.02564102564
4024.10256410256
4008.71794871795
4000.51282051282
4008.20512820513
4014.35897435898
4013.33333333333
4009.74358974359
4007.17948717949
4003.58974358974
4003.58974358974
4011.79487179487
4016.41025641026
4009.74358974359
4005.12820512821
4006.15384615385
4005.12820512821
4004.10256410256
4004.61538461539
4005.12820512821
4012.30769230769
4016.41025641026
4009.23076923077
4007.17948717949
4014.8717948718
4015.89743589744
4008.20512820513
4007.17948717949
4009.74358974359
4009.74358974359
4008.71794871795
4008.20512820513
4004.10256410256
3990.25641025641
3983.58974358974
3993.84615384615
4004.61538461539
4005.64102564103
4006.66666666667
4010.25641025641
4008.20512820513
4005.12820512821
4006.15384615385
4007.17948717949
4002.5641025641
3997.4358974359
4004.10256410256
4015.89743589744
4012.82051282051
4005.12820512821
4007.17948717949
4009.74358974359
4010.76923076923
4018.46153846154
4027.17948717949
4020
4006.15384615385
4008.71794871795
4019.48717948718
4014.35897435898
4008.20512820513
4011.28205128205
4007.69230769231
4001.53846153846
4003.58974358974
4004.61538461539
4003.58974358974
4006.15384615385
4006.15384615385
4005.12820512821
4007.69230769231
4007.17948717949
3995.89743589744
3984.61538461539
3990.76923076923
3999.48717948718
3990.25641025641
3987.69230769231
4004.10256410256
4011.28205128205
4004.10256410256
3997.94871794872
3994.35897435898
4000
4011.28205128205
4008.20512820513
3999.48717948718
4005.12820512821
4015.89743589744
4014.8717948718
4005.64102564103
4004.10256410256
4008.71794871795
4007.17948717949
4001.02564102564
4001.02564102564
4006.15384615385
4007.69230769231
4005.64102564103
4006.66666666667
4008.71794871795
4006.15384615385
4004.61538461539
4010.25641025641
4013.84615384615
4014.8717948718
4013.84615384615
4008.71794871795
4007.17948717949
4009.74358974359
4005.12820512821
3999.48717948718
4003.07692307692
4006.66666666667
4004.10256410256
4003.07692307692
4005.12820512821
4006.66666666667
4005.64102564103
4005.12820512821
4006.66666666667
4006.66666666667
4003.07692307692
3998.97435897436
4000
4003.07692307692
4001.02564102564
3996.92307692308
4000
4002.5641025641
3991.79487179487
3983.58974358974
3988.71794871795
3991.79487179487
3988.71794871795
3996.92307692308
4010.25641025641
4003.58974358974
3990.25641025641
3997.94871794872
4013.84615384615
4012.82051282051
4003.07692307692
4004.10256410256
4012.82051282051
4016.41025641026
4007.17948717949
4000
4004.10256410256
4006.66666666667
4005.12820512821
4005.64102564103
4004.61538461539
4001.53846153846
4008.20512820513
4015.89743589744
4008.71794871795
4003.07692307692
4008.20512820513
4014.8717948718
4020
4023.07692307692
4020
4016.92307692308
4019.48717948718
4018.46153846154
4011.28205128205
4004.10256410256
4001.02564102564
4007.69230769231
4013.33333333333
4008.20512820513
4005.12820512821
4012.82051282051
4015.38461538462
4007.17948717949
4006.66666666667
4004.10256410256
3992.30769230769
3994.8717948718
4005.12820512821
3996.41025641026
3989.74358974359
4001.53846153846
4007.17948717949
4003.07692307692
4001.02564102564
3998.97435897436
3996.41025641026
3998.46153846154
3992.30769230769
3976.92307692308
3974.8717948718
3987.17948717949
3992.30769230769
3989.23076923077
3989.74358974359
3989.74358974359
3990.25641025641
3996.92307692308
3998.46153846154
3991.28205128205
3986.15384615385
3988.71794871795
3991.79487179487
3991.79487179487
3990.25641025641
3989.74358974359
3990.25641025641
3990.25641025641
3989.23076923077
3989.23076923077
3990.76923076923
3990.76923076923
3989.74358974359
3987.17948717949
3983.07692307692
3980.51282051282
3989.74358974359
4005.64102564103
4008.20512820513
3994.35897435898
3977.4358974359
3972.30769230769
3981.02564102564
3990.25641025641
3983.07692307692
3978.46153846154
3989.74358974359
4002.05128205128
4013.84615384615
4026.15384615385
4031.28205128205
4032.30769230769
4036.41025641026
4048.71794871795
4060
4057.94871794872
4049.23076923077
4050.76923076923
4051.79487179487
4044.10256410256
4044.10256410256
4043.07692307692
4029.23076923077
4021.53846153846
4028.71794871795
4035.89743589744
4037.94871794872
4029.23076923077
4010.25641025641
4002.5641025641
4002.5641025641
3996.41025641026
3992.82051282051
3992.30769230769
3989.74358974359
3991.79487179487
3990.76923076923
3988.71794871795
3995.89743589744
3998.46153846154
3985.12820512821
3973.84615384615
3970.25641025641
3973.84615384615
3976.41025641026
3966.15384615385
3959.48717948718
3968.71794871795
3983.58974358974
3990.25641025641
3990.76923076923
3990.25641025641
3989.74358974359
3991.79487179487
3991.28205128205
3990.25641025641
3987.17948717949
3983.58974358974
3989.74358974359
3991.79487179487
3980.51282051282
3971.79487179487
3975.38461538462
3983.58974358974
3988.71794871795
3984.61538461539
3975.38461538462
3970.76923076923
3965.12820512821
3956.41025641026
3959.48717948718
3972.30769230769
3976.92307692308
3971.79487179487
3967.17948717949
3975.89743589744
3987.69230769231
3983.58974358974
3977.4358974359
3984.61538461539
3993.84615384615
3989.23076923077
3980.51282051282
3979.48717948718
3978.97435897436
3973.33333333333
3973.84615384615
3983.58974358974
3984.61538461539
3979.48717948718
3981.53846153846
3987.69230769231
3991.79487179487
3992.82051282051
3986.66666666667
3982.05128205128
3983.58974358974
3984.61538461539
3982.05128205128
3979.48717948718
3983.07692307692
3988.71794871795
3987.17948717949
3987.17948717949
3991.28205128205
3981.53846153846
3968.71794871795
3972.30769230769
3980
3984.61538461539
3990.76923076923
3988.71794871795
3985.64102564103
3986.66666666667
3986.15384615385
3984.61538461539
3977.94871794872
3973.33333333333
3987.17948717949
3991.28205128205
3977.4358974359
3975.38461538462
3980
3977.94871794872
3981.53846153846
3992.30769230769
3999.48717948718
3992.30769230769
3975.89743589744
3971.28205128205
3976.41025641026
3975.89743589744
3982.5641025641
3994.8717948718
3989.74358974359
3975.38461538462
3975.38461538462
3982.05128205128
3981.53846153846
3983.07692307692
3989.23076923077
3987.69230769231
3980
3983.07692307692
3990.76923076923
3989.23076923077
3983.07692307692
3985.12820512821
3990.76923076923
3986.15384615385
3978.97435897436
3983.58974358974
3991.28205128205
3988.20512820513
3987.17948717949
3993.33333333333
3989.74358974359
3984.61538461539
3988.20512820513
3989.74358974359
3992.82051282051
3992.30769230769
3981.53846153846
3979.48717948718
3989.23076923077
3993.84615384615
3995.89743589744
3992.30769230769
3973.84615384615
3969.23076923077
3981.02564102564
3978.46153846154
3973.33333333333
3992.82051282051
4012.30769230769
4014.35897435898
4023.58974358974
4037.94871794872
4045.64102564103
4054.8717948718
4066.66666666667
4067.69230769231
4066.15384615385
4064.10256410256
4053.84615384615
4050.76923076923
4054.35897435898
4046.66666666667
4034.8717948718
4034.35897435898
4033.33333333333
4020
4008.71794871795
4004.61538461539
4002.05128205128
3998.97435897436
3997.4358974359
3998.46153846154
4004.61538461539
4006.66666666667
3996.92307692308
3990.25641025641
4001.02564102564
4011.79487179487
4007.17948717949
3994.35897435898
3989.23076923077
3992.82051282051
3994.35897435898
3988.20512820513
3987.17948717949
3989.23076923077
3978.46153846154
3965.12820512821
3963.07692307692
3972.82051282051
3988.71794871795
4003.58974358974
4010.25641025641
4014.35897435898
4015.89743589744
4009.23076923077
4003.07692307692
4002.05128205128
4000
4000
3997.4358974359
3988.20512820513
3988.71794871795
3992.30769230769
3977.4358974359
3970.76923076923
3989.23076923077
3994.35897435898
3978.97435897436
3978.97435897436
3987.69230769231
3988.20512820513
3994.35897435898
4004.61538461539
4006.66666666667
4004.61538461539
4000
3995.38461538462
3995.89743589744
3994.8717948718
3996.41025641026
4005.64102564103
4000
3986.15384615385
3989.23076923077
3988.20512820513
3975.89743589744
3975.38461538462
3977.4358974359
3970.25641025641
3969.74358974359
3980.51282051282
3982.5641025641
3981.02564102564
3993.84615384615
4010.76923076923
4008.20512820513
3994.35897435898
3987.69230769231
3985.12820512821
3984.61538461539
3983.58974358974
3977.94871794872
3975.38461538462
3985.64102564103
3990.76923076923
3980
3973.84615384615
3974.8717948718
3975.89743589744
3969.74358974359
3960.51282051282
3962.05128205128
3972.82051282051
3973.33333333333
3972.82051282051
3988.71794871795
4002.5641025641
4001.02564102564
3995.38461538462
3986.66666666667
3984.61538461539
3986.15384615385
3981.53846153846
3977.4358974359
3983.07692307692
3985.64102564103
3980
3974.8717948718
3972.82051282051
3974.8717948718
3969.23076923077
3957.94871794872
3966.66666666667
3982.5641025641
3985.12820512821
3986.66666666667
3989.74358974359
3992.82051282051
3997.94871794872
3995.38461538462
3992.30769230769
3998.46153846154
3994.8717948718
3987.17948717949
3989.74358974359
3991.79487179487
3986.15384615385
3979.48717948718
3974.8717948718
3976.92307692308
3976.92307692308
3971.79487179487
3970.25641025641
3969.74358974359
3971.28205128205
3985.64102564103
4001.53846153846
4006.15384615385
4008.20512820513
4005.64102564103
3996.41025641026
3992.30769230769
3993.33333333333
3986.66666666667
3984.61538461539
3992.30769230769
3992.82051282051
3983.58974358974
3974.8717948718
3969.74358974359
3972.30769230769
3973.33333333333
3969.23076923077
3969.23076923077
3971.28205128205
3972.30769230769
3970.76923076923
3971.28205128205
3978.97435897436
3989.74358974359
3993.84615384615
3990.76923076923
3983.58974358974
3974.35897435898
3974.8717948718
3985.64102564103
3988.71794871795
3983.07692307692
3982.05128205128
3982.05128205128
3976.41025641026
3972.82051282051
3976.92307692308
3981.02564102564
3984.10256410256
3985.64102564103
3976.92307692308
3969.74358974359
3981.53846153846
3995.89743589744
3995.38461538462
3993.84615384615
3996.92307692308
4000.51282051282
4005.12820512821
4006.66666666667
4004.10256410256
4001.53846153846
4002.05128205128
4003.07692307692
3995.89743589744
3988.20512820513
3993.33333333333
3996.41025641026
3989.23076923077
3986.15384615385
3988.71794871795
3986.66666666667
3986.15384615385
3988.71794871795
3992.82051282051
4001.53846153846
4009.74358974359
4003.07692307692
3992.30769230769
4000.51282051282
4005.64102564103
3992.30769230769
3990.25641025641
4001.53846153846
3997.94871794872
3988.71794871795
3990.25641025641
3990.25641025641
3983.58974358974
3983.07692307692
3984.61538461539
3984.10256410256
3991.79487179487
4005.12820512821
4011.79487179487
4007.17948717949
4000
4001.53846153846
4008.20512820513
4004.61538461539
4001.02564102564
4011.28205128205
4010.25641025641
3997.4358974359
3997.4358974359
4005.64102564103
4002.5641025641
3991.79487179487
3987.17948717949
3988.20512820513
3985.12820512821
3982.05128205128
3994.35897435898
4008.20512820513
4005.64102564103
4007.17948717949
4016.41025641026
4012.30769230769
4004.61538461539
4006.15384615385
4006.15384615385
4003.58974358974
4003.58974358974
4003.07692307692
4001.53846153846
4001.02564102564
4003.07692307692
4006.15384615385
3998.97435897436
3988.20512820513
3992.82051282051
4000.51282051282
3993.84615384615
3985.12820512821
3980.51282051282
3981.02564102564
3987.69230769231
3989.23076923077
3985.12820512821
3989.23076923077
3991.28205128205
3983.07692307692
3985.12820512821
3998.97435897436
3997.94871794872
3985.12820512821
3984.61538461539
3993.84615384615
3990.76923076923
