
4397.4358974359
4388.71794871795
4388.20512820513
4398.46153846154
4400
4395.38461538462
4394.35897435897
4397.4358974359
4400.51282051282
4393.84615384615
4387.17948717949
4397.4358974359
4408.71794871795
4400.51282051282
4393.84615384615
4406.15384615385
4416.41025641026
4411.28205128205
4400
4393.84615384615
4396.41025641026
4399.48717948718
4400.51282051282
4406.66666666667
4412.30769230769
4405.12820512821
4394.8717948718
4395.38461538462
4398.97435897436
4393.33333333333
4387.17948717949
4394.35897435897
4402.5641025641
4396.41025641026
4393.33333333333
4400.51282051282
4391.79487179487
4381.02564102564
4392.82051282051
4403.07692307692
4399.48717948718
4396.92307692308
4393.33333333333
4387.69230769231
4393.33333333333
4405.12820512821
4405.12820512821
4397.94871794872
4396.92307692308
4402.05128205128
4395.38461538462
4380.51282051282
4383.58974358974
4395.38461538462
4395.89743589744
4383.07692307692
4377.4358974359
4389.74358974359
4398.46153846154
4391.28205128205
4384.10256410256
4394.35897435897
4398.97435897436
4385.64102564103
4379.48717948718
4384.10256410256
4385.12820512821
4388.71794871795
4395.38461538462
4392.82051282051
4386.15384615385
4382.5641025641
4384.10256410256
4396.41025641026
4404.61538461538
4395.89743589744
4386.66666666667
4388.20512820513
4396.92307692308
4401.02564102564
4387.69230769231
4382.5641025641
4393.84615384615
4396.92307692308
4389.23076923077
4385.12820512821
4387.69230769231
4388.20512820513
4386.15384615385
4380.51282051282
4381.53846153846
4383.07692307692
4380.51282051282
4386.15384615385
4389.23076923077
4384.61538461538
4387.69230769231
4388.71794871795
4383.58974358974
4390.25641025641
4398.97435897436
4396.41025641026
4396.41025641026
4393.33333333333
4383.58974358974
4387.17948717949
4396.92307692308
4394.35897435897
4393.84615384615
4398.97435897436
4398.46153846154
4393.84615384615
4394.35897435897
4398.97435897436
4403.07692307692
4408.20512820513
4406.15384615385
4395.38461538462
4396.92307692308
4412.82051282051
4421.02564102564
4413.33333333333
4405.12820512821
4401.02564102564
4395.38461538462
4391.28205128205
4387.17948717949
4378.97435897436
4378.46153846154
4390.76923076923
4393.33333333333
4384.10256410256
4390.25641025641
4401.53846153846
4390.25641025641
4376.92307692308
4376.92307692308
4378.46153846154
4374.35897435897
4370.25641025641
4372.82051282051
4378.46153846154
4380
4377.94871794872
4381.02564102564
4382.5641025641
4374.35897435897
4374.8717948718
4383.58974358974
4386.15384615385
4382.5641025641
4376.41025641026
4374.8717948718
4381.02564102564
4382.05128205128
4370.25641025641
4370.25641025641
4382.05128205128
4375.89743589744
4362.05128205128
4369.23076923077
4384.61538461538
4378.46153846154
4366.15384615385
4371.28205128205
4381.02564102564
4380
4375.38461538462
4378.46153846154
4382.5641025641
4382.05128205128
4376.92307692308
4382.5641025641
4395.38461538462
4391.79487179487
4377.94871794872
4377.94871794872
4383.07692307692
4381.53846153846
4383.07692307692
4385.12820512821
4381.02564102564
4377.4358974359
4381.02564102564
4381.02564102564
4373.33333333333
4376.41025641026
4384.10256410256
4378.46153846154
4372.30769230769
4372.82051282051
4372.82051282051
4376.92307692308
4384.10256410256
4381.02564102564
4374.35897435897
4374.35897435897
4375.38461538462
4370.76923076923
4363.58974358974
4364.10256410256
4367.69230769231
4363.07692307692
4361.02564102564
4368.20512820513
4374.35897435897
4375.89743589744
4371.28205128205
4366.15384615385
4368.20512820513
4370.25641025641
4367.69230769231
4366.15384615385
4365.64102564103
4366.66666666667
4371.28205128205
4367.17948717949
4357.4358974359
4362.05128205128
4369.23076923077
4364.61538461538
4363.07692307692
4368.20512820513
4367.17948717949
4366.66666666667
4373.84615384615
4375.38461538462
4373.84615384615
4373.84615384615
4372.82051282051
4371.28205128205
4374.8717948718
4374.35897435897
4364.61538461538
4359.48717948718
4364.61538461538
4364.61538461538
4355.89743589744
4354.8717948718
4365.64102564103
4368.20512820513
4359.48717948718
4359.48717948718
4368.71794871795
4370.76923076923
4366.66666666667
4364.61538461538
4364.61538461538
4375.38461538462
4386.15384615385
4374.35897435897
4359.48717948718
4366.15384615385
4373.33333333333
4361.53846153846
4352.82051282051
4361.02564102564
4369.23076923077
4371.79487179487
4368.20512820513
4366.66666666667
4367.69230769231
4359.48717948718
4355.38461538462
4364.10256410256
4369.23076923077
4368.20512820513
4369.23076923077
4368.20512820513
4364.61538461538
4356.92307692308
4350.76923076923
4355.89743589744
4356.92307692308
4348.20512820513
4349.23076923077
4362.05128205128
4365.64102564103
4355.89743589744
4347.69230769231
4348.20512820513
4350.25641025641
4347.69230769231
4345.64102564103
4352.30769230769
4362.5641025641
4361.53846153846
4355.89743589744
4357.94871794872
4359.48717948718
4356.41025641026
4355.89743589744
4356.92307692308
4356.92307692308
4353.84615384615
4348.71794871795
4349.74358974359
4354.8717948718
4354.8717948718
4357.94871794872
4364.61538461538
4361.02564102564
4360
4366.15384615385
4366.15384615385
4366.66666666667
4374.8717948718
4369.74358974359
4355.38461538462
4358.46153846154
4364.10256410256
4361.02564102564
4358.46153846154
4354.8717948718
4351.28205128205
4355.38461538462
4358.97435897436
4353.84615384615
4352.82051282051
4361.02564102564
4365.64102564103
4366.66666666667
4366.15384615385
4364.61538461538
4367.17948717949
4372.30769230769
4374.35897435897
4372.30769230769
4369.23076923077
4367.17948717949
4366.15384615385
4368.20512820513
4365.64102564103
4360.51282051282
4362.05128205128
4365.12820512821
4361.02564102564
4356.92307692308
4358.97435897436
4354.8717948718
4352.30769230769
4356.41025641026
4357.94871794872
4365.12820512821
4365.64102564103
4356.41025641026
4365.64102564103
4375.89743589744
4359.48717948718
4349.23076923077
4360
4360.51282051282
4356.92307692308
4355.89743589744
4348.71794871795
4352.30769230769
4361.53846153846
4358.97435897436
4352.82051282051
4356.92307692308
4358.46153846154
4355.38461538462
4362.05128205128
4369.74358974359
4365.12820512821
4356.41025641026
4347.69230769231
4343.58974358974
4353.33333333333
4361.02564102564
4356.92307692308
4366.15384615385
4371.79487179487
4353.84615384615
4348.20512820513
4358.46153846154
4356.41025641026
4353.84615384615
4356.41025641026
4354.35897435897
4350.76923076923
4349.23076923077
4354.8717948718
4364.61538461538
4368.20512820513
4371.79487179487
4375.38461538462
4367.69230769231
4367.69230769231
4378.46153846154
4384.10256410256
4386.15384615385
4386.15384615385
4383.07692307692
4381.02564102564
4386.15384615385
4395.89743589744
4391.79487179487
4369.74358974359
4362.05128205128
4377.94871794872
4385.12820512821
4380
4380.51282051282
4385.64102564103
4385.12820512821
4378.97435897436
4378.46153846154
4386.15384615385
4380
4368.71794871795
4375.89743589744
4380.51282051282
4367.17948717949
4362.05128205128
4366.66666666667
4367.69230769231
4373.33333333333
4381.53846153846
4388.20512820513
4391.28205128205
4380.51282051282
4367.69230769231
4373.84615384615
4382.05128205128
4373.84615384615
4368.20512820513
4376.41025641026
4383.07692307692
4384.10256410256
4384.61538461538
4374.35897435897
4365.12820512821
4374.8717948718
4384.61538461538
4377.94871794872
4372.82051282051
4373.33333333333
4367.69230769231
4364.61538461538
4370.25641025641
4375.38461538462
4373.33333333333
4368.71794871795
4371.79487179487
4380
4375.38461538462
4366.66666666667
4373.33333333333
4370.76923076923
4357.94871794872
4366.15384615385
4380
4375.38461538462
4371.28205128205
4368.71794871795
4365.12820512821
4373.84615384615
4377.94871794872
4370.76923076923
4371.79487179487
4379.48717948718
4382.05128205128
4382.05128205128
4376.92307692308
4371.28205128205
4376.41025641026
4388.20512820513
4389.23076923077
4375.38461538462
4368.71794871795
4378.46153846154
4388.71794871795
4386.66666666667
4376.92307692308
4374.8717948718
4380
4376.92307692308
4372.82051282051
4379.48717948718
4383.07692307692
4378.97435897436
4378.46153846154
4381.02564102564
4382.05128205128
4384.61538461538
4387.17948717949
4383.07692307692
4371.79487179487
4373.33333333333
4385.64102564103
4381.53846153846
4366.15384615385
4361.02564102564
4366.66666666667
4373.84615384615
4372.82051282051
4368.20512820513
4370.76923076923
4372.30769230769
4364.61538461538
4363.07692307692
4370.25641025641
4377.94871794872
4386.66666666667
4390.76923076923
4383.58974358974
4378.46153846154
4385.12820512821
4389.23076923077
4386.15384615385
4387.69230769231
4385.64102564103
4378.97435897436
4379.48717948718
4377.94871794872
4373.33333333333
4380
4387.69230769231
4378.46153846154
4371.79487179487
4379.48717948718
4384.61538461538
4383.58974358974
4382.05128205128
4381.02564102564
4378.97435897436
4382.5641025641
4385.12820512821
4374.35897435897
4362.05128205128
4362.05128205128
4366.66666666667
4370.76923076923
4371.79487179487
4368.71794871795
4365.12820512821
4365.64102564103
4368.20512820513
4373.33333333333
4374.35897435897
4366.66666666667
4362.05128205128
4366.15384615385
4368.20512820513
4358.46153846154
4355.89743589744
4369.74358974359
4369.23076923077
4354.8717948718
4358.97435897436
4375.38461538462
4382.05128205128
4381.02564102564
4367.17948717949
4353.84615384615
4368.20512820513
4384.61538461538
4371.79487179487
4363.07692307692
4375.89743589744
4378.97435897436
4370.76923076923
4376.92307692308
4386.15384615385
4381.53846153846
4369.74358974359
4362.05128205128
4366.15384615385
4376.41025641026
4370.25641025641
4363.58974358974
4376.41025641026
4387.69230769231
4381.53846153846
4380.51282051282
4385.64102564103
4374.8717948718
4359.48717948718
4363.07692307692
4372.82051282051
4366.66666666667
4364.10256410256
4382.5641025641
4387.69230769231
4373.33333333333
4371.28205128205
4383.07692307692
4384.61538461538
4378.97435897436
4376.92307692308
4379.48717948718
4389.74358974359
4398.46153846154
4393.84615384615
4387.69230769231
4391.28205128205
4390.25641025641
4385.12820512821
4387.69230769231
4386.66666666667
4380.51282051282
4379.48717948718
4379.48717948718
4380
4382.5641025641
4378.46153846154
4379.48717948718
4394.35897435897
4402.05128205128
4397.4358974359
4388.71794871795
4384.10256410256
4382.05128205128
4381.53846153846
4386.66666666667
4395.38461538462
4399.48717948718
4397.4358974359
4389.74358974359
4378.97435897436
4378.46153846154
4387.69230769231
4388.71794871795
4383.07692307692
4384.61538461538
4387.69230769231
4378.97435897436
4372.30769230769
4384.10256410256
4393.33333333333
4390.76923076923
4388.71794871795
4383.07692307692
4376.92307692308
4383.58974358974
4388.20512820513
4382.05128205128
4380.51282051282
4383.58974358974
4372.30769230769
4357.4358974359
4360.51282051282
4372.30769230769
4375.38461538462
4377.4358974359
4383.07692307692
4384.10256410256
4379.48717948718
4374.35897435897
4374.35897435897
4380.51282051282
4384.10256410256
4379.48717948718
4373.84615384615
4374.35897435897
4380
4381.53846153846
4381.02564102564
4384.61538461538
4384.61538461538
4383.58974358974
4390.76923076923
4392.30769230769
4389.74358974359
4397.94871794872
4407.69230769231
4401.02564102564
4384.10256410256
4377.94871794872
4382.5641025641
4385.64102564103
4383.58974358974
4384.10256410256
4381.02564102564
4372.82051282051
4373.33333333333
4386.15384615385
4392.82051282051
4385.12820512821
4377.94871794872
4378.46153846154
4377.4358974359
4369.74358974359
4362.5641025641
4369.74358974359
4389.74358974359
4398.97435897436
4388.20512820513
4379.48717948718
4380.51282051282
4382.05128205128
4382.05128205128
4386.15384615385
4394.8717948718
4395.89743589744
4390.76923076923
4385.64102564103
4388.71794871795
4397.4358974359
4392.82051282051
4380
4383.07692307692
4391.28205128205
4387.17948717949
4387.69230769231
4393.84615384615
4386.15384615385
4380.51282051282
4388.20512820513
4395.89743589744
4397.94871794872
4391.79487179487
4383.58974358974
4382.5641025641
4388.71794871795
4394.35897435897
4392.30769230769
4385.12820512821
4381.02564102564
4380.51282051282
4382.5641025641
4390.25641025641
4400.51282051282
4397.4358974359
4386.66666666667
4386.66666666667
4397.4358974359
4396.41025641026
4384.10256410256
4380.51282051282
4383.07692307692
4387.17948717949
4398.46153846154
4399.48717948718
4385.12820512821
4376.41025641026
4380
4384.61538461538
4379.48717948718
4371.28205128205
4374.8717948718
4383.07692307692
4385.12820512821
4381.53846153846
4377.4358974359
4381.53846153846
4394.35897435897
4401.02564102564
4396.92307692308
4393.84615384615
4383.58974358974
4372.82051282051
4380
4396.92307692308
4402.05128205128
4394.35897435897
4383.07692307692
4376.41025641026
4377.4358974359
4376.41025641026
4374.8717948718
4385.12820512821
4389.23076923077
4380
4386.15384615385
4397.94871794872
4391.79487179487
4388.20512820513
4397.94871794872
4397.4358974359
4387.17948717949
4390.76923076923
4396.92307692308
4393.33333333333
4382.05128205128
4372.82051282051
4376.41025641026
4391.28205128205
4398.97435897436
4389.74358974359
4385.12820512821
4390.25641025641
4394.35897435897
4397.94871794872
4395.38461538462
4385.12820512821
4383.07692307692
4389.23076923077
4387.69230769231
4386.66666666667
4394.35897435897
4400.51282051282
4398.46153846154
4388.20512820513
4378.97435897436
4380
4387.69230769231
4388.71794871795
4383.58974358974
4379.48717948718
4379.48717948718
4382.5641025641
4382.05128205128
4384.61538461538
4389.74358974359
4388.71794871795
4389.23076923077
4395.89743589744
4392.82051282051
4375.89743589744
4375.89743589744
4381.53846153846
4369.74358974359
4362.5641025641
4373.33333333333
4377.4358974359
4365.64102564103
4363.58974358974
4373.84615384615
4379.48717948718
4380
4381.02564102564
4374.8717948718
4365.12820512821
4370.25641025641
4386.15384615385
4393.84615384615
4394.8717948718
4397.4358974359
4389.23076923077
4376.41025641026
4385.64102564103
4400
4396.92307692308
4400.51282051282
4415.38461538462
4414.35897435897
4407.69230769231
4406.66666666667
4400
4397.4358974359
4404.61538461538
4414.35897435897
4424.61538461538
4430.76923076923
4428.71794871795
4428.20512820513
4424.10256410256
4412.30769230769
4409.74358974359
4416.41025641026
4409.23076923077
4397.94871794872
4403.58974358974
4412.30769230769
4411.79487179487
4409.74358974359
4411.79487179487
4414.8717948718
4415.38461538462
4412.82051282051
4411.79487179487
4408.20512820513
4396.92307692308
4393.84615384615
4405.64102564103
4413.84615384615
4406.15384615385
4398.46153846154
4394.8717948718
4384.61538461538
4374.8717948718
4383.07692307692
4391.79487179487
4383.07692307692
4381.53846153846
4395.89743589744
4405.12820512821
4396.92307692308
4385.12820512821
4388.71794871795
4400
4400.51282051282
4397.94871794872
4400.51282051282
4396.92307692308
4392.82051282051
4397.94871794872
4400
4395.89743589744
4394.8717948718
4400
4400.51282051282
4396.92307692308
4394.35897435897
4389.23076923077
4388.20512820513
4395.89743589744
4392.82051282051
4386.15384615385
4395.38461538462
4403.58974358974
4400
4397.4358974359
4398.46153846154
4400
4392.82051282051
4381.53846153846
4386.15384615385
4400.51282051282
4398.46153846154
4385.64102564103
4383.07692307692
4388.71794871795
4390.76923076923
4388.20512820513
4386.66666666667
4386.66666666667
4383.07692307692
4385.12820512821
4396.41025641026
4405.12820512821
4403.07692307692
4402.5641025641
4404.61538461538
4397.94871794872
4396.92307692308
4407.17948717949
4400.51282051282
4380.51282051282
4383.58974358974
4398.46153846154
4400
4396.41025641026
4389.74358974359
4387.17948717949
4394.8717948718
4396.41025641026
4391.28205128205
4394.35897435897
4391.79487179487
4384.10256410256
4389.74358974359
4397.4358974359
4390.25641025641
4382.05128205128
4386.15384615385
4397.94871794872
4400.51282051282
4395.89743589744
4395.89743589744
4393.33333333333
4387.17948717949
4391.79487179487
4398.97435897436
4399.48717948718
4400.51282051282
4393.84615384615
4377.94871794872
4382.5641025641
4398.97435897436
4394.8717948718
4381.02564102564
4381.02564102564
4384.10256410256
4386.15384615385
4389.23076923077
4386.66666666667
4385.12820512821
4392.30769230769
4400
4398.97435897436
4397.94871794872
4400
4398.97435897436
4394.35897435897
4393.33333333333
4396.92307692308
4394.35897435897
4387.69230769231
4392.30769230769
4404.10256410256
4404.61538461538
4397.4358974359
4397.94871794872
4398.97435897436
4395.38461538462
4395.38461538462
4395.38461538462
4392.30769230769
4394.8717948718
4397.94871794872
4400
4407.17948717949
4414.8717948718
4415.89743589744
4407.17948717949
4398.97435897436
4402.05128205128
4403.58974358974
4393.33333333333
4385.64102564103
4394.8717948718
4408.20512820513
4412.30769230769
4410.25641025641
4412.82051282051
4420
4427.69230769231
4432.30769230769
4432.30769230769
4429.74358974359
4422.5641025641
4421.02564102564
4430.76923076923
4430.76923076923
4417.94871794872
4409.23076923077
4414.8717948718
4425.12820512821
4422.5641025641
4410.76923076923
4410.25641025641
4410.25641025641
4397.4358974359
4395.89743589744
4409.23076923077
4413.84615384615
4409.23076923077
4412.30769230769
4417.4358974359
4411.28205128205
4408.20512820513
4414.8717948718
4413.84615384615
4414.35897435897
4424.10256410256
4418.97435897436
4402.5641025641
4402.5641025641
4413.33333333333
4414.35897435897
4408.20512820513
4403.07692307692
4395.89743589744
4394.35897435897
4410.25641025641
4429.23076923077
4425.12820512821
4409.74358974359
4408.20512820513
4405.64102564103
4400.51282051282
4407.17948717949
4418.46153846154
4416.41025641026
4408.20512820513
4417.4358974359
4421.02564102564
4402.5641025641
4397.4358974359
4415.38461538462
4417.94871794872
4402.05128205128
4401.53846153846
4412.82051282051
4409.23076923077
4400.51282051282
4407.69230769231
4420.51282051282
4417.94871794872
4412.30769230769
4412.82051282051
4412.82051282051
4411.79487179487
4410.76923076923
4416.92307692308
4429.74358974359
4427.69230769231
4413.33333333333
4409.74358974359
4412.82051282051
4410.25641025641
4397.94871794872
4388.20512820513
4390.25641025641
4388.71794871795
4382.5641025641
4387.69230769231
4398.97435897436
4402.05128205128
4394.35897435897
4388.71794871795
4394.35897435897
4395.38461538462
4388.20512820513
4391.79487179487
4390.25641025641
4380
4389.23076923077
4402.05128205128
4395.89743589744
4395.89743589744
4403.07692307692
4394.8717948718
4382.05128205128
4376.41025641026
4378.46153846154
4384.61538461538
4377.94871794872
4363.58974358974
4375.38461538462
4399.48717948718
4395.89743589744
4384.10256410256
4390.25641025641
4391.28205128205
4382.5641025641
4386.66666666667
4397.94871794872
4401.02564102564
4398.97435897436
4398.97435897436
4397.94871794872
4395.38461538462
4396.92307692308
4396.41025641026
4385.64102564103
4380
4386.66666666667
4386.66666666667
4382.05128205128
4392.82051282051
4404.10256410256
4399.48717948718
4391.28205128205
4395.38461538462
4407.69230769231
4407.69230769231
4402.05128205128
4403.58974358974
4401.53846153846
4398.97435897436
4400.51282051282
4395.89743589744
4392.82051282051
4397.94871794872
4393.84615384615
4387.69230769231
4391.28205128205
4389.74358974359
4382.5641025641
4378.46153846154
4378.97435897436
4390.25641025641
4401.53846153846
4399.48717948718
4394.35897435897
4396.41025641026
4396.92307692308
4394.8717948718
4397.4358974359
4394.35897435897
4386.66666666667
4390.25641025641
4400.51282051282
4399.48717948718
4390.25641025641
4387.17948717949
4390.76923076923
4386.15384615385
4373.33333333333
4371.79487179487
4378.46153846154
4384.10256410256
4392.30769230769
4397.4358974359
4397.4358974359
4399.48717948718
4393.84615384615
4383.07692307692
4388.20512820513
4398.46153846154
4403.07692307692
4404.10256410256
4399.48717948718
4397.4358974359
4400.51282051282
4395.89743589744
4385.12820512821
4382.5641025641
4382.5641025641
4378.97435897436
4379.48717948718
4383.07692307692
4383.58974358974
4379.48717948718
4378.46153846154
4387.17948717949
4398.46153846154
4397.94871794872
4394.8717948718
4396.92307692308
4396.92307692308
4394.8717948718
4393.84615384615
4392.82051282051
4395.89743589744
4402.05128205128
4400
4395.38461538462
4399.48717948718
4402.05128205128
4393.84615384615
4390.76923076923
4395.89743589744
4393.84615384615
4392.30769230769
4398.97435897436
4401.53846153846
4400.51282051282
4403.07692307692
4399.48717948718
4395.89743589744
4399.48717948718
4406.66666666667
4405.64102564103
4397.4358974359
4401.02564102564
4407.17948717949
4398.46153846154
4395.89743589744
4409.23076923077
4418.46153846154
4413.84615384615
4409.23076923077
4405.12820512821
4401.02564102564
4396.41025641026
4393.84615384615
4396.92307692308
4398.97435897436
4398.97435897436
4405.12820512821
4413.84615384615
4412.30769230769
4399.48717948718
4395.38461538462
4396.41025641026
4387.69230769231
4381.53846153846
4392.82051282051
4403.07692307692
4396.41025641026
4391.28205128205
4399.48717948718
4408.20512820513
4406.66666666667
4398.46153846154
4392.30769230769
4397.94871794872
4408.20512820513
4411.28205128205
4403.07692307692
4396.41025641026
4399.48717948718
4398.97435897436
4392.30769230769
4397.4358974359
4408.71794871795
4404.10256410256
4395.89743589744
4397.94871794872
4401.02564102564
4397.94871794872
4390.25641025641
4375.38461538462
4367.17948717949
4382.05128205128
4395.89743589744
4387.17948717949
4378.46153846154
4383.58974358974
4383.58974358974
4377.4358974359
4385.12820512821
4394.35897435897
4392.30769230769
4389.23076923077
4393.84615384615
4399.48717948718
