O1
4310.76923076923
4312.30769230769
4316.92307692308
4313.33333333333
4317.4358974359
4321.53846153846
4312.82051282051
4315.38461538462
4329.74358974359
4317.94871794872
4303.07692307692
4319.48717948718
4329.74358974359
4313.84615384615
4305.64102564103
4312.30769230769
4312.30769230769
4304.61538461538
4301.02564102564
4303.07692307692
4310.25641025641
4308.71794871795
4297.4358974359
4298.97435897436
4311.79487179487
4316.92307692308
4307.17948717949
4294.35897435897
4290.76923076923
4293.84615384615
4297.4358974359
4300
4302.05128205128
4305.12820512821
4310.76923076923
4308.71794871795
4296.41025641026
4290.25641025641
4295.89743589744
4300.51282051282
4305.12820512821
4310.25641025641
4305.64102564103
4293.84615384615
4293.84615384615
4311.28205128205
4315.89743589744
4301.02564102564
4299.48717948718
4310.25641025641
4305.64102564103
4292.30769230769
4291.28205128205
4296.41025641026
4304.10256410256
4307.17948717949
4298.97435897436
4300.51282051282
4311.79487179487
4311.79487179487
4306.15384615385
4308.20512820513
4311.79487179487
4312.30769230769
4313.84615384615
4312.82051282051
4313.84615384615
4312.30769230769
4303.58974358974
4302.5641025641
4308.71794871795
4313.84615384615
4314.8717948718
4307.17948717949
4297.4358974359
4305.12820512821
4314.8717948718
4303.58974358974
4291.79487179487
4293.33333333333
4300
4307.17948717949
4311.79487179487
4312.82051282051
4309.74358974359
4307.17948717949
4310.76923076923
4315.38461538462
4305.64102564103
4295.89743589744
4306.15384615385
4314.35897435897
4308.20512820513
4307.69230769231
4311.28205128205
4306.66666666667
4306.15384615385
4313.33333333333
4313.33333333333
4309.74358974359
4312.30769230769
4313.33333333333
4310.76923076923
4309.74358974359
4308.20512820513
4311.28205128205
4314.8717948718
4315.89743589744
4320
4327.69230769231
4327.17948717949
4326.15384615385
4328.20512820513
4323.58974358974
4326.66666666667
4340.51282051282
4340
4332.30769230769
4341.53846153846
4355.89743589744
4352.82051282051
4345.64102564103
4341.53846153846
4332.30769230769
4323.58974358974
4323.07692307692
4327.69230769231
4321.02564102564
4306.66666666667
4312.82051282051
4331.28205128205
4326.66666666667
4313.33333333333
4317.4358974359
4321.53846153846
4314.8717948718
4309.74358974359
4310.25641025641
4313.84615384615
4310.76923076923
4303.58974358974
4305.12820512821
4309.23076923077
4307.69230769231
4309.23076923077
4311.79487179487
4306.15384615385
4305.64102564103
4311.79487179487
4310.76923076923
4309.23076923077
4312.30769230769
4311.79487179487
4309.23076923077
4310.25641025641
4304.10256410256
4301.02564102564
4310.76923076923
4312.30769230769
4303.07692307692
4306.66666666667
4311.79487179487
4301.53846153846
4299.48717948718
4310.25641025641
4311.79487179487
4306.66666666667
4309.23076923077
4312.30769230769
4310.25641025641
4308.71794871795
4308.20512820513
4309.74358974359
4308.20512820513
4306.15384615385
4306.15384615385
4306.15384615385
4311.28205128205
4319.48717948718
4318.97435897436
4317.4358974359
4319.48717948718
4317.4358974359
4310.76923076923
4301.02564102564
4294.8717948718
4303.58974358974
4314.35897435897
4311.28205128205
4311.28205128205
4312.30769230769
4298.97435897436
4295.89743589744
4314.35897435897
4321.02564102564
4313.84615384615
4308.20512820513
4300
4298.46153846154
4309.23076923077
4312.30769230769
4308.71794871795
4307.69230769231
4309.23076923077
4310.25641025641
4312.82051282051
4315.89743589744
4319.48717948718
4320
4322.5641025641
4323.07692307692
4309.23076923077
4297.4358974359
4309.23076923077
4328.20512820513
4324.61538461538
4312.82051282051
4316.92307692308
4321.53846153846
4312.30769230769
4310.76923076923
4321.02564102564
4320.51282051282
4314.8717948718
4320
4323.07692307692
4321.53846153846
4325.12820512821
4328.71794871795
4326.66666666667
4319.48717948718
4310.25641025641
4309.23076923077
4313.33333333333
4313.84615384615
4311.28205128205
4303.58974358974
4296.92307692308
4303.07692307692
4310.25641025641
4310.25641025641
4309.74358974359
4312.30769230769
4313.84615384615
4306.15384615385
4294.35897435897
4302.05128205128
4318.97435897436
4321.02564102564
4317.94871794872
4317.4358974359
4308.71794871795
4302.05128205128
4307.69230769231
4312.30769230769
4314.8717948718
4314.35897435897
4308.20512820513
4308.20512820513
4313.84615384615
4311.79487179487
4308.71794871795
4314.8717948718
4322.5641025641
4321.53846153846
4316.41025641026
4320
4326.15384615385
4322.05128205128
4317.4358974359
4317.94871794872
4312.82051282051
4308.71794871795
4312.82051282051
4315.89743589744
4315.89743589744
4321.53846153846
4322.05128205128
4312.30769230769
4310.76923076923
4317.4358974359
4313.33333333333
4309.23076923077
4317.4358974359
4322.5641025641
4322.05128205128
4325.64102564103
4325.12820512821
4319.48717948718
4318.97435897436
4320
4322.5641025641
4324.61538461538
4326.15384615385
4327.17948717949
4317.94871794872
4308.71794871795
4312.82051282051
4319.48717948718
4320
4324.10256410256
4330.25641025641
4324.61538461538
4315.89743589744
4320.51282051282
4329.23076923077
4329.74358974359
4326.15384615385
4318.46153846154
4307.17948717949
4310.25641025641
4324.10256410256
4323.58974358974
4314.8717948718
4319.48717948718
4329.23076923077
4322.5641025641
4310.76923076923
4309.74358974359
4315.38461538462
4322.05128205128
4322.5641025641
4313.33333333333
4303.07692307692
4308.20512820513
4323.07692307692
4326.15384615385
4318.46153846154
4322.05128205128
4324.10256410256
4309.74358974359
4311.28205128205
4327.69230769231
4328.20512820513
4319.48717948718
4315.38461538462
4311.28205128205
4309.74358974359
4310.25641025641
4313.84615384615
4321.02564102564
4317.4358974359
4311.79487179487
4311.28205128205
4309.74358974359
4316.41025641026
4327.17948717949
4325.64102564103
4315.38461538462
4312.30769230769
4314.35897435897
4309.74358974359
4307.69230769231
4314.35897435897
4317.4358974359
4310.25641025641
4308.20512820513
4316.41025641026
4320.51282051282
4318.97435897436
4317.4358974359
4317.4358974359
4320
4318.97435897436
4314.35897435897
4313.33333333333
4311.79487179487
4304.61538461538
4310.76923076923
4320
4312.30769230769
4309.74358974359
4318.46153846154
4318.97435897436
4314.35897435897
4312.30769230769
4311.79487179487
4316.92307692308
4320.51282051282
4317.4358974359
4320
4327.17948717949
4329.74358974359
4329.23076923077
4332.82051282051
4340.51282051282
4338.46153846154
4331.28205128205
4335.38461538462
4343.58974358974
4345.64102564103
4352.82051282051
4362.5641025641
4355.38461538462
4342.5641025641
4339.48717948718
4342.5641025641
4344.10256410256
4336.92307692308
4329.74358974359
4333.33333333333
4338.97435897436
4330.76923076923
4324.10256410256
4327.17948717949
4326.66666666667
4323.07692307692
4326.66666666667
4328.71794871795
4322.5641025641
4321.53846153846
4324.61538461538
4326.66666666667
4327.17948717949
4318.46153846154
4312.82051282051
4325.12820512821
4331.79487179487
4325.64102564103
4326.66666666667
4329.74358974359
4330.76923076923
4333.84615384615
4336.92307692308
4337.4358974359
4323.58974358974
4313.33333333333
4330.25641025641
4342.5641025641
4326.15384615385
4318.97435897436
4327.17948717949
4329.74358974359
4329.74358974359
4319.48717948718
4310.76923076923
4321.02564102564
4331.79487179487
4326.15384615385
4321.53846153846
4321.02564102564
4322.5641025641
4327.17948717949
4321.53846153846
4315.38461538462
4322.05128205128
4332.82051282051
4336.92307692308
4324.10256410256
4307.17948717949
4312.30769230769
4322.05128205128
4316.92307692308
4318.46153846154
4330.76923076923
4334.35897435897
4334.35897435897
4336.41025641026
4329.23076923077
4319.48717948718
4326.15384615385
4335.38461538462
4330.25641025641
4325.12820512821
4328.71794871795
4330.76923076923
4332.82051282051
4336.92307692308
4334.35897435897
4321.02564102564
4314.35897435897
4327.69230769231
4336.92307692308
4327.17948717949
4320
4321.02564102564
4318.46153846154
4317.4358974359
4326.15384615385
4333.84615384615
4326.15384615385
4317.4358974359
4328.71794871795
4334.8717948718
4324.61538461538
4326.15384615385
4334.35897435897
4325.64102564103
4317.4358974359
4325.64102564103
4328.71794871795
4321.53846153846
4316.92307692308
4314.35897435897
4318.46153846154
4325.64102564103
4320
4311.28205128205
4320
4325.12820512821
4318.46153846154
4319.48717948718
4321.53846153846
4317.94871794872
4323.58974358974
4328.71794871795
4318.46153846154
4313.33333333333
4324.61538461538
4330.25641025641
4327.17948717949
4325.64102564103
4327.17948717949
4327.17948717949
4324.61538461538
4321.02564102564
4325.64102564103
4329.23076923077
4318.97435897436
4313.33333333333
4319.48717948718
4318.97435897436
4314.35897435897
4320
4323.58974358974
4317.4358974359
4312.30769230769
4310.76923076923
4311.28205128205
4316.41025641026
4318.46153846154
4314.35897435897
4311.28205128205
4313.84615384615
4312.30769230769
4306.15384615385
4307.69230769231
4314.35897435897
4314.35897435897
4308.20512820513
4306.15384615385
4309.23076923077
4310.76923076923
4308.71794871795
4310.76923076923
4314.8717948718
4303.58974358974
4295.38461538462
4311.28205128205
4324.10256410256
4317.94871794872
4315.38461538462
4321.02564102564
4309.74358974359
4296.92307692308
4302.5641025641
4312.82051282051
4316.41025641026
4315.38461538462
4311.28205128205
4308.71794871795
4309.74358974359
4309.23076923077
4314.35897435897
4322.5641025641
4315.89743589744
4307.69230769231
4309.23076923077
4313.33333333333
4317.94871794872
4320.51282051282
4311.79487179487
4308.71794871795
4316.92307692308
4316.41025641026
4310.76923076923
4312.82051282051
4312.82051282051
4306.66666666667
4307.69230769231
4312.82051282051
4312.82051282051
4306.66666666667
4300
4305.64102564103
4312.82051282051
4310.76923076923
4312.30769230769
4320
4320.51282051282
4322.05128205128
4325.64102564103
4328.71794871795
4334.35897435897
4331.28205128205
4318.97435897436
4317.94871794872
4325.64102564103
4324.61538461538
4323.07692307692
4325.64102564103
4322.5641025641
4313.33333333333
4309.23076923077
4321.02564102564
4332.82051282051
4330.25641025641
4330.76923076923
4335.89743589744
4331.28205128205
4329.23076923077
4337.94871794872
4334.35897435897
4324.10256410256
4332.82051282051
4343.07692307692
4338.97435897436
4331.79487179487
4327.17948717949
4327.69230769231
4337.4358974359
4340
4327.69230769231
4324.10256410256
4329.23076923077
4326.66666666667
4327.69230769231
4335.38461538462
4334.8717948718
4334.8717948718
4341.53846153846
4335.89743589744
4326.66666666667
4331.28205128205
4340
4341.02564102564
4341.53846153846
4337.94871794872
4326.66666666667
4324.10256410256
4329.74358974359
4326.15384615385
4322.5641025641
4334.8717948718
4338.97435897436
4327.17948717949
4329.23076923077
4342.05128205128
4337.94871794872
4331.79487179487
4335.89743589744
4329.23076923077
4322.05128205128
4334.35897435897
4345.64102564103
4343.58974358974
4340
4332.82051282051
4326.15384615385
4334.8717948718
4343.07692307692
4345.12820512821
4348.71794871795
4342.05128205128
4335.38461538462
4341.53846153846
4343.58974358974
4338.46153846154
4337.4358974359
4333.33333333333
4328.71794871795
4334.8717948718
4337.94871794872
4327.17948717949
4324.61538461538
4336.41025641026
4340.51282051282
4334.8717948718
4330.25641025641
4327.17948717949
4326.66666666667
4325.12820512821
4318.97435897436
4315.89743589744
4319.48717948718
4327.17948717949
4335.38461538462
4331.79487179487
4323.58974358974
4325.12820512821
4329.23076923077
4328.71794871795
4328.20512820513
4325.12820512821
4324.10256410256
4327.17948717949
4331.79487179487
4327.17948717949
4316.92307692308
4320
4328.20512820513
4325.64102564103
4323.07692307692
4325.64102564103
4326.66666666667
4326.15384615385
4324.61538461538
4325.64102564103
4334.35897435897
4333.84615384615
4322.05128205128
4324.61538461538
4336.41025641026
4333.33333333333
4317.94871794872
4308.20512820513
4310.76923076923
4308.71794871795
4296.92307692308
4293.84615384615
4306.15384615385
4312.30769230769
4308.71794871795
4312.30769230769
4314.8717948718
4300.51282051282
4280
4274.8717948718
4286.15384615385
4293.84615384615
4292.82051282051
4299.48717948718
4311.79487179487
4314.35897435897
4310.25641025641
4308.71794871795
4310.25641025641
4311.79487179487
4306.15384615385
4296.41025641026
4295.38461538462
4305.64102564103
4315.89743589744
4318.46153846154
4318.97435897436
4319.48717948718
4310.76923076923
4302.5641025641
4316.92307692308
4332.82051282051
4322.5641025641
4311.28205128205
4318.97435897436
4330.25641025641
4323.58974358974
4315.38461538462
4319.48717948718
4322.05128205128
4315.89743589744
4312.30769230769
4312.30769230769
4312.30769230769
4322.5641025641
4330.25641025641
4316.92307692308
4308.20512820513
4320
4324.10256410256
4314.8717948718
4313.33333333333
4314.8717948718
4312.82051282051
4320
4326.66666666667
4323.58974358974
4310.76923076923
4304.61538461538
4320.51282051282
4325.64102564103
4313.33333333333
4316.92307692308
4321.53846153846
4307.17948717949
4309.23076923077
4328.71794871795
4322.5641025641
4305.12820512821
4308.71794871795
4319.48717948718
4314.8717948718
4310.25641025641
4312.82051282051
4311.79487179487
4314.35897435897
4318.46153846154
4311.79487179487
4307.17948717949
4315.89743589744
4310.76923076923
4297.94871794872
4303.07692307692
4313.84615384615
4312.82051282051
4303.58974358974
4286.15384615385
4264.10256410256
4262.05128205128
4273.33333333333
4274.8717948718
4274.35897435897
4278.46153846154
4281.02564102564
4280
4271.28205128205
4253.33333333333
4244.10256410256
4246.15384615385
4244.10256410256
4244.10256410256
4257.94871794872
4271.28205128205
4274.35897435897
4280
4278.46153846154
4265.64102564103
4270.76923076923
4293.84615384615
4294.35897435897
4273.33333333333
4257.4358974359
4247.69230769231
4244.10256410256
4245.64102564103
4247.69230769231
4245.64102564103
4241.02564102564
4248.71794871795
4271.28205128205
4290.76923076923
4295.38461538462
4297.4358974359
4305.12820512821
4310.25641025641
4312.30769230769
4316.41025641026
4318.46153846154
4324.10256410256
4328.20512820513
4318.46153846154
4315.89743589744
4324.10256410256
4314.8717948718
4304.10256410256
4315.89743589744
4320
4317.4358974359
4327.69230769231
4324.61538461538
4307.17948717949
4305.12820512821
4313.33333333333
4305.12820512821
4294.8717948718
4296.92307692308
4297.94871794872
4298.46153846154
4307.17948717949
4315.38461538462
4310.25641025641
4304.10256410256
4300.51282051282
4285.64102564103
4279.48717948718
4292.30769230769
4300.51282051282
4295.89743589744
4291.28205128205
4290.76923076923
4297.4358974359
4311.28205128205
4314.35897435897
4311.28205128205
4308.71794871795
4307.17948717949
4309.23076923077
4306.15384615385
4302.05128205128
4307.69230769231
4314.35897435897
4313.84615384615
4304.10256410256
4293.84615384615
4297.94871794872
4298.46153846154
4278.97435897436
4273.84615384615
4283.58974358974
4282.05128205128
4281.53846153846
4291.79487179487
4293.84615384615
4292.30769230769
4295.38461538462
4292.82051282051
4290.76923076923
4303.07692307692
4312.30769230769
4311.28205128205
4311.28205128205
4306.15384615385
4306.15384615385
4314.8717948718
4300
4263.07692307692
4238.97435897436
4231.28205128205
4231.79487179487
4234.35897435897
4232.82051282051
4231.79487179487
4231.79487179487
4230.25641025641
4234.8717948718
4238.46153846154
4232.82051282051
4229.23076923077
4231.79487179487
4232.82051282051
4231.79487179487
4231.28205128205
4230.25641025641
4230.76923076923
4232.82051282051
4233.84615384615
4233.84615384615
4232.30769230769
4231.79487179487
4228.20512820513
4224.10256410256
4228.20512820513
4235.89743589744
4237.4358974359
4235.38461538462
4234.8717948718
4233.33333333333
4232.82051282051
4231.28205128205
4238.97435897436
4251.79487179487
4243.07692307692
4233.84615384615
4245.64102564103
4249.74358974359
4245.64102564103
4256.92307692308
4260.51282051282
4248.71794871795
4249.74358974359
4260
4263.07692307692
4261.53846153846
4261.02564102564
4264.10256410256
4265.64102564103
4266.66666666667
4272.82051282051
4279.48717948718
4277.94871794872
4276.92307692308
4287.17948717949
4295.89743589744
4296.41025641026
4293.33333333333
4292.82051282051
4301.53846153846
4307.17948717949
4304.10256410256
4306.15384615385
4307.69230769231
4301.53846153846
4302.5641025641
4312.30769230769
4312.82051282051
4303.07692307692
4297.94871794872
4307.69230769231
4319.48717948718
4307.69230769231
4296.92307692308
4310.25641025641
4321.53846153846
4316.41025641026
4308.71794871795
4307.69230769231
4307.69230769231
4313.33333333333
4320
4314.8717948718
4306.66666666667
4308.20512820513
4311.28205128205
4308.20512820513
4306.66666666667
4316.92307692308
4332.82051282051
4337.4358974359
4332.30769230769
4333.33333333333
4345.12820512821
4357.94871794872
4359.48717948718
4354.8717948718
4356.41025641026
4351.79487179487
4340
4342.05128205128
4353.33333333333
4345.64102564103
4332.82051282051
4338.46153846154
4342.05128205128
4327.17948717949
4320.51282051282
4327.17948717949
4321.02564102564
4312.82051282051
4323.58974358974
4327.69230769231
4320
4322.5641025641
4328.71794871795
4326.66666666667
4329.74358974359
4336.41025641026
4331.28205128205
4321.02564102564
4325.12820512821
4337.4358974359
4335.38461538462
4323.07692307692
4322.5641025641
4328.20512820513
4322.05128205128
4308.71794871795
4306.66666666667
4316.41025641026
4328.20512820513
4340
4350.76923076923
4350.25641025641
4341.53846153846
4337.94871794872
4340.51282051282
4340
4340
4342.5641025641
4333.33333333333
4323.58974358974
4333.84615384615
4340
4329.74358974359
4328.71794871795
4337.4358974359
4335.89743589744
4330.76923076923
4332.30769230769
4333.84615384615
4333.84615384615
4335.38461538462
4336.92307692308
4340.51282051282
4345.12820512821
4342.05128205128
4329.74358974359
4324.61538461538
4330.76923076923
4336.92307692308
4341.53846153846
4343.07692307692
4337.4358974359
4325.12820512821
4316.92307692308
4320.51282051282
4326.66666666667
4323.07692307692
4318.97435897436
4323.07692307692
4326.66666666667
4323.58974358974
4321.53846153846
4326.66666666667
4340
4341.02564102564
4326.15384615385
4318.97435897436
4323.07692307692
4325.12820512821
4322.05128205128
4318.46153846154
4318.46153846154
4325.64102564103
4331.28205128205
4326.66666666667
4318.97435897436
4317.4358974359
4319.48717948718
4314.35897435897
4310.76923076923
4311.28205128205
4309.74358974359
4312.82051282051
4327.17948717949
4335.38461538462
4330.76923076923
4327.17948717949
4326.66666666667
4327.69230769231
4325.12820512821
4313.33333333333
4309.23076923077
4322.5641025641
4325.12820512821
4313.33333333333
4314.35897435897
4319.48717948718
4311.28205128205
4308.20512820513
4312.82051282051
4308.71794871795
4310.25641025641
4324.10256410256
4329.23076923077
4323.58974358974
4322.5641025641
4323.58974358974
4319.48717948718
4318.46153846154
4327.69230769231
4331.28205128205
4321.02564102564
4318.97435897436
4325.12820512821
4318.46153846154
4308.20512820513
4312.82051282051
4320
4315.38461538462
4309.74358974359
4310.25641025641
4313.84615384615
4308.71794871795
4303.58974358974
4320
4338.46153846154
4337.94871794872
4334.8717948718
4335.38461538462
4330.25641025641
4325.12820512821
4322.05128205128
4318.97435897436
4323.07692307692
4329.74358974359
4327.69230769231
4320
4312.30769230769
4308.20512820513
4310.25641025641
4313.84615384615
4312.30769230769
4309.23076923077
4309.74358974359
4311.79487179487
4311.79487179487
4310.76923076923
4311.79487179487
4316.92307692308
4325.12820512821
4325.64102564103
4314.8717948718
4306.15384615385
4312.82051282051
4319.48717948718
4312.30769230769
4309.23076923077
4315.38461538462
4320.51282051282
4318.46153846154
4310.25641025641
4307.17948717949
4314.8717948718
4321.02564102564
4316.41025641026
4307.69230769231
4308.71794871795
4321.02564102564
4321.53846153846
4315.38461538462
4322.5641025641
4330.76923076923
4327.69230769231
4325.12820512821
4326.66666666667
4327.69230769231
4326.15384615385
4322.5641025641
4325.12820512821
4328.71794871795
4326.15384615385
4323.07692307692
4319.48717948718
4321.02564102564
4323.58974358974
4320.51282051282
4321.53846153846
4323.58974358974
4315.38461538462
4312.82051282051
4328.71794871795
4336.92307692308
4327.69230769231
4321.53846153846
4329.23076923077
4336.92307692308
4333.84615384615
4327.17948717949
4323.58974358974
4324.10256410256
4323.58974358974
4323.07692307692
4325.12820512821
4318.46153846154
4309.23076923077
4311.28205128205
4318.46153846154
4321.53846153846
4325.12820512821
4331.28205128205
4328.20512820513
4323.07692307692
4321.53846153846
4316.92307692308
4314.35897435897
4322.5641025641
4329.74358974359
4325.12820512821
4321.02564102564
4321.02564102564
4321.53846153846
4321.53846153846
4314.8717948718
4309.74358974359
4309.23076923077
4308.71794871795
4310.76923076923
4318.46153846154
4326.66666666667
4328.20512820513
4327.17948717949
4327.17948717949
4329.74358974359
4331.28205128205
4331.28205128205
4333.33333333333
4333.33333333333
4328.20512820513
4326.15384615385
4329.74358974359
4331.28205128205
4326.66666666667
4322.05128205128
4321.53846153846
4325.64102564103
4328.71794871795
4327.17948717949
4322.05128205128
4314.8717948718
4309.74358974359
4309.74358974359
4316.41025641026
4323.58974358974
4322.5641025641
4314.8717948718
4308.20512820513
4310.25641025641
4318.46153846154
4325.64102564103
4328.71794871795
4325.64102564103
4321.02564102564
4319.48717948718
4321.02564102564
