4511.79487179487
4523.07692307692
4522.05128205128
4520.51282051282
4521.53846153846
4522.5641025641
4524.10256410256
4524.10256410256
4520.51282051282
4519.48717948718
4521.02564102564
4519.48717948718
4519.48717948718
4520.51282051282
4508.71794871795
4500.51282051282
4516.41025641026
4521.02564102564
4507.69230769231
4513.84615384615
4528.71794871795
4525.64102564103
4520.51282051282
4522.05128205128
4519.48717948718
4517.4358974359
4521.02564102564
4519.48717948718
4507.69230769231
4505.12820512821
4519.48717948718
4524.10256410256
4513.84615384615
4509.23076923077
4511.28205128205
4509.74358974359
4506.66666666667
4511.28205128205
4517.94871794872
4520
4523.58974358974
4520
4505.64102564103
4506.15384615385
4521.02564102564
4520.51282051282
4507.17948717949
4506.15384615385
4514.8717948718
4514.35897435897
4511.28205128205
4511.79487179487
4506.66666666667
4503.58974358974
4510.76923076923
4510.25641025641
4502.05128205128
4506.15384615385
4511.79487179487
4509.23076923077
4508.71794871795
4510.76923076923
4509.23076923077
4508.71794871795
4509.23076923077
4507.69230769231
4508.71794871795
4510.25641025641
4506.66666666667
4501.53846153846
4503.58974358974
4510.76923076923
4507.17948717949
4496.92307692308
4500.51282051282
4514.35897435897
4509.23076923077
4493.84615384615
4494.8717948718
4506.66666666667
4505.64102564103
4496.41025641026
4495.89743589744
4495.38461538462
4494.8717948718
4503.58974358974
4508.20512820513
4507.17948717949
4511.28205128205
4513.33333333333
4508.71794871795
4506.66666666667
4504.10256410256
4503.58974358974
4504.61538461538
4502.5641025641
4503.07692307692
4506.66666666667
4502.5641025641
4506.66666666667
4520
4518.46153846154
4508.20512820513
4508.20512820513
4508.71794871795
4504.61538461538
4506.15384615385
4511.79487179487
4511.79487179487
4510.76923076923
4508.20512820513
4505.12820512821
4504.61538461538
4505.64102564103
4504.61538461538
4505.12820512821
4505.64102564103
4504.10256410256
4505.64102564103
4510.76923076923
4509.74358974359
4504.61538461538
4502.5641025641
4503.58974358974
4508.71794871795
4505.12820512821
4492.82051282051
4497.94871794872
4510.25641025641
4501.02564102564
4491.28205128205
4501.53846153846
4508.71794871795
4509.23076923077
4507.69230769231
4504.10256410256
4502.05128205128
4496.41025641026
4491.79487179487
4501.02564102564
4515.89743589744
4520
4522.5641025641
4530.76923076923
4540.51282051282
4542.05128205128
4540.51282051282
4550.25641025641
4557.4358974359
4546.15384615385
4528.71794871795
4521.53846153846
4525.12820512821
4529.23076923077
4522.05128205128
4506.15384615385
4504.61538461538
4509.74358974359
4503.07692307692
4502.5641025641
4506.15384615385
4494.8717948718
4494.35897435897
4504.10256410256
4507.69230769231
4527.69230769231
4544.10256410256
4520.51282051282
4498.97435897436
4504.61538461538
4506.15384615385
4503.07692307692
4499.48717948718
4490.76923076923
4491.79487179487
4494.8717948718
4490.25641025641
4485.12820512821
4489.23076923077
4503.58974358974
4510.76923076923
4499.48717948718
4487.69230769231
4486.66666666667
4479.48717948718
4470.25641025641
4472.30769230769
4474.8717948718
4474.35897435897
4476.92307692308
4476.41025641026
4469.23076923077
4460
4463.07692307692
4485.64102564103
4498.46153846154
4482.05128205128
4464.10256410256
4458.97435897436
4465.12820512821
4474.8717948718
4468.20512820513
4462.05128205128
4471.79487179487
4468.20512820513
4453.84615384615
4456.92307692308
4463.58974358974
4460.51282051282
4454.35897435897
4454.35897435897
4471.28205128205
4481.02564102564
4464.10256410256
4454.35897435897
4458.97435897436
4460
4460.51282051282
4462.05128205128
4465.12820512821
4487.17948717949
4507.69230769231
4494.35897435897
4470.76923076923
4467.69230769231
4476.41025641026
4480
4473.33333333333
4474.35897435897
4490.76923076923
4493.33333333333
4472.30769230769
4458.97435897436
4463.07692307692
4461.02564102564
4456.41025641026
4466.15384615385
4477.94871794872
4475.38461538462
4479.48717948718
4493.84615384615
4488.20512820513
4469.23076923077
4460
4455.89743589744
4461.53846153846
4474.35897435897
4474.35897435897
4470.76923076923
4487.69230769231
4495.89743589744
4476.41025641026
4469.23076923077
4484.61538461538
4484.61538461538
4471.28205128205
4471.79487179487
4475.89743589744
4475.38461538462
4484.61538461538
4491.79487179487
4489.74358974359
4490.76923076923
4485.64102564103
4478.46153846154
4491.28205128205
4497.4358974359
4475.38461538462
4464.61538461538
4475.89743589744
4473.33333333333
4469.74358974359
4483.07692307692
4487.17948717949
4477.94871794872
4470.25641025641
4472.30769230769
4497.4358974359
4525.12820512821
4515.38461538462
4487.69230769231
4488.20512820513
4502.05128205128
4507.17948717949
4507.17948717949
4506.15384615385
4505.64102564103
4505.12820512821
4501.53846153846
4491.79487179487
4487.69230769231
4511.28205128205
4527.69230769231
4503.58974358974
4481.02564102564
4492.30769230769
4499.48717948718
4489.23076923077
4489.74358974359
4493.33333333333
4489.23076923077
4489.74358974359
4491.79487179487
4486.15384615385
4489.74358974359
4511.28205128205
4513.33333333333
4489.74358974359
4482.05128205128
4490.76923076923
4489.74358974359
4488.71794871795
4490.25641025641
4490.25641025641
4488.20512820513
4477.4358974359
4479.48717948718
4496.92307692308
4490.76923076923
4470.25641025641
4476.92307692308
4487.69230769231
4479.48717948718
4474.35897435897
4471.79487179487
4472.82051282051
4479.48717948718
4476.41025641026
4473.33333333333
4473.84615384615
4476.41025641026
4488.71794871795
4490.25641025641
4473.33333333333
4469.74358974359
4477.94871794872
4481.53846153846
4501.53846153846
4516.92307692308
4491.28205128205
4465.12820512821
4469.74358974359
4478.46153846154
4473.33333333333
4471.28205128205
4471.79487179487
4464.61538461538
4461.53846153846
4464.61538461538
4482.05128205128
4509.23076923077
4507.17948717949
4477.94871794872
4470.76923076923
4481.02564102564
4477.94871794872
4479.48717948718
4488.20512820513
4501.02564102564
4522.05128205128
4522.05128205128
4489.74358974359
4468.20512820513
4482.5641025641
4492.30769230769
4485.12820512821
4501.53846153846
4526.66666666667
4518.46153846154
4500
4506.66666666667
4519.48717948718
4520
4518.46153846154
4520
4522.05128205128
4526.15384615385
4536.92307692308
4553.33333333333
4572.82051282051
4582.05128205128
4562.05128205128
4539.48717948718
4541.02564102564
4544.10256410256
4537.94871794872
4531.28205128205
4525.64102564103
4521.53846153846
4515.89743589744
4525.64102564103
4551.79487179487
4562.05128205128
4538.46153846154
4507.69230769231
4493.84615384615
4490.25641025641
4491.79487179487
4491.79487179487
4492.30769230769
4492.30769230769
4493.33333333333
4494.35897435897
4492.30769230769
4486.15384615385
4476.41025641026
4478.46153846154
4493.33333333333
4491.79487179487
4473.84615384615
4475.38461538462
4492.82051282051
4493.84615384615
4487.17948717949
4507.17948717949
4538.46153846154
4533.33333333333
4498.46153846154
4481.53846153846
4487.17948717949
4491.28205128205
4488.20512820513
4479.48717948718
4477.4358974359
4487.69230769231
4490.25641025641
4482.05128205128
4490.76923076923
4507.69230769231
4504.10256410256
4505.64102564103
4521.02564102564
4514.8717948718
4496.41025641026
4504.61538461538
4515.38461538462
4506.15384615385
4520
4546.15384615385
4530.76923076923
4501.53846153846
4504.61538461538
4512.82051282051
4502.05128205128
4500
4508.20512820513
4505.12820512821
4494.8717948718
4488.20512820513
4497.4358974359
4521.53846153846
4532.30769230769
4517.4358974359
4491.79487179487
4472.30769230769
4463.07692307692
4459.48717948718
4458.97435897436
4461.02564102564
4458.46153846154
4455.89743589744
4457.94871794872
4456.41025641026
4465.12820512821
4478.46153846154
4467.69230769231
4454.8717948718
4459.48717948718
4451.79487179487
4442.5641025641
4453.33333333333
4454.35897435897
4449.74358974359
4456.92307692308
4457.94871794872
4468.20512820513
4497.4358974359
4494.8717948718
4456.92307692308
4444.61538461538
4463.58974358974
4471.79487179487
4460.51282051282
4457.4358974359
4467.17948717949
4480.51282051282
4498.97435897436
4514.35897435897
4505.12820512821
4483.07692307692
4468.20512820513
4462.05128205128
4468.20512820513
4474.8717948718
4465.64102564103
4458.97435897436
4468.71794871795
4474.8717948718
4467.69230769231
4463.07692307692
4461.53846153846
4459.48717948718
4477.94871794872
4509.74358974359
4508.20512820513
4481.02564102564
4472.30769230769
4475.38461538462
4471.28205128205
4471.79487179487
4471.28205128205
4462.05128205128
4458.97435897436
4463.58974358974
4462.05128205128
4457.4358974359
4472.30769230769
4489.23076923077
4473.33333333333
4450.76923076923
4455.38461538462
4462.5641025641
4460.51282051282
4467.69230769231
4471.79487179487
4457.94871794872
4444.61538461538
4448.20512820513
4466.66666666667
4476.92307692308
4469.23076923077
4462.05128205128
4460
4456.92307692308
4463.07692307692
4472.82051282051
4471.28205128205
4478.97435897436
4501.53846153846
4498.97435897436
4475.89743589744
4469.23076923077
4474.8717948718
4478.97435897436
4487.69230769231
4488.20512820513
4484.61538461538
4507.17948717949
4516.41025641026
4486.15384615385
4473.84615384615
4487.69230769231
4483.58974358974
4470.76923076923
4480
4490.76923076923
4486.15384615385
4490.25641025641
4504.61538461538
4501.53846153846
4480
4471.28205128205
4479.48717948718
4484.10256410256
4486.66666666667
4493.33333333333
4506.66666666667
4530.76923076923
4554.8717948718
4561.02564102564
4545.64102564103
4531.79487179487
4536.41025641026
4539.48717948718
4528.71794871795
4525.12820512821
4532.30769230769
4529.23076923077
4523.58974358974
4522.05128205128
4509.23076923077
4503.58974358974
4527.17948717949
4535.38461538462
4507.69230769231
4487.69230769231
4489.74358974359
4491.79487179487
4488.20512820513
4487.69230769231
4499.48717948718
4527.17948717949
4547.69230769231
4535.38461538462
4509.23076923077
4493.84615384615
4489.74358974359
4488.20512820513
4481.53846153846
4474.35897435897
4474.35897435897
4478.97435897436
4477.4358974359
4477.4358974359
4479.48717948718
4471.79487179487
4480.51282051282
4505.12820512821
4498.97435897436
4468.71794871795
4460.51282051282
4467.69230769231
4468.20512820513
4468.20512820513
4472.30769230769
4474.8717948718
4474.35897435897
4484.10256410256
4513.33333333333
4534.35897435897
4528.20512820513
4512.82051282051
4504.61538461538
4504.61538461538
4511.28205128205
4518.46153846154
4521.53846153846
4523.07692307692
4522.05128205128
4520
4520
4522.05128205128
4520.51282051282
4525.12820512821
4536.92307692308
4540
4532.82051282051
4534.8717948718
4543.07692307692
4538.97435897436
4534.8717948718
4538.97435897436
4538.97435897436
4540.51282051282
4552.82051282051
4553.33333333333
4537.94871794872
4541.53846153846
4573.84615384615
4596.92307692308
4581.02564102564
4553.33333333333
4549.23076923077
4549.23076923077
4537.94871794872
4539.48717948718
4551.79487179487
4553.33333333333
4549.23076923077
4548.20512820513
4557.94871794872
4567.17948717949
4555.38461538462
4540.51282051282
4550.76923076923
4573.84615384615
4588.71794871795
4584.10256410256
4562.05128205128
4547.17948717949
4549.23076923077
4552.82051282051
4547.17948717949
4540
4537.4358974359
4537.4358974359
4535.89743589744
4536.41025641026
4537.94871794872
4531.79487179487
4534.35897435897
4549.74358974359
4545.12820512821
4528.20512820513
4541.02564102564
4554.8717948718
4538.46153846154
4526.66666666667
4536.92307692308
4541.02564102564
4534.35897435897
4538.46153846154
4564.61538461538
4585.64102564103
4569.23076923077
4538.97435897436
4532.82051282051
4540
4538.97435897436
4533.84615384615
4534.35897435897
4538.46153846154
4542.05128205128
4540
4538.46153846154
4544.10256410256
4546.66666666667
4538.97435897436
4537.94871794872
4553.33333333333
4559.48717948718
4538.97435897436
4515.38461538462
4508.71794871795
4502.05128205128
4500.51282051282
4516.41025641026
4514.8717948718
4494.35897435897
4495.38461538462
4509.23076923077
4519.48717948718
4533.84615384615
4545.12820512821
4540.51282051282
4523.07692307692
4494.8717948718
4472.30769230769
4468.71794871795
4471.79487179487
4469.23076923077
4462.5641025641
4459.48717948718
4464.10256410256
4464.10256410256
4460
4462.05128205128
4468.71794871795
4475.38461538462
4478.97435897436
4472.82051282051
4474.35897435897
4485.12820512821
4483.58974358974
4473.84615384615
4472.30769230769
4483.07692307692
4489.74358974359
4483.07692307692
4473.84615384615
4472.30769230769
4477.4358974359
4489.74358974359
4509.23076923077
4513.33333333333
4495.38461538462
4472.30769230769
4465.12820512821
4469.23076923077
4457.94871794872
4445.12820512821
4460.51282051282
4475.89743589744
4466.66666666667
4453.33333333333
4452.82051282051
4456.92307692308
4458.97435897436
4453.33333333333
4451.28205128205
4472.82051282051
4495.89743589744
4498.46153846154
4493.33333333333
4496.92307692308
4493.33333333333
4470.76923076923
4451.28205128205
4455.89743589744
4458.97435897436
4447.17948717949
4448.71794871795
4460.51282051282
4460.51282051282
4454.8717948718
4453.33333333333
4451.79487179487
4447.69230769231
4442.5641025641
4445.12820512821
4458.97435897436
4461.53846153846
4456.92307692308
4476.92307692308
4497.4358974359
4484.10256410256
4461.02564102564
4463.07692307692
4474.35897435897
4475.89743589744
4475.38461538462
4477.4358974359
4476.41025641026
4472.30769230769
4481.02564102564
4492.82051282051
4492.30769230769
4484.10256410256
4477.94871794872
4480
4478.97435897436
4475.89743589744
4488.20512820513
4512.82051282051
4515.89743589744
4493.84615384615
4477.4358974359
4478.97435897436
4488.20512820513
4488.71794871795
4486.15384615385
4487.69230769231
4487.69230769231
4488.20512820513
4490.25641025641
4491.79487179487
4494.8717948718
4510.25641025641
4540.51282051282
4546.15384615385
4513.84615384615
4489.74358974359
4491.28205128205
4489.74358974359
4487.17948717949
4489.23076923077
4490.76923076923
4498.46153846154
4500
4491.79487179487
4490.76923076923
4488.20512820513
4492.82051282051
4515.38461538462
4530.25641025641
4531.28205128205
4534.35897435897
4520
4495.38461538462
4491.28205128205
4495.89743589744
4493.84615384615
4493.84615384615
4493.84615384615
4491.79487179487
4490.25641025641
4492.82051282051
4494.8717948718
4492.82051282051
4493.33333333333
4504.61538461538
4508.20512820513
4493.84615384615
4500
4527.69230769231
4520.51282051282
4489.23076923077
4493.84615384615
4509.74358974359
4497.94871794872
4488.71794871795
4503.58974358974
4518.46153846154
4514.8717948718
4517.94871794872
4535.89743589744
4535.38461538462
4516.92307692308
4521.53846153846
4537.94871794872
4528.20512820513
4519.48717948718
4521.02564102564
4510.76923076923
4510.25641025641
4520
4510.76923076923
4502.05128205128
4531.28205128205
4558.97435897436
4557.4358974359
4553.84615384615
4546.66666666667
4526.15384615385
4510.25641025641
4506.15384615385
4503.07692307692
4500.51282051282
4501.53846153846
4506.15384615385
4509.74358974359
4510.76923076923
4528.71794871795
4550.76923076923
4538.97435897436
4509.23076923077
4502.05128205128
4511.79487179487
4512.82051282051
4508.71794871795
4509.23076923077
4512.30769230769
4511.79487179487
4509.23076923077
4510.25641025641
4508.71794871795
4507.69230769231
4507.17948717949
4503.58974358974
4513.84615384615
4539.48717948718
4540
4511.28205128205
4499.48717948718
4507.17948717949
4505.12820512821
4502.5641025641
4508.71794871795
4503.58974358974
4503.58974358974
4529.74358974359
4534.35897435897
4508.71794871795
4501.53846153846
4509.74358974359
4505.12820512821
4507.17948717949
4518.46153846154
4521.53846153846
4520
4511.79487179487
4507.17948717949
4515.89743589744
4524.61538461538
4524.10256410256
4516.92307692308
4520.51282051282
4533.84615384615
4531.79487179487
4517.4358974359
4518.97435897436
4524.61538461538
4516.41025641026
4527.17948717949
4556.41025641026
4552.82051282051
4520
4506.15384615385
4515.89743589744
4520
4520.51282051282
4518.97435897436
4515.89743589744
4531.79487179487
4553.33333333333
4560
4554.8717948718
4541.02564102564
4523.07692307692
4513.84615384615
4510.76923076923
4506.15384615385
4506.66666666667
4513.33333333333
4517.94871794872
4520
4519.48717948718
4522.05128205128
4523.07692307692
4517.4358974359
4523.07692307692
4536.92307692308
4535.38461538462
4518.46153846154
4517.94871794872
4544.61538461538
4561.02564102564
4544.61538461538
4521.53846153846
4516.41025641026
4520
4520.51282051282
4521.02564102564
4521.02564102564
4522.05128205128
4522.05128205128
4519.48717948718
4519.48717948718
4514.35897435897
4504.10256410256
4511.28205128205
4536.92307692308
4553.33333333333
4552.30769230769
4550.76923076923
4558.97435897436
4558.97435897436
4535.89743589744
4515.89743589744
4515.89743589744
4518.46153846154
4515.38461538462
4514.35897435897
4509.74358974359
4508.20512820513
4517.4358974359
4523.58974358974
4523.58974358974
4524.10256410256
4526.66666666667
4520.51282051282
4509.23076923077
4507.69230769231
4508.20512820513
4509.74358974359
4518.97435897436
4517.94871794872
4507.69230769231
4521.02564102564
4548.20512820513
4548.71794871795
4525.64102564103
4508.20512820513
4504.61538461538
4506.66666666667
4505.64102564103
4504.10256410256
4504.10256410256
4505.64102564103
4506.15384615385
4499.48717948718
4507.69230769231
4523.58974358974
4518.46153846154
4503.58974358974
4503.07692307692
4509.23076923077
4503.07692307692
4493.33333333333
4495.89743589744
4503.07692307692
4502.05128205128
4502.05128205128
4503.58974358974
4496.92307692308
4508.71794871795
4537.4358974359
4541.53846153846
4517.94871794872
4500
4501.53846153846
4505.12820512821
4496.92307692308
4490.25641025641
4493.33333333333
4493.33333333333
4490.76923076923
4491.79487179487
4487.69230769231
4494.8717948718
4516.41025641026
4520
4502.05128205128
4490.25641025641
4493.33333333333
4498.97435897436
4500.51282051282
4490.25641025641
4492.82051282051
4517.94871794872
4518.97435897436
4494.35897435897
4488.20512820513
4497.4358974359
4495.89743589744
4502.5641025641
4530.76923076923
4541.53846153846
4524.10256410256
4514.35897435897
4521.02564102564
4528.71794871795
4533.84615384615
4535.38461538462
4540
4550.25641025641
4548.71794871795
4540.51282051282
4541.53846153846
4556.41025641026
4580.51282051282
4583.07692307692
4557.4358974359
4546.15384615385
4556.92307692308
4558.46153846154
4554.35897435897
4553.84615384615
4553.84615384615
4553.33333333333
4555.89743589744
4560.51282051282
4564.61538461538
4581.02564102564
4597.4358974359
4585.64102564103
4561.53846153846
4558.46153846154
4566.66666666667
4567.17948717949
4565.64102564103
4565.64102564103
4567.17948717949
4569.23076923077
4570.25641025641
4569.74358974359
4576.41025641026
4603.58974358974
4617.4358974359
4594.35897435897
4567.69230769231
4567.17948717949
4573.84615384615
4566.66666666667
4567.17948717949
4588.20512820513
4592.30769230769
4571.28205128205
4562.5641025641
4570.25641025641
4569.23076923077
4570.25641025641
4572.82051282051
4567.69230769231
4578.97435897436
4591.79487179487
4574.8717948718
4553.33333333333
4555.89743589744
4563.58974358974
4564.61538461538
4569.23076923077
4567.69230769231
4558.46153846154
4551.79487179487
4554.8717948718
4569.74358974359
4579.48717948718
4571.79487179487
4563.07692307692
4568.20512820513
4566.15384615385
4556.92307692308
4556.41025641026
4553.84615384615
4558.97435897436
4587.69230769231
4598.46153846154
4570.25641025641
4549.74358974359
4547.69230769231
4537.94871794872
4530.76923076923
4536.92307692308
4540
4532.82051282051
4537.94871794872
4562.5641025641
4568.20512820513
4544.10256410256
4533.84615384615
4541.53846153846
4540.51282051282
4537.94871794872
4542.5641025641
4544.10256410256
4536.92307692308
4536.41025641026
4563.07692307692
4586.66666666667
4567.17948717949
4535.89743589744
4532.82051282051
4537.4358974359
4534.8717948718
4534.35897435897
4537.94871794872
4538.46153846154
4536.92307692308
4537.4358974359
4538.46153846154
4540
4537.94871794872
4532.82051282051
4532.82051282051
4536.41025641026
4534.8717948718
4540.51282051282
4564.61538461538
4584.61538461538
4588.20512820513
4590.25641025641
4584.61538461538
4562.05128205128
4547.17948717949
4550.76923076923
4553.84615384615
4554.35897435897
4552.30769230769
4544.10256410256
4540.51282051282
4538.97435897436
4527.17948717949
4509.23076923077
4503.58974358974
4506.15384615385
4501.53846153846
4506.66666666667
4533.33333333333
4548.20512820513
4527.17948717949
4501.02564102564
4492.82051282051
4492.30769230769
4491.79487179487
4488.71794871795
4487.69230769231
4486.66666666667
4488.20512820513
4489.74358974359
4479.48717948718
4477.94871794872
4503.58974358974
4513.84615384615
4488.71794871795
4469.74358974359
4474.35897435897
4475.89743589744
4468.71794871795
4469.23076923077
4473.84615384615
4469.23076923077
4467.69230769231
4487.17948717949
4509.23076923077
4509.74358974359
4493.84615384615
4476.41025641026
4470.76923076923
4470.25641025641
4463.07692307692
4456.41025641026
4458.97435897436
4460.51282051282
4458.97435897436
4458.97435897436
4458.97435897436
4467.17948717949
4479.48717948718
4472.82051282051
4458.97435897436
4460.51282051282
4462.05128205128
4464.61538461538
4484.10256410256
4500.51282051282
4496.41025641026
4480
4463.07692307692
4457.94871794872
4461.02564102564
4459.48717948718
4456.92307692308
4456.92307692308
4455.89743589744
4454.35897435897
4448.20512820513
4446.15384615385
4453.84615384615
4456.41025641026
4456.41025641026
4460
4460
4463.07692307692
4482.5641025641
4498.97435897436
4487.69230769231
4461.02564102564
4444.10256410256
4444.10256410256
