P8
4160
4153.33333333333
4196.92307692308
4198.46153846154
4139.48717948718
4153.84615384615
4230.25641025641
4220
4160
4172.82051282051
4211.28205128205
4187.17948717949
4165.12820512821
4182.5641025641
4175.38461538462
4152.30769230769
4173.84615384615
4196.92307692308
4180.51282051282
4183.07692307692
4203.07692307692
4187.17948717949
4163.07692307692
4191.28205128205
4206.66666666667
4175.38461538462
4180.51282051282
4185.64102564103
4165.12820512821
4187.69230769231
4207.17948717949
4176.92307692308
4172.82051282051
4194.8717948718
4185.64102564103
4177.94871794872
4203.07692307692
4212.30769230769
4183.07692307692
4186.15384615385
4228.20512820513
4225.64102564103
4189.74358974359
4166.66666666667
4163.07692307692
4195.89743589744
4220.51282051282
4187.17948717949
4147.69230769231
4158.46153846154
4205.12820512821
4218.97435897436
4178.97435897436
4156.41025641026
4173.84615384615
4184.61538461538
4182.5641025641
4167.17948717949
4167.17948717949
4192.82051282051
4173.33333333333
4146.66666666667
4175.89743589744
4192.30769230769
4161.02564102564
4152.82051282051
4184.10256410256
4200.51282051282
4185.12820512821
4168.20512820513
4168.71794871795
4171.28205128205
4170.76923076923
4172.82051282051
4165.64102564103
4165.64102564103
4181.53846153846
4172.82051282051
4146.66666666667
4168.20512820513
4191.79487179487
4163.58974358974
4143.58974358974
4151.28205128205
4159.48717948718
4168.20512820513
4158.97435897436
4145.12820512821
4156.41025641026
4163.07692307692
4163.58974358974
4173.33333333333
4159.48717948718
4125.64102564103
4118.46153846154
4144.61538461538
4168.20512820513
4171.79487179487
4162.5641025641
4147.69230769231
4145.12820512821
4144.61538461538
4144.61538461538
4158.97435897436
4162.05128205128
4152.82051282051
4175.89743589744
4192.82051282051
4161.53846153846
4131.79487179487
4130.25641025641
4164.10256410256
4198.46153846154
4170.25641025641
4140
4156.41025641026
4155.38461538462
4132.82051282051
4136.92307692308
4155.89743589744
4166.15384615385
4164.61538461538
4139.48717948718
4122.5641025641
4145.64102564103
4163.07692307692
4147.17948717949
4144.10256410256
4154.8717948718
4145.12820512821
4144.61538461538
4152.82051282051
4142.05128205128
4143.58974358974
4169.23076923077
4185.12820512821
4182.05128205128
4169.74358974359
4163.07692307692
4175.38461538462
4193.84615384615
4206.66666666667
4223.07692307692
4226.66666666667
4217.94871794872
4221.53846153846
4227.69230769231
4246.66666666667
4290.76923076923
4315.38461538462
4300.51282051282
4269.23076923077
4233.84615384615
4230.25641025641
4263.58974358974
4264.10256410256
4232.30769230769
4208.71794871795
4192.30769230769
4178.97435897436
4182.5641025641
4206.15384615385
4214.35897435897
4187.69230769231
4174.8717948718
4197.4358974359
4206.66666666667
4200.51282051282
4198.97435897436
4201.02564102564
4225.12820512821
4221.53846153846
4170.76923076923
4173.33333333333
4230.76923076923
4216.92307692308
4166.66666666667
4181.02564102564
4208.71794871795
4203.58974358974
4191.28205128205
4186.66666666667
4192.30769230769
4194.8717948718
4200.51282051282
4200.51282051282
4177.94871794872
4178.46153846154
4194.35897435897
4170.25641025641
4157.4358974359
4187.69230769231
4175.38461538462
4141.53846153846
4174.35897435897
4212.82051282051
4190.25641025641
4170.25641025641
4182.05128205128
4167.69230769231
4163.07692307692
4197.4358974359
4191.79487179487
4146.66666666667
4135.89743589744
4147.17948717949
4146.15384615385
4156.41025641026
4183.58974358974
4192.30769230769
4143.58974358974
4111.28205128205
4156.92307692308
4174.35897435897
4148.71794871795
4159.48717948718
4179.48717948718
4163.07692307692
4148.20512820513
4156.92307692308
4174.8717948718
4186.66666666667
4180
4167.69230769231
4168.20512820513
4187.17948717949
4202.5641025641
4170.25641025641
4148.71794871795
4193.84615384615
4220
4176.41025641026
4132.82051282051
4139.48717948718
4164.10256410256
4162.05128205128
4163.58974358974
4179.48717948718
4157.4358974359
4136.41025641026
4182.5641025641
4195.89743589744
4137.4358974359
4135.89743589744
4181.53846153846
4174.8717948718
4163.58974358974
4181.02564102564
4182.5641025641
4176.92307692308
4183.58974358974
4192.30769230769
4203.58974358974
4198.46153846154
4168.71794871795
4170.25641025641
4184.61538461538
4178.97435897436
4196.41025641026
4202.5641025641
4169.74358974359
4173.84615384615
4220
4230.25641025641
4203.58974358974
4188.71794871795
4176.41025641026
4172.82051282051
4188.71794871795
4200
4177.94871794872
4166.66666666667
4211.28205128205
4228.20512820513
4181.02564102564
4171.79487179487
4204.10256410256
4201.53846153846
4181.53846153846
4177.94871794872
4173.84615384615
4170.76923076923
4193.84615384615
4220
4213.84615384615
4201.02564102564
4196.41025641026
4177.4358974359
4159.48717948718
4170.76923076923
4177.94871794872
4161.02564102564
4164.61538461538
4190.76923076923
4189.74358974359
4166.15384615385
4186.15384615385
4206.66666666667
4170.25641025641
4157.4358974359
4186.66666666667
4183.58974358974
4186.66666666667
4192.82051282051
4143.07692307692
4143.07692307692
4208.71794871795
4195.38461538462
4159.48717948718
4185.64102564103
4183.07692307692
4149.23076923077
4175.89743589744
4191.28205128205
4133.84615384615
4111.79487179487
4160.51282051282
4188.20512820513
4169.23076923077
4160.51282051282
4156.41025641026
4141.02564102564
4145.64102564103
4158.97435897436
4156.41025641026
4140.51282051282
4123.58974358974
4121.53846153846
4135.89743589744
4152.82051282051
4160
4147.69230769231
4126.15384615385
4124.10256410256
4126.66666666667
4120
4122.05128205128
4134.35897435897
4149.23076923077
4131.28205128205
4099.48717948718
4135.38461538462
4193.33333333333
4162.5641025641
4109.74358974359
4132.82051282051
4143.07692307692
4110.76923076923
4125.12820512821
4160.51282051282
4160.51282051282
4155.89743589744
4174.35897435897
4166.66666666667
4122.05128205128
4109.74358974359
4134.8717948718
4158.97435897436
4177.4358974359
4189.23076923077
4175.89743589744
4153.33333333333
4154.8717948718
4169.23076923077
4175.38461538462
4158.46153846154
4146.15384615385
4168.71794871795
4191.28205128205
4192.30769230769
4201.53846153846
4221.53846153846
4221.53846153846
4212.82051282051
4221.02564102564
4220.51282051282
4213.84615384615
4238.97435897436
4267.69230769231
4270.25641025641
4275.38461538462
4263.07692307692
4233.33333333333
4253.84615384615
4292.30769230769
4280
4250.76923076923
4229.23076923077
4211.28205128205
4220.51282051282
4236.92307692308
4213.84615384615
4183.07692307692
4187.17948717949
4193.33333333333
4164.10256410256
4146.66666666667
4169.74358974359
4191.79487179487
4186.66666666667
4170.25641025641
4171.79487179487
4170.25641025641
4139.48717948718
4126.15384615385
4153.33333333333
4172.82051282051
4164.61538461538
4152.30769230769
4145.64102564103
4128.71794871795
4116.92307692308
4155.38461538462
4199.48717948718
4170.25641025641
4142.5641025641
4172.30769230769
4172.82051282051
4145.64102564103
4160
4180
4159.48717948718
4132.30769230769
4149.74358974359
4178.97435897436
4153.84615384615
4118.97435897436
4142.5641025641
4176.92307692308
4173.33333333333
4181.53846153846
4202.05128205128
4183.58974358974
4160
4177.94871794872
4191.28205128205
4178.97435897436
4185.64102564103
4191.79487179487
4167.69230769231
4172.30769230769
4213.84615384615
4218.46153846154
4175.89743589744
4148.71794871795
4163.07692307692
4188.20512820513
4192.82051282051
4180
4160
4158.97435897436
4183.58974358974
4185.12820512821
4144.61538461538
4115.38461538462
4118.97435897436
4118.97435897436
4124.61538461538
4137.94871794872
4129.74358974359
4117.4358974359
4121.53846153846
4130.25641025641
4123.58974358974
4114.35897435897
4114.8717948718
4118.97435897436
4126.66666666667
4117.94871794872
4104.61538461538
4124.10256410256
4142.05128205128
4123.07692307692
4132.82051282051
4166.15384615385
4134.35897435897
4097.94871794872
4128.20512820513
4149.74358974359
4134.8717948718
4132.30769230769
4142.05128205128
4152.82051282051
4156.92307692308
4141.53846153846
4131.28205128205
4139.48717948718
4140
4135.89743589744
4154.8717948718
4174.8717948718
4172.30769230769
4155.38461538462
4132.30769230769
4137.94871794872
4155.38461538462
4142.5641025641
4144.61538461538
4168.20512820513
4160
4147.17948717949
4153.33333333333
4136.92307692308
4130.76923076923
4155.89743589744
4151.28205128205
4133.33333333333
4145.64102564103
4161.02564102564
4153.84615384615
4142.05128205128
4135.89743589744
4135.38461538462
4142.05128205128
4126.66666666667
4105.12820512821
4118.97435897436
4145.64102564103
4142.5641025641
4124.61538461538
4118.97435897436
4118.97435897436
4129.23076923077
4127.17948717949
4101.02564102564
4108.71794871795
4148.71794871795
4162.5641025641
4153.84615384615
4142.5641025641
4128.20512820513
4129.23076923077
4131.28205128205
4116.41025641026
4130.25641025641
4162.05128205128
4159.48717948718
4145.12820512821
4152.82051282051
4160.51282051282
4145.64102564103
4136.92307692308
4149.23076923077
4157.94871794872
4155.89743589744
4143.58974358974
4127.17948717949
4155.38461538462
4198.46153846154
4180.51282051282
4160
4187.69230769231
4189.23076923077
4154.35897435897
4149.23076923077
4169.23076923077
4172.30769230769
4161.02564102564
4152.82051282051
4153.84615384615
4153.33333333333
4146.66666666667
4150.25641025641
4165.64102564103
4172.82051282051
4177.94871794872
4212.30769230769
4241.53846153846
4228.71794871795
4236.41025641026
4282.5641025641
4296.41025641026
4284.10256410256
4273.33333333333
4266.15384615385
4290.25641025641
4305.12820512821
4270.76923076923
4254.35897435897
4267.17948717949
4240.51282051282
4195.89743589744
4187.69230769231
4196.92307692308
4196.41025641026
4187.17948717949
4180
4174.35897435897
4165.12820512821
4167.69230769231
4178.46153846154
4190.25641025641
4178.46153846154
4144.61538461538
4149.23076923077
4188.71794871795
4192.82051282051
4146.15384615385
4113.33333333333
4138.46153846154
4172.30769230769
4162.05128205128
4143.58974358974
4152.82051282051
4145.64102564103
4124.10256410256
4129.74358974359
4141.53846153846
4138.97435897436
4131.79487179487
4126.66666666667
4122.5641025641
4121.53846153846
4127.17948717949
4135.38461538462
4138.46153846154
4136.92307692308
4142.5641025641
4151.28205128205
4159.48717948718
4167.17948717949
4168.20512820513
4173.33333333333
4185.12820512821
4191.79487179487
4197.94871794872
4210.25641025641
4201.53846153846
4180.51282051282
4195.38461538462
4233.33333333333
4240.51282051282
4224.61538461538
4243.58974358974
4271.79487179487
4260.51282051282
4234.35897435897
4233.33333333333
4238.97435897436
4229.74358974359
4229.74358974359
4238.46153846154
4245.12820512821
4269.23076923077
4290.76923076923
4274.8717948718
4263.58974358974
4257.4358974359
4235.38461538462
4250.76923076923
4298.46153846154
4293.33333333333
4267.17948717949
4273.33333333333
4267.69230769231
4252.30769230769
4248.71794871795
4242.05128205128
4248.20512820513
4266.66666666667
4265.64102564103
4242.05128205128
4224.61538461538
4231.28205128205
4248.71794871795
4244.10256410256
4225.64102564103
4230.76923076923
4240
4234.8717948718
4232.30769230769
4234.35897435897
4229.74358974359
4225.12820512821
4218.46153846154
4200
4200.51282051282
4212.82051282051
4200.51282051282
4210.25641025641
4258.97435897436
4262.05128205128
4217.94871794872
4207.17948717949
4217.94871794872
4213.33333333333
4198.97435897436
4192.82051282051
4212.30769230769
4228.20512820513
4217.94871794872
4212.30769230769
4242.5641025641
4277.4358974359
4265.12820512821
4227.69230769231
4227.17948717949
4234.8717948718
4217.94871794872
4218.46153846154
4232.30769230769
4240.51282051282
4247.17948717949
4253.33333333333
4277.94871794872
4258.46153846154
4182.05128205128
4196.41025641026
4290.25641025641
4282.05128205128
4203.58974358974
4184.61538461538
4185.12820512821
4164.61538461538
4141.53846153846
4126.66666666667
4133.84615384615
4111.79487179487
4097.94871794872
4144.61538461538
4170.76923076923
4158.97435897436
4168.71794871795
4176.41025641026
4149.74358974359
4134.8717948718
4127.69230769231
4107.17948717949
4105.12820512821
4103.07692307692
4089.23076923077
4079.48717948718
4070.25641025641
4062.5641025641
4068.20512820513
4072.30769230769
4069.74358974359
4083.58974358974
4110.25641025641
4109.23076923077
4078.97435897436
4079.48717948718
4120
4135.38461538462
4106.15384615385
4080.51282051282
4081.53846153846
4091.28205128205
4106.66666666667
4116.41025641026
4113.84615384615
4116.41025641026
4110.76923076923
4062.05128205128
4052.30769230769
4140
4184.10256410256
4125.64102564103
4097.94871794872
4120.51282051282
4130.25641025641
4140.51282051282
4133.84615384615
4097.4358974359
4073.33333333333
4065.12820512821
4048.71794871795
4034.8717948718
4047.69230769231
4073.84615384615
4078.46153846154
4071.79487179487
4077.94871794872
4084.10256410256
4078.97435897436
4066.15384615385
4062.5641025641
4091.79487179487
4105.64102564103
4072.30769230769
4066.15384615385
4094.35897435898
4091.28205128205
4081.02564102564
4091.28205128205
4084.10256410256
4065.12820512821
4062.5641025641
4058.97435897436
4054.8717948718
4064.10256410256
4065.64102564103
4055.38461538462
4068.20512820513
4101.02564102564
4112.82051282051
4091.79487179487
4058.97435897436
4047.17948717949
4070.25641025641
4092.82051282051
4089.23076923077
4071.28205128205
4064.10256410256
4081.02564102564
4097.94871794872
4088.71794871795
4081.02564102564
4090.25641025641
4091.28205128205
4089.23076923077
4096.41025641026
4088.71794871795
4076.41025641026
4082.05128205128
4098.97435897436
4110.76923076923
4107.17948717949
4096.41025641026
4085.64102564103
4082.05128205128
4091.79487179487
4107.69230769231
4111.79487179487
4106.15384615385
4112.82051282051
4119.48717948718
4113.33333333333
4106.15384615385
4106.15384615385
4106.66666666667
4104.10256410256
4105.12820512821
4106.15384615385
4103.58974358974
4104.10256410256
4106.66666666667
4103.58974358974
4101.02564102564
4111.28205128205
4120.51282051282
4115.89743589744
4117.4358974359
4122.05128205128
4108.20512820513
4104.10256410256
4119.48717948718
4123.58974358974
4120
4124.10256410256
4123.58974358974
4122.05128205128
4125.12820512821
4124.61538461538
4121.02564102564
4123.07692307692
4131.79487179487
4136.41025641026
4135.38461538462
4136.41025641026
4138.97435897436
4136.92307692308
4132.82051282051
4133.84615384615
4137.4358974359
4136.92307692308
4141.53846153846
4153.33333333333
4153.84615384615
4151.79487179487
4164.10256410256
4174.8717948718
4167.69230769231
4156.92307692308
4152.30769230769
4150.25641025641
4155.38461538462
4166.15384615385
4171.79487179487
4167.69230769231
4168.20512820513
4171.28205128205
4158.46153846154
4151.79487179487
4162.5641025641
4169.74358974359
4164.61538461538
4157.4358974359
4160
4163.07692307692
4162.5641025641
4162.5641025641
4166.15384615385
4169.74358974359
4168.20512820513
4156.92307692308
4146.66666666667
4158.46153846154
4170.76923076923
4166.15384615385
4164.61538461538
4169.23076923077
4170.76923076923
4169.74358974359
4169.74358974359
4167.69230769231
4166.66666666667
4169.23076923077
4170.25641025641
4167.17948717949
4166.66666666667
4171.79487179487
4173.33333333333
4171.28205128205
4170.25641025641
4162.5641025641
4152.82051282051
4153.33333333333
4157.94871794872
4156.92307692308
4155.89743589744
4153.84615384615
4154.35897435897
4163.58974358974
4170.25641025641
4163.07692307692
4156.41025641026
4159.48717948718
4154.8717948718
4149.74358974359
4162.05128205128
4168.20512820513
4157.4358974359
4155.38461538462
4158.97435897436
4157.4358974359
4162.5641025641
4169.74358974359
4170.25641025641
4172.82051282051
4166.15384615385
4157.4358974359
4164.10256410256
4169.74358974359
4164.10256410256
4169.74358974359
4184.10256410256
4186.66666666667
4184.10256410256
4179.48717948718
4170.76923076923
4167.17948717949
4167.17948717949
4167.69230769231
4171.28205128205
4173.84615384615
4170.25641025641
4168.20512820513
4169.74358974359
4172.30769230769
4168.20512820513
4158.46153846154
4154.8717948718
4161.53846153846
4167.69230769231
4169.74358974359
4171.28205128205
4172.30769230769
4170.76923076923
4169.23076923077
4165.12820512821
4158.46153846154
4160.51282051282
4167.17948717949
4165.64102564103
4164.10256410256
4169.23076923077
4170.76923076923
4168.20512820513
4169.74358974359
4172.30769230769
4171.79487179487
4169.74358974359
4168.20512820513
4167.69230769231
4168.20512820513
4169.23076923077
4169.23076923077
4169.23076923077
4170.76923076923
4171.79487179487
4171.79487179487
4169.23076923077
4166.66666666667
4168.71794871795
4170.76923076923
4164.10256410256
4154.35897435897
4152.30769230769
4148.71794871795
4145.12820512821
4146.15384615385
4148.20512820513
4148.20512820513
4155.38461538462
4168.71794871795
4172.30769230769
4162.5641025641
4152.82051282051
4151.79487179487
4153.33333333333
4147.69230769231
4139.48717948718
4135.38461538462
4136.41025641026
4144.61538461538
4155.38461538462
4154.8717948718
4151.79487179487
4155.38461538462
4146.66666666667
4135.38461538462
4144.10256410256
4155.89743589744
4155.38461538462
4149.23076923077
4141.53846153846
4134.8717948718
4136.41025641026
4139.48717948718
4141.02564102564
4143.58974358974
4140
4134.35897435897
4134.35897435897
4136.92307692308
4136.92307692308
4136.92307692308
4136.41025641026
4133.84615384615
4136.92307692308
4143.07692307692
4141.02564102564
4140
4150.76923076923
4155.38461538462
4145.12820512821
4136.92307692308
4138.46153846154
4140.51282051282
4139.48717948718
4141.02564102564
4139.48717948718
4140
4149.74358974359
4154.35897435897
4143.07692307692
4134.8717948718
4146.15384615385
4155.89743589744
4153.84615384615
4152.30769230769
4153.33333333333
4152.30769230769
4152.30769230769
4152.30769230769
4148.71794871795
4148.71794871795
4152.82051282051
4150.76923076923
4153.33333333333
4164.10256410256
4162.05128205128
4154.8717948718
4163.58974358974
4169.23076923077
4158.46153846154
4152.30769230769
4153.33333333333
4152.30769230769
4151.79487179487
4151.79487179487
4157.94871794872
4166.66666666667
4168.20512820513
4167.69230769231
4167.17948717949
4168.71794871795
4175.89743589744
4185.64102564103
4196.92307692308
4209.74358974359
4217.4358974359
4222.05128205128
4231.28205128205
4236.41025641026
4234.8717948718
4236.92307692308
4246.15384615385
4257.4358974359
4264.10256410256
4270.76923076923
4280.51282051282
4281.02564102564
4280
4290.76923076923
4296.41025641026
4283.58974358974
4274.8717948718
4278.97435897436
4279.48717948718
4280.51282051282
4291.28205128205
4297.4358974359
4295.38461538462
4294.8717948718
4291.79487179487
4288.20512820513
4291.79487179487
4295.38461538462
4293.84615384615
4294.8717948718
4296.41025641026
4293.84615384615
4296.92307692308
4303.58974358974
4306.15384615385
4307.17948717949
4311.28205128205
4310.25641025641
4303.07692307692
4300.51282051282
4300
4295.38461538462
4298.46153846154
4308.20512820513
4303.07692307692
4292.82051282051
4301.02564102564
4313.33333333333
4314.8717948718
4308.20512820513
4300
4293.33333333333
4291.79487179487
4280.51282051282
4273.33333333333
4301.53846153846
4327.17948717949
4311.28205128205
4301.02564102564
4325.12820512821
4328.71794871795
4303.58974358974
4301.02564102564
4318.97435897436
4318.97435897436
4290.25641025641
4277.4358974359
4303.58974358974
4328.71794871795
4322.5641025641
4303.58974358974
4293.33333333333
4290.25641025641
4293.33333333333
4288.20512820513
4276.41025641026
4271.79487179487
4278.97435897436
4298.46153846154
4300
4273.84615384615
4264.10256410256
4294.8717948718
4312.30769230769
4290.25641025641
4274.35897435897
4269.23076923077
4260
4276.92307692308
4298.97435897436
4283.07692307692
4277.94871794872
4306.15384615385
4304.61538461538
4279.48717948718
4267.17948717949
4260.51282051282
4268.71794871795
4284.61538461538
4269.74358974359
4240
4237.94871794872
4259.48717948718
4263.07692307692
4249.23076923077
4252.30769230769
4271.28205128205
4271.28205128205
4251.79487179487
4251.28205128205
4264.61538461538
4257.94871794872
4238.46153846154
4245.64102564103
4254.8717948718
4221.53846153846
4213.84615384615
4262.05128205128
4289.74358974359
4286.15384615385
4287.69230769231
4282.05128205128
4281.02564102564
4289.74358974359
4278.46153846154
4266.66666666667
4261.02564102564
4254.35897435897
4263.07692307692
4256.92307692308
4212.30769230769
4178.46153846154
4169.74358974359
4152.82051282051
4143.58974358974
4163.07692307692
4187.17948717949
4173.33333333333
4132.30769230769
4116.41025641026
4128.71794871795
4140
4142.05128205128
4140
4134.8717948718
4131.79487179487
4134.8717948718
4124.10256410256
4111.28205128205
4120.51282051282
4122.05128205128
4106.15384615385
4101.53846153846
4104.61538461538
4099.48717948718
4096.41025641026
4098.46153846154
4101.53846153846
4107.69230769231
4105.64102564103
4094.35897435898
4097.4358974359
4106.66666666667
4102.05128205128
4100
4104.10256410256
4099.48717948718
4107.69230769231
4125.64102564103
4112.82051282051
4088.71794871795
4087.69230769231
4093.33333333333
4088.20512820513
4090.25641025641
4103.07692307692
4102.05128205128
4093.84615384615
4099.48717948718
4108.20512820513
4103.58974358974
4094.8717948718
4094.35897435898
4103.07692307692
4111.79487179487
4114.35897435897
4118.46153846154
4120.51282051282
4111.28205128205
4101.53846153846
4107.69230769231
4118.97435897436
4123.07692307692
4117.94871794872
4111.79487179487
4113.33333333333
4120
4122.5641025641
4120.51282051282
4118.46153846154
4120
4124.61538461538
4126.15384615385
4124.61538461538
4116.92307692308
4107.69230769231
4110.76923076923
4117.4358974359
