
4211.79487179487
4207.17948717949
4196.41025641026
4196.92307692308
4204.10256410256
4190.76923076923
4172.30769230769
4186.15384615385
4206.66666666667
4196.41025641026
4187.17948717949
4199.48717948718
4207.69230769231
4201.02564102564
4197.94871794872
4201.02564102564
4195.38461538462
4183.58974358974
4183.07692307692
4193.84615384615
4200.51282051282
4202.05128205128
4204.10256410256
4206.66666666667
4209.23076923077
4205.12820512821
4200
4203.07692307692
4200
4187.17948717949
4182.05128205128
4175.89743589744
4165.12820512821
4165.12820512821
4164.10256410256
4155.38461538462
4150.76923076923
4151.79487179487
4153.33333333333
4148.20512820513
4139.48717948718
4139.48717948718
4140.51282051282
4136.41025641026
4133.33333333333
4126.15384615385
4115.89743589744
4120.51282051282
4127.17948717949
4121.02564102564
4118.46153846154
4120
4106.66666666667
4091.28205128205
4095.89743589744
4110.25641025641
4114.8717948718
4112.82051282051
4110.25641025641
4103.58974358974
4109.23076923077
4123.07692307692
4118.97435897436
4100
4090.76923076923
4090.25641025641
4088.71794871795
4092.30769230769
4094.8717948718
4093.33333333333
4097.94871794872
4106.66666666667
4102.5641025641
4085.64102564103
4081.53846153846
4084.10256410256
4081.53846153846
4083.58974358974
4092.82051282051
4085.12820512821
4070.25641025641
4079.48717948718
4088.71794871795
4081.53846153846
4080
4088.71794871795
4090.76923076923
4082.05128205128
4072.82051282051
4070.25641025641
4074.35897435898
4072.30769230769
4072.30769230769
4083.07692307692
4081.53846153846
4068.71794871795
4065.64102564103
4067.17948717949
4066.15384615385
4071.28205128205
4076.41025641026
4074.8717948718
4073.84615384615
4075.38461538462
4075.89743589744
4074.35897435898
4066.15384615385
4057.94871794872
4060
4068.20512820513
4070.25641025641
4063.07692307692
4056.92307692308
4059.48717948718
4063.58974358974
4057.4358974359
4048.20512820513
4050.25641025641
4053.33333333333
4046.15384615385
4042.5641025641
4045.12820512821
4046.15384615385
4050.25641025641
4052.82051282051
4043.07692307692
4034.35897435898
4041.02564102564
4050.76923076923
4055.38461538462
4058.97435897436
4068.20512820513
4085.12820512821
4096.41025641026
4094.8717948718
4090.25641025641
4093.84615384615
4100
4104.10256410256
4112.82051282051
4125.12820512821
4137.4358974359
4147.69230769231
4153.84615384615
4156.92307692308
4169.23076923077
4186.15384615385
4187.69230769231
4181.02564102564
4189.23076923077
4198.97435897436
4191.28205128205
4181.02564102564
4186.15384615385
4182.5641025641
4172.30769230769
4178.46153846154
4186.66666666667
4183.07692307692
4182.05128205128
4185.12820512821
4183.58974358974
4189.23076923077
4200
4205.12820512821
4201.53846153846
4189.74358974359
4180
4189.23076923077
4208.20512820513
4206.66666666667
4203.58974358974
4213.33333333333
4211.28205128205
4198.46153846154
4200.51282051282
4208.71794871795
4206.66666666667
4208.20512820513
4211.28205128205
4213.84615384615
4222.5641025641
4230.76923076923
4234.35897435897
4232.82051282051
4230.76923076923
4238.97435897436
4252.30769230769
4252.30769230769
4244.10256410256
4247.69230769231
4248.71794871795
4243.07692307692
4241.53846153846
4244.61538461538
4256.41025641026
4272.82051282051
4281.53846153846
4280.51282051282
4273.33333333333
4264.61538461538
4263.58974358974
4267.69230769231
4265.12820512821
4267.69230769231
4279.48717948718
4284.61538461538
4280.51282051282
4277.4358974359
4280.51282051282
4282.05128205128
4282.05128205128
4288.71794871795
4304.61538461538
4312.82051282051
4307.17948717949
4306.15384615385
4315.89743589744
4320
4317.94871794872
4321.53846153846
4320.51282051282
4320
4331.79487179487
4335.89743589744
4325.12820512821
4324.10256410256
4343.07692307692
4348.71794871795
4339.48717948718
4342.05128205128
4348.20512820513
4335.89743589744
4322.5641025641
4327.17948717949
4333.33333333333
4337.4358974359
4346.15384615385
4353.84615384615
4355.38461538462
4355.89743589744
4363.58974358974
4367.69230769231
4360
4358.46153846154
4372.30769230769
4381.53846153846
4385.12820512821
4388.71794871795
4384.10256410256
4380
4390.25641025641
4400
4395.89743589744
4403.07692307692
4413.33333333333
4406.15384615385
4396.92307692308
4389.23076923077
4372.30769230769
4372.82051282051
4396.92307692308
4400
4382.5641025641
4387.17948717949
4406.15384615385
4413.84615384615
4417.94871794872
4425.12820512821
4426.66666666667
4435.89743589744
4445.64102564103
4433.84615384615
4425.64102564103
4438.97435897436
4437.94871794872
4416.41025641026
4403.07692307692
4401.02564102564
4397.94871794872
4392.30769230769
4382.5641025641
4367.69230769231
4364.10256410256
4378.46153846154
4385.64102564103
4375.38461538462
4370.25641025641
4366.66666666667
4350.76923076923
4332.82051282051
4326.66666666667
4327.17948717949
4322.5641025641
4317.4358974359
4317.4358974359
4311.79487179487
4306.15384615385
4312.82051282051
4314.8717948718
4309.74358974359
4319.48717948718
4324.61538461538
4313.84615384615
4312.30769230769
4308.71794871795
4286.15384615385
4276.92307692308
4282.5641025641
4281.02564102564
4274.8717948718
4268.71794871795
4261.02564102564
4261.53846153846
4266.15384615385
4265.64102564103
4264.61538461538
4265.12820512821
4268.20512820513
4277.94871794872
4291.28205128205
4295.89743589744
4286.66666666667
4282.5641025641
4290.25641025641
4296.41025641026
4296.41025641026
4300.51282051282
4307.69230769231
4310.76923076923
4309.74358974359
4310.25641025641
4315.89743589744
4324.10256410256
4329.74358974359
4328.71794871795
4328.20512820513
4333.33333333333
4330.25641025641
4325.12820512821
4328.20512820513
4322.05128205128
4308.20512820513
4311.28205128205
4320.51282051282
4320
4323.58974358974
4331.28205128205
4326.15384615385
4315.89743589744
4314.35897435897
4311.28205128205
4303.07692307692
4301.53846153846
4311.79487179487
4323.58974358974
4330.25641025641
4327.69230769231
4320
4311.79487179487
4302.5641025641
4298.46153846154
4300.51282051282
4303.58974358974
4308.71794871795
4313.33333333333
4310.76923076923
4314.35897435897
4329.74358974359
4336.92307692308
4333.84615384615
4335.38461538462
4337.4358974359
4329.23076923077
4326.15384615385
4330.25641025641
4320.51282051282
4316.41025641026
4325.12820512821
4318.46153846154
4301.53846153846
4307.17948717949
4318.46153846154
4313.84615384615
4310.25641025641
4310.25641025641
4311.79487179487
4313.84615384615
4308.20512820513
4295.38461538462
4283.58974358974
4278.46153846154
4272.30769230769
4264.10256410256
4260
4260.51282051282
4262.5641025641
4263.07692307692
4263.07692307692
4269.74358974359
4278.97435897436
4273.84615384615
4257.4358974359
4247.17948717949
4247.69230769231
4246.15384615385
4234.8717948718
4235.38461538462
4246.66666666667
4236.92307692308
4226.66666666667
4244.61538461538
4252.30769230769
4243.58974358974
4246.66666666667
4243.58974358974
4230.25641025641
4228.71794871795
4233.33333333333
4234.35897435897
4232.82051282051
4226.66666666667
4217.4358974359
4206.66666666667
4195.89743589744
4196.92307692308
4198.46153846154
4189.74358974359
4184.61538461538
4187.69230769231
4195.89743589744
4198.97435897436
4189.74358974359
4186.15384615385
4197.4358974359
4200
4185.12820512821
4185.64102564103
4198.97435897436
4195.38461538462
4182.5641025641
4176.41025641026
4176.92307692308
4180.51282051282
4185.64102564103
4185.64102564103
4185.64102564103
4184.61538461538
4177.94871794872
4183.58974358974
4191.28205128205
4172.82051282051
4150.76923076923
4150.76923076923
4150.76923076923
4140
4134.35897435897
4132.30769230769
4126.66666666667
4124.10256410256
4122.05128205128
4121.02564102564
4122.05128205128
4120
4113.33333333333
4107.17948717949
4103.58974358974
4105.64102564103
4108.20512820513
4106.15384615385
4107.69230769231
4117.4358974359
4123.07692307692
4121.53846153846
4119.48717948718
4125.12820512821
4132.82051282051
4130.76923076923
4120.51282051282
4116.92307692308
4129.23076923077
4137.4358974359
4128.20512820513
4117.4358974359
4125.64102564103
4138.46153846154
4137.94871794872
4133.84615384615
4134.8717948718
4138.97435897436
4138.46153846154
4135.89743589744
4138.97435897436
4142.05128205128
4140
4138.97435897436
4140.51282051282
4147.17948717949
4150.76923076923
4142.5641025641
4137.94871794872
4145.64102564103
4147.17948717949
4141.53846153846
4134.8717948718
4124.10256410256
4120
4132.82051282051
4138.97435897436
4131.79487179487
4126.15384615385
4126.15384615385
4122.5641025641
4121.53846153846
4135.38461538462
4139.48717948718
4123.58974358974
4116.41025641026
4115.89743589744
4111.28205128205
4114.8717948718
4122.5641025641
4122.05128205128
4117.4358974359
4109.74358974359
4104.61538461538
4105.12820512821
4103.58974358974
4102.5641025641
4103.58974358974
4104.10256410256
4113.33333333333
4122.05128205128
4122.5641025641
4123.07692307692
4122.05128205128
4118.46153846154
4125.12820512821
4134.8717948718
4130.25641025641
4122.5641025641
4123.58974358974
4121.53846153846
4116.92307692308
4126.15384615385
4133.84615384615
4127.17948717949
4122.05128205128
4123.58974358974
4121.53846153846
4120
4120.51282051282
4124.61538461538
4133.84615384615
4138.46153846154
4137.94871794872
4141.02564102564
4141.53846153846
4131.79487179487
4123.58974358974
4121.53846153846
4121.02564102564
4118.97435897436
4119.48717948718
4129.74358974359
4138.46153846154
4139.48717948718
4144.61538461538
4152.30769230769
4153.84615384615
4153.33333333333
4149.23076923077
4140.51282051282
4142.05128205128
4145.12820512821
4136.41025641026
4134.35897435897
4141.53846153846
4135.38461538462
4122.5641025641
4121.53846153846
4124.61538461538
4121.53846153846
4120.51282051282
4117.94871794872
4105.64102564103
4096.41025641026
4090.76923076923
4082.5641025641
4083.58974358974
4092.30769230769
4093.33333333333
4088.20512820513
4093.84615384615
4097.94871794872
4084.61538461539
4074.8717948718
4084.61538461539
4092.82051282051
4087.17948717949
4085.12820512821
4090.76923076923
4089.23076923077
4090.76923076923
4117.4358974359
4148.71794871795
4137.4358974359
4093.84615384615
4074.8717948718
4088.20512820513
4096.92307692308
4088.20512820513
4088.20512820513
4102.05128205128
4103.07692307692
4089.23076923077
4089.23076923077
4101.02564102564
4103.58974358974
4100.51282051282
4102.5641025641
4107.69230769231
4110.25641025641
4109.23076923077
4107.17948717949
4104.61538461538
4104.10256410256
4103.58974358974
4103.07692307692
4104.61538461538
4104.61538461538
4106.15384615385
4115.38461538462
4120
4116.41025641026
4115.38461538462
4112.82051282051
4108.20512820513
4112.82051282051
4124.10256410256
4132.82051282051
4137.4358974359
4136.92307692308
4137.4358974359
4136.41025641026
4132.30769230769
4133.33333333333
4137.4358974359
4142.5641025641
4143.58974358974
4136.41025641026
4133.33333333333
4137.4358974359
4139.48717948718
4138.46153846154
4136.41025641026
4135.38461538462
4139.48717948718
4141.02564102564
4137.94871794872
4135.38461538462
4135.38461538462
4135.38461538462
4136.41025641026
4137.4358974359
4138.46153846154
4133.84615384615
4125.12820512821
4122.5641025641
4122.05128205128
4117.94871794872
4118.46153846154
4123.07692307692
4117.4358974359
4103.58974358974
4101.02564102564
4106.15384615385
4105.12820512821
4106.15384615385
4103.07692307692
4087.17948717949
4082.5641025641
4089.23076923077
4094.35897435898
4103.07692307692
4107.17948717949
4102.5641025641
4105.64102564103
4110.76923076923
4106.66666666667
4107.69230769231
4108.20512820513
4101.53846153846
4095.89743589744
4097.4358974359
4103.58974358974
4106.66666666667
4113.33333333333
4122.5641025641
4124.61538461538
4124.61538461538
4118.97435897436
4105.64102564103
4103.58974358974
4106.15384615385
4104.61538461538
4115.89743589744
4113.84615384615
4086.15384615385
4075.89743589744
4085.64102564103
4082.5641025641
4074.8717948718
4071.28205128205
4070.25641025641
4080.51282051282
4078.97435897436
4073.33333333333
4084.61538461539
4087.17948717949
4075.38461538462
4070.25641025641
4070.76923076923
4064.10256410256
4053.33333333333
4046.66666666667
4048.20512820513
4052.30769230769
4049.23076923077
4050.25641025641
4051.28205128205
4049.23076923077
4051.79487179487
4049.23076923077
4040.51282051282
4043.07692307692
4052.82051282051
4051.79487179487
4048.71794871795
4057.94871794872
4067.69230769231
4064.61538461539
4057.94871794872
4063.07692307692
4069.74358974359
4061.53846153846
4055.38461538462
4065.12820512821
4067.69230769231
4067.17948717949
4075.89743589744
4076.92307692308
4068.20512820513
4066.66666666667
4070.76923076923
4067.69230769231
4056.92307692308
4050.76923076923
4056.41025641026
4062.5641025641
4060.51282051282
4057.4358974359
4057.94871794872
4062.05128205128
4064.10256410256
4057.94871794872
4050.25641025641
4047.69230769231
4044.10256410256
4038.97435897436
4037.94871794872
4030.76923076923
4023.07692307692
4030.25641025641
4036.92307692308
4034.8717948718
4034.35897435898
4029.23076923077
4017.94871794872
4022.05128205128
4033.33333333333
4034.8717948718
4036.41025641026
4037.4358974359
4035.38461538462
4036.92307692308
4042.5641025641
4047.69230769231
4042.5641025641
4034.35897435898
4037.94871794872
4045.64102564103
4044.61538461539
4044.10256410256
4045.64102564103
4046.15384615385
4052.82051282051
4061.53846153846
4059.48717948718
4050.25641025641
4047.69230769231
4053.33333333333
4058.46153846154
4061.02564102564
4065.64102564103
4071.79487179487
4076.41025641026
4077.94871794872
4078.46153846154
4074.8717948718
4065.12820512821
4058.46153846154
4057.94871794872
4061.53846153846
4069.23076923077
4075.38461538462
4077.4358974359
4082.05128205128
4085.12820512821
4083.58974358974
4081.53846153846
4082.5641025641
4083.58974358974
4084.10256410256
4086.15384615385
4096.41025641026
4105.64102564103
4105.12820512821
4104.10256410256
4107.17948717949
4107.69230769231
4107.69230769231
4103.58974358974
4096.92307692308
4098.97435897436
4107.69230769231
4109.23076923077
4103.58974358974
4107.69230769231
4119.48717948718
4124.10256410256
4121.02564102564
4121.02564102564
4123.58974358974
4123.07692307692
4123.58974358974
4125.12820512821
4125.64102564103
4124.61538461538
4123.58974358974
4124.61538461538
4126.15384615385
4126.66666666667
4125.12820512821
4122.5641025641
4123.07692307692
4124.10256410256
4122.05128205128
4121.53846153846
4122.5641025641
4122.5641025641
4122.05128205128
4121.53846153846
4123.07692307692
4124.61538461538
4121.53846153846
4120.51282051282
4120.51282051282
4114.8717948718
4114.35897435897
4118.46153846154
4113.84615384615
4105.64102564103
4102.05128205128
4101.02564102564
4101.53846153846
4104.10256410256
4109.74358974359
4112.30769230769
4107.69230769231
4110.25641025641
4121.02564102564
4122.05128205128
4119.48717948718
4117.94871794872
4112.30769230769
4109.74358974359
4109.74358974359
4109.74358974359
4114.8717948718
4120
4122.05128205128
4121.53846153846
4125.64102564103
4132.82051282051
4134.8717948718
4127.17948717949
4124.10256410256
4131.28205128205
4136.41025641026
4136.92307692308
4140
4142.05128205128
4138.46153846154
4136.41025641026
4138.46153846154
4137.94871794872
4140
4142.5641025641
4137.94871794872
4134.35897435897
4136.41025641026
4135.89743589744
4134.8717948718
4135.89743589744
4131.79487179487
4124.61538461538
4125.12820512821
4128.20512820513
4125.12820512821
4122.05128205128
4123.07692307692
4123.58974358974
4122.5641025641
4124.10256410256
4130.25641025641
4135.38461538462
4137.4358974359
4137.94871794872
4136.92307692308
4136.92307692308
4138.97435897436
4132.82051282051
4123.07692307692
4122.05128205128
4124.10256410256
4118.97435897436
4122.5641025641
4135.38461538462
4132.82051282051
4121.53846153846
4120.51282051282
4123.58974358974
4123.07692307692
4123.58974358974
4124.61538461538
4122.05128205128
4122.5641025641
4125.12820512821
4127.17948717949
4125.64102564103
4122.05128205128
4127.17948717949
4137.94871794872
4134.8717948718
4123.58974358974
4120
4117.94871794872
4114.35897435897
4118.97435897436
4124.61538461538
4118.97435897436
4113.33333333333
4116.92307692308
4122.05128205128
4115.38461538462
4104.61538461538
4108.20512820513
4113.84615384615
4107.69230769231
4104.10256410256
4111.79487179487
4120.51282051282
4121.02564102564
4120.51282051282
4121.02564102564
4122.05128205128
4121.53846153846
4120
4118.97435897436
4119.48717948718
4119.48717948718
4120
4121.53846153846
4121.02564102564
4121.02564102564
4122.5641025641
4124.10256410256
4125.64102564103
4125.64102564103
4123.58974358974
4126.66666666667
4134.8717948718
4137.94871794872
4135.89743589744
4137.94871794872
4140.51282051282
4133.33333333333
4124.61538461538
4120.51282051282
4112.82051282051
4105.12820512821
4103.58974358974
4101.53846153846
4097.4358974359
4096.92307692308
4097.94871794872
4101.02564102564
4106.15384615385
4105.64102564103
4104.61538461538
4106.66666666667
4104.61538461538
4093.33333333333
4088.71794871795
4100.51282051282
4108.71794871795
4101.53846153846
4096.41025641026
4099.48717948718
4094.8717948718
4087.17948717949
4092.30769230769
4103.07692307692
4105.12820512821
4103.07692307692
4108.71794871795
4118.46153846154
4124.61538461538
4123.07692307692
4121.02564102564
4118.97435897436
4111.28205128205
4102.05128205128
4106.66666666667
4118.97435897436
4125.12820512821
4125.64102564103
4121.02564102564
4109.74358974359
4104.61538461538
4102.5641025641
4088.71794871795
4078.97435897436
4088.71794871795
4090.76923076923
4078.46153846154
4072.30769230769
4070.76923076923
4067.69230769231
4064.61538461539
4060
4055.38461538462
4057.4358974359
4061.53846153846
4067.17948717949
4073.84615384615
4072.82051282051
4071.79487179487
4074.35897435898
4068.71794871795
4058.97435897436
4056.92307692308
4060
4061.53846153846
4060.51282051282
4058.46153846154
4058.46153846154
4060
4057.4358974359
4062.5641025641
4072.82051282051
4073.33333333333
4070.76923076923
4075.89743589744
4082.5641025641
4083.07692307692
4080.51282051282
4077.94871794872
4072.82051282051
4066.66666666667
4065.64102564103
4069.23076923077
4068.20512820513
4065.64102564103
4067.69230769231
4065.64102564103
4063.07692307692
4062.5641025641
4062.5641025641
4067.17948717949
4074.8717948718
4075.38461538462
4075.89743589744
4086.15384615385
4093.33333333333
4087.17948717949
4083.07692307692
4088.71794871795
4093.33333333333
4088.71794871795
4091.28205128205
4103.58974358974
4107.17948717949
4103.07692307692
4111.28205128205
4120.51282051282
4113.84615384615
4105.12820512821
4106.15384615385
4106.66666666667
4104.61538461538
4106.15384615385
4107.69230769231
4106.15384615385
4107.17948717949
4104.10256410256
4098.97435897436
4102.5641025641
4108.20512820513
4106.15384615385
4104.61538461538
4107.17948717949
4107.17948717949
4104.61538461538
4104.61538461538
4105.64102564103
4105.64102564103
4105.64102564103
4098.97435897436
4091.79487179487
4090.25641025641
4087.69230769231
4081.53846153846
4080
4078.46153846154
4069.74358974359
4064.61538461539
4069.74358974359
4078.46153846154
4082.5641025641
4082.5641025641
4082.5641025641
4083.07692307692
4086.15384615385
4091.28205128205
4091.28205128205
4088.71794871795
4090.25641025641
4090.76923076923
4092.82051282051
4102.5641025641
4100
4082.05128205128
4080
4093.33333333333
4090.76923076923
4088.20512820513
4103.07692307692
4102.05128205128
4084.10256410256
4082.5641025641
4091.79487179487
4089.74358974359
4085.64102564103
4087.69230769231
4091.28205128205
4090.76923076923
4083.58974358974
4086.15384615385
4092.30769230769
4083.58974358974
4079.48717948718
4091.28205128205
4093.84615384615
4075.38461538462
4070.76923076923
4085.12820512821
4089.23076923077
4082.05128205128
4081.02564102564
4081.53846153846
4080
4082.05128205128
4082.5641025641
4084.61538461539
4089.74358974359
4088.20512820513
4089.23076923077
4090.25641025641
4077.94871794872
4069.23076923077
4073.33333333333
4074.35897435898
4076.41025641026
4086.66666666667
4090.76923076923
4092.30769230769
4091.28205128205
4082.05128205128
4082.5641025641
4089.74358974359
4077.94871794872
4058.46153846154
4070.25641025641
4090.76923076923
4088.71794871795
4084.10256410256
4084.61538461539
4082.5641025641
4079.48717948718
4080
4083.07692307692
4089.23076923077
4095.89743589744
4102.5641025641
4106.15384615385
4097.94871794872
4091.79487179487
4090.25641025641
4079.48717948718
4070.25641025641
4068.71794871795
4062.5641025641
4056.92307692308
4061.53846153846
4065.12820512821
4055.89743589744
4040
4032.82051282051
4035.38461538462
4041.02564102564
4043.07692307692
4041.53846153846
4034.8717948718
4025.12820512821
4023.07692307692
4028.71794871795
4029.74358974359
4034.35897435898
4053.84615384615
4069.74358974359
4069.23076923077
4069.74358974359
4064.61538461539
4045.64102564103
4034.35897435898
4035.89743589744
4035.38461538462
4033.84615384615
4034.8717948718
4035.38461538462
4033.33333333333
4030.25641025641
4026.66666666667
4024.61538461539
4026.15384615385
4028.71794871795
4031.28205128205
4028.71794871795
4023.58974358974
4016.92307692308
4015.38461538462
4018.46153846154
4020
4021.53846153846
4022.5641025641
4023.07692307692
4021.53846153846
4013.33333333333
4009.74358974359
4016.92307692308
4021.02564102564
4019.48717948718
4022.05128205128
4023.07692307692
4018.46153846154
4020
4027.69230769231
4028.71794871795
4022.5641025641
4018.97435897436
4023.58974358974
4020.51282051282
4010.25641025641
4012.82051282051
4018.46153846154
4009.74358974359
4001.53846153846
4014.35897435898
4030.76923076923
4030.25641025641
4029.74358974359
4035.89743589744
4033.84615384615
4022.05128205128
4018.46153846154
4020.51282051282
4017.4358974359
4016.92307692308
