F7
3970.25641025641
3958.97435897436
3961.02564102564
3978.97435897436
3974.8717948718
3956.41025641026
3966.15384615385
3981.02564102564
3964.61538461539
3951.79487179487
3962.05128205128
3967.17948717949
3965.64102564103
3962.5641025641
3954.8717948718
3954.8717948718
3958.46153846154
3961.02564102564
3965.64102564103
3972.82051282051
3983.58974358974
3989.23076923077
3978.97435897436
3972.30769230769
3981.53846153846
3991.28205128205
4001.02564102564
3997.4358974359
3978.46153846154
3975.89743589744
3987.17948717949
3988.71794871795
3989.74358974359
3993.33333333333
3990.76923076923
3985.12820512821
3982.5641025641
3984.61538461539
3984.10256410256
3981.02564102564
3988.20512820513
3991.28205128205
3982.5641025641
3982.5641025641
3988.20512820513
3983.07692307692
3971.28205128205
3971.28205128205
3979.48717948718
3976.92307692308
3973.84615384615
3972.82051282051
3960
3957.94871794872
3975.89743589744
3982.5641025641
3971.28205128205
3963.07692307692
3958.46153846154
3965.12820512821
3975.89743589744
3964.10256410256
3957.4358974359
3966.66666666667
3958.46153846154
3948.71794871795
3959.48717948718
3973.33333333333
3972.82051282051
3963.58974358974
3957.4358974359
3961.02564102564
3959.48717948718
3947.69230769231
3954.35897435898
3972.30769230769
3972.82051282051
3960
3955.38461538462
3958.97435897436
3956.41025641026
3955.89743589744
3972.30769230769
3985.12820512821
3985.64102564103
4000
4018.97435897436
4019.48717948718
4010.76923076923
4010.25641025641
4008.20512820513
3997.4358974359
4000
4005.64102564103
3992.30769230769
3981.02564102564
3988.20512820513
3992.82051282051
3990.76923076923
4000
4009.74358974359
4011.79487179487
4014.35897435898
4010.25641025641
3990.76923076923
3984.61538461539
4004.10256410256
4012.30769230769
4004.10256410256
4006.15384615385
4002.5641025641
3989.74358974359
3995.89743589744
4006.66666666667
4004.10256410256
4003.58974358974
4004.10256410256
3992.30769230769
3986.15384615385
3996.41025641026
3999.48717948718
3991.28205128205
3989.74358974359
4000
4002.05128205128
3983.58974358974
3966.15384615385
3982.05128205128
4004.61538461539
3998.97435897436
3997.94871794872
4007.69230769231
3998.97435897436
3992.30769230769
4004.10256410256
4015.38461538462
4017.94871794872
4017.4358974359
4018.97435897436
4034.35897435898
4047.69230769231
4052.82051282051
4067.17948717949
4077.4358974359
4077.4358974359
4072.82051282051
4063.07692307692
4060.51282051282
4077.4358974359
4087.17948717949
4074.8717948718
4065.64102564103
4067.69230769231
4065.12820512821
4056.41025641026
4050.76923076923
4049.74358974359
4051.79487179487
4048.20512820513
4036.92307692308
4033.84615384615
4040
4047.69230769231
4055.38461538462
4062.05128205128
4060
4055.89743589744
4062.05128205128
4070.25641025641
4061.02564102564
4054.8717948718
4067.17948717949
4068.71794871795
4060
4061.02564102564
4055.89743589744
4044.61538461539
4044.61538461539
4043.58974358974
4029.23076923077
4021.53846153846
4025.12820512821
4025.12820512821
4019.48717948718
4018.97435897436
4022.05128205128
4016.41025641026
4023.07692307692
4038.97435897436
4031.28205128205
4014.35897435898
4016.41025641026
4021.02564102564
4012.30769230769
4015.38461538462
4032.82051282051
4036.41025641026
4018.97435897436
4005.64102564103
4008.20512820513
4006.15384615385
4005.64102564103
4005.64102564103
3988.20512820513
3970.76923076923
3972.30769230769
3974.35897435898
3970.25641025641
3974.35897435898
3975.89743589744
3969.74358974359
3971.79487179487
3985.12820512821
3987.69230769231
3977.94871794872
3979.48717948718
3989.23076923077
3994.8717948718
3987.69230769231
3979.48717948718
3990.25641025641
3997.94871794872
3981.53846153846
3977.94871794872
3998.46153846154
4007.17948717949
4003.07692307692
3996.92307692308
3985.12820512821
3985.64102564103
3991.79487179487
3983.58974358974
3972.82051282051
3970.25641025641
3970.25641025641
3964.10256410256
3958.46153846154
3959.48717948718
3962.05128205128
3957.94871794872
3956.41025641026
3955.89743589744
3946.15384615385
3941.02564102564
3949.74358974359
3960
3959.48717948718
3954.8717948718
3956.92307692308
3960
3957.4358974359
3955.89743589744
3961.53846153846
3970.25641025641
3969.23076923077
3963.58974358974
3961.53846153846
3961.53846153846
3958.97435897436
3956.92307692308
3962.05128205128
3976.41025641026
3988.20512820513
3974.35897435898
3955.89743589744
3962.5641025641
3977.94871794872
3975.89743589744
3970.25641025641
3978.97435897436
3971.79487179487
3957.94871794872
3969.23076923077
3978.97435897436
3974.35897435898
3969.74358974359
3960.51282051282
3961.02564102564
3989.74358974359
4012.30769230769
4012.82051282051
4020.51282051282
4031.79487179487
4034.35897435898
4033.84615384615
4040
4041.53846153846
4027.17948717949
4013.84615384615
4014.8717948718
4018.46153846154
4016.92307692308
4014.35897435898
4006.15384615385
4000.51282051282
4003.07692307692
4005.64102564103
4005.64102564103
4004.61538461539
4005.64102564103
4008.71794871795
4010.76923076923
4015.38461538462
4023.58974358974
4018.46153846154
4005.12820512821
4011.79487179487
4025.64102564103
4021.02564102564
4015.89743589744
4021.02564102564
4011.79487179487
4004.61538461539
4017.4358974359
4022.05128205128
4017.94871794872
4017.94871794872
4012.82051282051
4003.07692307692
4000.51282051282
4002.5641025641
4012.82051282051
4023.58974358974
4024.61538461539
4028.20512820513
4032.30769230769
4026.15384615385
4018.46153846154
4016.92307692308
4020.51282051282
4022.05128205128
4022.05128205128
4026.66666666667
4028.71794871795
4022.05128205128
4018.46153846154
4024.10256410256
4028.71794871795
4028.20512820513
4024.10256410256
4021.02564102564
4020.51282051282
4025.12820512821
4031.28205128205
4026.15384615385
4021.02564102564
4024.10256410256
4029.23076923077
4027.69230769231
4026.15384615385
4026.66666666667
4028.71794871795
4035.38461538462
4045.12820512821
4054.8717948718
4052.30769230769
4042.5641025641
4046.66666666667
4056.92307692308
4058.97435897436
4058.46153846154
4061.02564102564
4059.48717948718
4064.61538461539
4078.46153846154
4078.46153846154
4069.74358974359
4079.48717948718
4098.46153846154
4105.12820512821
4109.23076923077
4123.07692307692
4129.74358974359
4123.07692307692
4118.97435897436
4122.05128205128
4120
4118.46153846154
4130.76923076923
4139.48717948718
4131.79487179487
4124.61538461538
4129.74358974359
4136.41025641026
4136.92307692308
4135.89743589744
4135.38461538462
4136.41025641026
4135.38461538462
4129.74358974359
4117.94871794872
4120
4134.8717948718
4129.74358974359
4118.97435897436
4117.4358974359
4110.25641025641
4106.15384615385
4118.46153846154
4124.61538461538
4120
4121.53846153846
4117.94871794872
4109.23076923077
4108.20512820513
4109.23076923077
4105.64102564103
4104.10256410256
4109.23076923077
4110.76923076923
4109.74358974359
4108.71794871795
4103.07692307692
4100
4107.17948717949
4117.94871794872
4122.05128205128
4117.4358974359
4107.17948717949
4102.5641025641
4109.23076923077
4108.71794871795
4097.94871794872
4098.97435897436
4113.33333333333
4116.92307692308
4111.79487179487
4117.94871794872
4127.17948717949
4121.53846153846
4118.97435897436
4131.28205128205
4140
4134.8717948718
4137.4358974359
4151.28205128205
4156.41025641026
4158.46153846154
4155.38461538462
4138.97435897436
4134.8717948718
4152.82051282051
4159.48717948718
4146.15384615385
4134.8717948718
4137.4358974359
4148.71794871795
4135.89743589744
4104.10256410256
4104.61538461538
4124.10256410256
4111.79487179487
4084.10256410256
4076.41025641026
4077.4358974359
4076.41025641026
4075.89743589744
4068.71794871795
4061.02564102564
4053.33333333333
4041.02564102564
4036.92307692308
4032.30769230769
4022.5641025641
4021.02564102564
4023.07692307692
4021.02564102564
4025.64102564103
4031.79487179487
4025.64102564103
4028.20512820513
4036.92307692308
4033.33333333333
4022.5641025641
4020.51282051282
4031.79487179487
4033.33333333333
4022.5641025641
4015.89743589744
4016.41025641026
4021.53846153846
4027.69230769231
4030.76923076923
4028.20512820513
4028.20512820513
4032.30769230769
4035.89743589744
4034.8717948718
4035.38461538462
4038.97435897436
4030.25641025641
4022.5641025641
4032.82051282051
4039.48717948718
4033.84615384615
4034.35897435898
4038.97435897436
4035.89743589744
4036.41025641026
4035.38461538462
4028.20512820513
4027.69230769231
4036.41025641026
4040.51282051282
4038.97435897436
4042.5641025641
4049.23076923077
4050.25641025641
4045.12820512821
4043.58974358974
4041.53846153846
4029.23076923077
4016.92307692308
4019.48717948718
4021.53846153846
4008.71794871795
4004.61538461539
4014.35897435898
4011.79487179487
4008.20512820513
4016.92307692308
4017.94871794872
4009.74358974359
4007.69230769231
4006.66666666667
4004.61538461539
4005.64102564103
4006.66666666667
4014.8717948718
4020.51282051282
4010.76923076923
4005.64102564103
4015.38461538462
4027.69230769231
4032.82051282051
4033.84615384615
4040
4050.76923076923
4054.8717948718
4049.74358974359
4047.17948717949
4050.76923076923
4055.38461538462
4057.94871794872
4065.64102564103
4070.25641025641
4057.94871794872
4054.35897435898
4069.23076923077
4071.79487179487
4066.15384615385
4074.8717948718
4082.05128205128
4076.92307692308
4073.33333333333
4081.53846153846
4092.30769230769
4090.25641025641
4082.05128205128
4084.61538461539
4085.12820512821
4078.46153846154
4073.33333333333
4074.8717948718
4083.07692307692
4095.38461538462
4107.17948717949
4112.30769230769
4110.25641025641
4114.35897435897
4124.10256410256
4124.10256410256
4127.69230769231
4138.97435897436
4135.38461538462
4127.69230769231
4131.28205128205
4128.71794871795
4119.48717948718
4118.97435897436
4117.94871794872
4110.25641025641
4104.10256410256
4104.61538461538
4105.12820512821
4096.92307692308
4086.66666666667
4083.58974358974
4082.5641025641
4083.07692307692
4095.38461538462
4108.71794871795
4101.53846153846
4084.10256410256
4081.53846153846
4089.74358974359
4090.25641025641
4086.15384615385
4084.10256410256
4078.97435897436
4074.8717948718
4083.07692307692
4089.74358974359
4085.64102564103
4082.05128205128
4078.46153846154
4071.79487179487
4071.79487179487
4071.28205128205
4065.64102564103
4065.12820512821
4069.23076923077
4072.30769230769
4073.33333333333
4075.89743589744
4080.51282051282
4077.4358974359
4075.89743589744
4085.12820512821
4094.8717948718
4101.53846153846
4107.17948717949
4112.82051282051
4119.48717948718
4124.61538461538
4122.5641025641
4123.07692307692
4127.17948717949
4123.58974358974
4121.53846153846
4128.71794871795
4136.92307692308
4135.89743589744
4133.84615384615
4137.94871794872
4139.48717948718
4135.89743589744
4134.8717948718
4138.46153846154
4137.94871794872
4134.8717948718
4135.89743589744
4136.92307692308
4136.92307692308
4138.97435897436
4138.46153846154
4135.89743589744
4136.41025641026
4137.94871794872
4136.92307692308
4136.41025641026
4135.89743589744
4135.38461538462
4133.84615384615
4133.84615384615
4136.92307692308
4140
4141.02564102564
4137.94871794872
4135.89743589744
4138.46153846154
4136.41025641026
4130.76923076923
4132.82051282051
4141.02564102564
4142.5641025641
4136.41025641026
4133.84615384615
4135.89743589744
4138.46153846154
4137.4358974359
4135.89743589744
4137.94871794872
4135.38461538462
4125.12820512821
4120.51282051282
4123.07692307692
4122.5641025641
4121.02564102564
4121.02564102564
4122.5641025641
4125.12820512821
4123.58974358974
4117.94871794872
4119.48717948718
4123.58974358974
4120
4117.4358974359
4122.5641025641
4126.66666666667
4122.5641025641
4116.41025641026
4118.97435897436
4123.07692307692
4120.51282051282
4119.48717948718
4122.05128205128
4125.64102564103
4130.25641025641
4130.76923076923
4119.48717948718
4107.69230769231
4107.69230769231
4106.66666666667
4108.20512820513
4112.82051282051
4103.07692307692
4091.79487179487
4103.07692307692
4114.8717948718
4100
4088.20512820513
4094.8717948718
4091.28205128205
4079.48717948718
4084.10256410256
4091.79487179487
4085.64102564103
4081.53846153846
4082.5641025641
4072.30769230769
4065.12820512821
4076.92307692308
4078.97435897436
4061.53846153846
4055.38461538462
4061.53846153846
4054.8717948718
4052.30769230769
4062.05128205128
4057.94871794872
4048.71794871795
4050.76923076923
4047.17948717949
4041.53846153846
4050.25641025641
4061.02564102564
4060
4058.97435897436
4067.69230769231
4072.30769230769
4059.48717948718
4048.20512820513
4056.41025641026
4062.05128205128
4051.28205128205
4049.23076923077
4059.48717948718
4062.05128205128
4058.97435897436
4057.94871794872
4055.38461538462
4051.79487179487
4044.61538461539
4029.74358974359
4017.4358974359
4018.97435897436
4026.15384615385
4024.10256410256
4006.66666666667
3996.92307692308
4013.84615384615
4034.35897435898
4037.94871794872
4033.33333333333
4031.79487179487
4029.23076923077
4029.23076923077
4031.28205128205
4024.61538461539
4016.41025641026
4017.94871794872
4029.74358974359
4031.79487179487
4022.5641025641
4020
4021.53846153846
4017.94871794872
4022.5641025641
4030.76923076923
4026.66666666667
4031.28205128205
4037.4358974359
4025.64102564103
4026.66666666667
4048.20512820513
4052.82051282051
4044.10256410256
4045.12820512821
4045.12820512821
4050.25641025641
4059.48717948718
4052.30769230769
4047.17948717949
4061.53846153846
4072.82051282051
4067.17948717949
4058.97435897436
4058.97435897436
4063.58974358974
4067.17948717949
4067.69230769231
4067.69230769231
4065.64102564103
4070.76923076923
4086.66666666667
4092.82051282051
4083.58974358974
4076.92307692308
4074.35897435898
4070.76923076923
4065.64102564103
4060.51282051282
4065.64102564103
4077.4358974359
4078.46153846154
4073.33333333333
4076.92307692308
4077.94871794872
4073.33333333333
4075.38461538462
4081.02564102564
4080
4081.02564102564
4086.15384615385
4090.76923076923
4100.51282051282
4109.23076923077
4107.69230769231
4104.10256410256
4102.05128205128
4094.35897435898
4092.82051282051
4101.02564102564
4105.12820512821
4106.66666666667
4105.64102564103
4100.51282051282
4099.48717948718
4107.17948717949
4111.28205128205
4106.15384615385
4104.10256410256
4104.10256410256
4096.41025641026
4093.84615384615
4101.53846153846
4101.53846153846
4098.46153846154
4106.66666666667
4115.38461538462
4117.94871794872
4122.05128205128
4120
4107.17948717949
4096.92307692308
4095.89743589744
4102.5641025641
4107.17948717949
4109.74358974359
4120
4125.12820512821
4111.28205128205
4104.61538461538
4117.4358974359
4117.4358974359
4108.20512820513
4118.97435897436
4131.79487179487
4126.15384615385
4126.66666666667
4139.48717948718
4137.94871794872
4126.15384615385
4121.02564102564
4122.05128205128
4125.64102564103
4136.41025641026
4141.02564102564
4133.84615384615
4132.30769230769
4138.97435897436
4137.94871794872
4126.66666666667
4114.35897435897
4109.23076923077
4112.30769230769
4111.28205128205
4109.23076923077
4112.30769230769
4112.82051282051
4107.17948717949
4104.10256410256
4107.17948717949
4107.17948717949
4092.82051282051
4078.97435897436
4083.07692307692
4089.23076923077
4085.64102564103
4086.66666666667
4092.30769230769
4091.28205128205
4092.30769230769
4094.35897435898
4087.17948717949
4084.10256410256
4088.71794871795
4090.25641025641
4085.64102564103
4083.58974358974
4087.69230769231
4086.66666666667
4079.48717948718
4075.38461538462
4075.38461538462
4068.20512820513
4056.92307692308
4049.74358974359
4043.07692307692
4035.89743589744
4033.84615384615
4036.41025641026
4047.17948717949
4054.35897435898
4045.64102564103
4034.8717948718
4035.89743589744
4035.89743589744
4035.38461538462
4042.05128205128
4044.10256410256
4042.05128205128
4045.64102564103
4043.58974358974
4036.41025641026
4041.02564102564
4053.84615384615
4062.5641025641
4062.05128205128
4061.02564102564
4060
4060
4066.66666666667
4070.76923076923
4061.53846153846
4058.46153846154
4071.28205128205
4074.8717948718
4065.64102564103
4065.12820512821
4070.76923076923
4069.23076923077
4066.66666666667
4066.66666666667
4065.12820512821
4060
4050.76923076923
4052.30769230769
4067.17948717949
4067.17948717949
4049.74358974359
4042.05128205128
4045.12820512821
4044.10256410256
4043.58974358974
4045.64102564103
4052.30769230769
4059.48717948718
4055.89743589744
4049.74358974359
4050.25641025641
4051.79487179487
4050.76923076923
4049.74358974359
4051.28205128205
4055.89743589744
4062.5641025641
4061.02564102564
4054.35897435898
4058.46153846154
4067.17948717949
4067.17948717949
4058.97435897436
4053.33333333333
4050.76923076923
4049.74358974359
4054.35897435898
4058.97435897436
4057.94871794872
4061.02564102564
4069.23076923077
4065.12820512821
4056.92307692308
4063.07692307692
4066.66666666667
4058.46153846154
4053.84615384615
4054.35897435898
4049.23076923077
4046.15384615385
4050.76923076923
4049.74358974359
4041.53846153846
4044.10256410256
4055.89743589744
4055.38461538462
4050.76923076923
4053.84615384615
4054.35897435898
4052.30769230769
4047.17948717949
4037.4358974359
4031.28205128205
4033.33333333333
4036.92307692308
4042.05128205128
4046.66666666667
4047.17948717949
4049.74358974359
4046.15384615385
4039.48717948718
4040.51282051282
4043.58974358974
4048.71794871795
4053.33333333333
4048.71794871795
4041.02564102564
4043.07692307692
4047.17948717949
4047.69230769231
4052.82051282051
4051.79487179487
4036.92307692308
4031.28205128205
4042.05128205128
4043.58974358974
4036.92307692308
4039.48717948718
4034.35897435898
4020.51282051282
4025.12820512821
4030.76923076923
4020.51282051282
4015.89743589744
4020
4016.92307692308
4009.23076923077
4006.66666666667
4004.61538461539
4002.05128205128
4003.07692307692
4004.10256410256
3997.4358974359
3992.30769230769
4000
4005.64102564103
4002.5641025641
4003.58974358974
4008.20512820513
4009.23076923077
4009.23076923077
4003.58974358974
3997.4358974359
4003.58974358974
4004.10256410256
3989.74358974359
3985.12820512821
3999.48717948718
4006.66666666667
4001.53846153846
4006.15384615385
4007.17948717949
4000
4001.02564102564
4006.15384615385
4004.61538461539
4002.5641025641
4004.61538461539
4004.10256410256
4002.05128205128
4002.5641025641
4005.12820512821
4009.74358974359
4013.33333333333
4013.33333333333
4006.15384615385
4009.74358974359
4024.10256410256
4030.25641025641
4035.38461538462
4044.61538461539
4048.71794871795
4051.79487179487
4064.10256410256
4071.28205128205
4063.07692307692
4059.48717948718
4069.23076923077
4074.8717948718
4072.30769230769
4076.92307692308
4080
4076.41025641026
4084.10256410256
4094.35897435898
4093.84615384615
4078.46153846154
4065.64102564103
4069.23076923077
4075.38461538462
4076.92307692308
4085.12820512821
4092.30769230769
4085.12820512821
4075.89743589744
4072.82051282051
4076.41025641026
4083.58974358974
4083.07692307692
4075.38461538462
4074.8717948718
4077.94871794872
4073.33333333333
4074.8717948718
4083.07692307692
4084.10256410256
4085.64102564103
4091.28205128205
4088.71794871795
4081.02564102564
4080.51282051282
4079.48717948718
4075.38461538462
4076.92307692308
4080.51282051282
4074.8717948718
4063.58974358974
4070.25641025641
4084.61538461539
4081.53846153846
4073.84615384615
4073.84615384615
4070.76923076923
4064.10256410256
4064.61538461539
4068.71794871795
4075.89743589744
4075.38461538462
4065.64102564103
4067.69230769231
4078.46153846154
4075.38461538462
4062.05128205128
4056.41025641026
4060
4063.58974358974
4067.17948717949
4069.23076923077
4062.5641025641
4055.89743589744
4059.48717948718
4062.5641025641
4059.48717948718
4057.94871794872
4060.51282051282
4061.53846153846
4061.53846153846
4063.07692307692
4058.97435897436
4049.74358974359
4052.82051282051
4057.94871794872
4053.33333333333
4052.30769230769
4058.97435897436
4061.53846153846
4067.17948717949
4069.23076923077
4067.17948717949
4073.33333333333
4074.35897435898
4067.17948717949
4070.76923076923
4077.94871794872
4074.35897435898
4066.66666666667
4066.15384615385
4074.8717948718
4074.8717948718
4053.84615384615
4044.61538461539
4055.89743589744
4058.97435897436
4060
4068.20512820513
4071.79487179487
4074.35897435898
4078.46153846154
4077.4358974359
4074.8717948718
4078.46153846154
4077.4358974359
4066.66666666667
4069.23076923077
4085.64102564103
4093.84615384615
4091.28205128205
4090.25641025641
4091.28205128205
4098.97435897436
4114.8717948718
4116.92307692308
4108.71794871795
4117.4358974359
4130.25641025641
4124.61538461538
4120.51282051282
4122.05128205128
4111.28205128205
4100.51282051282
4108.20512820513
4108.20512820513
4084.61538461539
4072.30769230769
4082.5641025641
4077.94871794872
4060
4067.69230769231
4082.05128205128
4075.89743589744
4071.79487179487
4076.41025641026
4075.89743589744
4074.8717948718
4079.48717948718
4081.53846153846
4077.94871794872
4077.4358974359
4073.84615384615
4063.07692307692
4065.64102564103
4074.8717948718
4070.76923076923
4064.61538461539
4068.20512820513
4066.66666666667
4059.48717948718
4057.94871794872
4059.48717948718
4061.02564102564
4062.05128205128
4060.51282051282
4054.8717948718
4050.25641025641
4048.71794871795
4055.89743589744
4066.66666666667
4064.61538461539
4058.97435897436
4060.51282051282
4057.4358974359
4050.76923076923
4050.76923076923
4046.66666666667
4040
4045.64102564103
4052.30769230769
4048.71794871795
4043.07692307692
4043.07692307692
4045.12820512821
4043.58974358974
4048.20512820513
4054.35897435898
4050.25641025641
4042.5641025641
4042.05128205128
4051.28205128205
4053.84615384615
4043.07692307692
4037.94871794872
4043.58974358974
4041.02564102564
4031.79487179487
4032.82051282051
4031.79487179487
4026.15384615385
4031.28205128205
4038.97435897436
4033.84615384615
4022.5641025641
4021.02564102564
4029.74358974359
4029.74358974359
4021.53846153846
4016.92307692308
4015.38461538462
4012.30769230769
4010.25641025641
