O2
4018.97435897436
4018.97435897436
4019.48717948718
4029.74358974359
4027.17948717949
4017.94871794872
4025.64102564103
4033.33333333333
4023.07692307692
4014.35897435898
4020
4030.25641025641
4030.76923076923
4020.51282051282
4017.94871794872
4020
4015.89743589744
4018.97435897436
4030.76923076923
4035.38461538462
4033.84615384615
4034.35897435898
4031.28205128205
4027.69230769231
4027.17948717949
4030.76923076923
4034.8717948718
4029.74358974359
4028.71794871795
4036.92307692308
4027.17948717949
4014.8717948718
4031.28205128205
4048.71794871795
4039.48717948718
4022.5641025641
4021.02564102564
4033.84615384615
4029.74358974359
4022.05128205128
4036.92307692308
4045.64102564103
4039.48717948718
4030.76923076923
4022.05128205128
4020.51282051282
4025.12820512821
4022.5641025641
4014.35897435898
4013.33333333333
4020.51282051282
4025.64102564103
4012.82051282051
4004.61538461539
4018.46153846154
4018.97435897436
4005.64102564103
4005.64102564103
4008.71794871795
4006.15384615385
4009.74358974359
4015.38461538462
4009.74358974359
4000.51282051282
3993.84615384615
3996.92307692308
4011.28205128205
4015.89743589744
4003.07692307692
3999.48717948718
4010.76923076923
4012.30769230769
4002.05128205128
3997.94871794872
4002.05128205128
4004.10256410256
4004.61538461539
4006.15384615385
4006.15384615385
4008.20512820513
4002.5641025641
3993.84615384615
3994.8717948718
3996.41025641026
3989.23076923077
3984.61538461539
3979.48717948718
3972.30769230769
3977.4358974359
3983.07692307692
3977.94871794872
3970.25641025641
3965.12820512821
3967.17948717949
3968.71794871795
3961.02564102564
3955.89743589744
3966.15384615385
3982.5641025641
3987.69230769231
3989.23076923077
3991.28205128205
3984.10256410256
3972.82051282051
3969.74358974359
3976.41025641026
3988.71794871795
3989.74358974359
3977.94871794872
3972.30769230769
3970.76923076923
3971.79487179487
3990.25641025641
4001.53846153846
3992.82051282051
3989.23076923077
3987.17948717949
3975.89743589744
3972.30769230769
3984.10256410256
3989.23076923077
3979.48717948718
3970.76923076923
3973.33333333333
3977.4358974359
3975.89743589744
3973.84615384615
3974.35897435898
3977.4358974359
3977.94871794872
3972.82051282051
3974.35897435898
3981.02564102564
3978.46153846154
3973.84615384615
3984.10256410256
3994.8717948718
3988.71794871795
3985.64102564103
4000.51282051282
4015.89743589744
4022.05128205128
4029.23076923077
4033.33333333333
4029.74358974359
4025.64102564103
4019.48717948718
4014.35897435898
4027.17948717949
4040
4034.8717948718
4024.10256410256
4013.33333333333
4004.10256410256
4000.51282051282
3998.97435897436
3995.89743589744
3995.38461538462
3987.17948717949
3975.89743589744
3978.97435897436
3986.66666666667
3990.25641025641
3997.94871794872
3998.46153846154
3989.23076923077
3992.30769230769
4007.17948717949
4006.66666666667
3997.94871794872
4006.66666666667
4017.94871794872
3999.48717948718
3981.53846153846
4002.05128205128
4023.07692307692
4022.05128205128
4032.82051282051
4055.89743589744
4054.8717948718
4040.51282051282
4040.51282051282
4047.17948717949
4045.64102564103
4038.97435897436
4035.38461538462
4030.76923076923
4035.89743589744
4049.23076923077
4045.64102564103
4034.8717948718
4034.35897435898
4028.71794871795
4016.92307692308
4024.10256410256
4038.97435897436
4033.84615384615
4018.46153846154
4019.48717948718
4030.76923076923
4026.15384615385
4016.92307692308
4021.02564102564
4011.79487179487
3987.69230769231
3988.20512820513
4000.51282051282
3996.41025641026
4002.5641025641
4010.76923076923
3994.8717948718
3992.30769230769
4019.48717948718
4023.58974358974
4009.23076923077
4016.92307692308
4029.74358974359
4032.82051282051
4025.12820512821
4013.33333333333
4018.97435897436
4027.69230769231
4020.51282051282
4018.46153846154
4020.51282051282
4020.51282051282
4034.35897435898
4030.76923076923
4001.02564102564
4007.17948717949
4028.20512820513
4015.38461538462
4002.5641025641
4007.17948717949
4009.23076923077
3998.46153846154
3983.58974358974
3991.79487179487
4008.20512820513
3995.89743589744
3980.51282051282
3990.25641025641
3991.28205128205
3983.07692307692
3988.71794871795
3989.74358974359
3982.5641025641
3983.07692307692
3993.33333333333
3998.97435897436
3993.33333333333
3989.23076923077
3992.30769230769
3992.82051282051
3991.28205128205
4001.53846153846
4004.61538461539
3988.71794871795
3983.58974358974
3995.89743589744
4005.64102564103
4005.64102564103
4006.15384615385
4004.10256410256
3997.94871794872
4000
4009.23076923077
4004.10256410256
3991.28205128205
3997.4358974359
4002.05128205128
3992.82051282051
3991.28205128205
3997.94871794872
3996.41025641026
3992.30769230769
3988.71794871795
3985.64102564103
3996.92307692308
4007.17948717949
3995.89743589744
3974.35897435898
3971.28205128205
3983.58974358974
3991.79487179487
3988.71794871795
3982.05128205128
3977.94871794872
3965.12820512821
3957.4358974359
3967.69230769231
3971.79487179487
3967.17948717949
3969.23076923077
3973.33333333333
3971.28205128205
3973.84615384615
3975.38461538462
3968.71794871795
3962.05128205128
3955.89743589744
3958.97435897436
3971.79487179487
3974.8717948718
3959.48717948718
3954.8717948718
3974.35897435898
3987.17948717949
3981.53846153846
3976.92307692308
3976.41025641026
3970.76923076923
3968.71794871795
3971.28205128205
3970.76923076923
3971.28205128205
3976.41025641026
3975.89743589744
3970.25641025641
3972.30769230769
3976.92307692308
3975.89743589744
3976.41025641026
3982.5641025641
3985.64102564103
3978.46153846154
3971.28205128205
3971.79487179487
3973.33333333333
3972.30769230769
3974.8717948718
3972.82051282051
3963.07692307692
3964.10256410256
3967.17948717949
3960
3956.41025641026
3961.53846153846
3962.05128205128
3956.92307692308
3957.4358974359
3966.66666666667
3981.02564102564
3983.58974358974
3975.38461538462
3967.17948717949
3967.17948717949
3973.33333333333
3970.25641025641
3961.53846153846
3961.02564102564
3969.74358974359
3975.38461538462
3974.8717948718
3971.28205128205
3969.74358974359
3972.30769230769
3975.89743589744
3975.38461538462
3973.33333333333
3981.02564102564
3991.79487179487
3990.76923076923
3990.76923076923
3998.97435897436
3993.33333333333
3981.02564102564
3997.94871794872
4027.17948717949
4033.33333333333
4034.8717948718
4044.61538461539
4047.17948717949
4043.07692307692
4042.5641025641
4038.46153846154
4028.20512820513
4025.64102564103
4041.53846153846
4054.8717948718
4042.05128205128
4024.10256410256
4031.28205128205
4048.71794871795
4047.69230769231
4037.4358974359
4037.94871794872
4038.46153846154
4031.79487179487
4025.64102564103
4025.64102564103
4022.05128205128
4008.20512820513
4001.53846153846
4008.20512820513
4002.05128205128
3986.66666666667
3993.33333333333
4007.17948717949
3997.4358974359
3981.53846153846
3987.69230769231
4002.5641025641
4000.51282051282
3990.76923076923
3983.07692307692
3975.89743589744
3977.4358974359
3987.69230769231
3993.33333333333
3987.69230769231
3976.41025641026
3974.35897435898
3981.02564102564
3981.02564102564
3984.10256410256
3992.82051282051
3983.07692307692
3972.82051282051
3982.5641025641
3994.35897435898
3989.74358974359
3972.82051282051
3969.23076923077
3984.61538461539
3983.07692307692
3970.76923076923
3982.05128205128
3994.35897435898
3995.38461538462
4003.07692307692
4010.25641025641
4009.23076923077
4010.25641025641
4020.51282051282
4032.82051282051
4030.76923076923
4021.02564102564
4024.61538461539
4021.53846153846
4013.84615384615
4024.10256410256
4033.33333333333
4027.69230769231
4022.05128205128
4015.38461538462
4010.76923076923
4004.10256410256
3994.8717948718
3994.35897435898
3995.89743589744
3989.23076923077
3980
3966.66666666667
3955.38461538462
3955.89743589744
3952.82051282051
3945.64102564103
3941.02564102564
3929.23076923077
3922.5641025641
3929.23076923077
3929.74358974359
3922.5641025641
3922.05128205128
3925.64102564103
3922.5641025641
3911.79487179487
3906.66666666667
3922.05128205128
3938.46153846154
3943.58974358974
3951.79487179487
3960
3958.97435897436
3955.38461538462
3950.25641025641
3946.66666666667
3952.82051282051
3960.51282051282
3960.51282051282
3959.48717948718
3961.02564102564
3968.20512820513
3975.38461538462
3974.8717948718
3972.30769230769
3972.82051282051
3973.84615384615
3975.89743589744
3972.82051282051
3971.79487179487
3984.61538461539
3990.76923076923
3980
3975.89743589744
3983.58974358974
3987.69230769231
3981.53846153846
3971.79487179487
3969.23076923077
3974.35897435898
3974.8717948718
3972.82051282051
3981.53846153846
3986.15384615385
3983.58974358974
3986.15384615385
3989.74358974359
3986.66666666667
3981.53846153846
3975.38461538462
3970.25641025641
3971.79487179487
3968.71794871795
3957.4358974359
3955.38461538462
3961.53846153846
3957.94871794872
3955.89743589744
3960.51282051282
3961.53846153846
3958.46153846154
3958.97435897436
3962.5641025641
3963.07692307692
3959.48717948718
3958.97435897436
3961.02564102564
3957.94871794872
3959.48717948718
3967.17948717949
3968.71794871795
3970.25641025641
3975.38461538462
3975.38461538462
3976.41025641026
3984.61538461539
3990.25641025641
3989.23076923077
3989.74358974359
3990.25641025641
3987.17948717949
3987.17948717949
3997.94871794872
4008.71794871795
4004.61538461539
4000.51282051282
4004.10256410256
4007.17948717949
4007.69230769231
4016.41025641026
4028.20512820513
4023.58974358974
4013.84615384615
4022.5641025641
4030.25641025641
4021.02564102564
4016.41025641026
4021.02564102564
4018.97435897436
4016.41025641026
4020
4021.53846153846
4025.64102564103
4037.94871794872
4052.82051282051
4057.94871794872
4052.30769230769
4048.71794871795
4053.84615384615
4062.05128205128
4067.17948717949
4066.66666666667
4067.17948717949
4072.30769230769
4077.4358974359
4075.38461538462
4071.28205128205
4067.69230769231
4062.5641025641
4053.84615384615
4043.58974358974
4036.92307692308
4034.8717948718
4035.38461538462
4035.38461538462
4030.76923076923
4028.20512820513
4031.28205128205
4034.8717948718
4037.94871794872
4036.92307692308
4025.64102564103
4017.4358974359
4021.02564102564
4021.53846153846
4016.92307692308
4014.35897435898
4011.28205128205
4012.82051282051
4021.53846153846
4021.53846153846
4018.46153846154
4017.4358974359
4007.69230769231
4004.10256410256
4012.82051282051
4012.82051282051
4007.17948717949
4010.76923076923
4014.35897435898
4011.28205128205
4011.28205128205
4017.4358974359
4021.53846153846
4017.94871794872
4017.4358974359
4030.76923076923
4037.4358974359
4035.38461538462
4040.51282051282
4046.15384615385
4047.69230769231
4049.74358974359
4051.79487179487
4054.35897435898
4052.30769230769
4046.15384615385
4048.20512820513
4061.53846153846
4066.66666666667
4059.48717948718
4063.07692307692
4072.82051282051
4066.15384615385
4054.35897435898
4061.53846153846
4071.79487179487
4063.58974358974
4054.8717948718
4060
4069.74358974359
4067.17948717949
4062.5641025641
4066.15384615385
4063.58974358974
4057.94871794872
4058.97435897436
4062.05128205128
4063.58974358974
4059.48717948718
4052.30769230769
4051.79487179487
4052.82051282051
4052.30769230769
4058.46153846154
4062.05128205128
4058.46153846154
4060
4059.48717948718
4049.74358974359
4047.69230769231
4054.8717948718
4055.89743589744
4049.74358974359
4047.17948717949
4049.74358974359
4054.35897435898
4053.84615384615
4046.15384615385
4044.61538461539
4052.82051282051
4049.74358974359
4040
4034.8717948718
4036.41025641026
4036.92307692308
4028.20512820513
4021.02564102564
4032.30769230769
4040.51282051282
4030.25641025641
4023.58974358974
4032.82051282051
4035.38461538462
4024.10256410256
4017.4358974359
4027.69230769231
4045.12820512821
4048.20512820513
4037.94871794872
4037.4358974359
4046.66666666667
4043.07692307692
4031.28205128205
4036.41025641026
4045.12820512821
4041.02564102564
4042.05128205128
4037.94871794872
4024.10256410256
4026.66666666667
4043.58974358974
4045.64102564103
4030.25641025641
4017.4358974359
4020
4030.76923076923
4030.25641025641
4018.97435897436
4011.28205128205
4010.25641025641
4008.71794871795
4004.10256410256
4004.10256410256
4004.10256410256
3993.33333333333
3986.66666666667
3993.33333333333
3991.79487179487
3980
3982.05128205128
3991.79487179487
3977.4358974359
3960
3969.23076923077
3980
3979.48717948718
3982.05128205128
3979.48717948718
3973.33333333333
3975.38461538462
3967.17948717949
3956.41025641026
3964.61538461539
3973.84615384615
3970.25641025641
3970.25641025641
3978.46153846154
3978.46153846154
3970.76923076923
3971.79487179487
3981.53846153846
3979.48717948718
3969.74358974359
3973.84615384615
3981.02564102564
3981.02564102564
3980.51282051282
3976.92307692308
3971.79487179487
3969.23076923077
3965.12820512821
3952.82051282051
3942.5641025641
3948.71794871795
3957.94871794872
3949.74358974359
3936.92307692308
3939.48717948718
3944.61538461539
3943.58974358974
3941.02564102564
3931.28205128205
3924.10256410256
3924.61538461539
3925.64102564103
3922.05128205128
3914.35897435898
3911.28205128205
3916.41025641026
3926.15384615385
3924.61538461539
3910.76923076923
3911.28205128205
3921.53846153846
3920.51282051282
3940.51282051282
3977.4358974359
3977.4358974359
3951.79487179487
3946.15384615385
3947.17948717949
3944.10256410256
3943.58974358974
3940.51282051282
3941.53846153846
3944.10256410256
3941.02564102564
3946.15384615385
3949.23076923077
3941.53846153846
3945.64102564103
3963.07692307692
3968.20512820513
3965.64102564103
3955.38461538462
3938.46153846154
3944.10256410256
3964.10256410256
3963.58974358974
3955.38461538462
3962.05128205128
3970.76923076923
3973.33333333333
3975.38461538462
3973.33333333333
3969.23076923077
3970.25641025641
3975.38461538462
3969.74358974359
3955.89743589744
3956.41025641026
3963.58974358974
3963.58974358974
3971.79487179487
3981.02564102564
3974.8717948718
3973.84615384615
3980
3975.89743589744
3976.41025641026
3986.66666666667
3986.66666666667
3985.12820512821
3991.79487179487
3990.25641025641
3976.92307692308
3972.30769230769
3975.38461538462
3975.38461538462
3974.35897435898
3972.30769230769
3972.30769230769
3982.5641025641
3985.64102564103
3971.28205128205
3973.84615384615
3995.89743589744
3996.41025641026
3981.53846153846
3985.12820512821
3990.25641025641
3980
3970.76923076923
3977.4358974359
3990.76923076923
3995.89743589744
3990.76923076923
3991.28205128205
3992.82051282051
3988.71794871795
3987.17948717949
3990.25641025641
3990.76923076923
3989.23076923077
3988.71794871795
3992.82051282051
3998.97435897436
4000.51282051282
4000
4000.51282051282
4002.5641025641
4005.64102564103
4004.61538461539
4006.15384615385
4017.4358974359
4022.05128205128
4017.94871794872
4021.53846153846
4026.15384615385
4020
4012.30769230769
4008.71794871795
4008.20512820513
4013.33333333333
4023.07692307692
4021.53846153846
4016.41025641026
4020
4015.89743589744
4006.66666666667
4009.23076923077
4009.23076923077
4000
4007.17948717949
4018.97435897436
4011.79487179487
4004.10256410256
4004.10256410256
4006.15384615385
4006.66666666667
4005.12820512821
4007.69230769231
4005.64102564103
3994.35897435898
3990.76923076923
3996.92307692308
3997.94871794872
3997.94871794872
4004.61538461539
4007.69230769231
4004.61538461539
4002.05128205128
3998.97435897436
4002.05128205128
4005.64102564103
3997.94871794872
3991.28205128205
3993.84615384615
4002.05128205128
4002.5641025641
3997.94871794872
3996.92307692308
3989.74358974359
3983.58974358974
3986.66666666667
3993.84615384615
3996.41025641026
3996.92307692308
4000.51282051282
4004.10256410256
4008.20512820513
4006.66666666667
4003.58974358974
4003.07692307692
4002.5641025641
4001.53846153846
4001.02564102564
4004.61538461539
4003.58974358974
3999.48717948718
4000.51282051282
4004.10256410256
4003.58974358974
4002.5641025641
4007.69230769231
4013.84615384615
4011.28205128205
4003.07692307692
4001.02564102564
4003.58974358974
4009.74358974359
4014.8717948718
4010.25641025641
4007.17948717949
4016.92307692308
4022.05128205128
4015.38461538462
4010.25641025641
4008.20512820513
4004.61538461539
4011.79487179487
4024.61538461539
4024.10256410256
4018.97435897436
4024.10256410256
4030.25641025641
4029.23076923077
4025.64102564103
4021.02564102564
4013.33333333333
4011.79487179487
4019.48717948718
4021.53846153846
4017.94871794872
4025.64102564103
4032.82051282051
4024.61538461539
4017.4358974359
4017.4358974359
4016.92307692308
4017.4358974359
4018.97435897436
4017.94871794872
4018.97435897436
4023.07692307692
4023.07692307692
4020
4020.51282051282
4023.58974358974
4023.58974358974
4018.97435897436
4016.92307692308
4017.94871794872
4017.4358974359
4017.4358974359
4025.64102564103
4030.25641025641
4028.71794871795
4030.25641025641
4029.23076923077
4024.61538461539
4030.76923076923
4038.97435897436
4030.25641025641
4019.48717948718
4022.05128205128
4020
4011.28205128205
4013.84615384615
4020.51282051282
4017.4358974359
4017.94871794872
4024.61538461539
4022.05128205128
4017.4358974359
4020
4018.97435897436
4013.33333333333
4009.23076923077
4007.17948717949
4003.07692307692
4001.02564102564
4009.23076923077
4021.53846153846
4023.07692307692
4020
4019.48717948718
4011.79487179487
4003.07692307692
4006.15384615385
4013.84615384615
4014.8717948718
4011.79487179487
4002.5641025641
3995.89743589744
4004.10256410256
4011.79487179487
4010.25641025641
4010.25641025641
4007.17948717949
3998.46153846154
3996.41025641026
4004.61538461539
4010.76923076923
4010.25641025641
4005.12820512821
4001.53846153846
4004.61538461539
4008.20512820513
4003.07692307692
3996.41025641026
4002.5641025641
4010.25641025641
4005.64102564103
4000.51282051282
4004.10256410256
4006.66666666667
4003.58974358974
4003.07692307692
4005.12820512821
4003.07692307692
4003.07692307692
4007.69230769231
4004.10256410256
3998.97435897436
4007.17948717949
4015.89743589744
4012.82051282051
4011.28205128205
4013.84615384615
4014.35897435898
4013.33333333333
4007.69230769231
4000
4001.53846153846
4005.12820512821
4002.05128205128
4008.71794871795
4017.4358974359
4009.74358974359
4002.05128205128
4006.66666666667
4009.23076923077
4004.61538461539
4003.07692307692
4003.07692307692
4002.05128205128
3998.97435897436
3997.4358974359
4002.5641025641
4005.12820512821
4002.5641025641
4003.58974358974
4003.58974358974
4001.02564102564
4003.07692307692
4010.76923076923
4018.46153846154
4021.02564102564
4021.02564102564
4026.15384615385
4036.41025641026
4037.4358974359
4028.71794871795
4026.66666666667
4032.82051282051
4038.46153846154
4040
4042.5641025641
4049.23076923077
4050.76923076923
4049.74358974359
4055.89743589744
4061.53846153846
4052.82051282051
4041.02564102564
4042.5641025641
4046.15384615385
4048.71794871795
4054.8717948718
4060.51282051282
4061.53846153846
4060
4053.84615384615
4049.23076923077
4055.89743589744
4062.05128205128
4058.97435897436
4060
4062.5641025641
4057.94871794872
4064.10256410256
4076.41025641026
4073.84615384615
4070.25641025641
4074.8717948718
4069.74358974359
4060
4065.12820512821
4069.23076923077
4060
4055.89743589744
4061.02564102564
4058.97435897436
4055.38461538462
4068.20512820513
4080
4076.92307692308
4071.28205128205
4069.74358974359
4063.07692307692
4052.82051282051
4052.82051282051
4056.92307692308
4061.53846153846
4064.10256410256
4064.10256410256
4066.66666666667
4073.33333333333
4073.33333333333
4063.58974358974
4058.46153846154
4058.97435897436
4063.07692307692
4066.15384615385
4060
4053.84615384615
4058.46153846154
4064.61538461539
4061.53846153846
4056.41025641026
4057.4358974359
4061.02564102564
4057.94871794872
4053.33333333333
4054.35897435898
4051.28205128205
4046.15384615385
4050.25641025641
4052.82051282051
4048.20512820513
4045.12820512821
4042.05128205128
4035.38461538462
4036.92307692308
4045.12820512821
4044.10256410256
4037.94871794872
4041.53846153846
4049.74358974359
4051.79487179487
4049.74358974359
4048.71794871795
4043.07692307692
4037.4358974359
4038.97435897436
4037.94871794872
4032.30769230769
4026.15384615385
4021.53846153846
4016.41025641026
4021.02564102564
4029.23076923077
4029.74358974359
4027.17948717949
4027.69230769231
4028.71794871795
4025.64102564103
4021.53846153846
4020
4019.48717948718
4021.53846153846
4028.20512820513
4030.25641025641
4022.05128205128
4020
4025.64102564103
4031.28205128205
4034.35897435898
4035.38461538462
4038.97435897436
4041.53846153846
4037.4358974359
4035.38461538462
4036.41025641026
4031.28205128205
4031.28205128205
4034.35897435898
4027.17948717949
4017.4358974359
4009.23076923077
4005.64102564103
4003.58974358974
3993.84615384615
3982.5641025641
3985.12820512821
3991.28205128205
3985.12820512821
3981.02564102564
3984.61538461539
3989.23076923077
3991.28205128205
3992.30769230769
3992.82051282051
3989.74358974359
3990.76923076923
3992.82051282051
3988.20512820513
3984.61538461539
3986.66666666667
3982.5641025641
3972.82051282051
3968.20512820513
3970.25641025641
3972.30769230769
3973.33333333333
3974.35897435898
3974.8717948718
3975.89743589744
3975.38461538462
3972.30769230769
3961.53846153846
3950.76923076923
3958.46153846154
3968.71794871795
3960
3956.41025641026
3971.79487179487
3970.76923076923
3955.89743589744
3956.92307692308
3961.02564102564
3953.33333333333
3954.35897435898
3958.97435897436
3954.8717948718
3953.33333333333
3957.94871794872
3961.02564102564
3961.02564102564
3958.97435897436
3956.92307692308
3963.58974358974
3972.82051282051
3971.28205128205
3972.82051282051
3974.8717948718
3963.07692307692
3952.82051282051
3961.53846153846
3971.79487179487
3976.41025641026
3977.4358974359
3965.64102564103
3961.53846153846
3968.20512820513
3964.10256410256
3957.94871794872
3961.02564102564
3964.10256410256
3968.71794871795
3970.76923076923
3961.02564102564
3950.76923076923
3945.12820512821
3941.53846153846
3945.64102564103
