
4344.61538461538
4344.61538461538
4351.28205128205
4358.97435897436
4356.92307692308
4346.15384615385
4349.23076923077
4364.61538461538
4360.51282051282
4346.66666666667
4350.76923076923
4362.05128205128
4358.46153846154
4344.10256410256
4343.58974358974
4351.79487179487
4350.76923076923
4347.69230769231
4354.35897435897
4363.58974358974
4366.66666666667
4357.94871794872
4352.30769230769
4361.53846153846
4364.10256410256
4361.53846153846
4368.71794871795
4368.71794871795
4358.46153846154
4355.38461538462
4361.02564102564
4365.12820512821
4364.61538461538
4366.66666666667
4366.66666666667
4352.82051282051
4349.74358974359
4366.15384615385
4365.12820512821
4350.25641025641
4354.35897435897
4363.58974358974
4361.53846153846
4355.89743589744
4356.41025641026
4360.51282051282
4356.41025641026
4354.35897435897
4357.4358974359
4354.8717948718
4358.97435897436
4362.5641025641
4347.69230769231
4341.53846153846
4358.46153846154
4365.64102564103
4354.8717948718
4350.76923076923
4350.76923076923
4350.25641025641
4351.79487179487
4347.69230769231
4349.23076923077
4352.82051282051
4341.02564102564
4331.79487179487
4346.15384615385
4364.61538461538
4356.41025641026
4341.53846153846
4343.58974358974
4348.71794871795
4342.05128205128
4338.46153846154
4350.76923076923
4358.46153846154
4348.20512820513
4337.94871794872
4344.61538461538
4351.79487179487
4343.58974358974
4341.02564102564
4354.35897435897
4355.89743589744
4345.12820512821
4357.94871794872
4386.66666666667
4383.07692307692
4355.89743589744
4355.38461538462
4369.23076923077
4366.66666666667
4366.15384615385
4366.66666666667
4351.79487179487
4348.20512820513
4358.97435897436
4356.92307692308
4354.8717948718
4368.71794871795
4381.53846153846
4374.8717948718
4366.15384615385
4367.69230769231
4361.02564102564
4355.89743589744
4370.76923076923
4377.4358974359
4367.17948717949
4366.15384615385
4368.20512820513
4363.58974358974
4369.23076923077
4374.35897435897
4370.25641025641
4370.76923076923
4371.79487179487
4364.61538461538
4358.97435897436
4364.10256410256
4368.71794871795
4364.61538461538
4364.61538461538
4370.76923076923
4371.79487179487
4362.05128205128
4353.84615384615
4360
4368.20512820513
4363.07692307692
4359.48717948718
4363.58974358974
4369.23076923077
4366.15384615385
4357.94871794872
4358.46153846154
4367.17948717949
4365.64102564103
4359.48717948718
4372.30769230769
4380.51282051282
4373.33333333333
4373.33333333333
4383.07692307692
4385.64102564103
4375.89743589744
4369.74358974359
4375.38461538462
4385.64102564103
4384.61538461538
4375.38461538462
4375.89743589744
4384.10256410256
4383.07692307692
4371.79487179487
4368.20512820513
4377.4358974359
4386.15384615385
4378.46153846154
4357.94871794872
4350.76923076923
4366.15384615385
4382.5641025641
4383.58974358974
4381.02564102564
4380
4374.35897435897
4374.8717948718
4382.05128205128
4383.07692307692
4387.17948717949
4389.23076923077
4377.4358974359
4376.41025641026
4387.69230769231
4375.38461538462
4364.10256410256
4372.30769230769
4370.25641025641
4362.5641025641
4368.20512820513
4365.12820512821
4350.76923076923
4354.35897435897
4370.25641025641
4368.71794871795
4353.84615384615
4355.89743589744
4368.20512820513
4361.02564102564
4349.23076923077
4348.20512820513
4341.02564102564
4333.33333333333
4342.5641025641
4353.33333333333
4349.74358974359
4340.51282051282
4341.02564102564
4350.25641025641
4352.82051282051
4346.15384615385
4334.8717948718
4327.69230769231
4328.20512820513
4329.74358974359
4325.12820512821
4325.64102564103
4333.84615384615
4335.89743589744
4331.28205128205
4335.89743589744
4342.05128205128
4330.76923076923
4324.10256410256
4345.12820512821
4356.41025641026
4347.17948717949
4337.94871794872
4332.30769230769
4338.97435897436
4349.23076923077
4341.53846153846
4335.38461538462
4349.74358974359
4360
4353.84615384615
4339.48717948718
4334.35897435897
4349.23076923077
4352.30769230769
4333.84615384615
4325.12820512821
4326.15384615385
4327.17948717949
4329.23076923077
4328.20512820513
4329.23076923077
4338.46153846154
4338.97435897436
4324.61538461538
4318.97435897436
4323.07692307692
4325.12820512821
4331.28205128205
4336.41025641026
4325.12820512821
4322.05128205128
4346.15384615385
4354.8717948718
4331.79487179487
4324.61538461538
4340.51282051282
4345.12820512821
4343.58974358974
4349.23076923077
4349.23076923077
4342.5641025641
4341.53846153846
4341.02564102564
4341.53846153846
4351.28205128205
4354.8717948718
4345.64102564103
4338.46153846154
4344.61538461538
4354.8717948718
4349.23076923077
4340
4349.74358974359
4354.8717948718
4341.02564102564
4343.07692307692
4355.38461538462
4347.69230769231
4336.92307692308
4337.94871794872
4344.10256410256
4354.35897435897
4365.64102564103
4373.33333333333
4369.23076923077
4369.23076923077
4377.94871794872
4377.4358974359
4376.41025641026
4384.10256410256
4378.97435897436
4361.02564102564
4356.92307692308
4358.97435897436
4365.64102564103
4374.8717948718
4365.64102564103
4348.20512820513
4351.28205128205
4366.66666666667
4364.10256410256
4352.30769230769
4356.41025641026
4365.64102564103
4369.74358974359
4374.8717948718
4372.30769230769
4359.48717948718
4358.97435897436
4371.79487179487
4373.33333333333
4371.28205128205
4380.51282051282
4374.35897435897
4355.38461538462
4358.97435897436
4372.30769230769
4364.61538461538
4361.53846153846
4373.84615384615
4369.23076923077
4353.33333333333
4357.4358974359
4370.76923076923
4368.20512820513
4366.66666666667
4375.38461538462
4372.30769230769
4364.10256410256
4364.10256410256
4361.02564102564
4355.89743589744
4364.61538461538
4374.35897435897
4372.30769230769
4364.61538461538
4359.48717948718
4362.5641025641
4360
4351.28205128205
4358.46153846154
4369.74358974359
4361.02564102564
4350.76923076923
4355.38461538462
4359.48717948718
4356.92307692308
4352.30769230769
4349.23076923077
4350.25641025641
4350.76923076923
4350.76923076923
4349.74358974359
4347.69230769231
4349.23076923077
4351.79487179487
4354.8717948718
4358.46153846154
4356.92307692308
4357.94871794872
4367.17948717949
4369.74358974359
4364.10256410256
4365.64102564103
4365.12820512821
4358.97435897436
4363.58974358974
4370.25641025641
4361.53846153846
4354.35897435897
4363.07692307692
4369.74358974359
4368.71794871795
4375.89743589744
4386.66666666667
4382.5641025641
4370.25641025641
4367.17948717949
4371.28205128205
4371.79487179487
4372.30769230769
4375.89743589744
4377.94871794872
4369.23076923077
4361.02564102564
4369.74358974359
4382.05128205128
4374.35897435897
4362.05128205128
4366.66666666667
4374.35897435897
4375.38461538462
4370.25641025641
4360.51282051282
4362.05128205128
4368.20512820513
4362.05128205128
4355.89743589744
4357.4358974359
4354.35897435897
4349.74358974359
4358.46153846154
4368.20512820513
4363.07692307692
4355.38461538462
4360.51282051282
4366.66666666667
4357.4358974359
4346.15384615385
4352.82051282051
4360.51282051282
4352.30769230769
4348.71794871795
4357.4358974359
4358.46153846154
4360.51282051282
4368.20512820513
4364.61538461538
4355.38461538462
4356.41025641026
4363.07692307692
4366.66666666667
4362.05128205128
4355.38461538462
4356.92307692308
4361.02564102564
4363.58974358974
4364.61538461538
4367.17948717949
4375.89743589744
4374.35897435897
4360.51282051282
4368.20512820513
4395.89743589744
4400.51282051282
4384.10256410256
4381.02564102564
4396.41025641026
4410.25641025641
4409.74358974359
4399.48717948718
4390.25641025641
4388.20512820513
4392.82051282051
4398.97435897436
4402.05128205128
4391.79487179487
4376.92307692308
4385.12820512821
4405.12820512821
4386.66666666667
4355.38461538462
4367.69230769231
4386.15384615385
4364.61538461538
4339.48717948718
4340
4343.07692307692
4341.02564102564
4342.5641025641
4339.48717948718
4329.23076923077
4317.4358974359
4318.97435897436
4323.58974358974
4311.79487179487
4301.53846153846
4311.79487179487
4318.46153846154
4310.76923076923
4309.23076923077
4310.25641025641
4305.12820512821
4313.33333333333
4325.12820512821
4318.46153846154
4311.79487179487
4317.4358974359
4321.02564102564
4319.48717948718
4320
4317.94871794872
4317.94871794872
4325.64102564103
4329.23076923077
4326.15384615385
4326.66666666667
4330.25641025641
4333.84615384615
4340.51282051282
4338.97435897436
4329.23076923077
4330.76923076923
4336.92307692308
4333.84615384615
4336.41025641026
4343.58974358974
4343.58974358974
4343.07692307692
4337.4358974359
4332.30769230769
4336.41025641026
4334.8717948718
4323.58974358974
4323.07692307692
4331.79487179487
4329.23076923077
4326.15384615385
4335.89743589744
4346.15384615385
4341.53846153846
4337.94871794872
4343.58974358974
4341.53846153846
4330.76923076923
4323.07692307692
4326.15384615385
4332.82051282051
4327.69230769231
4317.4358974359
4316.41025641026
4320
4322.5641025641
4326.15384615385
4328.71794871795
4326.66666666667
4323.07692307692
4319.48717948718
4315.38461538462
4317.4358974359
4318.97435897436
4313.33333333333
4311.79487179487
4320.51282051282
4320.51282051282
4312.82051282051
4322.5641025641
4335.89743589744
4335.38461538462
4334.8717948718
4342.05128205128
4346.15384615385
4342.05128205128
4338.46153846154
4340
4343.07692307692
4346.66666666667
4354.8717948718
4358.46153846154
4350.76923076923
4348.20512820513
4357.94871794872
4366.15384615385
4369.74358974359
4371.79487179487
4369.23076923077
4364.61538461538
4365.12820512821
4367.17948717949
4365.12820512821
4366.15384615385
4370.25641025641
4369.23076923077
4366.66666666667
4367.17948717949
4366.15384615385
4364.61538461538
4367.17948717949
4371.28205128205
4379.48717948718
4383.58974358974
4378.97435897436
4382.5641025641
4389.74358974359
4385.64102564103
4386.66666666667
4396.41025641026
4392.30769230769
4382.5641025641
4385.64102564103
4386.66666666667
4381.02564102564
4381.53846153846
4384.10256410256
4381.53846153846
4380.51282051282
4380.51282051282
4377.94871794872
4372.30769230769
4367.69230769231
4365.12820512821
4367.69230769231
4374.35897435897
4382.05128205128
4391.79487179487
4388.71794871795
4368.71794871795
4366.15384615385
4376.41025641026
4375.89743589744
4374.8717948718
4374.8717948718
4360.51282051282
4354.8717948718
4369.74358974359
4375.38461538462
4373.84615384615
4371.79487179487
4359.48717948718
4354.8717948718
4364.61538461538
4363.07692307692
4351.28205128205
4354.35897435897
4365.64102564103
4367.69230769231
4365.64102564103
4365.64102564103
4366.66666666667
4365.12820512821
4364.10256410256
4365.64102564103
4367.17948717949
4369.74358974359
4376.92307692308
4382.05128205128
4382.5641025641
4383.07692307692
4385.12820512821
4386.66666666667
4384.61538461538
4378.46153846154
4377.4358974359
4387.17948717949
4388.20512820513
4380.51282051282
4388.71794871795
4401.53846153846
4392.30769230769
4376.92307692308
4378.46153846154
4387.17948717949
4391.28205128205
4393.84615384615
4392.82051282051
4388.20512820513
4390.76923076923
4399.48717948718
4401.53846153846
4395.38461538462
4393.84615384615
4401.53846153846
4412.82051282051
4414.8717948718
4406.66666666667
4407.17948717949
4407.69230769231
4404.61538461538
4410.25641025641
4415.89743589744
4413.84615384615
4412.82051282051
4412.82051282051
4407.69230769231
4400.51282051282
4393.84615384615
4396.92307692308
4411.28205128205
4414.8717948718
4402.05128205128
4393.84615384615
4395.89743589744
4398.46153846154
4396.41025641026
4391.79487179487
4387.69230769231
4386.66666666667
4380
4371.28205128205
4373.84615384615
4383.58974358974
4383.07692307692
4372.82051282051
4375.89743589744
4384.61538461538
4375.89743589744
4370.76923076923
4381.53846153846
4377.94871794872
4362.5641025641
4369.23076923077
4381.02564102564
4377.94871794872
4370.76923076923
4365.64102564103
4366.66666666667
4368.71794871795
4366.66666666667
4368.71794871795
4374.35897435897
4376.92307692308
4382.5641025641
4384.10256410256
4370.25641025641
4362.5641025641
4368.71794871795
4370.25641025641
4364.61538461538
4363.58974358974
4370.25641025641
4374.8717948718
4376.92307692308
4372.82051282051
4362.05128205128
4354.8717948718
4353.84615384615
4349.23076923077
4340.51282051282
4340.51282051282
4352.30769230769
4359.48717948718
4355.89743589744
4350.76923076923
4345.64102564103
4339.48717948718
4342.5641025641
4342.5641025641
4329.23076923077
4328.20512820513
4335.38461538462
4329.23076923077
4328.20512820513
4336.41025641026
4333.84615384615
4326.15384615385
4321.02564102564
4314.35897435897
4317.94871794872
4324.61538461538
4326.15384615385
4328.71794871795
4330.25641025641
4331.28205128205
4337.4358974359
4335.38461538462
4325.12820512821
4326.66666666667
4328.20512820513
4319.48717948718
4326.66666666667
4344.61538461538
4344.61538461538
4335.38461538462
4341.02564102564
4347.17948717949
4337.94871794872
4327.69230769231
4318.97435897436
4313.84615384615
4310.76923076923
4304.10256410256
4299.48717948718
4296.41025641026
4294.35897435897
4301.53846153846
4312.82051282051
4310.76923076923
4309.74358974359
4317.4358974359
4310.76923076923
4302.05128205128
4302.05128205128
4298.46153846154
4296.92307692308
4304.10256410256
4311.28205128205
4310.76923076923
4305.12820512821
4304.10256410256
4314.8717948718
4318.97435897436
4309.74358974359
4307.69230769231
4310.76923076923
4318.97435897436
4326.66666666667
4316.92307692308
4310.25641025641
4324.10256410256
4332.82051282051
4324.61538461538
4324.61538461538
4330.25641025641
4330.76923076923
4327.17948717949
4320.51282051282
4329.74358974359
4350.76923076923
4355.38461538462
4344.61538461538
4337.94871794872
4334.8717948718
4332.82051282051
4340
4344.61538461538
4342.05128205128
4342.5641025641
4350.25641025641
4360.51282051282
4369.23076923077
4366.15384615385
4352.30769230769
4346.15384615385
4351.28205128205
4351.28205128205
4343.58974358974
4344.61538461538
4350.76923076923
4350.76923076923
4351.28205128205
4357.94871794872
4357.94871794872
4352.82051282051
4355.89743589744
4357.4358974359
4352.30769230769
4357.94871794872
4373.84615384615
4383.07692307692
4386.15384615385
4386.15384615385
4384.61538461538
4383.58974358974
4382.5641025641
4379.48717948718
4380
4384.61538461538
4384.10256410256
4386.66666666667
4393.33333333333
4386.15384615385
4376.41025641026
4387.69230769231
4398.46153846154
4390.25641025641
4383.58974358974
4385.64102564103
4384.10256410256
4385.64102564103
4390.25641025641
4389.23076923077
4391.79487179487
4396.41025641026
4397.4358974359
4401.02564102564
4400.51282051282
4397.4358974359
4397.4358974359
4393.84615384615
4385.12820512821
4387.17948717949
4396.92307692308
4397.94871794872
4399.48717948718
4405.12820512821
4400
4390.25641025641
4392.30769230769
4398.46153846154
4402.5641025641
4409.74358974359
4413.84615384615
4411.28205128205
4411.28205128205
4413.84615384615
4414.35897435897
4413.33333333333
4412.82051282051
4410.25641025641
4411.28205128205
4422.05128205128
4424.61538461538
4414.35897435897
4413.33333333333
4417.94871794872
4414.8717948718
4410.25641025641
4402.5641025641
4393.84615384615
4394.8717948718
4396.92307692308
4400
4410.25641025641
4412.82051282051
4403.58974358974
4396.92307692308
4396.41025641026
4397.94871794872
4396.92307692308
4390.76923076923
4386.15384615385
4388.71794871795
4392.30769230769
4395.89743589744
4396.92307692308
4394.35897435897
4395.89743589744
4400
4397.4358974359
4395.89743589744
4400.51282051282
4400
4394.8717948718
4396.41025641026
4400.51282051282
4397.94871794872
4395.89743589744
4396.92307692308
4391.28205128205
4382.5641025641
4380.51282051282
4375.89743589744
4366.66666666667
4366.15384615385
4367.69230769231
4367.69230769231
4379.48717948718
4386.66666666667
4375.89743589744
4369.74358974359
4374.35897435897
4373.84615384615
4372.30769230769
4374.35897435897
4372.82051282051
4371.28205128205
4374.35897435897
4373.33333333333
4369.23076923077
4369.74358974359
4378.46153846154
4387.17948717949
4386.15384615385
4381.53846153846
4380
4379.48717948718
4382.5641025641
4384.61538461538
4378.46153846154
4382.5641025641
4395.38461538462
4388.71794871795
4376.92307692308
4381.02564102564
4383.58974358974
4380.51282051282
4381.53846153846
4380.51282051282
4380
4380
4372.82051282051
4370.76923076923
4381.02564102564
4385.12820512821
4375.89743589744
4370.25641025641
4373.33333333333
4375.38461538462
4373.84615384615
4374.8717948718
4380
4385.12820512821
4384.61538461538
4377.4358974359
4367.69230769231
4361.53846153846
4367.17948717949
4378.97435897436
4380.51282051282
4374.35897435897
4372.82051282051
4374.35897435897
4373.84615384615
4377.94871794872
4384.61538461538
4382.05128205128
4374.35897435897
4368.20512820513
4364.61538461538
4366.66666666667
4372.82051282051
4375.38461538462
4370.25641025641
4372.82051282051
4381.53846153846
4380
4374.35897435897
4379.48717948718
4384.10256410256
4376.41025641026
4367.17948717949
4364.10256410256
4369.23076923077
4371.79487179487
4366.66666666667
4365.64102564103
4366.15384615385
4366.15384615385
4377.94871794872
4387.17948717949
4376.92307692308
4363.58974358974
4366.15384615385
4372.82051282051
4371.79487179487
4362.05128205128
4348.20512820513
4341.53846153846
4343.58974358974
4350.76923076923
4356.41025641026
4354.35897435897
4352.82051282051
4349.74358974359
4342.5641025641
4340
4345.12820512821
4354.8717948718
4360
4348.71794871795
4336.92307692308
4351.28205128205
4362.05128205128
4349.74358974359
4347.69230769231
4355.89743589744
4350.76923076923
4348.20512820513
4358.97435897436
4361.02564102564
4356.92307692308
4369.74358974359
4381.53846153846
4367.17948717949
4364.10256410256
4381.53846153846
4384.61538461538
4375.89743589744
4381.02564102564
4391.79487179487
4387.17948717949
4381.53846153846
4389.23076923077
4392.82051282051
4386.66666666667
4389.23076923077
4393.33333333333
4383.07692307692
4384.10256410256
4394.35897435897
4389.74358974359
4386.15384615385
4393.84615384615
4396.41025641026
4391.79487179487
4386.66666666667
4382.05128205128
4384.61538461538
4388.71794871795
4384.61538461538
4378.97435897436
4385.12820512821
4389.74358974359
4389.74358974359
4394.35897435897
4394.35897435897
4387.69230769231
4386.66666666667
4384.10256410256
4381.53846153846
4390.76923076923
4394.35897435897
4381.53846153846
4376.92307692308
4380
4383.58974358974
4387.17948717949
4385.64102564103
4381.02564102564
4380.51282051282
4383.58974358974
4387.69230769231
4390.76923076923
4391.79487179487
4393.84615384615
4397.4358974359
4399.48717948718
4403.58974358974
4405.12820512821
4398.97435897436
4396.41025641026
4402.05128205128
4406.66666666667
4405.64102564103
4410.25641025641
4416.92307692308
4415.89743589744
4413.33333333333
4415.38461538462
4418.46153846154
4410.25641025641
4396.92307692308
4395.38461538462
4404.61538461538
4413.84615384615
4415.89743589744
4412.82051282051
4415.89743589744
4415.89743589744
4403.58974358974
4402.5641025641
4413.84615384615
4409.74358974359
4402.5641025641
4408.20512820513
4413.84615384615
4411.28205128205
4411.28205128205
4411.28205128205
4415.38461538462
4425.12820512821
4423.58974358974
4418.97435897436
4422.5641025641
4422.05128205128
4411.28205128205
4406.66666666667
4411.28205128205
4414.8717948718
4415.38461538462
4411.79487179487
4418.46153846154
4426.66666666667
4422.5641025641
4420
4416.41025641026
4406.15384615385
4407.69230769231
4412.30769230769
4404.10256410256
4406.66666666667
4410.76923076923
4395.89743589744
4397.4358974359
4415.89743589744
4411.28205128205
4395.38461538462
4394.8717948718
4398.46153846154
4395.89743589744
4393.84615384615
4397.94871794872
4397.4358974359
4388.20512820513
4386.66666666667
4395.38461538462
4397.4358974359
4392.30769230769
4394.35897435897
4401.53846153846
4401.02564102564
4395.89743589744
4394.8717948718
4397.94871794872
4398.46153846154
4396.41025641026
4395.89743589744
4394.8717948718
4393.33333333333
4395.89743589744
4400.51282051282
4397.4358974359
4395.89743589744
4400.51282051282
4398.97435897436
4399.48717948718
4406.66666666667
4403.07692307692
4393.84615384615
4392.30769230769
4395.89743589744
4400.51282051282
4393.33333333333
4378.97435897436
4375.38461538462
4386.66666666667
4392.82051282051
4391.28205128205
4391.28205128205
4395.38461538462
4402.5641025641
4401.53846153846
4392.82051282051
4388.20512820513
4387.69230769231
4383.58974358974
4378.46153846154
4386.66666666667
4396.41025641026
4395.38461538462
4394.8717948718
4396.41025641026
4393.33333333333
4388.20512820513
4396.92307692308
4410.76923076923
4405.64102564103
4396.92307692308
4403.07692307692
4406.66666666667
4397.94871794872
4394.35897435897
4395.89743589744
4394.8717948718
4397.4358974359
4392.82051282051
4372.30769230769
4362.5641025641
4372.82051282051
4373.33333333333
4363.58974358974
4371.28205128205
4380
4369.23076923077
4368.20512820513
4380.51282051282
4380
4377.4358974359
4387.17948717949
4389.23076923077
4382.05128205128
4383.58974358974
4377.94871794872
4362.05128205128
4370.25641025641
4385.12820512821
4374.8717948718
4365.64102564103
4370.76923076923
4370.76923076923
4366.66666666667
4366.15384615385
4365.12820512821
4366.15384615385
4366.66666666667
4366.66666666667
4365.64102564103
4358.46153846154
4354.8717948718
4363.07692307692
4370.76923076923
4374.35897435897
4373.84615384615
4364.10256410256
4355.38461538462
4357.4358974359
4360
4357.4358974359
4355.38461538462
4356.92307692308
4359.48717948718
4357.94871794872
4351.79487179487
4354.35897435897
4359.48717948718
4356.92307692308
4358.46153846154
4364.61538461538
4363.07692307692
4357.94871794872
4356.92307692308
4362.05128205128
4369.23076923077
4363.58974358974
4355.38461538462
4362.5641025641
4366.66666666667
4357.4358974359
4357.4358974359
4358.46153846154
4352.30769230769
4356.41025641026
4365.12820512821
4357.94871794872
4344.61538461538
4350.76923076923
4363.07692307692
4362.5641025641
4356.41025641026
4352.30769230769
4349.74358974359
4348.71794871795
4352.30769230769
