O1
4326.66666666667
4325.64102564103
4323.58974358974
4326.15384615385
4326.15384615385
4326.66666666667
4327.17948717949
4322.05128205128
4322.05128205128
4328.20512820513
4325.64102564103
4322.05128205128
4325.64102564103
4329.23076923077
4326.66666666667
4316.41025641026
4307.69230769231
4311.28205128205
4324.10256410256
4328.71794871795
4327.69230769231
4327.69230769231
4322.5641025641
4321.02564102564
4326.15384615385
4327.69230769231
4324.61538461538
4326.15384615385
4329.23076923077
4318.46153846154
4308.20512820513
4318.97435897436
4337.94871794872
4330.25641025641
4310.25641025641
4315.89743589744
4323.58974358974
4318.46153846154
4316.41025641026
4326.66666666667
4333.84615384615
4326.66666666667
4327.17948717949
4326.66666666667
4313.84615384615
4316.92307692308
4330.76923076923
4323.58974358974
4305.64102564103
4309.23076923077
4322.5641025641
4323.07692307692
4311.79487179487
4303.58974358974
4315.38461538462
4321.53846153846
4312.82051282051
4306.66666666667
4306.15384615385
4308.71794871795
4315.89743589744
4322.5641025641
4312.30769230769
4297.4358974359
4295.89743589744
4307.69230769231
4316.41025641026
4314.8717948718
4311.79487179487
4310.25641025641
4310.76923076923
4311.79487179487
4311.79487179487
4307.69230769231
4311.28205128205
4321.53846153846
4313.33333333333
4306.66666666667
4317.4358974359
4318.97435897436
4308.20512820513
4311.28205128205
4314.35897435897
4301.53846153846
4300.51282051282
4309.74358974359
4304.61538461538
4299.48717948718
4305.64102564103
4311.79487179487
4311.28205128205
4304.61538461538
4294.35897435897
4294.8717948718
4300.51282051282
4293.84615384615
4289.74358974359
4303.07692307692
4313.84615384615
4309.23076923077
4306.66666666667
4315.38461538462
4317.94871794872
4303.58974358974
4290.25641025641
4303.07692307692
4321.53846153846
4313.84615384615
4301.53846153846
4303.58974358974
4305.12820512821
4309.23076923077
4321.53846153846
4328.20512820513
4327.17948717949
4323.58974358974
4313.33333333333
4300.51282051282
4298.97435897436
4311.28205128205
4318.97435897436
4313.33333333333
4307.17948717949
4308.71794871795
4312.82051282051
4306.66666666667
4296.92307692308
4300.51282051282
4311.79487179487
4311.79487179487
4307.17948717949
4310.76923076923
4312.82051282051
4308.20512820513
4309.74358974359
4317.94871794872
4316.41025641026
4306.66666666667
4310.25641025641
4319.48717948718
4322.05128205128
4328.20512820513
4335.38461538462
4335.38461538462
4333.84615384615
4328.20512820513
4314.8717948718
4314.8717948718
4335.89743589744
4348.20512820513
4338.97435897436
4323.07692307692
4314.35897435897
4320.51282051282
4325.64102564103
4315.38461538462
4307.17948717949
4308.20512820513
4309.23076923077
4308.20512820513
4304.61538461538
4302.05128205128
4311.79487179487
4322.05128205128
4316.92307692308
4307.17948717949
4307.17948717949
4313.33333333333
4311.79487179487
4304.61538461538
4307.69230769231
4314.8717948718
4311.28205128205
4303.07692307692
4300.51282051282
4304.10256410256
4308.71794871795
4312.82051282051
4321.53846153846
4324.61538461538
4312.30769230769
4308.71794871795
4317.4358974359
4317.94871794872
4311.28205128205
4302.05128205128
4301.02564102564
4317.4358974359
4323.58974358974
4309.74358974359
4306.66666666667
4307.17948717949
4290.76923076923
4291.79487179487
4315.89743589744
4322.05128205128
4309.74358974359
4301.02564102564
4300.51282051282
4306.15384615385
4309.74358974359
4310.25641025641
4312.82051282051
4304.10256410256
4288.71794871795
4291.28205128205
4293.33333333333
4289.74358974359
4305.12820512821
4311.79487179487
4293.33333333333
4290.76923076923
4309.23076923077
4307.17948717949
4292.30769230769
4302.5641025641
4319.48717948718
4318.97435897436
4311.28205128205
4306.66666666667
4311.79487179487
4317.94871794872
4309.74358974359
4301.53846153846
4309.74358974359
4320
4326.66666666667
4321.53846153846
4304.61538461538
4309.23076923077
4321.53846153846
4316.41025641026
4308.71794871795
4307.17948717949
4309.74358974359
4311.28205128205
4306.66666666667
4306.15384615385
4311.28205128205
4312.30769230769
4310.25641025641
4301.02564102564
4289.74358974359
4299.48717948718
4313.33333333333
4312.30769230769
4308.71794871795
4306.15384615385
4312.30769230769
4320.51282051282
4311.79487179487
4304.10256410256
4322.5641025641
4333.33333333333
4318.46153846154
4309.74358974359
4311.28205128205
4310.25641025641
4317.4358974359
4328.20512820513
4328.71794871795
4327.17948717949
4328.71794871795
4320
4315.38461538462
4326.15384615385
4331.79487179487
4316.92307692308
4309.74358974359
4328.20512820513
4337.94871794872
4316.92307692308
4302.5641025641
4319.48717948718
4330.76923076923
4323.58974358974
4314.35897435897
4313.33333333333
4325.12820512821
4334.35897435897
4321.02564102564
4304.10256410256
4309.23076923077
4318.97435897436
4321.02564102564
4320
4315.38461538462
4312.30769230769
4310.76923076923
4309.74358974359
4311.28205128205
4310.76923076923
4304.10256410256
4302.5641025641
4310.25641025641
4317.4358974359
4319.48717948718
4305.64102564103
4290.25641025641
4302.05128205128
4320.51282051282
4314.35897435897
4307.17948717949
4308.71794871795
4306.15384615385
4311.28205128205
4315.89743589744
4311.28205128205
4314.35897435897
4323.58974358974
4318.97435897436
4306.66666666667
4308.71794871795
4313.33333333333
4311.79487179487
4311.28205128205
4312.30769230769
4310.25641025641
4307.69230769231
4306.15384615385
4302.5641025641
4305.12820512821
4311.79487179487
4313.33333333333
4312.82051282051
4312.82051282051
4307.69230769231
4296.41025641026
4294.35897435897
4302.5641025641
4312.30769230769
4312.82051282051
4302.05128205128
4298.97435897436
4308.71794871795
4309.74358974359
4302.05128205128
4300
4296.92307692308
4294.35897435897
4305.64102564103
4313.84615384615
4313.84615384615
4315.89743589744
4307.69230769231
4293.84615384615
4303.58974358974
4322.5641025641
4315.38461538462
4298.97435897436
4304.61538461538
4312.82051282051
4308.20512820513
4309.23076923077
4317.4358974359
4314.8717948718
4305.64102564103
4310.25641025641
4321.53846153846
4323.58974358974
4317.4358974359
4311.79487179487
4313.33333333333
4322.5641025641
4330.25641025641
4323.58974358974
4312.30769230769
4321.02564102564
4339.48717948718
4343.58974358974
4338.46153846154
4345.12820512821
4353.33333333333
4348.20512820513
4340
4337.4358974359
4332.30769230769
4334.35897435897
4348.71794871795
4349.23076923077
4336.41025641026
4330.76923076923
4339.48717948718
4348.20512820513
4342.05128205128
4340
4349.74358974359
4344.61538461538
4327.17948717949
4331.79487179487
4347.17948717949
4337.94871794872
4315.38461538462
4313.84615384615
4327.69230769231
4323.58974358974
4313.33333333333
4320
4320
4310.76923076923
4315.38461538462
4326.66666666667
4324.10256410256
4310.25641025641
4303.07692307692
4307.69230769231
4311.28205128205
4309.23076923077
4311.28205128205
4313.33333333333
4306.66666666667
4306.66666666667
4313.33333333333
4305.12820512821
4296.41025641026
4306.15384615385
4314.35897435897
4309.74358974359
4307.17948717949
4309.74358974359
4312.82051282051
4310.25641025641
4293.84615384615
4286.66666666667
4302.05128205128
4313.84615384615
4306.66666666667
4300
4306.66666666667
4312.82051282051
4311.79487179487
4309.23076923077
4308.71794871795
4310.76923076923
4318.97435897436
4320.51282051282
4314.35897435897
4316.92307692308
4317.4358974359
4307.69230769231
4307.69230769231
4312.82051282051
4312.82051282051
4314.35897435897
4310.76923076923
4305.12820512821
4313.84615384615
4311.79487179487
4293.84615384615
4298.97435897436
4320
4310.25641025641
4289.74358974359
4291.28205128205
4302.5641025641
4302.05128205128
4284.61538461538
4275.38461538462
4290.25641025641
4300
4286.66666666667
4276.41025641026
4277.4358974359
4281.53846153846
4292.30769230769
4288.20512820513
4275.38461538462
4276.41025641026
4281.02564102564
4285.12820512821
4294.8717948718
4298.97435897436
4296.41025641026
4298.46153846154
4298.97435897436
4295.38461538462
4294.35897435897
4294.8717948718
4295.38461538462
4297.4358974359
4302.05128205128
4307.69230769231
4305.64102564103
4298.97435897436
4298.97435897436
4300
4296.41025641026
4294.8717948718
4298.97435897436
4305.12820512821
4311.28205128205
4313.84615384615
4313.84615384615
4313.33333333333
4310.76923076923
4310.25641025641
4309.23076923077
4310.76923076923
4313.33333333333
4307.69230769231
4307.69230769231
4318.46153846154
4315.38461538462
4306.15384615385
4314.35897435897
4320.51282051282
4320
4321.53846153846
4313.84615384615
4311.79487179487
4321.02564102564
4309.74358974359
4293.33333333333
4304.10256410256
4317.4358974359
4308.71794871795
4304.10256410256
4310.76923076923
4305.12820512821
4295.38461538462
4297.94871794872
4304.10256410256
4306.15384615385
4309.23076923077
4310.25641025641
4307.17948717949
4311.28205128205
4313.33333333333
4308.20512820513
4305.64102564103
4310.76923076923
4322.5641025641
4323.58974358974
4312.30769230769
4307.17948717949
4313.84615384615
4319.48717948718
4324.61538461538
4329.74358974359
4326.66666666667
4324.10256410256
4326.15384615385
4324.61538461538
4321.53846153846
4325.12820512821
4328.71794871795
4328.71794871795
4329.74358974359
4329.23076923077
4330.25641025641
4333.84615384615
4333.84615384615
4335.38461538462
4335.89743589744
4329.23076923077
4328.71794871795
4336.92307692308
4335.89743589744
4328.20512820513
4327.17948717949
4327.69230769231
4327.17948717949
4328.71794871795
4330.76923076923
4328.71794871795
4334.8717948718
4347.17948717949
4348.71794871795
4342.5641025641
4336.92307692308
4335.89743589744
4344.61538461538
4352.30769230769
4346.66666666667
4340.51282051282
4346.15384615385
4352.82051282051
4350.25641025641
4342.5641025641
4342.05128205128
4343.58974358974
4333.33333333333
4329.23076923077
4334.8717948718
4331.28205128205
4322.5641025641
4323.07692307692
4328.71794871795
4329.23076923077
4323.07692307692
4324.61538461538
4335.38461538462
4328.71794871795
4308.20512820513
4308.20512820513
4321.53846153846
4322.05128205128
4315.89743589744
4314.8717948718
4314.35897435897
4312.82051282051
4319.48717948718
4327.17948717949
4326.15384615385
4324.61538461538
4326.15384615385
4324.10256410256
4321.53846153846
4319.48717948718
4320.51282051282
4325.12820512821
4324.61538461538
4320.51282051282
4323.07692307692
4321.53846153846
4315.38461538462
4316.41025641026
4324.10256410256
4328.71794871795
4328.20512820513
4327.69230769231
4334.8717948718
4341.02564102564
4329.74358974359
4322.05128205128
4336.41025641026
4349.23076923077
4344.61538461538
4338.97435897436
4336.41025641026
4336.41025641026
4341.53846153846
4342.05128205128
4342.05128205128
4347.17948717949
4345.12820512821
4335.89743589744
4337.94871794872
4346.66666666667
4340
4332.30769230769
4343.07692307692
4353.84615384615
4351.79487179487
4350.76923076923
4348.71794871795
4339.48717948718
4338.97435897436
4343.58974358974
4343.07692307692
4344.61538461538
4348.71794871795
4349.23076923077
4342.5641025641
4334.8717948718
4340
4348.71794871795
4346.15384615385
4346.15384615385
4352.30769230769
4347.69230769231
4338.97435897436
4338.46153846154
4339.48717948718
4342.05128205128
4342.05128205128
4334.35897435897
4333.84615384615
4342.5641025641
4345.12820512821
4339.48717948718
4341.02564102564
4348.20512820513
4338.46153846154
4325.64102564103
4328.20512820513
4336.92307692308
4334.8717948718
4331.28205128205
4333.33333333333
4336.41025641026
4336.92307692308
4329.23076923077
4326.66666666667
4337.4358974359
4341.53846153846
4324.10256410256
4316.41025641026
4340.51282051282
4354.35897435897
4342.5641025641
4337.4358974359
4338.97435897436
4332.82051282051
4333.84615384615
4340.51282051282
4343.07692307692
4346.66666666667
4353.84615384615
4354.35897435897
4342.05128205128
4332.30769230769
4341.02564102564
4353.84615384615
4352.82051282051
4337.94871794872
4327.17948717949
4332.30769230769
4345.12820512821
4342.5641025641
4330.25641025641
4325.64102564103
4328.20512820513
4327.69230769231
4324.10256410256
4325.12820512821
4326.66666666667
4323.58974358974
4326.15384615385
4328.20512820513
4316.92307692308
4306.66666666667
4314.8717948718
4321.53846153846
4309.74358974359
4302.05128205128
4308.71794871795
4311.28205128205
4307.69230769231
4308.71794871795
4310.76923076923
4307.17948717949
4301.53846153846
4296.92307692308
4293.33333333333
4297.94871794872
4304.10256410256
4302.05128205128
4304.61538461538
4316.41025641026
4316.92307692308
4304.61538461538
4307.17948717949
4316.41025641026
4310.25641025641
4304.61538461538
4307.69230769231
4311.79487179487
4316.41025641026
4321.02564102564
4315.89743589744
4307.69230769231
4311.79487179487
4304.61538461538
4283.58974358974
4281.02564102564
4293.84615384615
4300
4294.8717948718
4283.58974358974
4281.53846153846
4294.35897435897
4298.97435897436
4294.35897435897
4294.35897435897
4288.71794871795
4278.46153846154
4278.97435897436
4281.53846153846
4277.4358974359
4278.97435897436
4285.12820512821
4285.12820512821
4281.53846153846
4282.5641025641
4282.05128205128
4277.4358974359
4280.51282051282
4290.25641025641
4295.89743589744
4296.92307692308
4295.38461538462
4295.38461538462
4295.89743589744
4294.35897435897
4293.84615384615
4296.92307692308
4297.4358974359
4295.89743589744
4294.35897435897
4293.84615384615
4293.33333333333
4292.30769230769
4300.51282051282
4309.74358974359
4307.69230769231
4303.58974358974
4301.02564102564
4291.79487179487
4290.76923076923
4305.64102564103
4305.64102564103
4295.38461538462
4302.5641025641
4315.38461538462
4310.25641025641
4306.15384615385
4311.28205128205
4304.10256410256
4298.46153846154
4308.20512820513
4309.23076923077
4290.25641025641
4281.53846153846
4292.82051282051
4306.66666666667
4314.35897435897
4304.61538461538
4290.25641025641
4297.94871794872
4310.25641025641
4302.5641025641
4301.02564102564
4312.30769230769
4306.15384615385
4300.51282051282
4311.28205128205
4312.82051282051
4306.15384615385
4307.69230769231
4303.07692307692
4294.8717948718
4295.89743589744
4298.46153846154
4296.41025641026
4296.92307692308
4299.48717948718
4296.41025641026
4293.33333333333
4302.05128205128
4306.66666666667
4302.05128205128
4304.10256410256
4307.17948717949
4300.51282051282
4298.46153846154
4306.15384615385
4311.79487179487
4307.69230769231
4305.12820512821
4308.20512820513
4302.5641025641
4298.97435897436
4312.30769230769
4312.82051282051
4297.4358974359
4291.79487179487
4295.89743589744
4304.10256410256
4312.82051282051
4312.30769230769
4309.23076923077
4308.71794871795
4310.25641025641
4313.84615384615
4310.76923076923
4306.15384615385
4311.79487179487
4312.82051282051
4311.79487179487
4320.51282051282
4323.07692307692
4315.38461538462
4312.30769230769
4313.33333333333
4311.28205128205
4310.25641025641
4311.79487179487
4310.76923076923
4311.28205128205
4316.41025641026
4315.38461538462
4302.05128205128
4292.82051282051
4294.35897435897
4301.02564102564
4311.79487179487
4313.84615384615
4304.61538461538
4301.02564102564
4304.10256410256
4304.10256410256
4301.02564102564
4303.58974358974
4311.79487179487
4307.17948717949
4295.38461538462
4297.94871794872
4304.61538461538
4302.5641025641
4304.61538461538
4312.82051282051
4313.84615384615
4309.23076923077
4308.20512820513
4307.69230769231
4306.66666666667
4309.74358974359
4312.82051282051
4308.20512820513
4304.61538461538
4308.20512820513
4305.64102564103
4298.97435897436
4298.46153846154
4297.4358974359
4293.33333333333
4292.82051282051
4294.8717948718
4297.4358974359
4298.97435897436
4296.41025641026
4296.92307692308
4305.12820512821
4306.66666666667
4297.94871794872
4298.46153846154
4307.17948717949
4305.12820512821
4301.53846153846
4310.25641025641
4311.28205128205
4302.05128205128
4305.12820512821
4306.66666666667
4296.41025641026
4293.84615384615
4305.12820512821
4314.35897435897
4311.79487179487
4304.10256410256
4303.07692307692
4308.20512820513
4309.74358974359
4303.07692307692
4296.41025641026
4301.53846153846
4310.76923076923
4311.28205128205
4310.76923076923
4307.17948717949
4296.92307692308
4300
4312.82051282051
4312.82051282051
4308.71794871795
4311.79487179487
4310.76923076923
4309.74358974359
4315.38461538462
4315.38461538462
4308.20512820513
4307.69230769231
4311.79487179487
4312.82051282051
4312.30769230769
4312.82051282051
4316.41025641026
4320.51282051282
4315.38461538462
4309.23076923077
4307.17948717949
4308.71794871795
4317.4358974359
4320.51282051282
4311.28205128205
4312.82051282051
4327.17948717949
4330.25641025641
4320
4315.38461538462
4317.94871794872
4322.5641025641
4323.58974358974
4318.46153846154
4314.8717948718
4316.92307692308
4318.46153846154
4317.94871794872
4322.05128205128
4322.5641025641
4321.02564102564
4321.02564102564
4320
4318.46153846154
4313.84615384615
4312.30769230769
4314.35897435897
4313.84615384615
4310.25641025641
4311.28205128205
4312.30769230769
4309.23076923077
4307.69230769231
4311.79487179487
4313.84615384615
4306.66666666667
4301.02564102564
4298.97435897436
4296.41025641026
4300
4306.15384615385
4301.02564102564
4292.30769230769
4294.35897435897
4304.61538461538
4312.30769230769
4310.76923076923
4304.10256410256
4307.17948717949
4307.17948717949
4297.4358974359
4295.89743589744
4305.64102564103
4307.69230769231
4302.5641025641
4302.05128205128
4305.12820512821
4309.74358974359
4312.30769230769
4310.76923076923
4312.30769230769
4310.76923076923
4302.5641025641
4308.20512820513
4319.48717948718
4317.4358974359
4314.8717948718
4315.89743589744
4315.89743589744
4317.4358974359
4316.41025641026
4309.23076923077
4307.69230769231
4312.82051282051
4312.30769230769
4309.23076923077
4306.66666666667
4308.71794871795
4310.76923076923
4311.28205128205
4309.74358974359
4304.61538461538
4302.05128205128
4307.17948717949
4310.25641025641
4306.66666666667
4304.10256410256
4309.23076923077
4317.4358974359
4316.92307692308
4309.74358974359
4306.15384615385
4305.64102564103
4310.76923076923
4312.30769230769
4301.02564102564
4297.4358974359
4307.17948717949
4308.71794871795
4308.71794871795
4314.35897435897
4311.28205128205
4306.66666666667
4309.23076923077
4310.76923076923
4311.79487179487
4311.79487179487
4309.74358974359
4306.66666666667
4302.5641025641
4303.07692307692
4309.23076923077
4311.28205128205
4309.23076923077
4309.23076923077
4309.74358974359
4308.71794871795
4308.71794871795
4307.69230769231
4311.28205128205
4316.92307692308
4315.89743589744
4313.33333333333
4319.48717948718
4328.20512820513
4325.64102564103
4317.4358974359
4318.97435897436
4325.64102564103
4324.10256410256
4321.02564102564
4324.10256410256
4323.58974358974
4326.15384615385
4331.79487179487
4331.28205128205
4326.15384615385
4324.10256410256
4325.64102564103
4327.17948717949
4328.20512820513
4332.82051282051
4336.41025641026
4332.30769230769
4326.66666666667
4326.15384615385
4325.12820512821
4324.61538461538
4328.71794871795
4333.33333333333
4335.38461538462
4335.38461538462
4333.84615384615
4334.35897435897
4338.97435897436
4341.02564102564
4340
4337.4358974359
4330.25641025641
4325.64102564103
4327.17948717949
4327.17948717949
4323.58974358974
4323.58974358974
4324.61538461538
4325.64102564103
4324.61538461538
4323.58974358974
4329.74358974359
4336.92307692308
4333.33333333333
4326.15384615385
4325.12820512821
4326.15384615385
4325.12820512821
4324.61538461538
4328.20512820513
4334.8717948718
4335.89743589744
4333.84615384615
4340.51282051282
4342.5641025641
4328.71794871795
4320
4330.25641025641
4338.46153846154
4330.76923076923
4325.64102564103
4332.82051282051
4335.89743589744
4332.30769230769
4333.84615384615
4334.8717948718
4334.35897435897
4339.48717948718
4343.58974358974
4338.46153846154
4329.23076923077
4325.12820512821
4325.64102564103
4325.64102564103
4323.07692307692
4326.66666666667
4332.82051282051
4326.66666666667
4318.97435897436
4328.20512820513
4338.97435897436
4333.84615384615
4330.76923076923
4336.41025641026
4338.46153846154
4333.84615384615
4332.30769230769
4337.94871794872
4338.97435897436
4334.35897435897
4338.46153846154
4341.02564102564
4328.71794871795
4319.48717948718
4323.07692307692
4324.10256410256
4328.71794871795
4337.4358974359
4334.35897435897
4327.69230769231
4325.12820512821
4323.58974358974
4327.69230769231
4334.35897435897
4328.20512820513
4317.94871794872
4320.51282051282
4325.64102564103
4327.17948717949
4333.84615384615
4331.28205128205
4320.51282051282
4325.64102564103
4334.35897435897
4330.25641025641
4326.15384615385
4329.74358974359
4329.74358974359
4326.66666666667
4326.66666666667
4325.64102564103
4327.69230769231
4328.20512820513
4323.07692307692
4319.48717948718
4316.41025641026
4314.35897435897
4310.76923076923
4300.51282051282
4293.33333333333
4301.02564102564
4308.71794871795
4307.17948717949
4308.71794871795
4303.07692307692
4295.89743589744
4305.64102564103
4315.38461538462
4312.82051282051
4309.23076923077
4312.82051282051
4310.25641025641
4302.05128205128
4298.97435897436
4303.07692307692
4308.71794871795
4303.58974358974
4294.35897435897
4293.33333333333
4298.46153846154
4299.48717948718
4299.48717948718
4304.61538461538
4305.64102564103
4300
4298.46153846154
4294.8717948718
4287.69230769231
4295.89743589744
4312.30769230769
4312.82051282051
4307.17948717949
4308.20512820513
4302.5641025641
4293.33333333333
4293.33333333333
4295.89743589744
4297.4358974359
4295.89743589744
4293.84615384615
4295.89743589744
4295.89743589744
4295.38461538462
4301.53846153846
4301.53846153846
4289.74358974359
4289.23076923077
4304.10256410256
4306.66666666667
4298.46153846154
4298.97435897436
4301.53846153846
4293.84615384615
4288.20512820513
4293.84615384615
4297.94871794872
4295.38461538462
4293.33333333333
4292.30769230769
4292.82051282051
4294.35897435897
4289.74358974359
4287.17948717949
4286.66666666667
4282.5641025641
4289.23076923077
4296.41025641026
4285.12820512821
4274.8717948718
4277.94871794872
4276.41025641026
4275.38461538462
