4442.05128205128
4444.61538461538
4456.92307692308
4457.94871794872
4448.71794871795
4442.05128205128
4447.17948717949
4464.61538461538
4476.41025641026
4480.51282051282
4490.25641025641
4492.30769230769
4476.92307692308
4463.58974358974
4458.46153846154
4453.84615384615
4455.38461538462
4455.38461538462
4444.10256410256
4440.51282051282
4453.84615384615
4470.76923076923
4474.8717948718
4461.02564102564
4442.5641025641
4441.02564102564
4455.38461538462
4460.51282051282
4459.48717948718
4457.94871794872
4448.71794871795
4443.58974358974
4445.12820512821
4442.5641025641
4448.20512820513
4464.61538461538
4464.10256410256
4456.92307692308
4469.74358974359
4482.05128205128
4468.20512820513
4458.97435897436
4481.02564102564
4491.28205128205
4462.05128205128
4440
4452.82051282051
4461.53846153846
4458.46153846154
4468.20512820513
4476.92307692308
4462.5641025641
4453.84615384615
4470.25641025641
4478.97435897436
4477.4358974359
4474.35897435897
4471.79487179487
4478.97435897436
4484.10256410256
4474.35897435897
4467.69230769231
4474.8717948718
4475.89743589744
4474.8717948718
4477.4358974359
4471.28205128205
4472.30769230769
4484.61538461538
4500.51282051282
4511.79487179487
4500
4475.89743589744
4471.28205128205
4482.05128205128
4479.48717948718
4471.28205128205
4480.51282051282
4486.15384615385
4476.41025641026
4471.79487179487
4474.35897435897
4476.92307692308
4479.48717948718
4469.74358974359
4462.5641025641
4483.07692307692
4494.8717948718
4485.64102564103
4493.33333333333
4507.69230769231
4513.33333333333
4527.17948717949
4524.61538461538
4506.15384615385
4519.48717948718
4541.02564102564
4528.20512820513
4514.8717948718
4521.53846153846
4527.17948717949
4537.4358974359
4544.10256410256
4518.97435897436
4488.20512820513
4484.10256410256
4497.94871794872
4504.10256410256
4496.41025641026
4490.25641025641
4491.79487179487
4489.74358974359
4490.25641025641
4490.25641025641
4472.30769230769
4466.15384615385
4489.23076923077
4499.48717948718
4482.05128205128
4470.76923076923
4477.94871794872
4481.02564102564
4473.84615384615
4469.74358974359
4481.02564102564
4477.94871794872
4458.97435897436
4470.76923076923
4504.61538461538
4509.74358974359
4494.8717948718
4490.25641025641
4488.20512820513
4488.20512820513
4493.84615384615
4491.79487179487
4490.25641025641
4493.84615384615
4490.76923076923
4486.66666666667
4485.12820512821
4477.4358974359
4471.79487179487
4488.20512820513
4511.79487179487
4506.66666666667
4481.02564102564
4471.79487179487
4476.41025641026
4474.35897435897
4471.79487179487
4474.35897435897
4481.02564102564
4490.76923076923
4493.33333333333
4487.69230769231
4479.48717948718
4474.8717948718
4477.4358974359
4474.8717948718
4467.69230769231
4480.51282051282
4509.74358974359
4523.58974358974
4524.61538461538
4532.82051282051
4537.4358974359
4526.15384615385
4515.89743589744
4521.53846153846
4531.79487179487
4541.53846153846
4555.38461538462
4554.8717948718
4551.79487179487
4568.20512820513
4574.35897435897
4545.64102564103
4528.71794871795
4550.76923076923
4570.25641025641
4578.97435897436
4595.38461538462
4613.33333333333
4621.53846153846
4630.25641025641
4641.02564102564
4638.46153846154
4643.58974358974
4665.12820512821
4678.46153846154
4689.23076923077
4700.51282051282
4702.05128205128
4710.76923076923
4722.5641025641
4720
4729.74358974359
4754.8717948718
4765.12820512821
4767.17948717949
4772.82051282051
4776.41025641026
4789.74358974359
4800
4796.41025641026
4793.84615384615
4800.51282051282
4804.10256410256
4792.30769230769
4785.64102564103
4793.84615384615
4803.07692307692
4806.66666666667
4810.76923076923
4818.97435897436
4825.64102564103
4836.92307692308
4844.61538461539
4845.12820512821
4849.23076923077
4857.94871794872
4865.64102564103
4875.38461538462
4886.66666666667
4890.25641025641
4894.35897435897
4902.05128205128
4908.71794871795
4918.97435897436
4924.61538461539
4904.10256410256
4877.4358974359
4886.15384615385
4912.30769230769
4913.33333333333
4899.48717948718
4897.94871794872
4902.05128205128
4902.05128205128
4896.41025641026
4880.51282051282
4878.46153846154
4899.48717948718
4912.30769230769
4902.5641025641
4892.30769230769
4902.5641025641
4917.94871794872
4903.07692307692
4869.23076923077
4852.82051282051
4847.17948717949
4845.64102564103
4859.48717948718
4865.64102564103
4853.33333333333
4856.41025641026
4875.38461538462
4873.84615384615
4864.61538461539
4869.74358974359
4881.02564102564
4879.48717948718
4872.30769230769
4882.05128205128
4900.51282051282
4900
4894.8717948718
4914.35897435897
4930.76923076923
4914.35897435897
4901.53846153846
4911.79487179487
4907.69230769231
4891.28205128205
4896.92307692308
4910.76923076923
4906.66666666667
4904.10256410256
4914.8717948718
4927.17948717949
4935.89743589744
4929.23076923077
4906.15384615385
4891.79487179487
4892.82051282051
4896.41025641026
4892.30769230769
4891.28205128205
4906.66666666667
4920.51282051282
4921.02564102564
4928.20512820513
4941.53846153846
4945.64102564103
4955.38461538462
4965.64102564103
4959.48717948718
4950.25641025641
4950.25641025641
4958.97435897436
4970.25641025641
4968.71794871795
4955.89743589744
4953.33333333333
4957.4358974359
4955.89743589744
4953.84615384615
4955.38461538462
4957.94871794872
4954.8717948718
4952.30769230769
4967.69230769231
4980
4954.8717948718
4918.46153846154
4908.20512820513
4908.71794871795
4903.58974358974
4905.64102564103
4907.69230769231
4901.53846153846
4913.33333333333
4923.07692307692
4915.38461538462
4914.35897435897
4921.53846153846
4914.35897435897
4913.33333333333
4924.10256410256
4916.92307692308
4908.71794871795
4925.12820512821
4940
4937.94871794872
4937.94871794872
4940
4934.8717948718
4934.35897435897
4940
4932.30769230769
4918.97435897436
4924.61538461539
4935.38461538462
4928.71794871795
4914.35897435897
4908.71794871795
4909.23076923077
4907.17948717949
4894.8717948718
4875.89743589744
4872.30769230769
4872.82051282051
4866.15384615385
4866.66666666667
4879.48717948718
4881.53846153846
4863.58974358974
4851.28205128205
4860.51282051282
4862.5641025641
4847.17948717949
4841.53846153846
4852.30769230769
4864.10256410256
4878.97435897436
4884.10256410256
4877.4358974359
4872.30769230769
4874.35897435897
4884.10256410256
4901.02564102564
4909.74358974359
4900.51282051282
4891.79487179487
4893.84615384615
4894.35897435897
4893.33333333333
4892.82051282051
4885.64102564103
4875.89743589744
4878.97435897436
4878.97435897436
4864.61538461539
4857.94871794872
4863.58974358974
4866.66666666667
4864.61538461539
4858.46153846154
4854.8717948718
4860.51282051282
4860
4843.07692307692
4835.89743589744
4847.17948717949
4847.17948717949
4832.30769230769
4828.20512820513
4836.92307692308
4829.74358974359
4814.8717948718
4812.30769230769
4808.20512820513
4803.58974358974
4808.71794871795
4814.8717948718
4812.82051282051
4807.17948717949
4798.46153846154
4796.41025641026
4799.48717948718
4790.25641025641
4780.51282051282
4782.05128205128
4787.69230769231
4781.53846153846
4772.82051282051
4777.4358974359
4773.33333333333
4756.92307692308
4755.38461538462
4766.66666666667
4760
4754.35897435897
4763.58974358974
4764.10256410256
4754.8717948718
4751.28205128205
4749.74358974359
4753.33333333333
4762.05128205128
4758.97435897436
4743.58974358974
4736.41025641026
4731.79487179487
4733.33333333333
4748.20512820513
4747.69230769231
4727.69230769231
4717.94871794872
4713.84615384615
4703.07692307692
4701.53846153846
4713.33333333333
4719.48717948718
4714.35897435897
4702.5641025641
4705.64102564103
4708.20512820513
4697.94871794872
4714.35897435897
4739.48717948718
4725.64102564103
4708.20512820513
4721.02564102564
4720
4697.94871794872
4685.12820512821
4687.17948717949
4691.79487179487
4687.17948717949
4675.89743589744
4676.41025641026
4687.69230769231
4682.5641025641
4665.64102564103
4666.15384615385
4682.5641025641
4688.71794871795
4681.53846153846
4669.74358974359
4662.5641025641
4671.28205128205
4675.89743589744
4663.58974358974
4661.02564102564
4673.84615384615
4669.23076923077
4651.28205128205
4664.61538461539
4690.25641025641
4680.51282051282
4662.05128205128
4655.38461538462
4648.71794871795
4651.79487179487
4654.8717948718
4649.74358974359
4657.94871794872
4667.69230769231
4651.79487179487
4641.53846153846
4650.25641025641
4651.79487179487
4645.64102564103
4643.07692307692
4646.66666666667
4649.23076923077
4645.64102564103
4645.12820512821
4650.25641025641
4647.17948717949
4644.61538461538
4655.89743589744
4661.02564102564
4652.30769230769
4646.66666666667
4649.74358974359
4649.74358974359
4640.51282051282
4638.97435897436
4650.25641025641
4654.35897435897
4646.66666666667
4646.15384615385
4648.20512820513
4647.17948717949
4654.8717948718
4664.10256410256
4666.66666666667
4663.58974358974
4658.97435897436
4670.25641025641
4689.23076923077
4680.51282051282
4660
4665.64102564103
4674.8717948718
4664.61538461539
4661.53846153846
4669.23076923077
4660.51282051282
4641.02564102564
4638.97435897436
4656.41025641026
4665.12820512821
4647.69230769231
4626.15384615385
4626.15384615385
4633.33333333333
4631.28205128205
4634.8717948718
4645.64102564103
4646.66666666667
4644.10256410256
4645.12820512821
4641.02564102564
4630.25641025641
4625.64102564103
4622.05128205128
4616.41025641026
4615.38461538462
4610.76923076923
4591.28205128205
4586.66666666667
4600.51282051282
4594.8717948718
4585.64102564103
4596.41025641026
4606.66666666667
4614.8717948718
4618.97435897436
4604.61538461538
4595.89743589744
4603.07692307692
4596.41025641026
4585.12820512821
4584.61538461538
4584.61538461538
4583.58974358974
4585.12820512821
4583.58974358974
4583.07692307692
4586.15384615385
4587.69230769231
4585.64102564103
4583.58974358974
4584.10256410256
4584.61538461538
4583.58974358974
4582.5641025641
4582.05128205128
4584.61538461538
4583.58974358974
4574.8717948718
4569.23076923077
4569.74358974359
4571.79487179487
4583.58974358974
4584.61538461538
4571.79487179487
4579.48717948718
4590.25641025641
4574.8717948718
4561.53846153846
4561.02564102564
4550.25641025641
4543.07692307692
4542.05128205128
4538.46153846154
4542.5641025641
4555.89743589744
4555.89743589744
4540
4538.97435897436
4550.76923076923
4544.10256410256
4530.25641025641
4535.38461538462
4541.02564102564
4526.66666666667
4516.92307692308
4526.15384615385
4539.48717948718
4536.92307692308
4524.61538461538
4521.53846153846
4526.66666666667
4526.15384615385
4516.41025641026
4510.25641025641
4510.25641025641
4509.23076923077
4505.12820512821
4503.58974358974
4506.66666666667
4506.66666666667
4504.10256410256
4506.15384615385
4504.61538461538
4491.79487179487
4493.84615384615
4504.10256410256
4495.89743589744
4487.17948717949
4493.84615384615
4494.8717948718
4487.69230769231
4486.15384615385
4487.69230769231
4491.28205128205
4486.66666666667
4475.38461538462
4475.38461538462
4477.94871794872
4466.15384615385
4456.41025641026
4468.20512820513
4478.97435897436
4474.35897435897
4469.23076923077
4470.76923076923
4474.8717948718
4472.30769230769
4456.92307692308
4449.74358974359
4457.94871794872
4461.53846153846
4458.97435897436
4455.89743589744
4448.71794871795
4444.10256410256
4444.10256410256
4439.48717948718
4438.97435897436
4441.02564102564
4434.35897435897
4426.66666666667
4426.15384615385
4429.74358974359
4431.79487179487
4426.66666666667
4424.10256410256
4431.79487179487
4434.8717948718
4426.15384615385
4420.51282051282
4417.94871794872
4418.46153846154
4426.66666666667
4426.66666666667
4413.33333333333
4409.23076923077
4413.84615384615
4416.41025641026
4422.05128205128
4430.25641025641
4429.23076923077
4421.02564102564
4419.48717948718
4420
4414.8717948718
4411.28205128205
4415.89743589744
4417.4358974359
4412.30769230769
4409.23076923077
4409.74358974359
4412.30769230769
4413.33333333333
4405.12820512821
4400.51282051282
4403.07692307692
4401.02564102564
4400.51282051282
4407.17948717949
4403.58974358974
4394.8717948718
4398.97435897436
4400.51282051282
4389.74358974359
4381.53846153846
4381.02564102564
4378.97435897436
4376.41025641026
4378.97435897436
4383.07692307692
4388.20512820513
4395.89743589744
4397.4358974359
4396.41025641026
4404.10256410256
4413.84615384615
4414.8717948718
4412.30769230769
4410.76923076923
4409.23076923077
4411.28205128205
4413.84615384615
4409.74358974359
4402.5641025641
4400.51282051282
4397.94871794872
4394.8717948718
4396.41025641026
4393.84615384615
4384.61538461538
4378.46153846154
4376.41025641026
4372.82051282051
4372.30769230769
4379.48717948718
4385.12820512821
4384.10256410256
4375.38461538462
4366.66666666667
4367.17948717949
4366.15384615385
4357.4358974359
4352.82051282051
4353.33333333333
4350.25641025641
4350.25641025641
4355.89743589744
4355.38461538462
4348.20512820513
4348.20512820513
4363.07692307692
4376.92307692308
4374.8717948718
4373.33333333333
4376.41025641026
4370.25641025641
4363.58974358974
4365.12820512821
4366.15384615385
4366.66666666667
4373.84615384615
4381.53846153846
4383.07692307692
4383.07692307692
4383.58974358974
4382.5641025641
4381.53846153846
4383.58974358974
4382.5641025641
4381.53846153846
4383.58974358974
4383.58974358974
4382.5641025641
4384.61538461538
4385.64102564103
4379.48717948718
4372.30769230769
4371.28205128205
4373.33333333333
4372.30769230769
4374.8717948718
4377.94871794872
4374.35897435897
4368.20512820513
4366.66666666667
4369.23076923077
4372.30769230769
4373.33333333333
4370.25641025641
4368.71794871795
4368.20512820513
4367.17948717949
4367.17948717949
4366.66666666667
4365.12820512821
4366.15384615385
4367.17948717949
4361.02564102564
4357.94871794872
4363.58974358974
4368.71794871795
4365.64102564103
4355.89743589744
4349.74358974359
4351.28205128205
4357.4358974359
4361.53846153846
4365.64102564103
4368.20512820513
4361.02564102564
4350.76923076923
4349.74358974359
4357.4358974359
4359.48717948718
4354.8717948718
4351.28205128205
4351.28205128205
4351.28205128205
4349.74358974359
4349.74358974359
4350.25641025641
4348.71794871795
4349.23076923077
4350.76923076923
4350.76923076923
4351.79487179487
4352.82051282051
4349.74358974359
4346.66666666667
4345.64102564103
4342.5641025641
4338.97435897436
4338.46153846154
4339.48717948718
4341.53846153846
4344.10256410256
4341.53846153846
4340.51282051282
4341.02564102564
4335.38461538462
4336.92307692308
4348.71794871795
4353.84615384615
4350.76923076923
4351.28205128205
4350.76923076923
4351.79487179487
4356.92307692308
4356.92307692308
4353.33333333333
4356.92307692308
4361.53846153846
4358.46153846154
4355.89743589744
4359.48717948718
4359.48717948718
4356.41025641026
4356.41025641026
4355.89743589744
4352.30769230769
4349.23076923077
4352.30769230769
4359.48717948718
4362.05128205128
4356.41025641026
4351.28205128205
4358.46153846154
4369.74358974359
4370.76923076923
4365.64102564103
4365.12820512821
4369.74358974359
4372.82051282051
4376.41025641026
4383.07692307692
4390.76923076923
4391.28205128205
4384.10256410256
4380.51282051282
4381.02564102564
4375.89743589744
4367.69230769231
4363.58974358974
4365.64102564103
4368.71794871795
4367.17948717949
4364.61538461538
4366.66666666667
4367.69230769231
4365.12820512821
4364.61538461538
4366.66666666667
4364.61538461538
4364.10256410256
4369.23076923077
4369.23076923077
4358.97435897436
4356.92307692308
4364.61538461538
4367.69230769231
4364.61538461538
4365.12820512821
4366.15384615385
4365.64102564103
4373.33333333333
4381.53846153846
4382.05128205128
4384.10256410256
4388.20512820513
4387.69230769231
4382.05128205128
4376.92307692308
4372.82051282051
4370.76923076923
4368.20512820513
4365.64102564103
4367.17948717949
4372.30769230769
4373.84615384615
4368.20512820513
4364.61538461538
4368.20512820513
4366.66666666667
4355.89743589744
4349.74358974359
4352.82051282051
4357.94871794872
4357.4358974359
4356.92307692308
4358.97435897436
4358.46153846154
4360.51282051282
4365.64102564103
4369.23076923077
4375.38461538462
4383.07692307692
4383.58974358974
4380.51282051282
4384.61538461538
4389.23076923077
4388.71794871795
4390.25641025641
4395.89743589744
4401.53846153846
4404.10256410256
4400
4393.33333333333
4395.38461538462
4400.51282051282
4401.53846153846
4403.58974358974
4406.66666666667
4403.58974358974
4398.97435897436
4404.61538461538
4412.30769230769
4412.82051282051
4411.79487179487
4414.8717948718
4414.8717948718
4410.76923076923
4410.25641025641
4411.79487179487
4410.76923076923
4412.30769230769
4417.4358974359
4417.94871794872
4413.84615384615
4414.35897435897
4416.92307692308
4412.82051282051
4406.66666666667
4403.58974358974
4401.53846153846
4403.58974358974
4410.76923076923
4413.84615384615
4413.84615384615
4414.35897435897
4410.25641025641
4402.5641025641
4399.48717948718
4397.94871794872
4396.92307692308
4398.46153846154
4398.97435897436
4396.41025641026
4389.74358974359
4385.64102564103
4388.71794871795
4390.76923076923
4394.35897435897
4398.46153846154
4391.79487179487
4377.94871794872
4372.30769230769
4370.76923076923
4367.17948717949
4364.61538461538
4365.12820512821
4367.69230769231
4369.74358974359
4367.17948717949
4360.51282051282
4351.28205128205
4347.69230769231
4349.74358974359
4350.76923076923
4357.94871794872
4366.66666666667
4360.51282051282
4349.74358974359
4350.76923076923
4351.79487179487
4352.30769230769
4355.38461538462
4354.35897435897
4349.23076923077
4348.20512820513
4349.74358974359
4351.28205128205
4351.79487179487
4350.76923076923
4355.89743589744
4366.15384615385
4369.74358974359
4363.07692307692
4353.33333333333
4350.76923076923
4355.89743589744
4358.46153846154
4357.94871794872
4355.38461538462
4357.94871794872
4364.61538461538
4367.17948717949
4367.17948717949
4366.66666666667
4358.97435897436
4354.8717948718
4363.58974358974
4365.64102564103
4356.92307692308
4350.76923076923
4348.71794871795
4349.74358974359
4351.28205128205
4350.76923076923
4351.28205128205
4357.94871794872
4366.15384615385
4364.61538461538
4357.94871794872
4358.46153846154
4357.4358974359
4350.76923076923
4350.76923076923
4356.41025641026
4358.97435897436
4358.46153846154
4351.28205128205
4350.25641025641
4360.51282051282
4360.51282051282
4349.23076923077
4349.74358974359
4353.84615384615
4346.15384615385
4340
4342.5641025641
4343.07692307692
4342.5641025641
4346.66666666667
4353.84615384615
4358.97435897436
4355.89743589744
4349.23076923077
4352.82051282051
4358.97435897436
4356.92307692308
4354.8717948718
4355.89743589744
4353.33333333333
4350.25641025641
4356.41025641026
4365.64102564103
4366.66666666667
4366.15384615385
4365.12820512821
4360
4356.92307692308
4358.97435897436
4359.48717948718
4357.4358974359
4353.84615384615
4351.79487179487
4355.89743589744
4356.92307692308
4351.79487179487
4349.23076923077
4351.79487179487
4356.92307692308
4356.41025641026
4349.74358974359
4352.82051282051
4357.94871794872
4354.8717948718
4356.92307692308
4366.15384615385
4368.20512820513
4362.5641025641
4357.94871794872
4359.48717948718
4366.15384615385
4368.71794871795
4367.17948717949
4367.69230769231
4367.69230769231
4366.66666666667
4366.66666666667
4366.66666666667
4366.66666666667
4363.07692307692
4354.35897435897
4350.25641025641
4351.79487179487
4352.82051282051
4350.76923076923
4350.76923076923
4353.84615384615
4357.4358974359
4359.48717948718
4355.38461538462
4349.74358974359
4350.25641025641
4351.79487179487
4350.25641025641
4349.74358974359
4350.76923076923
4352.82051282051
4352.82051282051
4350.76923076923
4352.30769230769
4357.4358974359
4360
4363.07692307692
4371.79487179487
4378.97435897436
4374.8717948718
4367.17948717949
4371.28205128205
4382.05128205128
4382.5641025641
4374.8717948718
4371.28205128205
4376.92307692308
4381.02564102564
4382.05128205128
4389.23076923077
4394.35897435897
4387.17948717949
4382.5641025641
4385.64102564103
4388.20512820513
4388.71794871795
4385.64102564103
4381.02564102564
4381.53846153846
4382.5641025641
4380.51282051282
4382.05128205128
4382.05128205128
4381.53846153846
4392.82051282051
4399.48717948718
4393.84615384615
4395.38461538462
4400.51282051282
4391.28205128205
4386.66666666667
4391.79487179487
4390.76923076923
4392.30769230769
4396.92307692308
4395.38461538462
4394.35897435897
4397.94871794872
4398.97435897436
4398.46153846154
4398.46153846154
4400.51282051282
4404.61538461538
4401.02564102564
4395.89743589744
4399.48717948718
4400.51282051282
4394.8717948718
4392.30769230769
4394.8717948718
4397.94871794872
4398.97435897436
4397.94871794872
4397.4358974359
4398.46153846154
4400
4400
4398.97435897436
4398.97435897436
4400
4397.94871794872
4391.28205128205
4389.23076923077
4394.8717948718
4402.5641025641
4402.05128205128
4395.89743589744
4394.35897435897
4397.94871794872
4400.51282051282
4400.51282051282
4404.10256410256
4406.66666666667
4405.12820512821
4398.97435897436
4397.94871794872
4404.10256410256
4406.66666666667
4403.58974358974
4399.48717948718
4397.94871794872
4405.64102564103
4414.35897435897
4409.23076923077
4406.15384615385
4412.82051282051
4410.25641025641
4403.07692307692
4403.07692307692
4399.48717948718
4393.33333333333
4397.94871794872
4406.15384615385
4404.61538461538
4404.10256410256
4412.82051282051
4413.84615384615
4400.51282051282
4392.30769230769
4395.89743589744
4403.58974358974
4410.76923076923
4412.82051282051
4413.33333333333
4417.4358974359
4417.94871794872
4413.33333333333
4415.89743589744
4420.51282051282
4419.48717948718
4419.48717948718
4420.51282051282
4417.94871794872
4416.92307692308
4420.51282051282
4419.48717948718
4413.84615384615
4415.89743589744
4421.53846153846
4421.53846153846
4423.58974358974
4434.35897435897
4444.61538461538
4445.12820512821
4438.97435897436
4437.4358974359
4449.23076923077
4460
4453.84615384615
4443.58974358974
4448.71794871795
4460
4462.5641025641
4455.89743589744
4448.20512820513
4444.10256410256
4441.53846153846
4434.35897435897
4430.25641025641
4440
4447.69230769231
4447.69230769231
4441.53846153846
