P8
4126.66666666667
4118.46153846154
4143.07692307692
4167.17948717949
4164.10256410256
4149.74358974359
4164.10256410256
4180.51282051282
4151.79487179487
4144.10256410256
4202.05128205128
4220
4178.97435897436
4161.02564102564
4170.25641025641
4179.48717948718
4176.41025641026
4152.82051282051
4131.28205128205
4173.33333333333
4206.66666666667
4149.23076923077
4135.38461538462
4184.10256410256
4157.94871794872
4114.35897435897
4165.12820512821
4189.74358974359
4125.12820512821
4102.5641025641
4126.15384615385
4145.64102564103
4141.53846153846
4114.8717948718
4123.58974358974
4151.28205128205
4148.20512820513
4137.4358974359
4131.28205128205
4118.46153846154
4128.71794871795
4164.61538461538
4158.46153846154
4128.71794871795
4135.89743589744
4151.79487179487
4154.35897435897
4142.5641025641
4134.35897435897
4149.74358974359
4147.17948717949
4123.07692307692
4138.97435897436
4168.71794871795
4145.12820512821
4119.48717948718
4127.69230769231
4129.74358974359
4108.20512820513
4079.48717948718
4089.23076923077
4114.8717948718
4094.8717948718
4095.38461538462
4113.84615384615
4066.15384615385
4072.82051282051
4162.5641025641
4140
4049.23076923077
4077.94871794872
4118.97435897436
4066.15384615385
4040.51282051282
4083.07692307692
4101.53846153846
4069.74358974359
4072.30769230769
4122.05128205128
4127.69230769231
4077.94871794872
4066.66666666667
4121.02564102564
4129.74358974359
4058.97435897436
4036.41025641026
4119.48717948718
4166.66666666667
4149.74358974359
4156.92307692308
4172.30769230769
4190.76923076923
4224.61538461538
4224.10256410256
4209.23076923077
4218.46153846154
4215.89743589744
4214.8717948718
4255.38461538462
4255.89743589744
4191.79487179487
4174.8717948718
4232.30769230769
4247.69230769231
4171.79487179487
4124.10256410256
4177.94871794872
4220.51282051282
4174.35897435897
4145.64102564103
4194.8717948718
4186.66666666667
4124.61538461538
4141.02564102564
4179.48717948718
4152.82051282051
4143.07692307692
4172.82051282051
4161.53846153846
4149.23076923077
4148.71794871795
4117.4358974359
4112.30769230769
4140.51282051282
4127.17948717949
4093.33333333333
4118.97435897436
4162.05128205128
4155.38461538462
4114.8717948718
4113.84615384615
4154.35897435897
4143.07692307692
4091.28205128205
4095.89743589744
4146.15384615385
4160.51282051282
4153.33333333333
4151.79487179487
4141.02564102564
4142.05128205128
4138.46153846154
4111.79487179487
4118.97435897436
4160
4156.92307692308
4128.20512820513
4140.51282051282
4140.51282051282
4095.38461538462
4084.61538461539
4149.23076923077
4196.92307692308
4157.4358974359
4116.92307692308
4127.17948717949
4140
4158.46153846154
4180.51282051282
4142.5641025641
4093.33333333333
4133.33333333333
4180
4135.89743589744
4105.64102564103
4154.35897435897
4167.17948717949
4135.38461538462
4125.64102564103
4130.25641025641
4147.69230769231
4173.84615384615
4166.66666666667
4132.30769230769
4118.97435897436
4137.4358974359
4179.48717948718
4181.02564102564
4139.48717948718
4150.25641025641
4170.25641025641
4145.64102564103
4160.51282051282
4216.41025641026
4192.82051282051
4150.76923076923
4198.46153846154
4224.61538461538
4195.89743589744
4212.30769230769
4241.53846153846
4237.94871794872
4238.97435897436
4249.74358974359
4262.5641025641
4263.07692307692
4252.30769230769
4274.8717948718
4306.15384615385
4300.51282051282
4306.15384615385
4329.23076923077
4331.28205128205
4360
4380.51282051282
4364.61538461538
4382.05128205128
4404.61538461538
4391.79487179487
4375.89743589744
4380
4393.84615384615
4395.38461538462
4364.61538461538
4345.12820512821
4361.53846153846
4361.02564102564
4351.28205128205
4363.07692307692
4369.23076923077
4381.02564102564
4405.12820512821
4406.15384615385
4398.97435897436
4425.12820512821
4448.20512820513
4442.5641025641
4457.94871794872
4491.79487179487
4492.82051282051
4485.64102564103
4482.05128205128
4454.8717948718
4464.10256410256
4520.51282051282
4517.94871794872
4486.66666666667
4516.92307692308
4538.46153846154
4494.8717948718
4474.35897435897
4473.84615384615
4441.02564102564
4441.53846153846
4486.15384615385
4492.82051282051
4466.66666666667
4473.84615384615
4514.8717948718
4531.79487179487
4522.5641025641
4524.61538461538
4533.33333333333
4526.66666666667
4529.74358974359
4569.74358974359
4573.84615384615
4537.4358974359
4562.5641025641
4623.07692307692
4626.15384615385
4610.25641025641
4618.46153846154
4606.66666666667
4594.35897435897
4610.76923076923
4622.05128205128
4634.35897435897
4665.64102564103
4683.07692307692
4661.02564102564
4639.48717948718
4651.79487179487
4655.89743589744
4633.33333333333
4640
4667.17948717949
4673.33333333333
4682.05128205128
4683.58974358974
4664.10256410256
4660
4673.84615384615
4668.20512820513
4656.41025641026
4667.69230769231
4690.76923076923
4691.79487179487
4661.02564102564
4662.05128205128
4705.12820512821
4700.51282051282
4672.30769230769
4695.89743589744
4714.8717948718
4688.20512820513
4694.8717948718
4709.74358974359
4677.4358974359
4672.30769230769
4703.58974358974
4705.12820512821
4682.5641025641
4678.46153846154
4678.46153846154
4670.76923076923
4677.4358974359
4687.17948717949
4679.48717948718
4664.61538461539
4675.38461538462
4690.25641025641
4687.69230769231
4694.35897435897
4702.5641025641
4698.97435897436
4692.30769230769
4688.20512820513
4684.10256410256
4695.38461538462
4717.4358974359
4711.79487179487
4694.8717948718
4709.23076923077
4734.35897435897
4731.79487179487
4714.8717948718
4721.02564102564
4736.92307692308
4732.30769230769
4718.46153846154
4724.61538461539
4734.8717948718
4716.41025641026
4678.97435897436
4670.76923076923
4701.53846153846
4709.23076923077
4687.17948717949
4687.17948717949
4695.89743589744
4675.89743589744
4657.94871794872
4672.30769230769
4681.02564102564
4666.66666666667
4657.94871794872
4664.61538461539
4663.58974358974
4655.89743589744
4647.17948717949
4624.61538461538
4610.25641025641
4627.17948717949
4641.53846153846
4617.94871794872
4602.5641025641
4618.46153846154
4612.30769230769
4604.61538461538
4634.8717948718
4634.35897435897
4586.66666666667
4582.05128205128
4603.07692307692
4596.41025641026
4594.8717948718
4600.51282051282
4596.41025641026
4594.8717948718
4595.38461538462
4600.51282051282
4624.10256410256
4640.51282051282
4629.23076923077
4619.48717948718
4615.38461538462
4620
4631.79487179487
4630.76923076923
4618.46153846154
4614.35897435897
4623.58974358974
4619.48717948718
4602.05128205128
4600.51282051282
4617.4358974359
4623.07692307692
4604.61538461538
4582.05128205128
4576.92307692308
4594.8717948718
4603.07692307692
4578.97435897436
4561.02564102564
4571.79487179487
4575.38461538462
4554.8717948718
4549.23076923077
4554.35897435897
4532.82051282051
4514.35897435897
4520.51282051282
4515.38461538462
4506.66666666667
4511.79487179487
4510.25641025641
4502.05128205128
4492.30769230769
4471.79487179487
4460.51282051282
4456.92307692308
4438.97435897436
4425.12820512821
4430.25641025641
4432.30769230769
4417.4358974359
4414.35897435897
4420.51282051282
4396.92307692308
4367.17948717949
4373.33333333333
4390.25641025641
4384.10256410256
4370.25641025641
4367.69230769231
4375.38461538462
4379.48717948718
4374.8717948718
4375.38461538462
4390.76923076923
4401.53846153846
4389.23076923077
4371.28205128205
4365.12820512821
4351.28205128205
4343.58974358974
4372.30769230769
4385.64102564103
4362.5641025641
4348.20512820513
4346.66666666667
4342.5641025641
4340.51282051282
4344.10256410256
4351.28205128205
4347.17948717949
4313.33333333333
4300.51282051282
4336.92307692308
4371.28205128205
4367.69230769231
4347.69230769231
4344.61538461538
4346.15384615385
4342.5641025641
4334.8717948718
4324.10256410256
4305.64102564103
4292.30769230769
4307.17948717949
4320.51282051282
4305.64102564103
4293.33333333333
4303.58974358974
4289.23076923077
4249.74358974359
4255.38461538462
4289.74358974359
4294.8717948718
4296.92307692308
4307.17948717949
4305.64102564103
4300
4286.66666666667
4262.05128205128
4258.46153846154
4270.76923076923
4250.25641025641
4217.94871794872
4229.74358974359
4260.51282051282
4257.94871794872
4241.53846153846
4237.4358974359
4233.84615384615
4239.48717948718
4244.10256410256
4227.69230769231
4220.51282051282
4235.89743589744
4226.66666666667
4208.20512820513
4220
4239.48717948718
4237.4358974359
4225.64102564103
4230.25641025641
4237.4358974359
4228.20512820513
4220
4218.46153846154
4208.71794871795
4221.02564102564
4248.20512820513
4239.48717948718
4229.74358974359
4252.82051282051
4251.28205128205
4227.17948717949
4229.74358974359
4230.76923076923
4226.15384615385
4241.02564102564
4253.84615384615
4247.69230769231
4247.17948717949
4269.74358974359
4298.97435897436
4313.84615384615
4316.92307692308
4304.61538461538
4297.4358974359
4331.28205128205
4369.74358974359
4346.15384615385
4307.69230769231
4316.41025641026
4331.79487179487
4326.66666666667
4320.51282051282
4325.64102564103
4321.02564102564
4286.66666666667
4274.35897435897
4312.30769230769
4325.64102564103
4281.02564102564
4245.12820512821
4244.10256410256
4244.61538461538
4247.69230769231
4251.79487179487
4240
4230.76923076923
4235.89743589744
4239.48717948718
4238.97435897436
4242.5641025641
4234.8717948718
4213.84615384615
4224.10256410256
4235.38461538462
4199.48717948718
4169.23076923077
4200.51282051282
4237.94871794872
4213.33333333333
4180.51282051282
4200
4237.4358974359
4236.92307692308
4218.46153846154
4211.79487179487
4202.5641025641
4199.48717948718
4204.61538461538
4194.8717948718
4173.84615384615
4172.82051282051
4171.28205128205
4153.33333333333
4154.8717948718
4171.28205128205
4180.51282051282
4181.02564102564
4186.15384615385
4192.30769230769
4182.5641025641
4172.82051282051
4175.89743589744
4178.46153846154
4171.28205128205
4170.76923076923
4164.61538461538
4148.20512820513
4150.25641025641
4160.51282051282
4177.94871794872
4190.76923076923
4162.05128205128
4148.71794871795
4191.79487179487
4215.89743589744
4183.58974358974
4167.69230769231
4175.38461538462
4156.92307692308
4140
4143.07692307692
4149.23076923077
4147.17948717949
4151.79487179487
4165.12820512821
4159.48717948718
4158.97435897436
4167.69230769231
4151.79487179487
4134.35897435897
4155.89743589744
4157.94871794872
4115.38461538462
4100
4104.61538461538
4111.79487179487
4132.82051282051
4141.02564102564
4135.38461538462
4136.41025641026
4126.66666666667
4107.69230769231
4106.66666666667
4129.74358974359
4154.35897435897
4145.64102564103
4129.23076923077
4143.07692307692
4155.89743589744
4133.33333333333
4113.84615384615
4123.58974358974
4129.23076923077
4127.69230769231
4128.71794871795
4128.71794871795
4135.38461538462
4160
4162.05128205128
4124.61538461538
4116.41025641026
4138.97435897436
4139.48717948718
4120.51282051282
4112.82051282051
4123.58974358974
4139.48717948718
4125.12820512821
4095.89743589744
4126.15384615385
4163.58974358974
4141.02564102564
4144.61538461538
4175.38461538462
4155.38461538462
4126.15384615385
4127.17948717949
4122.5641025641
4130.76923076923
4156.41025641026
4144.61538461538
4101.02564102564
4085.12820512821
4121.02564102564
4145.12820512821
4114.8717948718
4104.10256410256
4110.25641025641
4075.38461538462
4068.71794871795
4118.97435897436
4134.35897435897
4100.51282051282
4073.84615384615
4074.8717948718
4098.97435897436
4098.46153846154
4071.79487179487
4095.89743589744
4115.89743589744
4066.66666666667
4047.17948717949
4091.28205128205
4111.28205128205
4096.41025641026
4085.12820512821
4071.28205128205
4078.46153846154
4105.64102564103
4105.64102564103
4089.74358974359
4090.25641025641
4094.8717948718
4090.76923076923
4086.15384615385
4074.8717948718
4057.4358974359
4044.61538461539
4040
4048.71794871795
4054.35897435898
4047.17948717949
4035.89743589744
4030.76923076923
4040
4043.07692307692
4036.41025641026
4036.92307692308
4028.71794871795
4017.94871794872
4036.41025641026
4053.33333333333
4029.74358974359
4004.10256410256
4000.51282051282
3999.48717948718
4000.51282051282
4005.12820512821
4012.30769230769
4030.25641025641
4045.12820512821
4047.17948717949
4056.41025641026
4074.35897435898
4082.05128205128
4087.17948717949
4095.89743589744
4087.69230769231
4075.89743589744
4096.92307692308
4133.84615384615
4135.38461538462
4108.20512820513
4087.17948717949
4072.82051282051
4072.30769230769
4093.33333333333
4100
4077.4358974359
4050.76923076923
4032.82051282051
4035.38461538462
4059.48717948718
4064.61538461539
4040.51282051282
4027.17948717949
4020.51282051282
3998.46153846154
3990.25641025641
4004.10256410256
4004.10256410256
3985.64102564103
3978.46153846154
3988.71794871795
3998.46153846154
4001.53846153846
4003.07692307692
3997.4358974359
3982.5641025641
3989.23076923077
4024.10256410256
4043.58974358974
4034.35897435898
4024.61538461539
4018.97435897436
4010.76923076923
4001.53846153846
3995.38461538462
3989.23076923077
3993.84615384615
4015.38461538462
4029.74358974359
4019.48717948718
4012.30769230769
4022.5641025641
4013.84615384615
3994.8717948718
4010.76923076923
4038.97435897436
4044.10256410256
4032.82051282051
4033.84615384615
4050.76923076923
4050.76923076923
4022.05128205128
4009.74358974359
4019.48717948718
4011.28205128205
4014.8717948718
4044.10256410256
4044.61538461539
4022.5641025641
4026.66666666667
4028.71794871795
4002.5641025641
3996.92307692308
4017.94871794872
4022.5641025641
4015.89743589744
4021.02564102564
4024.61538461539
4014.35897435898
4005.12820512821
4004.10256410256
4007.17948717949
4003.58974358974
3994.8717948718
3996.92307692308
4002.05128205128
4002.5641025641
4001.02564102564
3994.8717948718
3986.15384615385
3984.10256410256
3988.71794871795
3996.41025641026
4007.17948717949
4009.74358974359
4003.58974358974
4008.20512820513
4016.41025641026
4010.25641025641
4000.51282051282
4001.53846153846
4004.61538461539
4000.51282051282
3990.76923076923
3986.66666666667
3997.94871794872
4001.53846153846
3988.20512820513
3991.79487179487
4011.28205128205
4014.8717948718
4002.05128205128
4002.5641025641
4015.38461538462
4014.8717948718
4006.15384615385
4004.61538461539
4004.10256410256
4000.51282051282
3999.48717948718
3993.84615384615
3987.17948717949
3995.38461538462
4011.28205128205
4015.38461538462
3995.38461538462
3975.89743589744
4002.5641025641
4047.17948717949
4052.30769230769
4024.61538461539
4002.5641025641
4005.12820512821
4033.33333333333
4048.71794871795
4022.5641025641
4012.82051282051
4034.8717948718
4031.79487179487
4021.53846153846
4033.33333333333
4027.69230769231
4001.53846153846
4001.02564102564
4008.71794871795
4002.05128205128
4000
4003.07692307692
4008.71794871795
4013.33333333333
4005.64102564103
3995.38461538462
4000.51282051282
4016.92307692308
4021.53846153846
4014.8717948718
4010.76923076923
4007.69230769231
4003.07692307692
4013.33333333333
4028.71794871795
4026.66666666667
4019.48717948718
4021.02564102564
4021.02564102564
4020
4018.97435897436
4014.35897435898
4011.28205128205
4009.74358974359
4008.20512820513
4009.23076923077
4004.61538461539
4001.53846153846
4018.97435897436
4024.61538461539
3998.46153846154
3987.17948717949
4010.25641025641
4027.69230769231
4018.46153846154
4009.23076923077
4014.8717948718
4015.38461538462
4010.25641025641
4017.4358974359
4023.58974358974
4010.25641025641
3996.92307692308
4004.61538461539
4022.5641025641
4030.25641025641
4029.74358974359
4033.33333333333
4035.89743589744
4036.92307692308
4033.84615384615
4021.53846153846
4021.02564102564
4038.97435897436
4042.05128205128
4032.82051282051
4035.38461538462
4042.05128205128
4034.35897435898
4025.64102564103
4037.94871794872
4046.66666666667
4030.76923076923
4023.07692307692
4029.74358974359
4030.76923076923
4029.23076923077
4029.74358974359
4028.71794871795
4033.33333333333
4036.92307692308
4040.51282051282
4051.28205128205
4061.02564102564
4071.28205128205
4086.15384615385
4091.79487179487
4091.79487179487
4099.48717948718
4107.17948717949
4109.23076923077
4115.89743589744
4127.17948717949
4138.97435897436
4143.58974358974
4136.41025641026
4128.20512820513
4133.33333333333
4139.48717948718
4132.82051282051
4133.84615384615
4158.46153846154
4178.46153846154
4173.33333333333
4164.10256410256
4169.74358974359
4172.82051282051
4164.10256410256
4162.5641025641
4171.28205128205
4172.82051282051
4167.69230769231
4167.69230769231
4168.20512820513
4168.20512820513
4168.71794871795
4170.76923076923
4175.89743589744
4174.8717948718
4171.28205128205
4173.84615384615
4169.23076923077
4163.07692307692
4163.58974358974
4153.84615384615
4148.71794871795
4177.94871794872
4216.92307692308
4220.51282051282
4181.02564102564
4137.4358974359
4135.89743589744
4149.23076923077
4125.64102564103
4105.64102564103
4117.4358974359
4118.46153846154
4107.17948717949
4101.53846153846
4093.84615384615
4089.23076923077
4095.89743589744
4094.35897435898
4082.05128205128
4078.46153846154
4073.33333333333
4062.5641025641
4051.79487179487
4046.15384615385
4055.38461538462
4070.76923076923
4075.38461538462
4078.97435897436
4093.33333333333
4075.38461538462
4031.28205128205
4028.71794871795
4056.92307692308
4068.20512820513
4066.66666666667
4067.17948717949
4061.53846153846
4042.5641025641
4026.15384615385
4032.30769230769
4046.15384615385
4035.89743589744
4013.84615384615
4015.38461538462
4038.97435897436
4054.8717948718
4037.4358974359
4016.92307692308
4037.4358974359
4069.23076923077
4072.82051282051
4062.05128205128
4057.94871794872
4062.05128205128
4066.15384615385
4060.51282051282
4055.89743589744
4065.64102564103
4066.15384615385
4061.02564102564
4074.8717948718
4084.10256410256
4077.94871794872
4074.35897435898
4068.71794871795
4068.71794871795
4085.64102564103
4096.41025641026
4085.64102564103
4085.64102564103
4102.05128205128
4099.48717948718
4086.66666666667
4094.35897435898
4117.94871794872
4129.74358974359
4117.4358974359
4118.46153846154
4148.20512820513
4150.76923076923
4121.53846153846
4131.28205128205
4163.07692307692
4161.02564102564
4148.20512820513
4145.12820512821
4146.15384615385
4158.97435897436
4156.41025641026
4132.30769230769
4144.61538461538
4177.4358974359
4165.64102564103
4138.97435897436
4148.71794871795
4160.51282051282
4145.64102564103
4144.10256410256
4155.89743589744
4146.66666666667
4133.33333333333
4146.15384615385
4164.61538461538
4156.41025641026
4140.51282051282
4141.02564102564
4141.53846153846
4138.46153846154
4139.48717948718
4140
4137.94871794872
4146.66666666667
4153.84615384615
4137.94871794872
4138.46153846154
4162.05128205128
4171.28205128205
4162.05128205128
4142.5641025641
4124.61538461538
4128.20512820513
4151.28205128205
4156.41025641026
4137.4358974359
4129.23076923077
4136.92307692308
4140.51282051282
4137.4358974359
4142.5641025641
4157.4358974359
4170.76923076923
4167.17948717949
4154.8717948718
4154.35897435897
4148.71794871795
4133.33333333333
4138.97435897436
4162.5641025641
4169.74358974359
4157.4358974359
4142.05128205128
4136.41025641026
4143.07692307692
4151.79487179487
4153.33333333333
4148.20512820513
4147.69230769231
4141.53846153846
4126.15384615385
4125.64102564103
4145.12820512821
4150.76923076923
4131.28205128205
4130.76923076923
4147.69230769231
4142.05128205128
4137.4358974359
4151.79487179487
4149.74358974359
4135.38461538462
4140
4144.61538461538
4130.76923076923
4122.5641025641
4127.69230769231
4122.05128205128
4114.35897435897
4131.28205128205
4145.64102564103
4134.8717948718
4131.79487179487
4141.53846153846
4136.92307692308
4126.66666666667
4122.05128205128
4121.53846153846
4120.51282051282
4116.92307692308
4118.46153846154
4118.97435897436
4118.97435897436
4129.23076923077
4144.61538461538
4156.92307692308
4158.97435897436
4138.97435897436
4119.48717948718
4129.74358974359
4144.10256410256
4137.4358974359
4135.38461538462
4139.48717948718
4128.71794871795
4121.53846153846
4124.10256410256
4121.02564102564
4127.69230769231
4134.8717948718
4129.74358974359
4136.92307692308
4156.41025641026
4160
4152.82051282051
4149.23076923077
4138.46153846154
4130.25641025641
4143.07692307692
4152.30769230769
4142.5641025641
4146.15384615385
4169.23076923077
4171.28205128205
4157.4358974359
4156.41025641026
4156.92307692308
4154.35897435897
4153.84615384615
4154.8717948718
4164.10256410256
4169.74358974359
4160.51282051282
4151.28205128205
4149.74358974359
4152.82051282051
4156.41025641026
4149.74358974359
4136.41025641026
4130.25641025641
4141.02564102564
4155.38461538462
4155.89743589744
4149.74358974359
4153.33333333333
4156.92307692308
4154.8717948718
4151.28205128205
4142.5641025641
4139.48717948718
4149.74358974359
4150.25641025641
4139.48717948718
4137.94871794872
4142.5641025641
4147.17948717949
4148.20512820513
4150.76923076923
4161.02564102564
4162.5641025641
4151.28205128205
4150.76923076923
4156.41025641026
4148.71794871795
4148.20512820513
4157.4358974359
4155.38461538462
4151.28205128205
4151.79487179487
4148.71794871795
4158.97435897436
4170.76923076923
4157.94871794872
4155.89743589744
4175.38461538462
4165.12820512821
4138.46153846154
4153.33333333333
4169.74358974359
4160
4162.5641025641
4169.23076923077
4164.61538461538
4165.12820512821
4170.76923076923
4167.17948717949
4166.66666666667
4170.25641025641
4167.69230769231
4166.15384615385
4173.84615384615
4183.07692307692
4176.41025641026
4160.51282051282
4150.76923076923
4144.61538461538
4144.61538461538
4154.8717948718
4168.20512820513
4171.28205128205
4158.97435897436
4153.33333333333
4164.61538461538
4169.23076923077
4165.12820512821
4164.61538461538
4168.20512820513
4182.5641025641
4202.05128205128
4216.92307692308
4223.07692307692
4208.71794871795
4196.92307692308
4216.41025641026
4225.64102564103
4201.53846153846
4193.84615384615
4217.94871794872
4223.58974358974
4189.74358974359
4174.8717948718
4203.58974358974
4214.35897435897
4196.41025641026
4194.35897435897
4205.12820512821
4199.48717948718
4185.12820512821
4178.97435897436
