F3
4147.17948717949
4167.17948717949
4175.89743589744
4157.4358974359
4148.20512820513
4151.79487179487
4157.94871794872
4166.66666666667
4169.23076923077
4169.23076923077
4173.84615384615
4172.30769230769
4165.12820512821
4162.5641025641
4156.41025641026
4147.17948717949
4141.53846153846
4128.71794871795
4117.94871794872
4126.66666666667
4140
4141.53846153846
4138.97435897436
4125.64102564103
4088.71794871795
4074.8717948718
4100
4112.30769230769
4104.10256410256
4107.69230769231
4109.74358974359
4085.64102564103
4069.74358974359
4082.05128205128
4087.69230769231
4073.84615384615
4071.79487179487
4087.17948717949
4093.33333333333
4088.20512820513
4079.48717948718
4061.02564102564
4060
4074.35897435898
4057.4358974359
4035.38461538462
4050.76923076923
4061.53846153846
4049.23076923077
4048.71794871795
4058.46153846154
4044.10256410256
4034.8717948718
4058.97435897436
4065.12820512821
4049.23076923077
4053.84615384615
4053.33333333333
4024.61538461539
4025.64102564103
4041.53846153846
4027.17948717949
4033.84615384615
4059.48717948718
4057.94871794872
4045.64102564103
4050.76923076923
4058.46153846154
4060
4061.53846153846
4052.82051282051
4043.07692307692
4047.17948717949
4044.10256410256
4033.33333333333
4035.89743589744
4047.17948717949
4055.38461538462
4059.48717948718
4056.41025641026
4047.17948717949
4038.97435897436
4030.25641025641
4036.41025641026
4054.35897435898
4049.74358974359
4030.25641025641
4026.66666666667
4035.89743589744
4045.64102564103
4060
4068.71794871795
4065.64102564103
4056.92307692308
4054.8717948718
4065.64102564103
4075.89743589744
4066.66666666667
4050.76923076923
4049.23076923077
4054.35897435898
4053.84615384615
4044.61538461539
4032.82051282051
4033.33333333333
4038.97435897436
4031.79487179487
4025.12820512821
4031.79487179487
4038.97435897436
4026.66666666667
4005.12820512821
4015.38461538462
4038.97435897436
4027.17948717949
4004.10256410256
4015.89743589744
4033.33333333333
4013.33333333333
3986.15384615385
3993.84615384615
4009.74358974359
3997.4358974359
3988.71794871795
3996.41025641026
3988.71794871795
3985.12820512821
3998.97435897436
3988.20512820513
3968.71794871795
3980.51282051282
3998.97435897436
4003.58974358974
4008.20512820513
4015.89743589744
4005.12820512821
3990.25641025641
4003.58974358974
4016.92307692308
4004.61538461539
3997.4358974359
4003.58974358974
3989.74358974359
3985.12820512821
4009.74358974359
4016.41025641026
3996.92307692308
3987.17948717949
3994.8717948718
3996.92307692308
3994.35897435898
4005.12820512821
4011.28205128205
3996.41025641026
3985.12820512821
3988.71794871795
3988.71794871795
3983.07692307692
3977.4358974359
3964.10256410256
3953.84615384615
3963.07692307692
3972.82051282051
3973.33333333333
3982.05128205128
3990.25641025641
3980
3964.61538461539
3965.64102564103
3979.48717948718
3981.02564102564
3972.82051282051
3974.8717948718
3967.69230769231
3948.20512820513
3963.07692307692
3981.53846153846
3965.64102564103
3962.05128205128
3981.53846153846
3977.4358974359
3960.51282051282
3972.82051282051
3993.33333333333
3978.46153846154
3957.4358974359
3965.12820512821
3960.51282051282
3951.79487179487
3978.46153846154
3997.4358974359
3995.38461538462
3989.74358974359
3984.10256410256
4013.33333333333
4041.02564102564
4021.02564102564
4024.61538461539
4065.64102564103
4079.48717948718
4086.66666666667
4096.41025641026
4094.35897435898
4111.28205128205
4120.51282051282
4101.53846153846
4109.23076923077
4138.46153846154
4130.25641025641
4085.12820512821
4060
4066.15384615385
4061.53846153846
4034.8717948718
4022.05128205128
4026.66666666667
4030.25641025641
4036.92307692308
4040.51282051282
4027.17948717949
4015.89743589744
4017.4358974359
4027.17948717949
4044.10256410256
4056.92307692308
4047.69230769231
4036.92307692308
4050.76923076923
4061.53846153846
4051.79487179487
4047.17948717949
4050.25641025641
4043.58974358974
4040
4052.30769230769
4053.84615384615
4044.10256410256
4041.53846153846
4035.89743589744
4023.07692307692
4016.92307692308
4023.07692307692
4028.71794871795
4027.17948717949
4028.71794871795
4033.33333333333
4030.76923076923
4034.8717948718
4050.76923076923
4050.76923076923
4035.38461538462
4034.8717948718
4037.94871794872
4031.79487179487
4038.46153846154
4046.66666666667
4031.28205128205
4022.05128205128
4038.97435897436
4048.20512820513
4041.02564102564
4035.38461538462
4036.92307692308
4043.58974358974
4050.25641025641
4047.69230769231
4043.58974358974
4034.35897435898
4026.66666666667
4041.53846153846
4054.8717948718
4040
4037.4358974359
4058.97435897436
4047.17948717949
4019.48717948718
4038.46153846154
4063.58974358974
4057.4358974359
4046.15384615385
4041.02564102564
4040
4049.74358974359
4043.07692307692
4022.05128205128
4033.84615384615
4047.17948717949
4017.94871794872
3984.61538461539
3984.61538461539
4002.05128205128
3995.89743589744
3975.38461538462
3972.30769230769
3976.41025641026
3971.79487179487
3980
3986.66666666667
3968.71794871795
3949.74358974359
3948.20512820513
3964.61538461539
3978.46153846154
3981.53846153846
3978.46153846154
3976.41025641026
3978.97435897436
3985.64102564103
3977.4358974359
3965.12820512821
3981.02564102564
3987.17948717949
3969.74358974359
3967.69230769231
3980.51282051282
3971.28205128205
3946.15384615385
3938.46153846154
3936.41025641026
3926.15384615385
3931.28205128205
3939.48717948718
3924.10256410256
3921.02564102564
3931.79487179487
3921.53846153846
3904.10256410256
3900.51282051282
3904.10256410256
3912.82051282051
3908.71794871795
3891.79487179487
3897.4358974359
3921.02564102564
3911.28205128205
3900
3934.8717948718
3953.33333333333
3930.25641025641
3930.25641025641
3954.35897435898
3945.64102564103
3922.05128205128
3935.38461538462
3959.48717948718
3957.4358974359
3936.92307692308
3924.10256410256
3928.20512820513
3938.97435897436
3937.4358974359
3918.97435897436
3910.76923076923
3917.94871794872
3920
3907.69230769231
3895.89743589744
3898.46153846154
3894.35897435898
3888.20512820513
3904.10256410256
3909.23076923077
3893.33333333333
3890.25641025641
3893.84615384615
3897.94871794872
3914.35897435898
3916.92307692308
3905.64102564103
3907.17948717949
3906.66666666667
3909.23076923077
3934.35897435898
3951.79487179487
3945.12820512821
3942.05128205128
3944.10256410256
3945.12820512821
3956.41025641026
3960.51282051282
3949.23076923077
3946.66666666667
3961.53846153846
3962.5641025641
3937.4358974359
3926.15384615385
3947.17948717949
3964.10256410256
3953.33333333333
3935.38461538462
3933.33333333333
3946.66666666667
3950.76923076923
3932.82051282051
3930.25641025641
3949.23076923077
3958.97435897436
3952.30769230769
3958.46153846154
3975.89743589744
3970.25641025641
3961.02564102564
3965.12820512821
3963.07692307692
3961.53846153846
3969.74358974359
3966.66666666667
3957.94871794872
3958.97435897436
3946.15384615385
3937.94871794872
3945.64102564103
3940
3924.10256410256
3927.17948717949
3942.5641025641
3930.25641025641
3906.66666666667
3908.20512820513
3896.41025641026
3860.51282051282
3853.84615384615
3868.71794871795
3866.66666666667
3870.76923076923
3883.07692307692
3884.61538461539
3878.97435897436
3872.30769230769
3874.35897435898
3893.84615384615
3909.74358974359
3905.12820512821
3896.41025641026
3887.69230769231
3878.97435897436
3885.64102564103
3903.58974358974
3897.4358974359
3877.4358974359
3874.8717948718
3869.74358974359
3856.92307692308
3863.07692307692
3878.46153846154
3874.35897435898
3864.10256410256
3860.51282051282
3869.23076923077
3897.94871794872
3913.33333333333
3899.48717948718
3887.17948717949
3879.48717948718
3851.79487179487
3842.5641025641
3868.20512820513
3874.8717948718
3858.46153846154
3865.12820512821
3885.12820512821
3883.07692307692
3869.23076923077
3875.89743589744
3895.89743589744
3885.12820512821
3858.97435897436
3871.79487179487
3896.92307692308
3897.4358974359
3892.82051282051
3887.17948717949
3882.05128205128
3903.07692307692
3914.35897435898
3888.71794871795
3885.12820512821
3915.38461538462
3910.25641025641
3882.05128205128
3903.58974358974
3936.41025641026
3917.94871794872
3902.5641025641
3912.30769230769
3909.23076923077
3913.84615384615
3930.25641025641
3924.10256410256
3921.53846153846
3931.79487179487
3914.35897435898
3907.69230769231
3929.74358974359
3924.61538461539
3904.10256410256
3914.35897435898
3931.28205128205
3928.71794871795
3924.61538461539
3934.35897435898
3941.53846153846
3933.33333333333
3937.94871794872
3948.71794871795
3933.84615384615
3926.66666666667
3941.53846153846
3931.79487179487
3905.64102564103
3903.58974358974
3918.46153846154
3927.69230769231
3921.53846153846
3917.4358974359
3923.58974358974
3916.41025641026
3913.84615384615
3935.89743589744
3944.10256410256
3929.23076923077
3918.97435897436
3925.64102564103
3946.15384615385
3967.69230769231
3960.51282051282
3932.30769230769
3930.76923076923
3947.69230769231
3947.69230769231
3943.07692307692
3957.4358974359
3965.12820512821
3937.94871794872
3915.38461538462
3935.38461538462
3962.5641025641
3951.28205128205
3920
3912.30769230769
3924.61538461539
3930.76923076923
3922.5641025641
3916.92307692308
3902.5641025641
3877.4358974359
3872.82051282051
3875.89743589744
3867.17948717949
3863.58974358974
3857.4358974359
3848.20512820513
3850.76923076923
3844.10256410256
3825.64102564103
3833.84615384615
3848.20512820513
3832.30769230769
3826.15384615385
3850.25641025641
3862.05128205128
3861.02564102564
3868.20512820513
3860.51282051282
3843.58974358974
3851.28205128205
3857.94871794872
3844.10256410256
3842.05128205128
3845.64102564103
3846.66666666667
3856.92307692308
3861.02564102564
3850.76923076923
3845.64102564103
3854.35897435898
3861.53846153846
3861.53846153846
3864.61538461539
3869.23076923077
3865.12820512821
3864.61538461539
3878.46153846154
3877.4358974359
3862.5641025641
3862.5641025641
3866.66666666667
3857.94871794872
3860
3882.5641025641
3888.20512820513
3869.74358974359
3865.64102564103
3872.30769230769
3861.02564102564
3857.4358974359
3873.33333333333
3870.76923076923
3863.07692307692
3874.35897435898
3882.05128205128
3888.20512820513
3893.84615384615
3883.07692307692
3871.79487179487
3880
3882.05128205128
3873.84615384615
3884.10256410256
3895.38461538462
3886.66666666667
3872.82051282051
3871.28205128205
3888.71794871795
3902.05128205128
3890.25641025641
3872.30769230769
3874.35897435898
3888.20512820513
3891.28205128205
3883.07692307692
3881.02564102564
3895.38461538462
3902.05128205128
3892.82051282051
3891.28205128205
3896.92307692308
3903.07692307692
3906.66666666667
3912.30769230769
3915.89743589744
3905.12820512821
3912.30769230769
3935.38461538462
3927.69230769231
3903.58974358974
3907.17948717949
3916.92307692308
3910.76923076923
3907.69230769231
3910.25641025641
3914.35897435898
3911.79487179487
3907.17948717949
3911.28205128205
3908.20512820513
3892.30769230769
3888.20512820513
3904.10256410256
3916.41025641026
3912.30769230769
3906.15384615385
3912.82051282051
3914.35897435898
3901.02564102564
3895.38461538462
3909.74358974359
3924.61538461539
3917.4358974359
3903.07692307692
3904.10256410256
3912.82051282051
3914.8717948718
3909.74358974359
3906.66666666667
3915.89743589744
3930.25641025641
3930.76923076923
3924.61538461539
3926.15384615385
3927.17948717949
3918.97435897436
3903.07692307692
3907.69230769231
3927.69230769231
3922.05128205128
3905.64102564103
3909.23076923077
3917.4358974359
3923.58974358974
3933.33333333333
3932.82051282051
3928.20512820513
3928.71794871795
3923.07692307692
3927.17948717949
3940.51282051282
3944.61538461539
3942.5641025641
3946.66666666667
3953.33333333333
3956.92307692308
3961.53846153846
3957.4358974359
3945.64102564103
3942.05128205128
3944.61538461539
3943.07692307692
3945.64102564103
3942.5641025641
3925.12820512821
3926.15384615385
3945.12820512821
3947.17948717949
3940.51282051282
3942.05128205128
3947.69230769231
3942.5641025641
3929.74358974359
3930.25641025641
3934.8717948718
3927.69230769231
3925.12820512821
3928.20512820513
3921.02564102564
3924.61538461539
3940
3944.61538461539
3950.76923076923
3961.02564102564
3960
3959.48717948718
3971.28205128205
3977.4358974359
3975.38461538462
3976.41025641026
3976.41025641026
3975.38461538462
3977.94871794872
3978.46153846154
3976.92307692308
3972.30769230769
3961.53846153846
3954.8717948718
3956.92307692308
3951.79487179487
3942.05128205128
3942.05128205128
3941.02564102564
3937.4358974359
3948.71794871795
3960.51282051282
3959.48717948718
3953.84615384615
3946.66666666667
3941.53846153846
3940
3941.53846153846
3945.64102564103
3945.12820512821
3940.51282051282
3941.02564102564
3942.05128205128
3936.92307692308
3937.94871794872
3945.64102564103
3939.48717948718
3937.4358974359
3965.12820512821
3994.35897435898
3992.82051282051
3987.17948717949
3991.28205128205
3985.64102564103
3980
3980
3973.84615384615
3973.33333333333
3984.61538461539
3990.76923076923
3986.66666666667
3987.17948717949
3994.35897435898
3997.94871794872
4001.02564102564
4005.12820512821
4000.51282051282
3996.92307692308
4006.66666666667
4011.79487179487
4004.10256410256
4004.61538461539
4009.74358974359
4000
3986.66666666667
3989.23076923077
3997.4358974359
3998.46153846154
3995.89743589744
3996.92307692308
3997.94871794872
3997.94871794872
3994.8717948718
3990.76923076923
3989.74358974359
3988.20512820513
3987.17948717949
3986.66666666667
3985.12820512821
3987.17948717949
3989.23076923077
3983.58974358974
3979.48717948718
3988.20512820513
3990.25641025641
3978.46153846154
3980
3990.25641025641
3990.25641025641
3987.17948717949
3982.05128205128
3971.79487179487
3972.30769230769
3988.20512820513
3998.46153846154
4006.15384615385
4012.82051282051
4003.07692307692
3987.69230769231
3989.74358974359
4002.05128205128
4000.51282051282
3988.20512820513
3985.12820512821
3991.28205128205
3989.74358974359
3985.12820512821
3987.69230769231
3989.23076923077
3987.69230769231
3988.71794871795
3989.74358974359
3992.82051282051
3998.46153846154
3998.46153846154
3991.28205128205
3988.20512820513
3989.74358974359
3990.76923076923
3988.71794871795
3988.71794871795
3989.23076923077
3990.25641025641
3992.82051282051
3992.82051282051
3989.74358974359
3988.20512820513
3986.15384615385
3985.12820512821
3989.23076923077
3992.30769230769
3987.17948717949
3987.69230769231
3987.17948717949
3976.92307692308
3976.41025641026
3985.12820512821
3984.61538461539
3988.20512820513
3996.92307692308
3992.30769230769
3987.69230769231
3994.35897435898
3987.69230769231
3973.33333333333
3972.82051282051
3975.38461538462
3970.25641025641
3965.12820512821
3968.20512820513
3981.53846153846
3993.84615384615
3986.66666666667
3970.25641025641
3983.07692307692
4005.12820512821
4001.02564102564
3985.64102564103
3980.51282051282
3976.92307692308
3972.30769230769
3979.48717948718
3987.17948717949
3990.25641025641
3987.69230769231
3977.94871794872
3970.25641025641
3972.30769230769
3975.38461538462
3973.33333333333
3977.4358974359
3987.69230769231
3990.25641025641
3983.07692307692
3972.82051282051
3970.76923076923
3976.92307692308
3974.35897435898
3972.82051282051
3981.02564102564
3979.48717948718
3970.25641025641
3973.84615384615
3978.46153846154
3968.71794871795
3964.10256410256
3973.84615384615
3977.94871794872
3971.28205128205
3964.10256410256
3965.64102564103
3970.76923076923
3975.89743589744
3981.53846153846
3992.30769230769
3998.46153846154
3991.79487179487
3991.28205128205
3996.41025641026
3992.30769230769
3986.66666666667
3987.69230769231
3983.58974358974
3980
3988.71794871795
3996.41025641026
3994.35897435898
3989.74358974359
3989.23076923077
3991.28205128205
3991.79487179487
3985.12820512821
3974.35897435898
3970.76923076923
3974.8717948718
3974.8717948718
3973.84615384615
3976.92307692308
3974.35897435898
3974.8717948718
3985.12820512821
3992.82051282051
3998.46153846154
4006.66666666667
4012.82051282051
4013.33333333333
4011.28205128205
4009.74358974359
4015.38461538462
4021.53846153846
4025.12820512821
4034.35897435898
4038.46153846154
4027.69230769231
4016.41025641026
4013.84615384615
4011.79487179487
4013.33333333333
4020
4020
4015.89743589744
4021.02564102564
4028.71794871795
4029.23076923077
4027.17948717949
4027.69230769231
4031.28205128205
4028.20512820513
4018.97435897436
4020.51282051282
4030.76923076923
4029.74358974359
4020.51282051282
4022.5641025641
4032.30769230769
4038.46153846154
4037.94871794872
4035.89743589744
4035.38461538462
4029.23076923077
4021.53846153846
4024.61538461539
4034.35897435898
4036.41025641026
4037.94871794872
4044.10256410256
4042.5641025641
4028.71794871795
4020
4020
4012.30769230769
4005.12820512821
4012.82051282051
4024.10256410256
4022.5641025641
4010.25641025641
4004.61538461539
4008.20512820513
4006.15384615385
4000
4001.53846153846
3996.41025641026
3986.66666666667
3988.71794871795
3991.79487179487
3990.76923076923
3989.23076923077
3979.48717948718
3974.35897435898
3989.23076923077
3991.28205128205
3968.71794871795
3952.82051282051
3956.41025641026
3967.69230769231
3975.38461538462
3972.82051282051
3970.25641025641
3974.8717948718
3975.38461538462
3972.30769230769
3971.79487179487
3969.74358974359
3967.17948717949
3969.74358974359
3969.23076923077
3960
3957.4358974359
3962.5641025641
3959.48717948718
3960.51282051282
3975.89743589744
3987.17948717949
3988.71794871795
3991.28205128205
3992.82051282051
3987.69230769231
3979.48717948718
3973.33333333333
3977.4358974359
3986.66666666667
3989.74358974359
3987.69230769231
3988.71794871795
3991.28205128205
3989.23076923077
3991.79487179487
4001.53846153846
4004.61538461539
4002.5641025641
4001.53846153846
3995.38461538462
3989.23076923077
3995.38461538462
4003.07692307692
4003.58974358974
4001.53846153846
4001.53846153846
4003.07692307692
4003.58974358974
4002.5641025641
4006.66666666667
4005.12820512821
3996.92307692308
3998.97435897436
4007.69230769231
4007.69230769231
4003.58974358974
4003.58974358974
4008.20512820513
4015.38461538462
4017.94871794872
4016.92307692308
4020
4022.05128205128
4015.89743589744
4012.82051282051
4022.05128205128
4029.74358974359
4027.17948717949
4027.69230769231
4032.82051282051
4032.30769230769
4029.74358974359
4027.17948717949
4026.66666666667
4034.8717948718
4038.97435897436
4028.71794871795
4025.64102564103
4035.89743589744
4040.51282051282
4040
4045.12820512821
4052.82051282051
4055.38461538462
4052.82051282051
4054.35897435898
4060
4065.12820512821
4066.66666666667
4066.66666666667
4068.20512820513
4074.35897435898
4081.02564102564
4082.5641025641
4085.12820512821
4088.71794871795
4091.28205128205
4089.74358974359
4089.74358974359
4100
4109.74358974359
4113.33333333333
4114.8717948718
4122.05128205128
4132.30769230769
4140.51282051282
4137.94871794872
4130.25641025641
4134.8717948718
4142.5641025641
4143.58974358974
4134.35897435897
4122.5641025641
4122.05128205128
4126.15384615385
4123.07692307692
4124.61538461538
4132.82051282051
4125.64102564103
4110.76923076923
4107.17948717949
4106.15384615385
4101.02564102564
4100.51282051282
4103.58974358974
4105.64102564103
4110.76923076923
4110.25641025641
4095.38461538462
4084.61538461539
4082.5641025641
4074.8717948718
4069.74358974359
4074.35897435898
4078.97435897436
4077.4358974359
4070.25641025641
4065.64102564103
4067.69230769231
4067.17948717949
4064.10256410256
4065.12820512821
4069.23076923077
4068.71794871795
4060.51282051282
4049.74358974359
4049.23076923077
4054.8717948718
4050.25641025641
4036.92307692308
4034.35897435898
4043.58974358974
4052.30769230769
4053.33333333333
4050.76923076923
4051.28205128205
4051.79487179487
4046.66666666667
4041.53846153846
4044.10256410256
4047.69230769231
4041.02564102564
4033.84615384615
4032.82051282051
4032.30769230769
4026.66666666667
4027.17948717949
4039.48717948718
4043.07692307692
4037.4358974359
4035.38461538462
4030.76923076923
4027.17948717949
4032.82051282051
4035.89743589744
4027.17948717949
4021.02564102564
4019.48717948718
4016.92307692308
4021.02564102564
4027.69230769231
4025.12820512821
4018.97435897436
4022.5641025641
4030.76923076923
4035.38461538462
4035.89743589744
4032.82051282051
4032.30769230769
4037.4358974359
4038.46153846154
4031.79487179487
4028.20512820513
4030.76923076923
4029.23076923077
4024.61538461539
4017.94871794872
4010.25641025641
4012.82051282051
4021.02564102564
4024.10256410256
4027.17948717949
4032.30769230769
4028.20512820513
4022.5641025641
4021.02564102564
4015.38461538462
4009.74358974359
4013.33333333333
4020
4019.48717948718
4016.92307692308
4017.94871794872
4020.51282051282
4019.48717948718
4017.4358974359
4026.66666666667
4037.94871794872
4029.23076923077
4012.30769230769
4011.79487179487
4020
4022.05128205128
4022.05128205128
4016.92307692308
4008.20512820513
4007.17948717949
4012.30769230769
4014.35897435898
4014.8717948718
4015.89743589744
4012.30769230769
4011.79487179487
4014.8717948718
4007.17948717949
3998.97435897436
4011.79487179487
4023.07692307692
4009.74358974359
4001.53846153846
4014.35897435898
4017.4358974359
4004.61538461539
4001.53846153846
4008.71794871795
4011.79487179487
4011.79487179487
4011.79487179487
4015.89743589744
4021.53846153846
4016.41025641026
4009.74358974359
4012.30769230769
4010.25641025641
4003.58974358974
4004.61538461539
3997.94871794872
3992.30769230769
4003.58974358974
4007.69230769231
4001.02564102564
4001.02564102564
4004.10256410256
4004.61538461539
4010.25641025641
4015.89743589744
4020
4023.07692307692
4022.05128205128
4022.5641025641
4027.17948717949
4028.20512820513
4025.12820512821
4025.64102564103
4031.28205128205
4035.89743589744
4034.35897435898
4027.69230769231
4018.97435897436
4011.28205128205
4005.12820512821
4004.61538461539
4014.8717948718
4020.51282051282
4018.46153846154
4024.61538461539
4030.25641025641
4022.5641025641
