
4643.58974358974
4645.12820512821
4634.8717948718
4614.8717948718
4613.84615384615
4620
4610.25641025641
4602.05128205128
4608.20512820513
4610.76923076923
4600.51282051282
4589.23076923077
4585.64102564103
4586.15384615385
4577.4358974359
4560
4553.84615384615
4554.35897435897
4553.33333333333
4556.41025641026
4553.84615384615
4543.07692307692
4533.84615384615
4525.64102564103
4503.58974358974
4485.64102564103
4487.17948717949
4493.84615384615
4502.05128205128
4509.23076923077
4500.51282051282
4476.41025641026
4463.58974358974
4470.25641025641
4471.79487179487
4462.05128205128
4456.92307692308
4457.94871794872
4456.41025641026
4455.89743589744
4448.20512820513
4427.17948717949
4422.5641025641
4436.92307692308
4425.64102564103
4402.5641025641
4405.64102564103
4422.5641025641
4423.58974358974
4408.20512820513
4407.17948717949
4409.74358974359
4398.97435897436
4401.53846153846
4411.79487179487
4401.53846153846
4386.15384615385
4380
4371.28205128205
4374.35897435897
4377.4358974359
4364.10256410256
4364.10256410256
4370.25641025641
4364.10256410256
4365.12820512821
4365.12820512821
4350.76923076923
4346.66666666667
4358.97435897436
4365.12820512821
4349.74358974359
4328.20512820513
4333.84615384615
4351.28205128205
4340
4327.17948717949
4350.76923076923
4363.07692307692
4345.64102564103
4340.51282051282
4338.97435897436
4332.30769230769
4339.48717948718
4354.35897435897
4353.84615384615
4341.53846153846
4340
4346.15384615385
4349.74358974359
4353.33333333333
4359.48717948718
4360
4355.38461538462
4356.41025641026
4356.41025641026
4357.94871794872
4360.51282051282
4348.20512820513
4339.48717948718
4348.20512820513
4346.66666666667
4326.15384615385
4315.38461538462
4319.48717948718
4320
4313.33333333333
4307.17948717949
4311.28205128205
4313.33333333333
4295.89743589744
4286.15384615385
4304.61538461538
4310.25641025641
4292.30769230769
4290.25641025641
4297.94871794872
4289.74358974359
4279.48717948718
4275.38461538462
4275.38461538462
4275.89743589744
4270.25641025641
4267.69230769231
4271.28205128205
4269.23076923077
4268.20512820513
4268.71794871795
4251.28205128205
4246.66666666667
4265.12820512821
4263.58974358974
4261.02564102564
4282.5641025641
4290.25641025641
4264.10256410256
4254.8717948718
4273.33333333333
4274.8717948718
4259.48717948718
4263.58974358974
4271.28205128205
4254.35897435897
4248.71794871795
4266.15384615385
4271.79487179487
4262.5641025641
4251.79487179487
4247.17948717949
4247.17948717949
4251.28205128205
4247.17948717949
4238.46153846154
4240
4247.17948717949
4246.15384615385
4241.02564102564
4241.02564102564
4233.84615384615
4225.64102564103
4233.84615384615
4240
4232.82051282051
4234.35897435897
4249.74358974359
4253.33333333333
4246.66666666667
4241.53846153846
4237.94871794872
4245.64102564103
4252.30769230769
4244.61538461538
4247.69230769231
4249.23076923077
4233.33333333333
4237.94871794872
4250.25641025641
4233.84615384615
4224.10256410256
4236.41025641026
4235.89743589744
4226.66666666667
4232.82051282051
4243.58974358974
4244.61538461538
4248.71794871795
4247.17948717949
4223.07692307692
4216.92307692308
4244.10256410256
4256.92307692308
4250.76923076923
4249.23076923077
4245.64102564103
4251.79487179487
4262.05128205128
4248.71794871795
4244.61538461538
4261.02564102564
4267.17948717949
4264.10256410256
4255.89743589744
4245.12820512821
4248.71794871795
4251.79487179487
4242.5641025641
4242.5641025641
4254.35897435897
4254.8717948718
4235.89743589744
4216.92307692308
4214.35897435897
4218.97435897436
4215.89743589744
4213.84615384615
4215.38461538462
4219.48717948718
4228.20512820513
4233.33333333333
4218.97435897436
4200
4201.53846153846
4213.84615384615
4223.58974358974
4230.25641025641
4225.64102564103
4215.38461538462
4220
4234.35897435897
4236.41025641026
4225.64102564103
4212.82051282051
4211.79487179487
4214.8717948718
4205.64102564103
4197.94871794872
4207.17948717949
4213.33333333333
4201.53846153846
4194.8717948718
4201.53846153846
4200.51282051282
4197.4358974359
4200.51282051282
4196.92307692308
4183.07692307692
4176.92307692308
4191.28205128205
4198.97435897436
4181.02564102564
4166.15384615385
4172.82051282051
4170.76923076923
4164.61538461538
4176.92307692308
4178.46153846154
4168.20512820513
4176.92307692308
4196.92307692308
4200.51282051282
4204.10256410256
4216.41025641026
4221.02564102564
4225.64102564103
4231.79487179487
4236.41025641026
4239.48717948718
4232.30769230769
4219.48717948718
4224.61538461538
4239.48717948718
4229.74358974359
4216.41025641026
4220.51282051282
4212.30769230769
4194.35897435897
4203.58974358974
4221.53846153846
4219.48717948718
4210.76923076923
4211.28205128205
4223.07692307692
4232.30769230769
4230.25641025641
4233.84615384615
4252.30769230769
4255.89743589744
4240.51282051282
4234.8717948718
4243.07692307692
4258.97435897436
4268.71794871795
4261.53846153846
4253.33333333333
4259.48717948718
4272.30769230769
4281.02564102564
4288.20512820513
4284.61538461538
4268.20512820513
4260
4266.15384615385
4267.69230769231
4266.66666666667
4266.15384615385
4251.28205128205
4248.20512820513
4266.66666666667
4260
4237.94871794872
4248.20512820513
4259.48717948718
4246.66666666667
4243.58974358974
4254.35897435897
4253.33333333333
4243.07692307692
4244.10256410256
4257.4358974359
4266.15384615385
4278.46153846154
4314.35897435897
4360
4390.76923076923
4392.82051282051
4375.89743589744
4372.30769230769
4386.66666666667
4393.84615384615
4400.51282051282
4405.12820512821
4391.79487179487
4387.17948717949
4404.61538461538
4394.35897435897
4372.30769230769
4386.66666666667
4394.35897435897
4372.82051282051
4373.84615384615
4391.28205128205
4376.41025641026
4353.84615384615
4365.64102564103
4373.33333333333
4354.8717948718
4338.46153846154
4333.84615384615
4329.23076923077
4329.74358974359
4331.28205128205
4322.5641025641
4326.15384615385
4345.64102564103
4356.41025641026
4351.28205128205
4354.35897435897
4370.25641025641
4368.20512820513
4367.17948717949
4394.8717948718
4408.20512820513
4390.76923076923
4383.07692307692
4385.12820512821
4383.07692307692
4384.10256410256
4373.33333333333
4361.53846153846
4360
4351.79487179487
4351.79487179487
4370.76923076923
4378.97435897436
4368.20512820513
4366.15384615385
4366.66666666667
4364.10256410256
4366.15384615385
4363.58974358974
4353.84615384615
4351.79487179487
4363.07692307692
4362.05128205128
4348.71794871795
4350.76923076923
4372.30769230769
4385.64102564103
4378.46153846154
4366.15384615385
4364.61538461538
4374.8717948718
4374.8717948718
4354.8717948718
4349.74358974359
4364.61538461538
4365.12820512821
4352.30769230769
4354.8717948718
4363.07692307692
4355.38461538462
4348.71794871795
4349.74358974359
4348.71794871795
4351.79487179487
4356.41025641026
4357.4358974359
4362.05128205128
4368.71794871795
4362.5641025641
4367.17948717949
4392.30769230769
4405.12820512821
4395.89743589744
4399.48717948718
4418.97435897436
4418.97435897436
4410.25641025641
4414.35897435897
4402.05128205128
4369.74358974359
4366.66666666667
4388.20512820513
4385.64102564103
4375.89743589744
4384.61538461538
4393.33333333333
4389.23076923077
4381.53846153846
4376.92307692308
4385.12820512821
4398.97435897436
4394.35897435897
4381.02564102564
4380.51282051282
4384.10256410256
4390.25641025641
4404.61538461538
4405.64102564103
4397.94871794872
4403.07692307692
4416.41025641026
4432.82051282051
4448.20512820513
4466.66666666667
4488.71794871795
4496.92307692308
4490.25641025641
4515.89743589744
4557.4358974359
4557.94871794872
4548.20512820513
4559.48717948718
4560.51282051282
4550.76923076923
4566.15384615385
4589.74358974359
4589.74358974359
4586.66666666667
4607.17948717949
4632.30769230769
4629.23076923077
4615.89743589744
4630.76923076923
4656.92307692308
4648.71794871795
4636.92307692308
4660
4684.61538461539
4689.23076923077
4692.82051282051
4694.35897435897
4701.53846153846
4733.33333333333
4754.35897435897
4751.28205128205
4776.92307692308
4823.07692307692
4830.25641025641
4831.79487179487
4889.74358974359
4951.28205128205
4964.61538461539
4982.5641025641
5018.97435897436
5043.07692307692
5075.89743589744
5113.84615384615
5141.53846153846
5191.28205128205
5244.10256410256
5252.82051282051
5265.12820512821
5303.58974358974
5327.17948717949
5341.02564102564
5374.35897435897
5411.79487179487
5432.82051282051
5447.17948717949
5468.20512820513
5486.15384615385
5494.8717948718
5505.12820512821
5512.30769230769
5505.12820512821
5502.5641025641
5506.15384615385
5494.8717948718
5473.84615384615
5460.51282051282
5460
5459.48717948718
5444.10256410256
5421.02564102564
5406.15384615385
5395.38461538462
5384.10256410256
5373.84615384615
5362.05128205128
5352.30769230769
5334.35897435897
5319.48717948718
5328.20512820513
5335.89743589744
5305.64102564103
5265.64102564103
5259.48717948718
5258.46153846154
5240
5223.07692307692
5217.4358974359
5203.58974358974
5174.8717948718
5160
5163.07692307692
5163.58974358974
5143.58974358974
5112.82051282051
5098.97435897436
5099.48717948718
5090.76923076923
5070.76923076923
5063.58974358974
5054.8717948718
5027.17948717949
5004.61538461539
4986.66666666667
4965.64102564103
4954.8717948718
4944.10256410256
4926.15384615385
4917.4358974359
4909.74358974359
4886.66666666667
4873.33333333333
4872.82051282051
4857.4358974359
4842.05128205128
4846.15384615385
4843.07692307692
4828.20512820513
4818.97435897436
4806.15384615385
4786.66666666667
4778.46153846154
4771.28205128205
4751.28205128205
4734.8717948718
4731.28205128205
4732.30769230769
4728.20512820513
4720
4712.30769230769
4706.66666666667
4702.05128205128
4696.41025641026
4690.76923076923
4690.25641025641
4685.64102564103
4673.33333333333
4671.79487179487
4672.30769230769
4658.46153846154
4647.17948717949
4640.51282051282
4624.61538461538
4612.30769230769
4612.82051282051
4612.30769230769
4600.51282051282
4583.07692307692
4570.25641025641
4559.48717948718
4544.61538461538
4536.92307692308
4530.76923076923
4509.23076923077
4493.84615384615
4488.20512820513
4471.79487179487
4459.48717948718
4456.41025641026
4441.02564102564
4415.89743589744
4401.02564102564
4400
4406.66666666667
4404.61538461538
4389.74358974359
4380.51282051282
4376.41025641026
4368.71794871795
4373.84615384615
4382.05128205128
4375.38461538462
4372.30769230769
4381.02564102564
4388.71794871795
4390.76923076923
4378.97435897436
4370.76923076923
4383.58974358974
4382.05128205128
4360
4358.46153846154
4366.15384615385
4352.82051282051
4336.92307692308
4340.51282051282
4342.5641025641
4327.69230769231
4321.02564102564
4332.30769230769
4324.10256410256
4297.94871794872
4294.35897435897
4301.02564102564
4295.38461538462
4291.79487179487
4293.33333333333
4295.89743589744
4295.89743589744
4286.15384615385
4280
4278.97435897436
4268.20512820513
4265.64102564103
4278.97435897436
4275.89743589744
4261.53846153846
4261.02564102564
4264.61538461538
4263.07692307692
4262.05128205128
4260.51282051282
4265.12820512821
4273.33333333333
4265.12820512821
4249.23076923077
4247.69230769231
4253.33333333333
4250.76923076923
4246.15384615385
4246.66666666667
4245.64102564103
4245.64102564103
4247.69230769231
4242.5641025641
4228.20512820513
4221.02564102564
4221.53846153846
4214.8717948718
4219.48717948718
4232.30769230769
4225.12820512821
4211.79487179487
4214.35897435897
4217.94871794872
4220
4232.30769230769
4239.48717948718
4222.5641025641
4201.53846153846
4203.58974358974
4220
4221.02564102564
4205.64102564103
4199.48717948718
4201.53846153846
4202.5641025641
4202.5641025641
4201.53846153846
4193.84615384615
4183.07692307692
4182.05128205128
4186.15384615385
4186.66666666667
4180.51282051282
4171.79487179487
4164.61538461538
4163.07692307692
4169.74358974359
4171.79487179487
4160
4151.79487179487
4156.92307692308
4155.89743589744
4143.58974358974
4133.84615384615
4125.64102564103
4121.02564102564
4119.48717948718
4109.74358974359
4095.38461538462
4095.89743589744
4103.58974358974
4105.12820512821
4111.28205128205
4116.41025641026
4108.20512820513
4104.61538461538
4109.23076923077
4107.69230769231
4112.30769230769
4121.53846153846
4114.35897435897
4104.61538461538
4108.71794871795
4109.23076923077
4104.10256410256
4102.05128205128
4096.92307692308
4092.82051282051
4094.8717948718
4094.35897435898
4089.74358974359
4084.10256410256
4082.5641025641
4087.69230769231
4096.41025641026
4096.41025641026
4084.61538461539
4070.25641025641
4066.66666666667
4071.79487179487
4073.84615384615
4075.38461538462
4075.89743589744
4071.79487179487
4065.12820512821
4066.15384615385
4073.33333333333
4070.76923076923
4065.12820512821
4066.66666666667
4064.10256410256
4066.15384615385
4091.28205128205
4113.84615384615
4108.71794871795
4103.07692307692
4108.71794871795
4107.69230769231
4099.48717948718
4091.79487179487
4088.20512820513
4089.23076923077
4092.30769230769
4091.79487179487
4086.15384615385
4086.15384615385
4096.41025641026
4104.61538461538
4105.64102564103
4108.20512820513
4108.71794871795
4102.05128205128
4106.15384615385
4116.41025641026
4117.94871794872
4117.4358974359
4117.4358974359
4109.74358974359
4105.12820512821
4106.66666666667
4108.20512820513
4111.28205128205
4112.30769230769
4105.12820512821
4107.69230769231
4117.4358974359
4115.38461538462
4104.10256410256
4095.38461538462
4089.74358974359
4087.69230769231
4086.66666666667
4080.51282051282
4074.8717948718
4072.30769230769
4068.20512820513
4064.10256410256
4067.69230769231
4074.35897435898
4072.82051282051
4069.74358974359
4074.8717948718
4077.4358974359
4071.28205128205
4066.15384615385
4065.12820512821
4065.12820512821
4071.79487179487
4076.41025641026
4076.41025641026
4078.46153846154
4075.38461538462
4068.20512820513
4069.74358974359
4076.41025641026
4076.92307692308
4071.28205128205
4065.64102564103
4069.74358974359
4074.8717948718
4068.20512820513
4064.10256410256
4072.30769230769
4076.92307692308
4074.35897435898
4070.25641025641
4069.74358974359
4073.84615384615
4075.38461538462
4073.33333333333
4072.82051282051
4075.38461538462
4077.4358974359
4080.51282051282
4084.10256410256
4080
4077.4358974359
4085.12820512821
4086.66666666667
4085.12820512821
4088.71794871795
4086.15384615385
4084.10256410256
4091.79487179487
4090.76923076923
4077.94871794872
4078.97435897436
4083.07692307692
4076.92307692308
4075.89743589744
4078.97435897436
4080
4087.69230769231
4091.79487179487
4081.02564102564
4074.35897435898
4077.4358974359
4074.35897435898
4072.30769230769
4073.84615384615
4071.28205128205
4071.79487179487
4073.33333333333
4073.33333333333
4080
4094.35897435898
4091.79487179487
4069.74358974359
4069.23076923077
4088.20512820513
4094.8717948718
4087.69230769231
4079.48717948718
4072.30769230769
4072.30769230769
4081.02564102564
4089.74358974359
4095.89743589744
4084.10256410256
4059.48717948718
4047.69230769231
4047.17948717949
4040.51282051282
4032.82051282051
4038.46153846154
4045.12820512821
4041.53846153846
4032.82051282051
4027.69230769231
4030.76923076923
4036.41025641026
4029.74358974359
4027.17948717949
4035.89743589744
4036.41025641026
4034.35897435898
4045.12820512821
4046.66666666667
4036.41025641026
4036.92307692308
4043.58974358974
4045.64102564103
4044.61538461539
4041.02564102564
4035.38461538462
4034.35897435898
4040
4044.61538461539
4050.25641025641
4055.38461538462
4051.79487179487
4048.71794871795
4055.89743589744
4058.46153846154
4051.28205128205
4048.20512820513
4051.28205128205
4055.38461538462
4057.4358974359
4060.51282051282
4065.64102564103
4068.71794871795
4068.20512820513
4069.23076923077
4069.74358974359
4067.17948717949
4066.15384615385
4067.69230769231
4066.66666666667
4066.15384615385
4069.74358974359
4075.38461538462
4075.89743589744
4073.84615384615
4079.48717948718
4086.15384615385
4091.79487179487
4102.5641025641
4108.20512820513
4108.20512820513
4114.8717948718
4124.10256410256
4123.07692307692
4127.17948717949
4136.41025641026
4138.46153846154
4140
4139.48717948718
4131.79487179487
4128.71794871795
4131.79487179487
4138.97435897436
4147.69230769231
4144.10256410256
4135.38461538462
4143.58974358974
4156.92307692308
4154.8717948718
4149.23076923077
4151.79487179487
4155.89743589744
4150.25641025641
4138.97435897436
4137.94871794872
4142.5641025641
4138.97435897436
4136.41025641026
4138.97435897436
4140.51282051282
4141.02564102564
4140.51282051282
4138.46153846154
4134.35897435897
4129.74358974359
4125.12820512821
4126.66666666667
4131.79487179487
4136.41025641026
4139.48717948718
4133.84615384615
4122.5641025641
4120.51282051282
4126.15384615385
4119.48717948718
4105.64102564103
4103.58974358974
4107.69230769231
4109.23076923077
4109.23076923077
4108.20512820513
4105.64102564103
4106.15384615385
4108.71794871795
4107.69230769231
4105.64102564103
4100
4091.79487179487
4089.23076923077
4088.20512820513
4088.20512820513
4091.79487179487
4088.71794871795
4082.5641025641
4083.07692307692
4078.46153846154
4065.12820512821
4056.41025641026
4055.38461538462
4060.51282051282
4067.17948717949
4066.15384615385
4064.61538461539
4068.71794871795
4066.15384615385
4061.53846153846
4065.64102564103
4065.12820512821
4058.97435897436
4061.53846153846
4066.66666666667
4066.15384615385
4065.12820512821
4066.15384615385
4064.61538461539
4073.84615384615
4087.69230769231
4086.66666666667
4085.64102564103
4103.07692307692
4107.17948717949
4086.15384615385
4076.92307692308
4088.71794871795
4093.84615384615
4088.20512820513
4089.74358974359
4098.46153846154
4103.07692307692
4100.51282051282
4096.92307692308
4101.53846153846
4106.66666666667
4104.61538461538
4103.58974358974
4106.15384615385
4101.53846153846
4089.74358974359
4086.15384615385
4096.41025641026
4106.66666666667
4107.17948717949
4102.5641025641
4103.07692307692
4104.61538461538
4105.64102564103
4103.58974358974
4096.41025641026
4096.41025641026
4103.58974358974
4102.5641025641
4104.61538461538
4116.41025641026
4125.12820512821
4128.71794871795
4138.97435897436
4158.97435897436
4185.12820512821
4212.30769230769
4239.48717948718
4276.92307692308
4331.28205128205
4396.92307692308
4463.58974358974
4523.07692307692
4579.48717948718
4632.82051282051
4680.51282051282
4721.53846153846
4749.74358974359
4771.28205128205
4803.58974358974
4831.79487179487
4841.53846153846
4848.71794871795
4865.64102564103
4884.61538461539
4901.02564102564
4916.92307692308
4928.71794871795
4946.15384615385
4962.5641025641
4970.76923076923
4982.05128205128
4993.33333333333
4997.4358974359
5000.51282051282
5010.25641025641
5018.97435897436
5028.20512820513
5042.05128205128
5059.48717948718
5075.89743589744
5085.64102564103
5092.82051282051
5102.5641025641
5112.82051282051
5120.51282051282
5122.05128205128
5119.48717948718
5122.5641025641
5131.79487179487
5138.46153846154
5135.38461538462
5126.15384615385
5121.02564102564
5123.58974358974
5122.05128205128
5109.74358974359
5097.94871794872
5090.76923076923
5078.97435897436
5057.94871794872
5039.48717948718
5027.17948717949
5008.20512820513
4986.15384615385
4970.25641025641
4955.89743589744
4937.4358974359
4921.02564102564
4907.69230769231
4895.89743589744
4881.53846153846
4857.94871794872
4826.66666666667
4801.02564102564
4782.05128205128
4760.51282051282
4738.46153846154
4720.51282051282
4704.10256410256
4688.71794871795
4673.84615384615
4655.89743589744
4640.51282051282
4622.05128205128
4602.5641025641
4598.97435897436
4599.48717948718
4586.66666666667
4572.30769230769
4562.05128205128
4554.8717948718
4548.71794871795
4541.02564102564
4533.84615384615
4528.71794871795
4523.58974358974
4522.5641025641
4523.58974358974
4519.48717948718
4516.92307692308
4508.20512820513
4493.84615384615
4491.79487179487
4491.79487179487
4483.07692307692
4469.74358974359
4460.51282051282
4457.4358974359
4451.28205128205
4444.10256410256
4442.05128205128
4440.51282051282
4431.28205128205
4429.23076923077
4431.28205128205
4420
4415.38461538462
4422.5641025641
4416.41025641026
4405.64102564103
4399.48717948718
4389.74358974359
4387.17948717949
4396.92307692308
4398.46153846154
4388.20512820513
4379.48717948718
4378.46153846154
4382.05128205128
4377.94871794872
4369.23076923077
4370.76923076923
4375.38461538462
4372.30769230769
4367.17948717949
4364.10256410256
4365.12820512821
4367.69230769231
4364.10256410256
4358.46153846154
4357.4358974359
4355.89743589744
4356.92307692308
4365.64102564103
4368.71794871795
4361.02564102564
4357.4358974359
4358.46153846154
4357.94871794872
4355.89743589744
4350.25641025641
4345.64102564103
4344.10256410256
4344.10256410256
4347.69230769231
4348.20512820513
4342.5641025641
4342.05128205128
4341.53846153846
4340.51282051282
4347.17948717949
4350.76923076923
4341.02564102564
4335.89743589744
4340
4342.05128205128
4338.46153846154
4333.33333333333
4328.20512820513
4318.97435897436
4308.20512820513
4307.17948717949
4307.17948717949
4302.5641025641
4298.46153846154
4296.41025641026
4293.33333333333
4289.23076923077
4280.51282051282
4276.92307692308
4283.07692307692
4289.74358974359
4284.61538461538
4271.28205128205
4271.79487179487
4274.8717948718
4265.12820512821
4257.4358974359
4255.38461538462
4251.28205128205
4241.53846153846
4234.35897435897
4235.38461538462
4245.64102564103
4247.69230769231
4242.5641025641
4246.15384615385
4250.25641025641
4249.74358974359
4244.61538461538
4236.92307692308
4232.30769230769
4232.30769230769
4235.38461538462
4235.38461538462
4230.76923076923
4227.69230769231
4232.82051282051
4235.89743589744
4234.8717948718
4240
4248.20512820513
4250.25641025641
4249.74358974359
4250.76923076923
4249.74358974359
4244.61538461538
4247.17948717949
4245.12820512821
4237.94871794872
4238.97435897436
4240.51282051282
4236.41025641026
4230.25641025641
4221.02564102564
4220
4231.28205128205
4232.82051282051
4225.12820512821
4230.25641025641
4234.8717948718
4229.74358974359
