F7
3950.25641025641
3932.30769230769
3935.38461538462
3956.92307692308
3974.35897435898
3967.17948717949
3952.82051282051
3960.51282051282
3977.4358974359
3983.58974358974
3985.12820512821
3986.66666666667
3990.25641025641
3991.79487179487
3980
3966.66666666667
3970.76923076923
3978.46153846154
3965.64102564103
3966.66666666667
3996.41025641026
4000.51282051282
3985.64102564103
3989.74358974359
3975.89743589744
3949.23076923077
3969.23076923077
3993.33333333333
3985.12820512821
3983.58974358974
3980.51282051282
3961.02564102564
3955.38461538462
3959.48717948718
3958.97435897436
3967.69230769231
3977.94871794872
3976.92307692308
3976.92307692308
3976.92307692308
3970.76923076923
3971.28205128205
3982.05128205128
3982.5641025641
3963.58974358974
3949.74358974359
3966.66666666667
3988.20512820513
3982.5641025641
3979.48717948718
4001.02564102564
4001.02564102564
3987.17948717949
4000.51282051282
4015.89743589744
4010.25641025641
3989.23076923077
3970.25641025641
3977.4358974359
3987.69230769231
3975.38461538462
3985.12820512821
4010.76923076923
4007.17948717949
4002.05128205128
4005.64102564103
3990.25641025641
3981.02564102564
4000.51282051282
4021.02564102564
4024.10256410256
4017.4358974359
4012.82051282051
4021.53846153846
4035.38461538462
4042.05128205128
4048.71794871795
4061.53846153846
4068.20512820513
4061.53846153846
4062.5641025641
4081.02564102564
4105.12820512821
4112.30769230769
4093.33333333333
4086.15384615385
4105.12820512821
4111.28205128205
4107.17948717949
4122.05128205128
4124.61538461538
4119.48717948718
4136.92307692308
4134.8717948718
4106.66666666667
4100
4110.25641025641
4107.17948717949
4100.51282051282
4105.12820512821
4107.17948717949
4096.41025641026
4086.15384615385
4093.33333333333
4095.38461538462
4082.05128205128
4081.53846153846
4093.84615384615
4094.8717948718
4084.61538461539
4079.48717948718
4084.61538461539
4090.25641025641
4086.15384615385
4075.38461538462
4074.35897435898
4085.64102564103
4096.92307692308
4094.35897435898
4075.38461538462
4064.10256410256
4069.74358974359
4063.58974358974
4054.35897435898
4065.64102564103
4072.82051282051
4066.66666666667
4065.12820512821
4059.48717948718
4052.30769230769
4064.61538461539
4071.79487179487
4062.5641025641
4070.76923076923
4078.97435897436
4061.53846153846
4062.5641025641
4096.92307692308
4108.20512820513
4103.58974358974
4118.97435897436
4115.38461538462
4091.28205128205
4098.97435897436
4131.79487179487
4142.05128205128
4122.05128205128
4105.64102564103
4107.69230769231
4104.10256410256
4094.8717948718
4103.58974358974
4114.8717948718
4103.58974358974
4091.28205128205
4097.4358974359
4115.89743589744
4127.69230769231
4130.25641025641
4134.8717948718
4136.41025641026
4141.02564102564
4152.30769230769
4160
4153.33333333333
4150.76923076923
4161.53846153846
4159.48717948718
4150.76923076923
4160.51282051282
4181.02564102564
4196.41025641026
4218.46153846154
4241.02564102564
4267.17948717949
4307.17948717949
4339.48717948718
4389.23076923077
4469.74358974359
4507.17948717949
4487.69230769231
4506.66666666667
4574.8717948718
4621.02564102564
4626.66666666667
4628.71794871795
4641.53846153846
4635.89743589744
4641.53846153846
4663.58974358974
4662.5641025641
4670.76923076923
4700.51282051282
4710.76923076923
4727.17948717949
4754.8717948718
4752.82051282051
4774.8717948718
4829.23076923077
4848.20512820513
4862.5641025641
4889.74358974359
4893.33333333333
4906.66666666667
4927.17948717949
4911.79487179487
4913.33333333333
4961.02564102564
4962.05128205128
4897.4358974359
4878.46153846154
4908.20512820513
4903.07692307692
4883.58974358974
4900.51282051282
4928.71794871795
4948.20512820513
4966.66666666667
4975.89743589744
4977.94871794872
4987.69230769231
5005.12820512821
5023.58974358974
5039.48717948718
5048.20512820513
5035.89743589744
5020.51282051282
5034.8717948718
5038.97435897436
5017.4358974359
5024.61538461539
5038.97435897436
5012.30769230769
4995.38461538462
5013.84615384615
5013.84615384615
4988.20512820513
4970.76923076923
4968.71794871795
4967.17948717949
4954.8717948718
4942.05128205128
4939.48717948718
4933.33333333333
4923.58974358974
4911.28205128205
4898.97435897436
4909.23076923077
4933.33333333333
4928.20512820513
4900.51282051282
4890.76923076923
4881.02564102564
4866.66666666667
4888.20512820513
4911.79487179487
4887.69230769231
4870.25641025641
4899.48717948718
4911.79487179487
4889.23076923077
4881.02564102564
4895.89743589744
4908.20512820513
4902.05128205128
4893.84615384615
4899.48717948718
4892.30769230769
4882.5641025641
4912.30769230769
4938.97435897436
4926.66666666667
4937.4358974359
4973.84615384615
4973.84615384615
4972.82051282051
5020.51282051282
5086.15384615385
5154.8717948718
5225.12820512821
5294.8717948718
5399.48717948718
5531.28205128205
5642.05128205128
5741.53846153846
5854.8717948718
5972.82051282051
6111.28205128205
6265.64102564103
6400.51282051282
6516.92307692308
6606.66666666667
6682.5641025641
6780
6869.23076923077
6929.23076923077
7009.23076923077
7113.33333333333
7194.35897435898
7255.38461538462
7324.10256410257
7394.8717948718
7445.64102564103
7489.74358974359
7548.71794871795
7600
7623.07692307692
7648.20512820513
7678.46153846154
7689.23076923077
7691.79487179487
7697.4358974359
7707.69230769231
7718.97435897436
7725.64102564103
7726.66666666667
7725.12820512821
7724.61538461539
7726.15384615385
7725.12820512821
7723.58974358975
7724.10256410257
7723.07692307692
7725.12820512821
7722.5641025641
7713.33333333333
7709.74358974359
7710.76923076923
7697.94871794872
7681.53846153846
7673.84615384616
7665.64102564103
7658.97435897436
7659.48717948718
7647.17948717949
7629.74358974359
7631.28205128205
7625.64102564103
7605.12820512821
7598.46153846154
7598.46153846154
7587.17948717949
7580
7582.5641025641
7575.89743589744
7558.46153846154
7536.92307692308
7516.92307692308
7503.07692307692
7492.82051282051
7465.64102564103
7416.41025641026
7380
7365.12820512821
7332.30769230769
7270.76923076923
7219.48717948718
7196.92307692308
7165.64102564103
7130.25641025641
7126.15384615385
7119.48717948718
7070.25641025641
7020
6992.82051282051
6962.5641025641
6938.46153846154
6918.97435897436
6886.66666666667
6845.64102564103
6808.20512820513
6792.30769230769
6794.8717948718
6783.07692307692
6745.64102564103
6706.66666666667
6683.07692307692
6667.69230769231
6647.69230769231
6612.82051282051
6573.33333333333
6537.4358974359
6509.23076923077
6484.61538461539
6441.02564102564
6394.8717948718
6380.51282051282
6379.48717948718
6349.74358974359
6307.17948717949
6293.84615384615
6291.28205128205
6265.64102564103
6223.07692307692
6197.94871794872
6193.84615384615
6176.41025641026
6138.46153846154
6119.48717948718
6116.41025641026
6083.58974358974
6036.41025641026
6007.69230769231
5983.58974358974
5955.38461538462
5934.8717948718
5917.94871794872
5894.35897435898
5865.64102564103
5824.10256410256
5796.41025641026
5791.79487179487
5773.33333333333
5735.38461538462
5722.5641025641
5732.30769230769
5698.97435897436
5643.07692307692
5627.69230769231
5608.71794871795
5557.4358974359
5526.15384615385
5524.61538461539
5508.20512820513
5489.74358974359
5483.58974358974
5471.28205128205
5444.61538461539
5409.23076923077
5393.84615384615
5401.02564102564
5395.38461538462
5377.4358974359
5355.89743589744
5329.74358974359
5306.66666666667
5297.4358974359
5298.97435897436
5277.94871794872
5238.46153846154
5218.46153846154
5205.64102564103
5174.8717948718
5149.74358974359
5149.23076923077
5146.15384615385
5127.69230769231
5092.30769230769
5077.94871794872
5089.23076923077
5069.74358974359
5032.82051282051
5022.05128205128
5016.92307692308
4990.76923076923
4982.05128205128
4986.15384615385
4963.07692307692
4930.76923076923
4922.05128205128
4922.5641025641
4912.82051282051
4891.28205128205
4875.89743589744
4884.10256410256
4871.28205128205
4824.61538461539
4820
4844.61538461539
4832.30769230769
4808.71794871795
4795.38461538462
4778.46153846154
4776.41025641026
4771.28205128205
4732.82051282051
4716.41025641026
4742.05128205128
4730.76923076923
4685.64102564103
4690.25641025641
4714.35897435897
4683.58974358974
4654.35897435897
4656.92307692308
4648.71794871795
4645.64102564103
4645.64102564103
4618.46153846154
4609.74358974359
4622.5641025641
4596.41025641026
4579.48717948718
4602.05128205128
4587.69230769231
4550.25641025641
4552.82051282051
4565.12820512821
4555.89743589744
4548.71794871795
4547.17948717949
4536.92307692308
4522.05128205128
4520
4526.15384615385
4513.84615384615
4489.23076923077
4482.05128205128
4478.97435897436
4456.41025641026
4437.94871794872
4441.02564102564
4447.69230769231
4442.05128205128
4433.84615384615
4421.53846153846
4400.51282051282
4401.53846153846
4417.94871794872
4409.23076923077
4386.66666666667
4373.84615384615
4372.82051282051
4384.10256410256
4395.89743589744
4378.97435897436
4351.79487179487
4347.69230769231
4352.30769230769
4354.8717948718
4354.8717948718
4355.38461538462
4344.61538461538
4311.28205128205
4291.28205128205
4313.33333333333
4337.94871794872
4311.28205128205
4264.61538461538
4258.46153846154
4270.25641025641
4262.05128205128
4248.71794871795
4237.4358974359
4215.38461538462
4196.92307692308
4191.79487179487
4171.79487179487
4149.23076923077
4151.79487179487
4147.69230769231
4125.64102564103
4113.33333333333
4107.17948717949
4090.25641025641
4083.07692307692
4091.28205128205
4083.07692307692
4074.8717948718
4081.53846153846
4089.74358974359
4103.07692307692
4111.28205128205
4090.25641025641
4067.17948717949
4076.41025641026
4081.02564102564
4066.66666666667
4062.5641025641
4061.53846153846
4065.12820512821
4066.15384615385
4054.35897435898
4052.30769230769
4062.05128205128
4060
4054.8717948718
4061.02564102564
4060.51282051282
4058.46153846154
4061.53846153846
4058.97435897436
4060.51282051282
4066.66666666667
4058.46153846154
4035.89743589744
4030.76923076923
4042.5641025641
4046.15384615385
4047.69230769231
4044.10256410256
4035.89743589744
4042.05128205128
4049.23076923077
4036.92307692308
4032.30769230769
4042.5641025641
4038.97435897436
4032.82051282051
4038.46153846154
4046.15384615385
4052.30769230769
4058.46153846154
4063.07692307692
4060.51282051282
4056.92307692308
4063.07692307692
4068.71794871795
4061.53846153846
4056.92307692308
4062.05128205128
4052.30769230769
4036.92307692308
4042.5641025641
4053.84615384615
4041.02564102564
4022.5641025641
4028.20512820513
4055.89743589744
4070.25641025641
4057.4358974359
4065.64102564103
4096.41025641026
4077.94871794872
4020
3999.48717948718
4007.69230769231
4007.17948717949
4007.69230769231
4012.82051282051
4005.64102564103
3997.94871794872
4005.64102564103
4014.35897435898
4007.17948717949
4002.05128205128
4011.79487179487
4014.35897435898
4004.61538461539
4001.02564102564
4003.58974358974
4002.05128205128
3992.30769230769
3988.71794871795
3991.79487179487
3987.17948717949
3968.71794871795
3958.97435897436
3977.94871794872
3993.84615384615
3978.97435897436
3968.71794871795
3983.58974358974
3993.84615384615
3986.66666666667
3974.35897435898
3965.64102564103
3969.74358974359
3986.15384615385
3999.48717948718
3997.94871794872
3989.23076923077
3995.38461538462
4006.66666666667
4005.64102564103
4006.66666666667
4012.82051282051
4004.10256410256
3988.20512820513
3986.15384615385
3993.33333333333
3985.12820512821
3968.71794871795
3977.4358974359
3998.97435897436
3996.41025641026
3983.07692307692
3980.51282051282
3980
3982.05128205128
3987.17948717949
3992.82051282051
3989.23076923077
3968.71794871795
3956.41025641026
3971.28205128205
3980.51282051282
3976.41025641026
3974.35897435898
3967.17948717949
3956.41025641026
3956.41025641026
3960.51282051282
3960
3959.48717948718
3957.94871794872
3949.74358974359
3940
3936.41025641026
3937.94871794872
3939.48717948718
3936.92307692308
3944.10256410256
3956.92307692308
3953.33333333333
3946.66666666667
3959.48717948718
3961.53846153846
3943.07692307692
3947.17948717949
3964.10256410256
3962.5641025641
3959.48717948718
3960.51282051282
3955.89743589744
3961.53846153846
3977.94871794872
3980.51282051282
3986.15384615385
4003.07692307692
4005.64102564103
4003.58974358974
4014.8717948718
4024.61538461539
4024.61538461539
4029.23076923077
4034.35897435898
4034.8717948718
4038.46153846154
4046.15384615385
4047.17948717949
4040.51282051282
4036.41025641026
4037.4358974359
4034.8717948718
4032.30769230769
4036.41025641026
4042.5641025641
4038.46153846154
4032.82051282051
4035.38461538462
4031.28205128205
4025.64102564103
4038.46153846154
4049.23076923077
4041.53846153846
4033.33333333333
4035.38461538462
4036.41025641026
4034.35897435898
4034.35897435898
4032.82051282051
4030.76923076923
4033.33333333333
4041.02564102564
4048.71794871795
4047.69230769231
4051.28205128205
4074.8717948718
4099.48717948718
4108.71794871795
4118.46153846154
4127.17948717949
4120
4119.48717948718
4121.53846153846
4107.69230769231
4108.20512820513
4125.12820512821
4122.05128205128
4110.25641025641
4117.4358974359
4126.15384615385
4121.02564102564
4121.53846153846
4125.12820512821
4112.82051282051
4109.23076923077
4121.53846153846
4116.41025641026
4104.10256410256
4116.41025641026
4128.71794871795
4111.79487179487
4096.92307692308
4102.05128205128
4105.12820512821
4103.58974358974
4102.5641025641
4099.48717948718
4093.33333333333
4092.82051282051
4094.35897435898
4087.69230769231
4083.58974358974
4081.53846153846
4081.53846153846
4083.07692307692
4078.46153846154
4071.79487179487
4072.30769230769
4075.38461538462
4072.82051282051
4072.30769230769
4071.28205128205
4061.53846153846
4060.51282051282
4067.69230769231
4063.07692307692
4050.76923076923
4046.66666666667
4040.51282051282
4031.28205128205
4035.38461538462
4045.12820512821
4055.89743589744
4062.05128205128
4052.30769230769
4033.84615384615
4025.64102564103
4033.33333333333
4038.46153846154
4031.28205128205
4027.17948717949
4029.23076923077
4023.07692307692
4018.46153846154
4021.53846153846
4014.35897435898
4004.10256410256
4001.53846153846
4000.51282051282
4000
4006.15384615385
4008.20512820513
3996.92307692308
3990.25641025641
3988.71794871795
3979.48717948718
3972.30769230769
3974.35897435898
3971.79487179487
3967.69230769231
3969.74358974359
3960.51282051282
3953.33333333333
3955.38461538462
3946.66666666667
3943.07692307692
3957.4358974359
3961.53846153846
3953.33333333333
3956.92307692308
3958.97435897436
3956.41025641026
3965.64102564103
3970.76923076923
3961.53846153846
3958.46153846154
3967.17948717949
3969.23076923077
3964.10256410256
3960
3954.8717948718
3955.89743589744
3959.48717948718
3952.30769230769
3943.58974358974
3947.17948717949
3955.38461538462
3963.07692307692
3967.17948717949
3956.92307692308
3945.64102564103
3958.46153846154
3977.4358974359
3974.8717948718
3961.02564102564
3954.8717948718
3954.8717948718
3954.35897435898
3957.4358974359
3952.30769230769
3943.58974358974
3946.15384615385
3950.25641025641
3946.15384615385
3942.05128205128
3943.07692307692
3943.58974358974
3942.05128205128
3944.10256410256
3944.10256410256
3934.8717948718
3924.10256410256
3926.15384615385
3928.20512820513
3925.64102564103
3925.12820512821
3927.69230769231
3930.76923076923
3936.41025641026
3941.53846153846
3934.8717948718
3924.10256410256
3929.23076923077
3941.53846153846
3942.5641025641
3938.97435897436
3941.02564102564
3940
3936.41025641026
3942.05128205128
3952.30769230769
3957.94871794872
3959.48717948718
3958.46153846154
3954.35897435898
3951.79487179487
3943.07692307692
3928.71794871795
3925.64102564103
3929.74358974359
3930.25641025641
3928.20512820513
3927.69230769231
3931.79487179487
3938.46153846154
3939.48717948718
3936.41025641026
3937.94871794872
3932.82051282051
3916.92307692308
3909.74358974359
3916.41025641026
3921.02564102564
3923.58974358974
3927.17948717949
3918.97435897436
3913.33333333333
3923.58974358974
3927.69230769231
3924.61538461539
3929.23076923077
3930.76923076923
3925.64102564103
3930.25641025641
3939.48717948718
3940
3942.05128205128
3952.30769230769
3962.05128205128
3960
3948.71794871795
3940.51282051282
3942.05128205128
3940.51282051282
3942.05128205128
3950.76923076923
3950.76923076923
3947.17948717949
3953.84615384615
3957.94871794872
3955.89743589744
3956.92307692308
3956.41025641026
3956.92307692308
3957.4358974359
3949.23076923077
3949.74358974359
3959.48717948718
3957.94871794872
3953.33333333333
3956.41025641026
3961.53846153846
3966.66666666667
3974.35897435898
3977.94871794872
3967.69230769231
3955.38461538462
3954.35897435898
3956.41025641026
3958.97435897436
3967.17948717949
3978.97435897436
3991.28205128205
3999.48717948718
3997.94871794872
3993.84615384615
3992.82051282051
3988.71794871795
3988.20512820513
3996.92307692308
4004.10256410256
4006.66666666667
4008.71794871795
4005.64102564103
4001.53846153846
4008.71794871795
4015.89743589744
4006.66666666667
4002.05128205128
4015.38461538462
4020.51282051282
4010.25641025641
4002.5641025641
4006.66666666667
4010.25641025641
4013.84615384615
4023.58974358974
4028.71794871795
4023.58974358974
4020.51282051282
4022.05128205128
4024.61538461539
4032.82051282051
4034.35897435898
4029.23076923077
4035.89743589744
4044.10256410256
4037.4358974359
4028.20512820513
4030.76923076923
4035.89743589744
4035.89743589744
4024.61538461539
4012.30769230769
4013.84615384615
4022.5641025641
4018.46153846154
4005.12820512821
4011.28205128205
4029.23076923077
4035.38461538462
4031.79487179487
4024.10256410256
4017.94871794872
4024.61538461539
4033.33333333333
4026.66666666667
4017.4358974359
4016.92307692308
4025.64102564103
4033.33333333333
4025.64102564103
4020
4028.71794871795
4029.74358974359
4029.74358974359
4036.92307692308
4029.23076923077
4017.94871794872
4026.15384615385
4032.82051282051
4025.64102564103
4026.66666666667
4034.35897435898
4038.97435897436
4043.07692307692
4044.10256410256
4042.5641025641
4046.66666666667
4049.23076923077
4037.4358974359
4030.25641025641
4040
4047.69230769231
4042.5641025641
4034.8717948718
4035.89743589744
4036.92307692308
4036.92307692308
4036.41025641026
4029.23076923077
4021.53846153846
4027.17948717949
4033.84615384615
4027.17948717949
4024.61538461539
4028.20512820513
4029.23076923077
4035.89743589744
4044.10256410256
4036.41025641026
4020.51282051282
4021.53846153846
4026.15384615385
4022.05128205128
4017.94871794872
4021.02564102564
4021.53846153846
4009.74358974359
4005.12820512821
4018.46153846154
4021.02564102564
4005.64102564103
4005.12820512821
4016.41025641026
4015.38461538462
4009.74358974359
4010.76923076923
4012.82051282051
4002.05128205128
3988.71794871795
3994.35897435898
4006.66666666667
4007.69230769231
4003.58974358974
3995.38461538462
3986.66666666667
3993.84615384615
4004.10256410256
4006.15384615385
4004.61538461539
4000.51282051282
4005.12820512821
4015.89743589744
4007.69230769231
3985.12820512821
3984.61538461539
3999.48717948718
4002.05128205128
3994.8717948718
3988.71794871795
3988.20512820513
3992.82051282051
4001.53846153846
4004.10256410256
4003.58974358974
4010.25641025641
4007.17948717949
3988.71794871795
3976.41025641026
3987.69230769231
3999.48717948718
3991.28205128205
3986.66666666667
3997.94871794872
3999.48717948718
3988.20512820513
3991.28205128205
3993.84615384615
3979.48717948718
3970.76923076923
3975.89743589744
3973.33333333333
3964.10256410256
3963.07692307692
3962.5641025641
3954.35897435898
3951.28205128205
3950.76923076923
3952.82051282051
3969.74358974359
3977.4358974359
3962.5641025641
3954.35897435898
3952.30769230769
3945.64102564103
3948.71794871795
3956.41025641026
3954.8717948718
3955.89743589744
3957.94871794872
3957.94871794872
3966.66666666667
3975.89743589744
3977.94871794872
3966.15384615385
3944.61538461539
3944.10256410256
3961.53846153846
3961.02564102564
3945.64102564103
3940
3945.12820512821
3949.74358974359
3944.10256410256
3939.48717948718
3950.76923076923
3955.89743589744
3951.28205128205
3953.84615384615
3959.48717948718
3960.51282051282
3952.82051282051
3942.5641025641
3946.15384615385
3951.79487179487
3942.05128205128
3940
3948.71794871795
3946.66666666667
3944.61538461539
3954.35897435898
3960
3957.94871794872
3957.4358974359
3953.33333333333
3950.76923076923
3958.46153846154
3967.17948717949
3963.07692307692
3955.89743589744
3954.8717948718
3957.94871794872
3955.89743589744
3947.69230769231
3943.58974358974
3943.58974358974
3945.64102564103
3956.92307692308
3963.58974358974
3950.25641025641
3941.53846153846
3952.82051282051
3961.02564102564
3960
3954.8717948718
3948.20512820513
3946.66666666667
3953.84615384615
3953.33333333333
3942.5641025641
3937.4358974359
3943.58974358974
3949.23076923077
3949.74358974359
3955.89743589744
3961.53846153846
3952.82051282051
3946.66666666667
3951.28205128205
3954.35897435898
3953.33333333333
3956.92307692308
3956.41025641026
3949.23076923077
3946.15384615385
3942.5641025641
3942.05128205128
3952.82051282051
3959.48717948718
3946.15384615385
3940
3951.79487179487
3949.23076923077
3939.48717948718
3942.05128205128
3941.02564102564
3935.38461538462
3944.61538461539
3954.8717948718
3946.15384615385
3941.02564102564
3947.69230769231
3944.61538461539
3938.46153846154
3948.71794871795
3960
3960
3959.48717948718
3957.4358974359
3953.33333333333
3948.20512820513
3942.5641025641
3942.5641025641
3944.10256410256
3938.46153846154
3938.97435897436
3948.71794871795
3948.71794871795
3942.5641025641
3940
3941.02564102564
3943.07692307692
3946.66666666667
3954.35897435898
3966.15384615385
3981.02564102564
3990.76923076923
3984.61538461539
3973.33333333333
3971.28205128205
3975.38461538462
3973.84615384615
3970.25641025641
3968.20512820513
3969.74358974359
3972.30769230769
3971.79487179487
3974.35897435898
3969.74358974359
3958.97435897436
3956.41025641026
3961.53846153846
3965.12820512821
3971.79487179487
3978.46153846154
3959.48717948718
