O2
3949.74358974359
3947.69230769231
3941.53846153846
3949.74358974359
3969.23076923077
3957.94871794872
3942.5641025641
3963.07692307692
3979.48717948718
3973.84615384615
3982.05128205128
3999.48717948718
3998.46153846154
3986.15384615385
3976.92307692308
3972.82051282051
3978.97435897436
3978.46153846154
3957.94871794872
3958.97435897436
3986.15384615385
3990.25641025641
3977.4358974359
3969.23076923077
3945.64102564103
3932.30769230769
3972.30769230769
3999.48717948718
3965.64102564103
3946.15384615385
3967.69230769231
3974.35897435898
3958.97435897436
3951.79487179487
3959.48717948718
3968.20512820513
3966.66666666667
3962.5641025641
3966.15384615385
3963.07692307692
3953.84615384615
3957.94871794872
3962.5641025641
3961.02564102564
3958.97435897436
3951.79487179487
3961.02564102564
3973.84615384615
3961.53846153846
3963.58974358974
3989.23076923077
3981.53846153846
3965.12820512821
3991.79487179487
4002.05128205128
3975.38461538462
3962.5641025641
3961.53846153846
3958.97435897436
3956.41025641026
3954.35897435898
3960.51282051282
3966.66666666667
3954.8717948718
3958.97435897436
3976.92307692308
3969.23076923077
3953.84615384615
3961.53846153846
3980
3979.48717948718
3954.35897435898
3931.79487179487
3938.97435897436
3956.41025641026
3954.8717948718
3953.84615384615
3971.79487179487
3988.71794871795
3987.69230769231
3981.02564102564
3981.02564102564
3991.79487179487
4001.53846153846
3981.53846153846
3965.12820512821
3987.17948717949
4013.84615384615
4025.64102564103
4037.4358974359
4039.48717948718
4036.92307692308
4047.69230769231
4047.69230769231
4031.79487179487
4036.41025641026
4047.69230769231
4038.97435897436
4035.89743589744
4046.15384615385
4041.53846153846
4030.76923076923
4035.38461538462
4036.41025641026
4020
4013.84615384615
4027.17948717949
4032.82051282051
4013.84615384615
3997.94871794872
4008.20512820513
4023.07692307692
4020.51282051282
4007.17948717949
4003.58974358974
4011.79487179487
4020.51282051282
4027.69230769231
4022.5641025641
4008.20512820513
4005.12820512821
4002.5641025641
3988.71794871795
3992.30769230769
4009.23076923077
4003.58974358974
4001.02564102564
4006.15384615385
3995.89743589744
3993.84615384615
4003.58974358974
4001.02564102564
3998.97435897436
4009.23076923077
4008.20512820513
3987.69230769231
3981.53846153846
4010.25641025641
4032.82051282051
4019.48717948718
4012.30769230769
4019.48717948718
4005.64102564103
4001.02564102564
4025.12820512821
4033.84615384615
4015.38461538462
4004.10256410256
4010.76923076923
4007.69230769231
3991.79487179487
4003.07692307692
4030.76923076923
4005.64102564103
3966.15384615385
3993.33333333333
4022.05128205128
4003.58974358974
4000
4002.05128205128
3989.74358974359
4001.53846153846
4015.38461538462
4002.05128205128
3998.46153846154
4013.33333333333
4013.84615384615
3998.46153846154
3990.25641025641
3996.92307692308
4002.5641025641
4005.12820512821
4020.51282051282
4020
4002.05128205128
4004.61538461539
4020.51282051282
4021.53846153846
4011.28205128205
4011.79487179487
4003.07692307692
3993.33333333333
4015.38461538462
4037.94871794872
4013.84615384615
3989.74358974359
4008.20512820513
4009.23076923077
3999.48717948718
4025.12820512821
4036.41025641026
4027.69230769231
4023.58974358974
4018.46153846154
4030.76923076923
4040.51282051282
4023.07692307692
4036.41025641026
4076.41025641026
4087.17948717949
4087.69230769231
4084.10256410256
4071.79487179487
4101.02564102564
4122.05128205128
4096.92307692308
4106.66666666667
4146.15384615385
4141.53846153846
4099.48717948718
4084.10256410256
4100.51282051282
4105.12820512821
4087.69230769231
4070.25641025641
4075.89743589744
4088.71794871795
4090.25641025641
4086.66666666667
4079.48717948718
4076.92307692308
4090.76923076923
4103.07692307692
4102.05128205128
4111.28205128205
4117.94871794872
4110.25641025641
4121.02564102564
4133.33333333333
4119.48717948718
4119.48717948718
4129.74358974359
4108.20512820513
4101.02564102564
4142.5641025641
4153.33333333333
4118.97435897436
4112.82051282051
4131.79487179487
4128.20512820513
4120
4111.28205128205
4096.41025641026
4097.94871794872
4107.17948717949
4100
4090.76923076923
4098.46153846154
4118.97435897436
4124.61538461538
4103.07692307692
4100.51282051282
4122.05128205128
4121.02564102564
4122.5641025641
4138.46153846154
4128.20512820513
4117.94871794872
4137.4358974359
4137.4358974359
4123.58974358974
4135.38461538462
4146.66666666667
4138.97435897436
4132.30769230769
4137.94871794872
4142.5641025641
4130.25641025641
4127.69230769231
4158.46153846154
4181.02564102564
4164.10256410256
4151.79487179487
4158.46153846154
4150.25641025641
4133.33333333333
4131.28205128205
4143.07692307692
4160.51282051282
4158.97435897436
4136.41025641026
4138.97435897436
4155.89743589744
4147.69230769231
4142.05128205128
4161.53846153846
4169.74358974359
4150.76923076923
4136.41025641026
4146.15384615385
4172.30769230769
4173.84615384615
4152.82051282051
4162.5641025641
4193.33333333333
4202.05128205128
4210.25641025641
4222.05128205128
4206.15384615385
4193.33333333333
4213.33333333333
4231.79487179487
4228.20512820513
4228.20512820513
4228.71794871795
4223.58974358974
4236.41025641026
4242.5641025641
4210.76923076923
4197.4358974359
4230.76923076923
4240.51282051282
4227.69230769231
4249.74358974359
4272.30769230769
4263.58974358974
4247.69230769231
4237.94871794872
4241.53846153846
4247.17948717949
4242.05128205128
4227.69230769231
4220
4216.92307692308
4202.5641025641
4194.35897435897
4206.66666666667
4221.53846153846
4220
4215.38461538462
4218.97435897436
4215.38461538462
4210.76923076923
4220.51282051282
4217.4358974359
4194.35897435897
4205.12820512821
4237.94871794872
4240
4225.64102564103
4228.20512820513
4224.61538461538
4203.58974358974
4206.15384615385
4224.10256410256
4214.35897435897
4196.92307692308
4210.25641025641
4224.61538461538
4218.97435897436
4211.79487179487
4201.02564102564
4195.38461538462
4208.71794871795
4227.17948717949
4234.8717948718
4231.28205128205
4220.51282051282
4210.25641025641
4230.25641025641
4271.79487179487
4266.66666666667
4231.28205128205
4230.76923076923
4229.23076923077
4214.8717948718
4235.38461538462
4257.4358974359
4253.33333333333
4242.05128205128
4233.84615384615
4245.64102564103
4274.35897435897
4282.5641025641
4274.35897435897
4278.46153846154
4280.51282051282
4278.46153846154
4280
4277.4358974359
4272.82051282051
4274.35897435897
4280.51282051282
4276.92307692308
4261.53846153846
4256.41025641026
4278.46153846154
4299.48717948718
4284.10256410256
4258.46153846154
4262.5641025641
4286.15384615385
4288.20512820513
4264.10256410256
4258.46153846154
4273.33333333333
4266.66666666667
4243.07692307692
4243.58974358974
4254.8717948718
4245.12820512821
4233.33333333333
4226.66666666667
4222.5641025641
4224.10256410256
4226.66666666667
4226.15384615385
4237.94871794872
4250.25641025641
4235.89743589744
4226.15384615385
4236.41025641026
4237.4358974359
4231.79487179487
4251.79487179487
4278.97435897436
4269.74358974359
4252.30769230769
4257.4358974359
4247.17948717949
4205.64102564103
4197.4358974359
4229.74358974359
4233.33333333333
4218.46153846154
4225.12820512821
4234.35897435897
4235.38461538462
4232.30769230769
4219.48717948718
4228.71794871795
4256.92307692308
4248.20512820513
4226.66666666667
4229.74358974359
4220.51282051282
4210.76923076923
4228.71794871795
4231.79487179487
4213.33333333333
4207.69230769231
4205.64102564103
4196.92307692308
4195.89743589744
4209.23076923077
4221.53846153846
4209.74358974359
4172.30769230769
4185.64102564103
4245.64102564103
4250.76923076923
4210.76923076923
4196.92307692308
4188.71794871795
4163.58974358974
4167.69230769231
4189.23076923077
4181.53846153846
4160.51282051282
4161.02564102564
4168.20512820513
4161.02564102564
4151.79487179487
4161.02564102564
4173.84615384615
4156.92307692308
4134.35897435897
4143.07692307692
4164.61538461538
4172.30769230769
4169.74358974359
4157.4358974359
4144.10256410256
4161.02564102564
4170.76923076923
4136.41025641026
4122.05128205128
4155.89743589744
4154.35897435897
4113.84615384615
4128.20512820513
4163.58974358974
4147.17948717949
4132.30769230769
4136.41025641026
4125.12820512821
4128.71794871795
4134.35897435897
4116.41025641026
4126.66666666667
4151.79487179487
4124.61538461538
4108.71794871795
4136.41025641026
4133.33333333333
4109.23076923077
4124.10256410256
4142.5641025641
4128.71794871795
4120.51282051282
4126.15384615385
4115.38461538462
4110.76923076923
4130.76923076923
4134.35897435897
4118.46153846154
4128.20512820513
4144.10256410256
4130.76923076923
4111.79487179487
4111.79487179487
4115.38461538462
4124.10256410256
4133.33333333333
4134.35897435897
4142.05128205128
4153.84615384615
4154.8717948718
4149.23076923077
4162.05128205128
4176.92307692308
4163.07692307692
4152.30769230769
4177.4358974359
4200.51282051282
4179.48717948718
4147.69230769231
4143.07692307692
4154.8717948718
4158.46153846154
4150.76923076923
4152.30769230769
4149.23076923077
4120
4110.25641025641
4136.41025641026
4151.28205128205
4138.46153846154
4115.38461538462
4095.38461538462
4101.02564102564
4119.48717948718
4117.94871794872
4099.48717948718
4081.53846153846
4080.51282051282
4093.33333333333
4087.17948717949
4073.33333333333
4078.46153846154
4076.92307692308
4073.33333333333
4082.05128205128
4063.58974358974
4028.71794871795
4037.4358974359
4064.61538461539
4052.30769230769
4034.8717948718
4050.76923076923
4067.17948717949
4068.71794871795
4068.20512820513
4055.89743589744
4041.53846153846
4053.84615384615
4067.69230769231
4055.38461538462
4039.48717948718
4041.53846153846
4050.76923076923
4045.12820512821
4021.53846153846
4018.97435897436
4042.05128205128
4045.64102564103
4037.94871794872
4046.15384615385
4050.76923076923
4048.71794871795
4053.33333333333
4052.30769230769
4046.66666666667
4054.8717948718
4054.35897435898
4032.82051282051
4026.66666666667
4042.05128205128
4046.15384615385
4045.64102564103
4050.76923076923
4049.74358974359
4052.82051282051
4061.02564102564
4054.35897435898
4048.71794871795
4063.58974358974
4061.53846153846
4038.97435897436
4031.28205128205
4043.58974358974
4046.66666666667
4031.28205128205
4030.25641025641
4040
4037.94871794872
4043.58974358974
4052.30769230769
4041.02564102564
4041.02564102564
4062.05128205128
4050.25641025641
4023.58974358974
4036.92307692308
4054.8717948718
4044.61538461539
4028.20512820513
4031.79487179487
4060
4065.64102564103
4038.46153846154
4027.17948717949
4045.64102564103
4053.84615384615
4041.02564102564
4042.05128205128
4058.97435897436
4064.10256410256
4051.28205128205
4045.12820512821
4037.4358974359
4016.41025641026
4022.5641025641
4041.53846153846
4029.74358974359
4011.28205128205
4018.97435897436
4033.33333333333
4031.28205128205
4027.17948717949
4032.82051282051
4043.07692307692
4037.4358974359
4023.58974358974
4024.10256410256
4026.15384615385
4013.84615384615
4003.58974358974
4012.82051282051
4022.05128205128
4020.51282051282
4022.05128205128
4025.12820512821
4022.5641025641
4016.92307692308
4003.07692307692
3992.82051282051
4005.64102564103
4027.69230769231
4027.69230769231
4008.20512820513
4000
4020
4039.48717948718
4031.79487179487
4023.07692307692
4031.28205128205
4033.84615384615
4022.05128205128
4014.8717948718
4025.64102564103
4037.94871794872
4019.48717948718
4001.53846153846
4017.4358974359
4029.74358974359
4018.46153846154
4015.89743589744
4021.53846153846
4015.38461538462
4014.35897435898
4024.61538461539
4021.02564102564
4003.58974358974
4006.66666666667
4036.41025641026
4049.74358974359
4036.41025641026
4023.58974358974
4018.46153846154
4020
4028.20512820513
4030.25641025641
4024.10256410256
4021.02564102564
4020.51282051282
4011.79487179487
4001.02564102564
4003.58974358974
4004.61538461539
3992.30769230769
3985.64102564103
3997.94871794872
4009.23076923077
3998.46153846154
3986.15384615385
3994.8717948718
4000
3987.69230769231
3988.71794871795
4003.58974358974
4002.5641025641
3994.35897435898
3991.79487179487
3988.71794871795
3989.74358974359
3997.4358974359
4002.5641025641
4011.79487179487
4022.05128205128
4021.53846153846
4022.5641025641
4036.92307692308
4045.64102564103
4042.5641025641
4045.12820512821
4052.82051282051
4053.84615384615
4050.76923076923
4050.25641025641
4051.28205128205
4051.79487179487
4046.66666666667
4030.76923076923
4020.51282051282
4024.10256410256
4029.23076923077
4030.25641025641
4026.15384615385
4023.07692307692
4018.46153846154
4007.17948717949
4004.10256410256
4016.92307692308
4021.02564102564
4010.25641025641
4005.12820512821
4003.07692307692
4003.58974358974
4003.07692307692
3995.38461538462
3990.25641025641
3988.20512820513
3988.20512820513
3996.41025641026
4008.71794871795
4004.10256410256
3990.25641025641
4004.10256410256
4041.53846153846
4058.97435897436
4050.25641025641
4050.25641025641
4054.35897435898
4046.15384615385
4035.38461538462
4028.20512820513
4028.71794871795
4032.30769230769
4035.38461538462
4044.61538461539
4048.71794871795
4036.92307692308
4036.92307692308
4047.17948717949
4029.23076923077
4010.25641025641
4029.74358974359
4052.82051282051
4043.07692307692
4028.20512820513
4034.35897435898
4041.02564102564
4024.61538461539
4010.25641025641
4017.94871794872
4024.10256410256
4021.53846153846
4030.76923076923
4038.46153846154
4026.66666666667
4018.97435897436
4022.5641025641
4016.92307692308
4011.28205128205
4013.33333333333
4010.25641025641
4006.15384615385
4014.35897435898
4020.51282051282
4014.8717948718
4011.28205128205
4013.33333333333
4014.35897435898
4009.74358974359
4005.64102564103
4004.61538461539
4005.12820512821
4005.12820512821
4005.64102564103
4006.15384615385
3994.8717948718
3986.66666666667
3999.48717948718
4014.35897435898
4019.48717948718
4025.12820512821
4015.89743589744
3996.41025641026
4001.02564102564
4016.92307692308
4016.41025641026
4008.20512820513
4004.61538461539
4006.66666666667
4007.69230769231
4004.61538461539
4003.07692307692
4005.64102564103
4003.58974358974
4001.53846153846
4005.64102564103
4006.66666666667
4005.12820512821
4008.71794871795
4009.74358974359
4005.12820512821
4007.69230769231
4013.33333333333
4006.66666666667
3994.35897435898
3991.28205128205
3992.82051282051
3989.23076923077
3985.12820512821
3990.76923076923
4001.53846153846
3992.82051282051
3975.89743589744
3981.53846153846
3992.82051282051
3994.8717948718
3999.48717948718
3998.46153846154
3991.79487179487
3994.35897435898
4000.51282051282
3996.92307692308
3989.74358974359
3989.74358974359
4000.51282051282
4008.20512820513
4005.64102564103
3999.48717948718
3983.58974358974
3973.84615384615
3986.66666666667
3994.8717948718
3986.66666666667
3990.25641025641
4005.64102564103
4007.17948717949
3992.82051282051
3983.58974358974
3994.35897435898
4007.17948717949
4005.12820512821
4001.53846153846
4002.5641025641
3995.89743589744
3994.8717948718
4014.35897435898
4025.12820512821
4020
4025.12820512821
4034.8717948718
4035.38461538462
4032.82051282051
4025.64102564103
4017.94871794872
4018.46153846154
4022.05128205128
4023.07692307692
4020
4014.35897435898
4018.97435897436
4030.25641025641
4027.17948717949
4018.46153846154
4015.38461538462
4012.30769230769
4017.4358974359
4029.74358974359
4029.74358974359
4018.97435897436
4016.92307692308
4024.10256410256
4028.20512820513
4028.71794871795
4026.15384615385
4015.38461538462
4012.82051282051
4026.66666666667
4037.94871794872
4039.48717948718
4036.41025641026
4034.35897435898
4045.12820512821
4045.64102564103
4021.53846153846
4012.82051282051
4028.20512820513
4035.89743589744
4034.35897435898
4029.74358974359
4026.66666666667
4031.79487179487
4034.35897435898
4031.28205128205
4035.38461538462
4037.4358974359
4029.23076923077
4020.51282051282
4023.07692307692
4029.74358974359
4029.74358974359
4027.17948717949
4028.20512820513
4027.17948717949
4030.76923076923
4040.51282051282
4042.5641025641
4044.61538461539
4058.46153846154
4065.64102564103
4060.51282051282
4062.5641025641
4071.79487179487
4070.76923076923
4061.53846153846
4058.97435897436
4062.05128205128
4054.35897435898
4041.02564102564
4042.05128205128
4042.05128205128
4029.74358974359
4033.84615384615
4052.82051282051
4049.74358974359
4042.05128205128
4050.76923076923
4052.30769230769
4047.17948717949
4052.30769230769
4043.58974358974
4031.28205128205
4041.53846153846
4043.58974358974
4032.82051282051
4038.46153846154
4047.69230769231
4043.07692307692
4043.07692307692
4047.17948717949
4044.61538461539
4046.15384615385
4048.71794871795
4038.97435897436
4026.66666666667
4028.71794871795
4030.76923076923
4028.20512820513
4037.94871794872
4041.02564102564
4036.41025641026
4046.66666666667
4049.23076923077
4026.66666666667
4018.97435897436
4035.38461538462
4026.15384615385
4004.61538461539
4013.33333333333
4027.17948717949
4014.8717948718
4004.61538461539
4009.23076923077
4006.15384615385
4000
4004.10256410256
4003.07692307692
3991.79487179487
3986.15384615385
3992.82051282051
3992.82051282051
3979.48717948718
3980
3996.92307692308
3996.92307692308
3985.12820512821
3985.64102564103
3985.12820512821
3969.23076923077
3968.71794871795
3982.5641025641
3987.17948717949
3987.17948717949
3990.76923076923
3992.30769230769
3984.61538461539
3974.35897435898
3971.28205128205
3976.41025641026
3974.35897435898
3965.64102564103
3964.61538461539
3970.25641025641
3977.94871794872
3973.84615384615
3961.02564102564
3968.71794871795
3994.8717948718
4006.15384615385
3993.84615384615
3979.48717948718
3974.35897435898
3972.30769230769
3967.17948717949
3970.76923076923
3987.17948717949
3985.64102564103
3970.25641025641
3971.79487179487
3981.53846153846
3985.12820512821
3986.15384615385
3987.17948717949
3989.23076923077
3989.74358974359
3990.25641025641
3990.76923076923
3990.76923076923
3993.33333333333
3994.8717948718
3992.30769230769
3992.82051282051
3996.41025641026
4001.53846153846
4001.02564102564
3990.76923076923
3992.30769230769
4005.12820512821
3992.30769230769
3972.82051282051
3989.23076923077
4009.74358974359
3999.48717948718
3982.05128205128
3986.15384615385
4006.15384615385
4009.23076923077
3993.33333333333
3989.23076923077
3995.38461538462
3991.28205128205
3983.58974358974
3987.69230769231
3990.25641025641
3988.20512820513
3994.35897435898
3997.94871794872
3992.82051282051
3988.20512820513
3990.76923076923
3993.33333333333
3989.23076923077
3992.82051282051
4004.10256410256
4001.02564102564
3982.5641025641
3979.48717948718
3991.28205128205
3990.25641025641
3986.15384615385
3993.84615384615
3993.84615384615
3987.69230769231
3992.30769230769
3998.46153846154
3997.4358974359
3994.35897435898
3981.53846153846
3969.23076923077
3980.51282051282
3997.94871794872
3997.94871794872
3981.53846153846
3969.74358974359
3981.53846153846
4001.53846153846
4005.12820512821
3995.38461538462
3987.17948717949
3987.69230769231
3997.94871794872
4007.17948717949
4000.51282051282
3985.64102564103
3986.66666666667
4003.07692307692
4006.66666666667
3999.48717948718
3997.4358974359
3993.33333333333
3989.23076923077
3995.38461538462
4005.12820512821
4010.76923076923
4013.84615384615
4004.10256410256
3988.20512820513
3989.74358974359
4002.05128205128
4007.69230769231
4005.12820512821
4006.66666666667
4007.17948717949
4001.53846153846
4004.61538461539
4007.17948717949
3993.84615384615
3991.28205128205
4012.82051282051
4022.05128205128
4009.23076923077
4003.07692307692
4006.15384615385
4003.58974358974
3991.28205128205
3983.58974358974
3993.84615384615
4006.15384615385
4006.66666666667
4004.10256410256
4000.51282051282
3991.28205128205
3986.66666666667
3987.69230769231
3990.76923076923
3992.30769230769
3994.8717948718
4002.5641025641
4001.02564102564
3990.76923076923
3994.35897435898
4008.20512820513
4009.23076923077
4002.5641025641
4006.15384615385
4003.07692307692
3994.8717948718
3998.46153846154
4009.23076923077
4008.20512820513
3999.48717948718
4002.05128205128
4005.12820512821
3999.48717948718
3995.38461538462
3991.79487179487
3989.74358974359
3994.35897435898
4004.10256410256
4006.66666666667
4004.10256410256
4003.58974358974
4003.58974358974
4002.5641025641
4001.53846153846
4003.07692307692
4004.10256410256
4001.02564102564
3995.89743589744
3998.97435897436
4007.17948717949
4005.64102564103
3996.41025641026
3997.4358974359
4005.64102564103
4003.58974358974
4002.05128205128
4010.25641025641
4005.12820512821
3992.30769230769
3992.82051282051
3996.92307692308
3989.74358974359
3976.92307692308
3965.12820512821
3958.97435897436
3966.66666666667
3971.28205128205
3964.61538461539
3967.69230769231
3979.48717948718
3979.48717948718
3973.84615384615
3974.35897435898
3973.33333333333
3971.28205128205
3974.35897435898
3973.84615384615
3970.76923076923
3972.30769230769
3967.69230769231
3958.97435897436
3964.10256410256
3974.35897435898
3975.89743589744
3971.79487179487
3968.20512820513
3970.25641025641
3982.05128205128
3985.64102564103
3974.8717948718
3972.82051282051
3970.76923076923
3960
3961.53846153846
3978.46153846154
3976.41025641026
3960
3962.5641025641
3976.41025641026
3981.02564102564
3967.17948717949
3953.84615384615
3960
3962.5641025641
3953.33333333333
3962.05128205128
3983.58974358974
3986.66666666667
3973.84615384615
3963.07692307692
3963.58974358974
3976.41025641026
3976.92307692308
3961.02564102564
3958.46153846154
3971.28205128205
3978.46153846154
3975.89743589744
3974.35897435898
3975.38461538462
3976.41025641026
3973.33333333333
3964.61538461539
3970.76923076923
3985.12820512821
3987.17948717949
3983.58974358974
3982.5641025641
3984.61538461539
3988.71794871795
3984.61538461539
3977.4358974359
3984.10256410256
3995.89743589744
3999.48717948718
3995.89743589744
3983.58974358974
3972.30769230769
3976.41025641026
3984.10256410256
3980.51282051282
3972.82051282051
3972.82051282051
3977.4358974359
3974.35897435898
3963.58974358974
3957.94871794872
3958.97435897436
3959.48717948718
3959.48717948718
3958.46153846154
3958.46153846154
3956.41025641026
3946.66666666667
