
4364.10256410256
4363.07692307692
4366.66666666667
4374.35897435897
4387.17948717949
4388.71794871795
4382.05128205128
4389.23076923077
4398.97435897436
4400.51282051282
4411.28205128205
4421.53846153846
4408.71794871795
4395.38461538462
4400.51282051282
4412.82051282051
4414.8717948718
4402.05128205128
4393.84615384615
4412.82051282051
4437.94871794872
4428.20512820513
4411.79487179487
4414.35897435897
4402.05128205128
4395.89743589744
4420.51282051282
4429.23076923077
4414.8717948718
4423.58974358974
4439.48717948718
4428.71794871795
4412.82051282051
4411.79487179487
4429.74358974359
4446.15384615385
4444.10256410256
4447.17948717949
4459.48717948718
4464.10256410256
4457.94871794872
4456.92307692308
4468.20512820513
4473.84615384615
4459.48717948718
4452.82051282051
4472.30769230769
4482.5641025641
4473.33333333333
4473.84615384615
4482.05128205128
4476.92307692308
4471.28205128205
4481.53846153846
4484.10256410256
4476.41025641026
4467.17948717949
4459.48717948718
4463.58974358974
4470.76923076923
4461.53846153846
4458.46153846154
4478.46153846154
4492.30769230769
4495.89743589744
4488.71794871795
4473.84615384615
4475.89743589744
4492.30769230769
4501.02564102564
4492.30769230769
4475.89743589744
4474.8717948718
4483.58974358974
4484.10256410256
4484.61538461538
4491.79487179487
4491.79487179487
4490.25641025641
4495.38461538462
4496.41025641026
4489.23076923077
4493.84615384615
4503.58974358974
4485.64102564103
4466.66666666667
4483.58974358974
4496.41025641026
4491.28205128205
4498.46153846154
4490.25641025641
4475.89743589744
4499.48717948718
4508.20512820513
4478.97435897436
4469.74358974359
4483.07692307692
4480
4472.82051282051
4479.48717948718
4480
4472.30769230769
4468.71794871795
4476.41025641026
4479.48717948718
4472.82051282051
4475.89743589744
4490.76923076923
4495.89743589744
4482.05128205128
4475.89743589744
4485.12820512821
4498.97435897436
4510.76923076923
4509.74358974359
4499.48717948718
4515.38461538462
4550.76923076923
4552.82051282051
4532.30769230769
4533.33333333333
4543.58974358974
4537.94871794872
4547.69230769231
4575.38461538462
4576.92307692308
4569.23076923077
4591.79487179487
4620
4631.79487179487
4653.84615384615
4677.4358974359
4687.69230769231
4708.20512820513
4722.05128205128
4714.8717948718
4728.71794871795
4761.02564102564
4764.61538461539
4764.61538461539
4784.61538461539
4786.15384615385
4772.82051282051
4785.64102564103
4820
4844.61538461539
4838.97435897436
4827.69230769231
4838.46153846154
4844.10256410256
4837.94871794872
4857.4358974359
4887.17948717949
4883.07692307692
4877.94871794872
4904.61538461539
4935.89743589744
4953.84615384615
4968.71794871795
4987.17948717949
4992.82051282051
5004.10256410256
5035.38461538462
5047.69230769231
5036.92307692308
5053.84615384615
5090.76923076923
5093.33333333333
5080.51282051282
5112.30769230769
5172.30769230769
5203.07692307692
5216.41025641026
5245.12820512821
5276.92307692308
5312.30769230769
5360.51282051282
5401.53846153846
5444.10256410256
5502.5641025641
5550.25641025641
5600.51282051282
5687.17948717949
5780
5828.20512820513
5874.35897435898
5953.84615384615
6006.66666666667
6034.35897435898
6084.61538461539
6136.41025641026
6171.28205128205
6184.61538461539
6186.66666666667
6221.53846153846
6259.48717948718
6260
6288.71794871795
6355.89743589744
6408.71794871795
6465.64102564103
6518.46153846154
6555.89743589744
6624.61538461539
6678.46153846154
6672.82051282051
6686.15384615385
6741.53846153846
6756.41025641026
6723.07692307692
6719.48717948718
6755.38461538462
6786.66666666667
6800
6814.8717948718
6827.69230769231
6829.23076923077
6835.38461538462
6854.8717948718
6872.82051282051
6882.5641025641
6891.79487179487
6904.10256410257
6923.07692307692
6931.79487179487
6912.82051282051
6899.48717948718
6909.74358974359
6897.4358974359
6868.71794871795
6854.35897435898
6833.84615384615
6799.48717948718
6783.58974358974
6793.33333333333
6793.84615384615
6774.35897435898
6756.41025641026
6752.82051282051
6746.15384615385
6721.02564102564
6702.05128205128
6694.8717948718
6673.84615384615
6650.25641025641
6644.10256410257
6632.30769230769
6611.28205128205
6618.97435897436
6624.61538461539
6596.92307692308
6576.92307692308
6566.66666666667
6548.71794871795
6552.82051282051
6560.51282051282
6540
6539.48717948718
6567.17948717949
6561.02564102564
6545.12820512821
6549.74358974359
6554.35897435898
6552.82051282051
6541.53846153846
6530.25641025641
6532.30769230769
6516.41025641026
6491.28205128205
6499.48717948718
6494.35897435898
6451.79487179487
6441.53846153846
6453.84615384615
6412.30769230769
6363.07692307692
6377.94871794872
6392.30769230769
6367.69230769231
6342.5641025641
6326.15384615385
6320.51282051282
6316.41025641026
6289.23076923077
6267.69230769231
6284.61538461539
6286.66666666667
6258.46153846154
6248.71794871795
6266.15384615385
6284.61538461539
6274.35897435898
6258.46153846154
6272.82051282051
6280
6268.20512820513
6275.38461538462
6285.64102564103
6272.82051282051
6254.35897435898
6236.92307692308
6231.28205128205
6241.02564102564
6228.71794871795
6202.05128205128
6184.61538461539
6171.79487179487
6165.64102564103
6143.58974358974
6117.4358974359
6126.15384615385
6128.20512820513
6094.35897435898
6080
6094.8717948718
6078.46153846154
6044.10256410256
6031.79487179487
6028.71794871795
6014.8717948718
6006.15384615385
5996.92307692308
5968.71794871795
5951.28205128205
5941.02564102564
5923.58974358974
5913.33333333333
5906.66666666667
5888.71794871795
5870.25641025641
5863.07692307692
5840
5812.30769230769
5808.71794871795
5785.12820512821
5749.23076923077
5755.38461538462
5752.82051282051
5713.33333333333
5702.5641025641
5710.76923076923
5685.64102564103
5656.41025641026
5650.25641025641
5651.79487179487
5643.58974358974
5610.76923076923
5578.46153846154
5579.48717948718
5594.35897435898
5581.53846153846
5552.82051282051
5545.12820512821
5551.79487179487
5545.12820512821
5517.4358974359
5499.48717948718
5506.15384615385
5495.38461538462
5470.76923076923
5481.53846153846
5488.20512820513
5458.97435897436
5434.35897435898
5420
5410.25641025641
5411.28205128205
5405.64102564103
5393.84615384615
5380
5356.41025641026
5355.89743589744
5380
5380
5350.25641025641
5336.92307692308
5336.92307692308
5323.58974358974
5314.35897435897
5320
5312.82051282051
5295.89743589744
5307.17948717949
5324.10256410256
5307.69230769231
5286.66666666667
5299.48717948718
5324.61538461539
5313.84615384615
5276.92307692308
5270.76923076923
5285.64102564103
5271.79487179487
5244.10256410256
5239.48717948718
5237.4358974359
5227.69230769231
5214.35897435897
5207.69230769231
5215.89743589744
5208.71794871795
5181.53846153846
5172.82051282051
5181.53846153846
5172.30769230769
5160
5163.07692307692
5168.20512820513
5156.92307692308
5127.69230769231
5113.84615384615
5121.53846153846
5113.33333333333
5083.07692307692
5071.79487179487
5091.28205128205
5076.92307692308
5026.66666666667
5013.84615384615
5011.79487179487
4975.38461538462
4958.97435897436
4969.74358974359
4957.94871794872
4946.15384615385
4948.71794871795
4949.74358974359
4934.8717948718
4909.23076923077
4917.94871794872
4942.05128205128
4922.05128205128
4898.97435897436
4905.64102564103
4892.82051282051
4866.15384615385
4868.71794871795
4883.58974358974
4870.76923076923
4844.61538461539
4843.58974358974
4847.17948717949
4827.69230769231
4816.92307692308
4830.25641025641
4834.35897435897
4823.07692307692
4811.79487179487
4811.28205128205
4823.07692307692
4808.20512820513
4773.33333333333
4770.25641025641
4784.61538461539
4761.53846153846
4741.53846153846
4765.12820512821
4765.64102564103
4731.28205128205
4730.25641025641
4753.84615384615
4757.4358974359
4738.46153846154
4734.35897435897
4746.15384615385
4735.89743589744
4715.38461538462
4723.07692307692
4735.89743589744
4740
4749.23076923077
4737.94871794872
4718.46153846154
4742.05128205128
4755.89743589744
4716.92307692308
4707.69230769231
4741.53846153846
4726.15384615385
4685.12820512821
4695.89743589744
4714.35897435897
4694.8717948718
4691.79487179487
4692.82051282051
4671.79487179487
4682.5641025641
4694.8717948718
4656.92307692308
4649.23076923077
4680
4657.94871794872
4643.07692307692
4674.8717948718
4661.53846153846
4630.76923076923
4637.4358974359
4647.17948717949
4647.69230769231
4641.02564102564
4633.84615384615
4636.92307692308
4637.94871794872
4633.84615384615
4636.92307692308
4633.33333333333
4625.12820512821
4633.84615384615
4636.92307692308
4622.5641025641
4614.35897435897
4616.41025641026
4617.94871794872
4612.30769230769
4610.76923076923
4604.10256410256
4584.10256410256
4582.05128205128
4591.28205128205
4584.61538461538
4569.23076923077
4556.92307692308
4550.25641025641
4558.97435897436
4576.92307692308
4557.4358974359
4521.53846153846
4526.66666666667
4537.94871794872
4529.23076923077
4524.61538461538
4534.8717948718
4530.76923076923
4499.48717948718
4479.48717948718
4497.94871794872
4515.38461538462
4493.33333333333
4471.28205128205
4476.41025641026
4473.33333333333
4469.23076923077
4483.58974358974
4490.76923076923
4479.48717948718
4481.53846153846
4497.4358974359
4490.25641025641
4488.71794871795
4513.33333333333
4510.25641025641
4490.76923076923
4504.10256410256
4507.69230769231
4474.8717948718
4467.17948717949
4480.51282051282
4458.97435897436
4453.33333333333
4473.33333333333
4463.07692307692
4468.20512820513
4508.71794871795
4500.51282051282
4460.51282051282
4469.74358974359
4489.74358974359
4473.33333333333
4458.97435897436
4460.51282051282
4465.64102564103
4461.53846153846
4448.71794871795
4444.10256410256
4443.58974358974
4443.58974358974
4442.5641025641
4440
4446.66666666667
4447.17948717949
4431.28205128205
4432.82051282051
4445.64102564103
4430.25641025641
4408.71794871795
4404.61538461538
4399.48717948718
4393.33333333333
4396.92307692308
4401.53846153846
4396.41025641026
4388.71794871795
4401.53846153846
4408.71794871795
4381.53846153846
4370.76923076923
4385.12820512821
4374.35897435897
4353.84615384615
4346.15384615385
4338.46153846154
4337.4358974359
4338.46153846154
4321.53846153846
4308.71794871795
4315.38461538462
4315.89743589744
4298.97435897436
4288.71794871795
4296.92307692308
4290.76923076923
4263.58974358974
4252.82051282051
4266.66666666667
4268.20512820513
4247.69230769231
4241.02564102564
4250.25641025641
4246.66666666667
4231.79487179487
4226.66666666667
4231.79487179487
4237.94871794872
4237.94871794872
4226.66666666667
4212.82051282051
4213.33333333333
4222.05128205128
4225.12820512821
4219.48717948718
4203.07692307692
4193.33333333333
4211.79487179487
4222.05128205128
4199.48717948718
4191.28205128205
4210.76923076923
4212.82051282051
4195.89743589744
4183.58974358974
4182.05128205128
4184.10256410256
4175.89743589744
4166.15384615385
4169.23076923077
4171.28205128205
4155.38461538462
4141.53846153846
4153.33333333333
4166.66666666667
4152.30769230769
4133.33333333333
4135.89743589744
4138.46153846154
4129.74358974359
4113.33333333333
4100
4101.02564102564
4103.07692307692
4095.38461538462
4085.12820512821
4076.92307692308
4067.17948717949
4058.46153846154
4054.8717948718
4055.38461538462
4060
4052.30769230769
4033.84615384615
4034.8717948718
4054.35897435898
4047.17948717949
4012.82051282051
4014.8717948718
4043.07692307692
4031.79487179487
4005.12820512821
4004.10256410256
4005.12820512821
4001.02564102564
3997.4358974359
3985.12820512821
3969.74358974359
3961.02564102564
3953.84615384615
3956.41025641026
3968.20512820513
3976.41025641026
3973.84615384615
3963.07692307692
3963.07692307692
3969.74358974359
3963.07692307692
3958.46153846154
3959.48717948718
3948.71794871795
3937.94871794872
3942.5641025641
3938.46153846154
3925.64102564103
3922.05128205128
3927.17948717949
3938.46153846154
3947.69230769231
3940.51282051282
3935.38461538462
3948.71794871795
3948.20512820513
3930.76923076923
3927.69230769231
3930.76923076923
3929.23076923077
3925.12820512821
3912.30769230769
3901.53846153846
3909.74358974359
3914.8717948718
3907.17948717949
3916.41025641026
3926.66666666667
3916.41025641026
3913.33333333333
3920
3915.38461538462
3907.69230769231
3906.15384615385
3894.8717948718
3881.53846153846
3882.05128205128
3880.51282051282
3869.23076923077
3855.38461538462
3839.48717948718
3818.97435897436
3811.79487179487
3820
3812.82051282051
3799.48717948718
3797.4358974359
3792.82051282051
3786.66666666667
3786.66666666667
3783.58974358974
3785.12820512821
3790.25641025641
3776.92307692308
3761.53846153846
3767.17948717949
3777.4358974359
3773.33333333333
3768.71794871795
3767.69230769231
3760.51282051282
3750.25641025641
3749.23076923077
3759.48717948718
3756.41025641026
3749.23076923077
3767.69230769231
3790.76923076923
3788.20512820513
3785.64102564103
3787.69230769231
3772.30769230769
3767.69230769231
3774.35897435898
3762.5641025641
3755.89743589744
3768.71794871795
3774.8717948718
3776.92307692308
3790.25641025641
3791.79487179487
3802.5641025641
3794.8717948718
3647.17948717949
3410.76923076923
3281.02564102564
3261.02564102564
3231.79487179487
3201.02564102564
3204.10256410256
3207.69230769231
3193.84615384615
3180.51282051282
3185.12820512821
3190.25641025641
3191.28205128205
3196.92307692308
3196.41025641026
3189.23076923077
3195.38461538462
3204.10256410256
3202.05128205128
3202.05128205128
3204.10256410256
3206.15384615385
3209.23076923077
3212.82051282051
3218.46153846154
3221.53846153846
3217.94871794872
3217.4358974359
3222.05128205128
3220.51282051282
3217.4358974359
3220
3223.07692307692
3221.53846153846
3220.51282051282
3223.07692307692
3221.02564102564
3223.07692307692
3236.92307692308
3251.28205128205
3262.05128205128
3268.20512820513
3260
3250.76923076923
3258.46153846154
3268.20512820513
3270.76923076923
3267.17948717949
3253.84615384615
3252.30769230769
3263.58974358974
3267.17948717949
3265.12820512821
3265.12820512821
3263.58974358974
3264.61538461539
3273.33333333333
3281.53846153846
3293.84615384615
3298.46153846154
3285.12820512821
3282.5641025641
3296.92307692308
3301.02564102564
3295.38461538462
3298.46153846154
3301.02564102564
3300.51282051282
3300
3295.89743589744
3293.33333333333
3299.48717948718
3307.69230769231
3309.23076923077
3310.25641025641
3314.8717948718
3311.28205128205
3311.28205128205
3323.07692307692
3324.61538461539
3320
3326.66666666667
3330.25641025641
3330.76923076923
3335.38461538462
3332.30769230769
3333.33333333333
3347.17948717949
3345.64102564103
3339.48717948718
3349.23076923077
3351.28205128205
3343.07692307692
3341.02564102564
3344.10256410256
3357.94871794872
3373.33333333333
3363.58974358974
3350.76923076923
3366.15384615385
3381.53846153846
3381.02564102564
3376.92307692308
3368.20512820513
3362.5641025641
3369.74358974359
3382.05128205128
3384.10256410256
3383.07692307692
3384.61538461539
3386.15384615385
3384.61538461539
3384.61538461539
3386.15384615385
3384.61538461539
3387.17948717949
3391.79487179487
3388.20512820513
3383.07692307692
3382.05128205128
3383.07692307692
3384.61538461539
3385.64102564103
3387.17948717949
3384.10256410256
3380.51282051282
3384.61538461539
3393.84615384615
3396.92307692308
3389.23076923077
3383.07692307692
3381.53846153846
3376.92307692308
3368.20512820513
3373.33333333333
3385.12820512821
3382.05128205128
3388.20512820513
3401.02564102564
3402.05128205128
3407.17948717949
3414.8717948718
3414.35897435897
3415.89743589744
3415.38461538462
3410.25641025641
3421.02564102564
3435.89743589744
3431.28205128205
3429.23076923077
3441.53846153846
3448.71794871795
3448.20512820513
3448.71794871795
3448.71794871795
3452.30769230769
3452.82051282051
3443.58974358974
3438.97435897436
3447.17948717949
3455.38461538462
3460
3464.10256410256
3463.58974358974
3461.53846153846
3461.53846153846
3466.15384615385
3474.8717948718
3483.07692307692
3486.66666666667
3485.64102564103
3488.71794871795
3493.33333333333
3493.84615384615
3499.48717948718
3511.79487179487
3517.4358974359
3511.79487179487
3498.46153846154
3494.35897435897
3507.17948717949
3512.30769230769
3508.20512820513
3512.30769230769
3512.30769230769
3506.15384615385
3514.8717948718
3527.17948717949
3525.12820512821
3522.05128205128
3530.76923076923
3542.5641025641
3543.58974358974
3542.05128205128
3550.25641025641
3557.94871794872
3554.8717948718
3552.30769230769
3559.48717948718
3570.25641025641
3573.33333333333
3570.76923076923
3571.28205128205
3573.33333333333
3571.28205128205
3570.25641025641
3572.30769230769
3572.30769230769
3573.84615384615
3581.53846153846
3592.30769230769
3600
3594.35897435897
3584.10256410256
3584.61538461539
3588.20512820513
3586.15384615385
3587.69230769231
3592.82051282051
3586.66666666667
3576.41025641026
3571.79487179487
3574.35897435897
3573.84615384615
3568.71794871795
3569.74358974359
3572.82051282051
3572.82051282051
3569.74358974359
3565.12820512821
3564.61538461539
3563.07692307692
3557.94871794872
3562.05128205128
3573.84615384615
3572.30769230769
3569.23076923077
3571.28205128205
3561.02564102564
3560
3573.84615384615
3577.4358974359
3576.41025641026
3589.23076923077
3594.8717948718
3580
3575.89743589744
3587.69230769231
3593.33333333333
3589.74358974359
3588.20512820513
3587.17948717949
3586.66666666667
3591.28205128205
3590.25641025641
3591.79487179487
3607.17948717949
3622.05128205128
3624.10256410256
3624.61538461539
3621.53846153846
3617.4358974359
3621.53846153846
3625.64102564103
3626.66666666667
3631.79487179487
3636.41025641026
3634.8717948718
3637.94871794872
3646.15384615385
3655.89743589744
3660.51282051282
3659.48717948718
3671.28205128205
3686.15384615385
3683.58974358974
3679.48717948718
3685.12820512821
3685.64102564103
3680.51282051282
3688.20512820513
3697.94871794872
3697.94871794872
3700
3701.02564102564
3696.41025641026
3703.07692307692
3711.28205128205
3703.58974358974
3702.5641025641
3721.02564102564
3729.74358974359
3720
3714.35897435898
3727.17948717949
3741.53846153846
3740.51282051282
3736.41025641026
3738.97435897436
3741.53846153846
3743.58974358974
3750.25641025641
3755.38461538462
3751.79487179487
3744.10256410256
3745.12820512821
3757.94871794872
3764.61538461539
3754.8717948718
3746.15384615385
3751.28205128205
3754.8717948718
3756.92307692308
3769.23076923077
3770.76923076923
3759.48717948718
3760.51282051282
3771.79487179487
3780.51282051282
3781.53846153846
3779.48717948718
3781.02564102564
3789.23076923077
3792.30769230769
3786.15384615385
3791.28205128205
3798.97435897436
3790.25641025641
3782.5641025641
3796.92307692308
3803.07692307692
3788.20512820513
3786.66666666667
3796.41025641026
3800.51282051282
3800.51282051282
3802.5641025641
3807.69230769231
3807.17948717949
3806.66666666667
3817.4358974359
3829.23076923077
3822.5641025641
3811.79487179487
3811.79487179487
3820
3829.23076923077
3826.15384615385
3818.46153846154
3824.61538461539
3834.8717948718
3831.79487179487
3827.17948717949
3834.35897435898
3837.4358974359
3826.66666666667
3820.51282051282
3828.71794871795
3830.76923076923
3826.15384615385
3828.71794871795
3832.82051282051
3836.92307692308
3853.33333333333
3864.10256410256
3856.41025641026
3850.76923076923
3851.79487179487
3845.12820512821
3843.07692307692
3848.71794871795
3847.69230769231
3851.79487179487
3861.53846153846
3855.89743589744
3847.17948717949
3846.66666666667
3847.69230769231
3854.8717948718
3860.51282051282
3853.84615384615
3848.71794871795
3849.23076923077
3852.82051282051
3860
3865.12820512821
3858.97435897436
3847.17948717949
3848.20512820513
3868.71794871795
3881.53846153846
3876.92307692308
3879.48717948718
3878.97435897436
3867.17948717949
3873.84615384615
3895.38461538462
3901.02564102564
3889.23076923077
3881.53846153846
3889.74358974359
3901.53846153846
3898.46153846154
3892.82051282051
3901.53846153846
3912.82051282051
3920.51282051282
3926.66666666667
3928.71794871795
3922.5641025641
3914.8717948718
3922.05128205128
3935.38461538462
3933.33333333333
3921.53846153846
3922.5641025641
3928.20512820513
3924.61538461539
3923.58974358974
3934.35897435898
3943.58974358974
3941.02564102564
3936.92307692308
3940.51282051282
3948.20512820513
3949.74358974359
3949.23076923077
3948.71794871795
3941.53846153846
3937.4358974359
3940
3944.10256410256
3952.30769230769
3957.4358974359
3947.17948717949
3935.89743589744
3943.58974358974
3955.89743589744
3958.97435897436
3962.05128205128
3966.66666666667
3964.61538461539
3956.92307692308
3954.35897435898
3958.97435897436
3966.66666666667
3975.89743589744
3978.46153846154
3967.69230769231
3953.33333333333
3958.46153846154
3974.35897435898
3972.82051282051
3971.28205128205
3983.58974358974
3981.02564102564
3971.28205128205
3981.02564102564
3993.84615384615
3993.84615384615
3998.46153846154
4010.76923076923
4009.74358974359
3998.46153846154
4001.02564102564
4015.38461538462
4024.61538461539
4022.5641025641
4010.76923076923
4004.10256410256
4015.38461538462
4022.5641025641
4016.41025641026
4016.92307692308
4021.02564102564
4017.4358974359
4021.02564102564
4028.71794871795
4029.74358974359
4026.15384615385
4023.58974358974
4024.10256410256
4028.71794871795
4037.94871794872
4043.58974358974
4048.71794871795
4055.89743589744
4049.74358974359
4036.92307692308
4032.82051282051
4035.38461538462
4038.46153846154
4041.53846153846
4037.4358974359
4031.79487179487
4034.8717948718
4041.53846153846
4047.17948717949
4052.82051282051
4050.25641025641
4049.23076923077
4058.46153846154
4058.97435897436
4053.33333333333
4064.10256410256
4071.79487179487
4062.05128205128
4062.05128205128
4073.33333333333
4076.92307692308
4072.30769230769
4066.15384615385
4067.17948717949
4077.4358974359
4077.94871794872
4072.82051282051
4076.41025641026
4072.30769230769
4060
4057.94871794872
4060.51282051282
4061.02564102564
4062.05128205128
4055.89743589744
4042.5641025641
