O1
4280
4276.41025641026
4273.33333333333
4283.07692307692
4300
4288.71794871795
4268.71794871795
4286.15384615385
4309.74358974359
4303.58974358974
4295.38461538462
4302.05128205128
4312.82051282051
4308.71794871795
4295.89743589744
4295.89743589744
4306.15384615385
4302.5641025641
4283.07692307692
4289.23076923077
4311.79487179487
4308.71794871795
4293.84615384615
4290.76923076923
4273.33333333333
4255.89743589744
4290.76923076923
4311.79487179487
4278.97435897436
4274.35897435897
4304.61538461538
4304.10256410256
4282.05128205128
4283.58974358974
4296.92307692308
4297.4358974359
4296.41025641026
4304.10256410256
4308.71794871795
4295.89743589744
4289.74358974359
4302.05128205128
4293.33333333333
4274.35897435897
4282.5641025641
4298.97435897436
4302.05128205128
4291.28205128205
4272.30769230769
4280.51282051282
4313.84615384615
4308.20512820513
4286.66666666667
4298.46153846154
4301.53846153846
4292.30769230769
4298.46153846154
4298.46153846154
4291.28205128205
4288.71794871795
4282.05128205128
4286.15384615385
4300
4292.30769230769
4284.10256410256
4296.41025641026
4302.05128205128
4295.38461538462
4291.28205128205
4298.46153846154
4302.5641025641
4290.76923076923
4275.89743589744
4275.38461538462
4282.5641025641
4294.8717948718
4301.53846153846
4296.41025641026
4303.58974358974
4313.33333333333
4308.71794871795
4309.23076923077
4321.02564102564
4322.5641025641
4302.05128205128
4292.82051282051
4306.66666666667
4323.07692307692
4333.84615384615
4340
4328.20512820513
4320.51282051282
4336.92307692308
4340.51282051282
4332.82051282051
4341.53846153846
4344.61538461538
4334.8717948718
4331.28205128205
4336.41025641026
4340.51282051282
4344.61538461538
4336.41025641026
4329.74358974359
4329.23076923077
4326.15384615385
4332.30769230769
4345.12820512821
4336.92307692308
4315.38461538462
4320.51282051282
4335.38461538462
4337.94871794872
4331.79487179487
4319.48717948718
4319.48717948718
4335.89743589744
4349.74358974359
4335.38461538462
4314.8717948718
4314.35897435897
4318.97435897436
4318.97435897436
4324.61538461538
4326.66666666667
4309.74358974359
4309.74358974359
4325.64102564103
4318.46153846154
4310.25641025641
4318.46153846154
4315.38461538462
4305.64102564103
4321.53846153846
4328.20512820513
4299.48717948718
4296.41025641026
4334.8717948718
4344.10256410256
4322.05128205128
4322.5641025641
4325.12820512821
4301.53846153846
4297.94871794872
4329.23076923077
4341.53846153846
4322.5641025641
4311.79487179487
4309.74358974359
4296.41025641026
4298.97435897436
4329.23076923077
4332.30769230769
4297.94871794872
4290.76923076923
4315.89743589744
4316.92307692308
4303.58974358974
4315.38461538462
4318.97435897436
4306.66666666667
4312.82051282051
4322.5641025641
4319.48717948718
4322.5641025641
4335.38461538462
4326.66666666667
4308.20512820513
4309.74358974359
4322.05128205128
4328.71794871795
4332.30769230769
4337.94871794872
4328.20512820513
4317.4358974359
4334.8717948718
4360.51282051282
4356.41025641026
4344.10256410256
4353.84615384615
4352.82051282051
4350.76923076923
4380.51282051282
4398.97435897436
4368.20512820513
4356.41025641026
4391.79487179487
4393.33333333333
4371.79487179487
4391.28205128205
4413.33333333333
4412.82051282051
4406.15384615385
4401.02564102564
4419.48717948718
4428.20512820513
4408.20512820513
4425.12820512821
4470.25641025641
4467.17948717949
4451.79487179487
4467.69230769231
4486.15384615385
4505.12820512821
4505.64102564103
4491.28205128205
4509.74358974359
4547.69230769231
4554.35897435897
4535.89743589744
4533.84615384615
4550.25641025641
4574.8717948718
4583.07692307692
4588.20512820513
4618.97435897436
4644.10256410256
4652.30769230769
4678.97435897436
4693.33333333333
4688.20512820513
4716.41025641026
4752.30769230769
4766.66666666667
4790.76923076923
4804.61538461539
4801.53846153846
4826.15384615385
4846.15384615385
4833.33333333333
4827.17948717949
4833.33333333333
4826.66666666667
4823.07692307692
4833.84615384615
4824.61538461539
4811.28205128205
4826.66666666667
4829.23076923077
4803.58974358974
4805.12820512821
4816.41025641026
4800
4791.28205128205
4792.82051282051
4781.53846153846
4775.89743589744
4785.12820512821
4787.17948717949
4771.79487179487
4762.05128205128
4770.76923076923
4765.12820512821
4738.46153846154
4733.84615384615
4749.23076923077
4760
4763.07692307692
4760.51282051282
4751.79487179487
4740.51282051282
4736.41025641026
4747.17948717949
4766.66666666667
4769.23076923077
4750.76923076923
4750.76923076923
4769.74358974359
4773.84615384615
4774.8717948718
4787.69230769231
4776.41025641026
4763.58974358974
4784.10256410256
4784.10256410256
4757.4358974359
4762.05128205128
4782.05128205128
4785.12820512821
4786.15384615385
4793.84615384615
4803.58974358974
4812.82051282051
4816.92307692308
4822.5641025641
4843.58974358974
4872.30769230769
4894.8717948718
4927.17948717949
5004.10256410256
5125.64102564103
5220
5271.28205128205
5334.8717948718
5404.61538461539
5452.82051282051
5513.33333333333
5575.89743589744
5616.41025641026
5675.38461538462
5749.74358974359
5790.76923076923
5816.92307692308
5858.97435897436
5892.82051282051
5901.53846153846
5921.02564102564
5956.41025641026
5969.23076923077
5968.20512820513
5994.35897435898
6024.10256410256
6036.92307692308
6054.35897435898
6071.28205128205
6078.46153846154
6089.23076923077
6103.58974358974
6129.74358974359
6179.48717948718
6261.02564102564
6366.15384615385
6463.58974358974
6544.10256410257
6615.89743589744
6671.79487179487
6709.74358974359
6745.12820512821
6775.38461538462
6800.51282051282
6818.97435897436
6816.92307692308
6805.12820512821
6788.71794871795
6747.69230769231
6709.23076923077
6695.38461538462
6656.92307692308
6605.12820512821
6576.92307692308
6541.53846153846
6490.25641025641
6454.8717948718
6435.38461538462
6411.28205128205
6375.38461538462
6331.28205128205
6300
6280.51282051282
6257.4358974359
6228.20512820513
6189.74358974359
6162.5641025641
6145.64102564103
6111.79487179487
6080.51282051282
6076.92307692308
6077.4358974359
6082.05128205128
6130.25641025641
6198.97435897436
6228.71794871795
6232.30769230769
6243.58974358974
6228.20512820513
6194.35897435898
6193.84615384615
6200
6185.12820512821
6163.07692307692
6138.97435897436
6122.5641025641
6113.84615384615
6083.58974358974
6047.69230769231
6029.23076923077
5995.38461538462
5953.33333333333
5930.25641025641
5905.12820512821
5866.66666666667
5844.10256410256
5835.89743589744
5814.8717948718
5785.12820512821
5773.84615384615
5784.61538461539
5786.15384615385
5765.64102564103
5748.71794871795
5750.25641025641
5768.20512820513
5770.25641025641
5733.33333333333
5709.74358974359
5722.5641025641
5701.53846153846
5653.84615384615
5647.69230769231
5658.97435897436
5636.92307692308
5611.79487179487
5598.97435897436
5581.02564102564
5571.28205128205
5564.61538461539
5554.35897435898
5551.28205128205
5538.46153846154
5500.51282051282
5477.94871794872
5475.89743589744
5447.69230769231
5411.79487179487
5407.69230769231
5414.35897435898
5405.64102564103
5402.5641025641
5414.35897435898
5400
5365.64102564103
5362.05128205128
5384.61538461539
5382.5641025641
5365.64102564103
5351.79487179487
5336.92307692308
5323.58974358974
5307.17948717949
5285.64102564103
5267.69230769231
5264.10256410256
5263.58974358974
5255.89743589744
5243.58974358974
5227.17948717949
5215.89743589744
5213.84615384615
5200.51282051282
5172.82051282051
5157.94871794872
5152.30769230769
5143.07692307692
5132.82051282051
5117.94871794872
5108.20512820513
5094.35897435897
5058.46153846154
5047.69230769231
5065.12820512821
5045.64102564103
5012.30769230769
5006.15384615385
4994.8717948718
4976.92307692308
4978.46153846154
4975.38461538462
4956.41025641026
4937.4358974359
4934.35897435897
4950.25641025641
4952.82051282051
4932.30769230769
4931.79487179487
4949.23076923077
4934.35897435897
4913.84615384615
4932.82051282051
4956.92307692308
4967.69230769231
4974.8717948718
4958.46153846154
4949.23076923077
4983.07692307692
5004.10256410256
4988.20512820513
5000.51282051282
5035.38461538462
5024.61538461539
5004.10256410256
5031.79487179487
5056.92307692308
5039.48717948718
5033.33333333333
5043.07692307692
5030.25641025641
5025.12820512821
5026.15384615385
5002.5641025641
4993.84615384615
5002.5641025641
4985.12820512821
4974.35897435897
4984.10256410256
4986.66666666667
4993.84615384615
5011.79487179487
5014.8717948718
5010.76923076923
5015.89743589744
5015.38461538462
5011.79487179487
5017.4358974359
5018.46153846154
5003.07692307692
4990.76923076923
4995.38461538462
4988.71794871795
4971.28205128205
4964.10256410256
4968.20512820513
4970.76923076923
4962.05128205128
4951.79487179487
4958.97435897436
4964.10256410256
4943.07692307692
4931.79487179487
4934.8717948718
4925.12820512821
4921.02564102564
4924.61538461539
4910.76923076923
4903.58974358974
4920
4908.20512820513
4868.71794871795
4860
4878.46153846154
4877.94871794872
4861.53846153846
4858.97435897436
4851.28205128205
4821.53846153846
4809.74358974359
4825.64102564103
4831.79487179487
4812.82051282051
4786.66666666667
4766.15384615385
4763.58974358974
4767.69230769231
4756.92307692308
4740.51282051282
4729.74358974359
4723.07692307692
4714.8717948718
4706.66666666667
4702.5641025641
4689.74358974359
4669.74358974359
4674.35897435897
4681.53846153846
4645.12820512821
4616.41025641026
4631.79487179487
4631.79487179487
4603.07692307692
4591.28205128205
4588.71794871795
4577.4358974359
4583.58974358974
4592.30769230769
4577.94871794872
4563.58974358974
4566.66666666667
4563.58974358974
4542.05128205128
4523.58974358974
4523.58974358974
4526.15384615385
4509.74358974359
4489.23076923077
4487.69230769231
4491.79487179487
4484.61538461538
4472.82051282051
4467.17948717949
4464.61538461538
4458.46153846154
4447.69230769231
4445.64102564103
4441.53846153846
4424.61538461538
4412.82051282051
4408.20512820513
4395.38461538462
4378.97435897436
4382.05128205128
4391.28205128205
4376.92307692308
4359.48717948718
4361.02564102564
4358.46153846154
4340
4335.38461538462
4338.46153846154
4324.10256410256
4308.71794871795
4302.5641025641
4298.46153846154
4293.84615384615
4294.35897435897
4291.79487179487
4271.79487179487
4256.92307692308
4262.05128205128
4260
4245.64102564103
4245.12820512821
4247.69230769231
4227.17948717949
4207.17948717949
4211.79487179487
4222.05128205128
4216.92307692308
4203.07692307692
4206.15384615385
4217.94871794872
4211.79487179487
4187.69230769231
4179.48717948718
4196.41025641026
4206.15384615385
4191.28205128205
4175.89743589744
4180.51282051282
4191.28205128205
4186.15384615385
4165.12820512821
4150.76923076923
4156.41025641026
4169.23076923077
4171.28205128205
4155.38461538462
4140.51282051282
4148.71794871795
4157.94871794872
4143.58974358974
4131.79487179487
4145.12820512821
4157.94871794872
4148.71794871795
4130.25641025641
4123.58974358974
4124.10256410256
4112.82051282051
4099.48717948718
4115.89743589744
4135.38461538462
4124.61538461538
4110.76923076923
4109.74358974359
4109.23076923077
4104.10256410256
4090.76923076923
4082.5641025641
4091.28205128205
4095.89743589744
4089.74358974359
4084.61538461539
4075.38461538462
4075.89743589744
4087.69230769231
4081.53846153846
4070.76923076923
4073.84615384615
4071.28205128205
4053.84615384615
4041.02564102564
4055.38461538462
4072.82051282051
4053.33333333333
4030.25641025641
4046.66666666667
4057.94871794872
4047.17948717949
4045.12820512821
4042.05128205128
4031.79487179487
4040.51282051282
4054.8717948718
4041.53846153846
4014.8717948718
4017.94871794872
4041.53846153846
4046.15384615385
4034.35897435898
4031.28205128205
4030.76923076923
4029.23076923077
4035.89743589744
4038.97435897436
4031.28205128205
4016.41025641026
4007.17948717949
4012.30769230769
4015.89743589744
4013.33333333333
4001.53846153846
3986.66666666667
3991.79487179487
4003.58974358974
3996.41025641026
3985.12820512821
3987.69230769231
3990.25641025641
3986.15384615385
3978.46153846154
3971.79487179487
3975.89743589744
3983.07692307692
3985.64102564103
3978.97435897436
3967.69230769231
3969.23076923077
3974.35897435898
3975.38461538462
3985.12820512821
3994.8717948718
3990.76923076923
3986.66666666667
3994.8717948718
4001.02564102564
3996.41025641026
3991.28205128205
3989.23076923077
3981.02564102564
3971.28205128205
3972.30769230769
3976.41025641026
3977.4358974359
3969.23076923077
3948.20512820513
3937.94871794872
3943.07692307692
3947.17948717949
3943.58974358974
3931.28205128205
3926.66666666667
3926.15384615385
3914.35897435898
3916.92307692308
3931.79487179487
3922.5641025641
3907.69230769231
3912.82051282051
3912.30769230769
3906.66666666667
3909.74358974359
3911.79487179487
3905.12820512821
3894.8717948718
3890.25641025641
3892.30769230769
3893.33333333333
3893.33333333333
3900
3916.41025641026
3930.25641025641
3931.79487179487
3932.82051282051
3941.02564102564
3947.17948717949
3945.12820512821
3935.89743589744
3925.12820512821
3920.51282051282
3927.17948717949
3938.97435897436
3947.69230769231
3942.5641025641
3932.30769230769
3932.82051282051
3932.30769230769
3923.07692307692
3920
3935.89743589744
3944.10256410256
3930.25641025641
3924.61538461539
3938.46153846154
3948.20512820513
3931.79487179487
3912.82051282051
3914.8717948718
3924.10256410256
3926.15384615385
3929.23076923077
3932.30769230769
3927.17948717949
3927.17948717949
3922.5641025641
3910.25641025641
3917.4358974359
3925.12820512821
3916.92307692308
3917.94871794872
3926.66666666667
3926.66666666667
3923.07692307692
3915.89743589744
3913.33333333333
3924.61538461539
3927.17948717949
3920
3923.07692307692
3928.71794871795
3921.53846153846
3911.28205128205
3910.76923076923
3912.82051282051
3906.66666666667
3906.66666666667
3919.48717948718
3927.17948717949
3928.71794871795
3922.05128205128
3916.92307692308
3922.05128205128
3926.66666666667
3925.64102564103
3919.48717948718
3913.84615384615
3914.8717948718
3918.46153846154
3913.84615384615
3909.74358974359
3908.71794871795
3907.17948717949
3914.35897435898
3920.51282051282
3922.5641025641
3925.64102564103
3915.38461538462
3904.61538461539
3914.8717948718
3930.25641025641
3928.71794871795
3916.92307692308
3909.74358974359
3910.76923076923
3908.71794871795
3900
3900.51282051282
3918.46153846154
3926.66666666667
3910.25641025641
3897.4358974359
3906.15384615385
3924.61538461539
3930.25641025641
3918.46153846154
3911.28205128205
3921.02564102564
3930.76923076923
3919.48717948718
3913.84615384615
3924.10256410256
3929.74358974359
3923.58974358974
3924.10256410256
3930.25641025641
3918.97435897436
3910.25641025641
3920.51282051282
3924.61538461539
3923.58974358974
3926.66666666667
3923.07692307692
3919.48717948718
3931.79487179487
3928.71794871795
3910.76923076923
3915.89743589744
3929.74358974359
3926.66666666667
3924.10256410256
3924.61538461539
3915.89743589744
3904.61538461539
3904.61538461539
3911.79487179487
3913.33333333333
3900
3890.76923076923
3896.41025641026
3900
3894.35897435898
3890.76923076923
3892.82051282051
3891.28205128205
3891.28205128205
3902.05128205128
3914.35897435898
3922.05128205128
3929.23076923077
3925.12820512821
3916.41025641026
3920
3924.10256410256
3921.53846153846
3925.64102564103
3922.5641025641
3911.28205128205
3916.92307692308
3928.71794871795
3930.25641025641
3920.51282051282
3908.20512820513
3913.84615384615
3929.74358974359
3933.33333333333
3929.23076923077
3929.23076923077
3927.69230769231
3930.76923076923
3938.46153846154
3935.89743589744
3922.05128205128
3915.89743589744
3926.66666666667
3933.33333333333
3928.20512820513
3931.28205128205
3945.12820512821
3947.17948717949
3939.48717948718
3941.02564102564
3949.74358974359
3949.23076923077
3942.5641025641
3942.05128205128
3943.58974358974
3940.51282051282
3943.07692307692
3949.23076923077
3946.15384615385
3942.05128205128
3951.79487179487
3961.02564102564
3960.51282051282
3965.64102564103
3973.84615384615
3974.35897435898
3970.25641025641
3974.35897435898
3984.61538461539
3982.5641025641
3976.41025641026
3986.15384615385
4003.07692307692
4006.15384615385
3990.25641025641
3972.82051282051
3972.30769230769
3980.51282051282
3984.61538461539
3988.20512820513
3988.71794871795
3988.20512820513
3989.23076923077
3987.69230769231
3998.46153846154
4011.28205128205
3993.84615384615
3984.61538461539
4005.12820512821
4003.07692307692
3983.58974358974
3993.84615384615
4007.69230769231
3999.48717948718
4002.5641025641
4015.38461538462
4011.28205128205
4001.02564102564
3999.48717948718
3999.48717948718
3995.89743589744
4000
4008.20512820513
4009.74358974359
4003.07692307692
3996.92307692308
4006.15384615385
4018.46153846154
4013.84615384615
4002.5641025641
4003.58974358974
4008.71794871795
4002.05128205128
3992.82051282051
4000
4014.35897435898
4012.30769230769
4001.53846153846
4002.5641025641
4008.71794871795
4004.10256410256
3990.76923076923
3986.66666666667
4001.02564102564
4006.66666666667
3995.89743589744
3989.23076923077
3986.66666666667
3993.33333333333
4009.23076923077
4009.74358974359
3997.4358974359
3997.4358974359
3997.4358974359
3984.61538461539
3983.58974358974
3993.84615384615
4003.58974358974
4012.30769230769
4013.84615384615
4010.76923076923
4006.66666666667
3997.94871794872
3993.33333333333
4004.61538461539
4007.69230769231
3992.30769230769
3989.74358974359
4004.61538461539
4011.79487179487
4003.58974358974
3998.97435897436
4013.33333333333
4032.82051282051
4038.46153846154
4028.71794871795
4026.15384615385
4029.23076923077
4023.58974358974
4023.07692307692
4034.8717948718
4041.53846153846
4031.79487179487
4031.79487179487
4042.5641025641
4043.07692307692
4033.84615384615
4034.35897435898
4052.30769230769
4064.61538461539
4053.84615384615
4040.51282051282
4048.71794871795
4062.05128205128
4059.48717948718
4055.89743589744
4060.51282051282
4061.02564102564
4058.97435897436
4063.07692307692
4057.94871794872
4048.20512820513
4058.46153846154
4071.79487179487
4060.51282051282
4055.89743589744
4061.53846153846
4055.38461538462
4060
4073.33333333333
4070.25641025641
4065.64102564103
4066.15384615385
4057.94871794872
4061.53846153846
4073.84615384615
4070.76923076923
4064.61538461539
4060
4061.53846153846
4073.84615384615
4083.07692307692
4077.94871794872
4071.79487179487
4070.76923076923
4074.35897435898
4078.97435897436
4074.8717948718
4077.4358974359
4085.64102564103
4076.41025641026
4062.5641025641
4068.71794871795
4081.53846153846
4075.38461538462
4068.71794871795
4083.58974358974
4091.79487179487
4077.94871794872
4073.84615384615
4089.74358974359
4095.38461538462
4079.48717948718
4067.17948717949
4073.33333333333
4088.20512820513
4094.8717948718
4088.71794871795
4077.94871794872
4073.84615384615
4084.61538461539
4092.30769230769
4088.71794871795
4086.66666666667
4090.25641025641
4088.71794871795
4089.74358974359
4100
4101.53846153846
4092.82051282051
4089.74358974359
4094.8717948718
4098.97435897436
4096.92307692308
4092.30769230769
4089.74358974359
4093.84615384615
4101.02564102564
4107.17948717949
4105.64102564103
4101.53846153846
4099.48717948718
4090.76923076923
4090.25641025641
4103.07692307692
4107.69230769231
4103.07692307692
4102.5641025641
4102.05128205128
4102.05128205128
4110.25641025641
4104.61538461538
4089.23076923077
4092.30769230769
4106.15384615385
4107.17948717949
4102.5641025641
4103.07692307692
4104.10256410256
4102.05128205128
4093.33333333333
4091.28205128205
4097.94871794872
4098.97435897436
4102.05128205128
4112.82051282051
4108.71794871795
4095.89743589744
4095.38461538462
4093.33333333333
4091.28205128205
4100.51282051282
4107.69230769231
4104.61538461538
4096.92307692308
4094.8717948718
4100.51282051282
4112.82051282051
4122.05128205128
4116.41025641026
4105.12820512821
4103.07692307692
4111.79487179487
4121.02564102564
4122.5641025641
4113.84615384615
4106.15384615385
4108.20512820513
4107.69230769231
4101.53846153846
4105.12820512821
4116.41025641026
4122.05128205128
4117.94871794872
4114.8717948718
4120
4125.12820512821
4124.61538461538
4124.10256410256
4118.97435897436
4113.84615384615
4122.05128205128
4124.10256410256
4114.8717948718
4117.94871794872
4126.66666666667
4125.64102564103
4121.02564102564
4121.53846153846
4120
4111.28205128205
4107.69230769231
4122.05128205128
4128.71794871795
4109.23076923077
4104.10256410256
4118.46153846154
4122.05128205128
4115.38461538462
4111.79487179487
4107.17948717949
4101.02564102564
4109.74358974359
4123.58974358974
4126.15384615385
4123.58974358974
4125.12820512821
4126.15384615385
4118.97435897436
4115.89743589744
4121.02564102564
4121.53846153846
4120
4121.02564102564
4112.82051282051
4107.17948717949
4117.94871794872
4122.5641025641
4119.48717948718
4124.61538461538
4121.02564102564
4111.79487179487
4121.02564102564
4130.76923076923
4127.17948717949
4124.61538461538
4122.5641025641
4120
4124.10256410256
4126.15384615385
4122.5641025641
4123.58974358974
4127.17948717949
4129.23076923077
4124.61538461538
4119.48717948718
4129.23076923077
4135.38461538462
4125.12820512821
4116.41025641026
4120.51282051282
4129.74358974359
4137.4358974359
4140.51282051282
4135.89743589744
4136.41025641026
4135.89743589744
4135.89743589744
4142.5641025641
4142.05128205128
4128.71794871795
4129.23076923077
4150.25641025641
4152.30769230769
4135.38461538462
4134.35897435897
4145.64102564103
4154.8717948718
4165.64102564103
4174.35897435897
4173.33333333333
4169.74358974359
4176.92307692308
4183.07692307692
4174.8717948718
4167.69230769231
4174.35897435897
4175.38461538462
4166.15384615385
4172.30769230769
4185.64102564103
4189.23076923077
4182.5641025641
4176.41025641026
4169.23076923077
4167.69230769231
4177.94871794872
4177.4358974359
4168.20512820513
4170.25641025641
4176.41025641026
4171.79487179487
4165.12820512821
4166.66666666667
4167.69230769231
4169.74358974359
4170.25641025641
4167.17948717949
4168.20512820513
4175.38461538462
4168.20512820513
